   139
     0
     0
     4
     7
    98
   229
   407
    93
    45
   126
    86
   148
   116
   106
   140
    58
   304
   169
   287
   111
    45
    96
     0
     3
     3
    15
    10
     0
    97
   212
   325
   327
    53
    94
   150
   250
   182
    67
    67
    99
    64
    90
   294
   107
    47
    49
     0
     8
    12
     2
     0
    14
   134
   266
   290
   216
    58
    85
    76
    36
    83
   208
   118
    78
    45
    28
   165
   240
    83
    61
     0
     8
     0
     1
     9
     0
   185
   220
   104
   206
    69
    47
    80
   234
    52
   105
    35
    35
    67
   115
    36
    92
    64
    66
     4
     3
     0
     7
     5
     7
    40
    95
   293
   215
   113
    16
    55
   131
    87
    40
   132
   136
    66
    34
   110
    57
    92
    99
     1
     9
     2
     9
     4
     1
   119
   185
   318
   262
    72
    95
   101
    73
   180
   234
    83
    81
    58
   264
   119
   195
    59
    64
     0
     0
     9
     2
     5
     5
    80
   236
   346
   258
   114
    70
   114
   322
    73
    56
    50
   109
   231
    72
   548
   188
    80
   108
    20
     0
     0
     0
     3
    23
    60
   139
   333
    74
    59
   196
   116
    69
   117
    48
    53
    94
    74
    45
   208
    83
   100
    55
     0
    17
     5
     7
     5
     0
   140
   221
   173
   212
    85
    49
    60
    30
    94
   135
    93
    51
   239
    98
    89
   247
    87
    47
     4
     0
     5
     0
     9
     4
    70
   120
   246
   137
    48
    82
   193
    96
    34
   100
    94
    65
   106
   353
    85
   124
   120
    82
     1
    13
     2
     7
     5
    13
    82
   315
   191
    99
    74
    35
    39
   100
    58
   276
    62
    68
    53
    70
   327
   162
   104
    92
     0
     3
     1
     0
     6
     0
    30
   248
   462
   101
    76
    37
   142
    79
   107
    50
    58
    61
    72
    43
   243
   143
   125
   102
     0
    14
     0
     6
     9
    23
    41
   260
   176
   216
    66
    77
    95
    69
    60
    95
    83
    70
   335
   167
   193
   283
    97
   121
     1
    14
     5
     6
     0
     0
    98
   240
   374
   117
    96
    88
    86
   192
   118
   106
    63
    66
   179
   143
   321
   246
   103
    57
     0
     5
     0
     0
     0
    18
    76
   174
   198
   100
    71
    52
    87
    92
    55
    71
   371
    80
    99
   210
    48
   267
    59
    61
     9
     0
     4
    12
     0
     0
    85
   187
   211
   215
    75
   274
   105
    25
   144
    60
    91
    83
   243
    30
    91
   246
    57
    64
     0
     7
     6
     0
     0
     0
    55
   214
   292
    89
    68
   115
    77
    89
    43
   114
    97
    59
    71
    59
   107
   153
   143
   197
     2
     0
     0
     7
     1
     2
   146
   183
   270
    57
    29
    70
    57
    60
    86
    95
    92
    71
   150
   100
   267
    94
    80
    43
     0
     5
     3
     9
     8
     4
    80
   391
   369
   231
   197
    57
    38
    69
    52
    37
   187
    62
   108
   152
   560
   241
    86
    68
     9
     6
     5
     0
     3
     0
    61
   111
   374
   319
    88
   115
    80
   104
    65
    77
    59
   133
   104
    75
   107
    82
    81
    60
     1
     9
     9
     4
     0
    19
   126
   281
   326
   271
    86
    97
    56
    86
   111
   170
   199
   132
   109
    90
   237
   215
    94
    60
     1
    13
     9
     0
     0
     0
   182
   204
   151
   157
    81
   108
    55
    67
    84
    60
    53
   152
   134
    74
   257
   112
   106
    66
     0
     5
     0
     5
     0
     4
   165
   118
   174
   341
   127
    60
   242
    56
    74
    51
   103
    70
   129
   101
   278
    50
    52
    28
     9
     1
     1
     0
     0
    25
    91
   238
   448
   153
    91
    77
    77
   126
    59
   245
    56
   123
    31
   283
   350
    70
    90
    68
     0
     1
     0
     0
     0
     0
    71
   145
   269
   252
   133
   104
   129
    50
    63
    80
   122
   191
    96
   173
   158
    96
    84
    51
     0
     1
     3
     0
     2
     0
   119
   376
   216
   170
    64
    56
    79
    40
    47
    92
    51
    55
    77
   358
    55
   289
    61
    52
     1
     0
     0
     0
     0
     0
    95
   118
   387
   456
    44
    62
   129
   151
    84
    59
    76
    60
    75
   202
   148
   155
   154
   113
     2
     0
     2
     1
     6
     0
    92
   248
   343
   276
   241
    84
    61
   105
   167
   118
    80
   159
   102
    23
    88
   204
    58
   112
     0
     0
     0
    15
    15
     7
   104
    60
   424
   215
    47
    98
   113
    91
   125
    82
    30
    47
   182
   248
   184
    61
   235
    64
     8
     7
     0
     4
     0
     4
    82
   192
   220
   313
    69
    85
    91
    29
    41
    93
    53
   112
   165
   143
   133
   114
    62
    57
    14
    12
     0
     0
     0
     5
    87
   207
   289
    70
    75
   175
   165
    75
    80
   214
   241
    66
    67
    90
   195
   219
    68
   166
     2
     2
     0
     6
     1
     2
    75
   262
   382
   128
   116
    66
   129
    38
    63
   105
   111
    52
    53
   118
   109
    82
    83
   106
     8
     0
     0
     4
     0
     0
   138
   226
   498
   324
   198
    78
    99
    71
   218
    44
    41
    59
    79
    61
   176
   218
    67
    59
     4
     1
     2
     7
     1
    11
   115
   273
   455
   176
    50
    77
    58
    67
   128
    60
    71
    72
    67
   150
   128
   139
    97
    78
     6
     0
     6
     4
     8
    18
   166
   421
   211
   171
   101
   104
   222
   278
    89
   118
    63
    52
   137
    43
   188
   101
   154
   132
     9
     3
     3
     2
     9
     7
   128
   221
   335
   277
    39
    98
    65
    71
    52
    73
    56
    88
   114
    42
    98
    68
    55
    92
     1
     0
     0
    13
     1
     0
    87
   353
   339
   291
    54
    79
   257
   412
   167
   153
   114
   113
    63
   181
   327
   265
    31
    71
    14
     0
    19
     0
     3
     0
    41
   169
   175
   123
    47
   115
   406
    78
    83
    66
    64
   293
    49
    54
   182
    96
    90
    66
     8
    11
     0
     0
     1
     0
    62
    93
   416
   320
    99
   102
    54
    81
    59
   107
    66
    89
    90
    61
   247
   109
    55
   105
     1
     5
     3
     0
     7
     0
    65
   313
   354
   214
   112
   109
   229
    58
    67
   210
   312
    45
    51
    97
   279
   105
    31
    70
     5
     1
     3
     3
     0
     2
   187
   186
   259
   104
    82
    72
   189
   122
   101
   267
    55
    72
    80
   220
   160
   137
    55
    77
     0
    15
     2
     2
     0
    20
    52
   218
   150
   122
    50
    80
   215
   110
   144
    75
   145
   121
   373
   187
   148
   315
    87
    60
     0
    15
     0
     4
     0
     1
   117
   116
   455
   277
    78
    84
    51
    92
    37
    79
   128
    42
   152
    75
   265
    85
   108
   101
     6
    11
     5
     6
     0
     0
    74
    54
   172
   203
    76
   102
   169
    63
    71
    50
    50
    55
    91
    92
   199
    87
    87
   128
     7
     1
     1
     7
     3
     2
   163
   255
   282
   120
   106
    84
   291
   100
    59
   321
    51
    90
    56
   131
   294
    36
    94
    90
     0
     4
     8
     1
     0
     0
    51
   171
   247
   263
    37
   127
    98
    57
   118
    69
    93
    52
    59
   107
   131
   292
    56
    54
     4
     6
     6
     4
     0
     4
    83
   169
   174
   234
    80
   225
   145
    75
   192
   266
   105
   112
    81
   181
   134
    41
    46
    59
     4
     0
     5
     4
     4
     8
   154
   178
   300
   197
    58
    76
   235
    73
    91
   107
   138
   117
   224
   291
   489
   257
   155
    58
     3
    11
    21
    12
     0
    14
   211
   395
   293
   255
    74
   108
    77
    80
    62
    91
   133
   115
    75
   104
   335
   196
    81
    67
     0
     9
     0
     4
     0
     4
   133
   181
   285
   221
    50
    82
    26
    45
    50
    71
    75
    61
    65
    23
   122
   247
   145
    77
     0
     0
     6
     0
     6
     5
   111
   166
   136
   282
    37
    35
    79
    87
   105
    87
    92
    88
   116
   127
   465
   127
    53
   190
     0
     0
     0
     0
     3
     0
   118
   248
   185
   333
    65
    73
    59
    82
    43
    57
   142
   111
    47
    46
   466
   259
    39
    65
     8
     5
     0
     0
     5
     0
    45
   267
   339
   223
   118
    89
    60
    96
   122
    95
   105
    73
    73
   268
   102
   230
    45
    51
     7
     1
     3
     8
     5
     3
    27
   229
   299
   171
    67
   163
    74
   216
    73
    55
   140
   127
   125
   184
    33
   395
    84
    39
     3
     2
     5
    10
     1
    10
   110
   265
   283
   429
   119
   168
    70
    94
    96
   154
    94
   384
    79
    84
   156
   125
    86
    71
     6
    14
     7
     9
     2
     0
    85
   270
   356
   370
   209
    75
   171
   143
    65
    89
   141
   220
   368
    62
   121
   228
    39
    99
     2
     0
    17
     0
     6
     2
    60
   365
   418
   172
    99
   118
    75
    77
   115
    94
    26
   106
    86
    37
   106
   266
   103
    60
     1
     0
     8
     0
     5
     0
    61
   143
   284
   160
    67
    99
    65
   106
   192
   169
   137
    84
    66
   164
    63
   208
    78
   112
     0
     0
     0
    12
     0
     0
    62
   109
   293
   221
   259
    56
    69
    49
    41
    90
    76
    38
   119
   101
   199
   107
    81
   100
     0
     9
     9
     5
     0
     8
   142
   231
   300
    87
    61
    72
    66
    77
    44
    80
    61
   111
    51
    61
   168
   109
    94
    48
    11
    14
     3
     1
     2
     6
   103
   175
   303
   131
    65
   109
    36
    65
    88
    53
    72
    36
    43
   252
    72
   230
    74
    32
     1
    16
    16
     0
     4
     0
   152
   216
   146
   217
    89
    87
    57
    75
   208
   119
   103
    81
    64
    86
   162
    99
    56
    89
     6
     7
     2
     0
     8
     6
    59
   138
   273
   252
    84
    71
   120
   102
   126
   110
   137
    91
   103
   195
   202
   112
   111
    61
     0
     6
    10
    14
     0
     0
    45
   221
   388
   110
    61
    52
   120
    59
    77
   132
    94
    57
   116
    81
   262
    59
    95
    49
     0
     0
     5
     0
     4
     0
   194
   353
   500
   156
    30
   134
   124
    86
    91
   104
    77
    56
    79
    73
   170
   442
    14
    51
     0
    14
     6
     0
     4
     0
    94
   332
   436
   285
    68
    69
    74
    60
    96
    74
    43
    31
   226
    68
   209
   138
    52
    55
     2
     0
     4
     0
     3
     0
    97
   223
   213
   219
    74
    56
    52
    92
   201
    54
    96
    43
    46
   108
    68
    93
    76
    39
    22
     4
     4
     4
     0
     0
    53
   180
   307
   188
    44
    75
   126
   237
   221
    92
   141
   197
    72
    88
   161
   295
   101
    89
     0
     1
     0
     7
     7
     4
    58
   193
   244
   154
   183
    60
   163
    76
   101
   111
    93
   258
    95
   149
   186
   148
    73
   114
     1
     0
     8
     9
     1
     2
   101
   186
   439
   237
   158
   135
   155
    57
    92
    74
   118
    49
    59
   132
   125
   112
   130
   102
     5
     0
     0
     9
     7
     0
    79
    64
   235
   141
   110
    40
    43
    66
    38
    96
    75
    46
    75
   177
   190
    50
    59
    90
    10
    10
    13
     7
    10
     0
   135
   125
   396
   136
    85
    57
   132
   123
    91
    47
    38
   114
    51
    41
   162
   178
    53
    59
     0
     0
     2
     0
     6
     5
    57
   131
   243
   234
    82
    51
   102
    58
    61
    60
    80
    73
    95
   338
   167
    61
    67
   127
     4
     0
    17
     1
     7
     7
   131
   275
   445
   352
    69
    60
    41
    92
    43
    42
    59
    49
    64
    65
   321
   142
    63
    99
     2
     5
     2
     5
     0
     4
   141
   243
   225
   107
    59
    94
   105
    81
    61
    95
   103
    87
    91
   113
   401
    80
    72
    81
     4
     9
     6
     0
    17
     5
   128
   270
   301
   170
    77
   114
    88
    78
    87
   175
   102
   114
    54
   148
   277
   292
   113
   107
     6
     4
     5
     0
     5
     0
   113
   278
   469
   279
   274
   248
   169
   113
   126
   178
   100
   267
   100
    90
   184
   178
    40
    76
     0
     0
     0
     0
     0
     0
    90
   157
   133
   118
    34
   174
    38
   105
    55
    57
    57
    56
    61
    54
   131
   133
    93
    77
     0
     2
     0
     0
     4
     0
    56
   229
   490
   108
    65
    81
   112
    68
    53
    83
    86
    38
    61
    90
    41
   270
    54
   117
     0
     4
     0
     0
     0
     5
    66
   242
   170
   173
   100
    76
    83
    35
    81
    95
    44
   164
    86
   266
    82
    92
    67
    57
     0
     4
     0
     1
     2
     0
   104
   144
   458
   245
    78
    56
   125
    94
    67
   122
   199
    70
   127
    95
   142
   184
   115
    59
     0
     0
     0
     0
     4
     1
    44
    88
   235
   343
    95
   111
    96
   133
    75
    29
    92
   119
    65
   243
   205
   145
    55
    78
     0
     1
    14
     3
     7
     0
    68
   202
   338
   114
    64
    98
    35
    61
   332
   112
    85
    85
    91
   137
   248
    64
   138
    44
     0
     8
     3
     0
     5
    14
   113
   197
   452
   235
   131
   164
    71
   130
   200
    89
    50
   120
    94
    97
   285
   267
    73
    90
     0
    19
     1
     0
    10
     8
    97
   190
   299
   112
   245
    71
    81
   220
    88
   110
    23
    60
    82
    96
   118
   124
   128
    72
     0
     0
     0
     2
     0
     0
    60
   311
   137
   148
   128
    55
   112
    91
    95
   330
    34
    32
    50
   197
   128
   200
    25
    58
     3
     5
     2
     0
     0
     0
    32
   142
   193
    96
    75
   105
    83
    43
    99
   177
    82
    30
    63
    40
   128
   127
    53
    44
     5
     0
     2
     0
     5
     6
    75
   327
   389
   254
    49
    91
    93
    82
    42
    50
   111
   215
   197
    28
   184
   180
   189
    52
     6
     3
     0
    17
     0
    10
   165
   185
   164
   294
   108
    31
   157
    95
    35
    54
   105
    47
    40
    78
   436
   192
    84
    56
     7
     0
     2
     8
     6
     0
    88
   443
   382
   121
    68
    83
    74
   168
    44
    54
   124
    90
   234
    77
   288
   197
    74
    85
     0
     0
     0
     0
     8
    74
   151
    89
   355
    46
    89
    69
   125
    68
   114
    76
    92
   216
   163
   149
   200
    99
   189
     5
     5
     0
     0
    23
     0
   144
   171
   262
   157
    90
    48
   110
   108
   114
   109
   101
   116
    42
   109
   148
   144
    71
   240
     8
     9
    16
     4
    11
     0
    86
   185
   187
   150
   126
    37
    69
    66
    57
    49
    54
   105
    34
   173
    60
   209
    71
    54
     4
    10
     3
     8
     7
     4
    80
   114
   287
   106
    92
    62
   101
    56
    63
    42
    85
    72
   118
    46
   403
   160
    88
    59
     3
     0
     0
     4
     0
     5
    40
   205
   187
   240
   111
   198
    50
   135
   100
    52
   127
    75
    99
    30
    76
   247
   133
    70
     5
     0
     0
     6
     0
     0
   153
   262
   331
   226
    53
    93
    93
    54
    69
    44
    72
   112
    54
    77
   395
   192
    49
    31
     5
     0
     6
     0
     4
     0
    67
   166
   388
   276
   131
    82
    92
    74
   154
    87
   151
   272
   125
    91
   145
    97
   149
   122
     8
     0
     3
     3
     0
     0
    72
    71
   439
   190
   100
   106
   115
    53
    75
    71
    52
   166
    53
    74
   127
   165
   110
   105
     0
     0
     8
    10
     5
     1
    81
    81
   107
   207
    94
    27
    66
   104
   113
    95
    80
    72
    41
   197
   293
   209
    85
   116
    11
     2
     0
    12
    13
     4
   129
   213
   188
   190
   113
    92
    99
    66
    57
    55
    45
    88
    69
    74
   122
   106
    42
   157
    10
    15
     0
     0
     0
     7
   100
   153
   272
   194
   125
    79
    68
    53
    46
    59
    80
   111
   149
    89
    68
   208
    69
    75
     0
     5
    16
    10
     0
     5
   130
   186
   374
   178
    71
    53
    49
    90
    69
    42
    37
   128
   231
    64
   200
   297
    98
    52
     2
     0
     3
     0
     0
     0
    31
   248
   255
   223
    63
    88
    94
   147
    63
    48
    45
    83
    67
   212
   102
   257
    54
    84
    10
     0
     3
     0
     0
    17
    41
   352
   549
   326
    57
   102
   143
   106
    99
    47
   121
   181
    72
    66
    61
   200
    84
    80
     0
    12
     4
     0
     0
     9
    62
   147
   462
   410
    58
    69
    68
   128
    56
   122
    70
   199
    86
    99
   302
   208
   146
    95
    10
     0
    14
    10
     0
     0
    78
   146
   264
   102
   103
   143
   113
    40
   149
    37
    41
    65
    71
   215
   292
    95
    55
    75
     5
     0
    10
     0
     3
     5
    58
   148
   155
   137
    50
    55
    68
   102
   118
    28
    36
   168
    66
    45
   202
   116
    33
    48
     5
     5
     0
     3
     2
     0
   130
   175
   493
   183
    50
    51
    15
    45
    67
    82
    44
    71
    95
    70
   115
   161
   151
    44
    14
    14
     4
     6
     6
     0
   107
   171
   282
   254
   180
   137
    49
   113
    70
    36
    79
    36
   118
   110
   159
    42
    79
    64
     3
     2
     7
    10
     0
     1
    57
   219
   153
   169
   122
   117
    34
    66
   128
    47
    88
    94
    45
    87
   274
    93
    50
    52
     0
     5
    12
     3
     1
     6
   166
   139
   361
   139
    53
    88
    67
    50
    91
   225
    67
    61
    84
   114
   161
   262
    95
   100
     9
    19
    17
     5
    12
     6
   159
   154
   251
   253
    61
    69
    26
    77
   119
    95
    48
    86
    63
    93
   504
   194
    89
   126
     8
     0
     1
     5
     2
     0
   127
   299
   224
   254
    56
    55
   169
    38
    84
    40
    44
    81
    93
    82
   137
    51
   116
   116
    13
     7
     5
     6
     0
     4
    73
   118
   229
   170
    43
   140
    67
   109
    34
    74
    33
    33
   154
   141
   152
   111
   142
    65
     0
     1
     1
     3
     0
     7
   102
   208
   262
   106
    91
    56
    44
   132
    55
   190
    74
    56
   196
   126
    94
   157
    37
    82
    10
     7
     0
     5
     5
     9
    78
   211
   373
    89
    50
    99
    58
    48
    61
    78
    78
   141
    68
   193
    92
   335
    77
    42
     7
     8
     0
     4
     6
     3
   113
   179
   345
    83
    32
   119
    42
   103
    51
    32
    94
   277
   196
   124
   238
   286
    66
   143
     6
    12
     1
     5
     0
    14
    85
   282
   312
   166
   101
    44
    56
   215
    75
   260
    58
    93
    74
   217
   235
   235
    58
    64
     6
    10
     0
     0
    12
     5
   161
   387
   368
   293
    87
    51
   145
    49
   112
   141
    49
    82
    76
   133
   221
    45
    80
    74
     0
     1
     6
     3
     9
     6
    44
   197
   277
   194
   181
   146
    54
    93
    92
    95
    28
   190
    52
    50
    46
   146
    86
   184
    11
     0
     4
     0
     2
     7
    62
   186
   118
   216
   124
    56
    50
    63
    71
   233
    49
    73
    76
    97
   107
   173
   240
    96
     4
     6
    11
    24
     6
     0
    46
   112
    96
   128
   124
   107
    31
    51
    74
    34
   183
    60
   314
   214
    86
   131
    49
    34
     2
    10
     3
     8
     1
     0
    49
   262
   292
   158
    56
    62
    33
    32
   109
    57
    95
    97
    73
   107
   176
   140
    79
    90
     0
     7
     0
     8
     0
     1
    87
   156
   211
   255
    73
   137
   146
    51
   110
    52
    45
    74
   111
   114
   113
   115
    31
    39
     4
     0
     5
     0
     5
     4
   116
   299
   246
   353
    69
   134
    33
    79
    65
    59
    45
    50
    93
   190
   269
   214
    86
    88
     0
     3
     0
     0
     3
    14
   122
   347
   392
   215
   110
   209
    23
    86
    53
    67
    30
   119
    41
    45
   367
   178
    62
    52
     5
     0
     5
     0
     0
     0
    43
    89
   293
   101
   200
    94
    37
    83
    33
    51
   121
   131
    81
   106
   111
   129
    65
    37
    15
     0
     0
     0
     0
    12
    37
   255
   490
   146
    73
    81
    77
   105
    46
    51
    56
    32
    65
    99
   153
   181
    86
    57
     0
     4
     9
     0
     0
     0
    80
   122
   359
   142
    99
   193
    49
    73
   119
    98
    82
    68
    97
    60
   184
    94
   115
    37
     0
     0
     0
     2
    10
     7
   116
   219
   239
   184
    63
    66
    32
    41
    72
    60
    33
    93
    49
   152
    34
    91
    68
   100
     3
     0
     0
     0
     1
     4
    39
   191
   376
   243
    35
    80
    98
    68
   100
    70
    64
   145
   119
    20
   192
   376
    65
    45
    12
     0
     0
     0
     0
     0
    66
    90
   457
   254
    44
   100
    50
   107
    75
   237
    40
    38
    40
    86
   588
   125
   108
   149
     0
     4
     0
     0
     0
     0
    96
   105
   516
   182
   282
    86
    53
   121
    58
   116
    93
    62
    62
    85
   101
   128
    84
   122
     1
     0
     1
     3
     5
     0
    78
   201
   186
   160
    51
    54
    45
   241
   191
    38
   102
    54
   222
   110
   141
    73
    33
    70
     0
    11
     0
     0
     6
     1
   101
   119
   206
   143
    46
   108
    31
    52
    70
    73
    46
    29
    42
   115
    82
    31
    75
    62
     2
     1
     4
    18
    12
     6
   117
   192
   347
    83
    74
    55
    34
    57
    44
    40
    81
    76
   104
    44
   297
   135
   237
    61
     3
     7
     9
     7
     0
     2
    62
   277
   272
   258
    84
    63
    94
    54
    43
   102
   181
    66
    85
    23
   138
    35
    67
    47
     0
     0
     9
     0
     0
    11
   118
   173
   335
   423
    78
    79
    96
    38
    56
    50
    92
    60
   137
    95
    66
   106
   154
    55
     8
     9
     0
     5
     0
     1
   184
   160
   247
   339
    72
   111
   378
    79
   125
    88
    84
    52
    99
    60
    84
   116
   220
    96
     0
    10
     8
     9
     1
    11
    71
   213
   196
   227
    68
    65
    44
    69
    84
    99
   135
    49
   195
   132
   308
   287
    50
   137
     2
     6
     0
     8
     0
     9
   135
   101
   429
   290
    40
    71
    76
    76
   203
    78
    23
    51
    43
    69
   111
    82
    27
    77
     0
     0
    13
     0
     5
     3
    69
   164
   338
   160
    68
    18
   313
    92
   130
    97
    47
    92
    67
    44
    85
    48
    80
    35
     0
     0
     0
     0
     1
     0
    53
    77
   165
   208
    64
    57
   230
    49
    49
    63
   127
    69
    64
   204
   127
    89
   116
    67
     0
     0
    15
     5
     0
     5
    45
   348
   158
   176
    84
   113
    40
   105
    56
   106
   179
   103
    75
    66
   201
    47
    68
    46
    13
     8
     0
     0
    12
     0
    40
   128
   236
    98
    62
    76
   212
    67
    62
    45
    70
    60
   119
    41
    50
   103
    83
    36
     0
     0
     0
    10
     0
     4
    59
   166
   442
   287
    67
    56
   153
    62
   107
   109
    99
    71
    49
   298
   116
   157
   135
    53
     0
     7
     0
    14
    14
     3
    82
   280
   335
   126
    61
   118
    39
    65
   202
    43
    45
   192
    87
    85
    83
   175
   115
   105
     1
     9
     4
     2
     0
     0
    57
   254
   460
    84
   100
    62
    79
    43
   120
    92
    57
    43
    49
   283
   158
    37
    32
   158
     0
    12
     0
     0
     3
     0
    79
   165
   164
   297
    92
    92
    41
    53
    65
   137
    72
    50
    99
    76
   110
    82
    61
    43
     0
    10
     0
     4
     5
     0
    14
   189
   204
   317
    45
    68
    95
    64
    41
    51
    49
   105
    56
   173
    29
   295
    90
    48
     0
     6
    13
     8
     0
     0
    40
   129
   268
   296
    48
    40
    76
    64
    46
    58
   117
    84
   116
    56
   199
   320
    68
    50
     0
     0
     1
     0
     1
     0
    70
   127
   328
   120
   122
    40
    57
    39
    54
    56
   109
    67
    36
   114
   142
   173
   127
    65
     0
     0
    16
    12
     0
     0
   114
   124
   477
   179
    58
    55
   103
    48
    55
    84
    59
    71
    70
    97
   143
   167
    22
   141
    13
     8
     1
     5
     0
     0
    58
   126
   532
   121
    75
    85
   129
    80
   206
   119
    74
    76
    69
    74
    46
   317
   117
    88
     0
     1
     8
     6
     1
     9
   188
   254
   244
   133
    58
   128
    34
    35
    50
    77
   109
   131
    45
    72
   311
   119
    40
    34
     3
     8
     0
     7
     0
     0
    82
   327
   361
   198
    34
    62
    58
    46
    68
    83
    65
    51
    99
    60
   268
    85
    38
    52
     0
     5
     0
     5
     0
     5
    87
   179
   386
   146
    42
    93
    45
    73
   181
    62
    92
    40
   127
    47
   146
    31
   115
    38
     0
     4
     0
    12
     1
     0
    46
   179
   211
   197
    23
   113
   112
   136
    55
    84
    43
    42
    39
    85
    47
   353
    65
   110
     8
     0
     2
     0
     0
    15
    91
   179
   115
   172
    55
    40
    27
   201
    39
    17
    45
    54
   125
    72
   245
   121
    37
    78
     5
     0
     0
     7
    12
     0
    68
   209
   411
   189
   130
    69
   253
   100
   134
   221
    55
    52
    84
   128
   359
   180
   102
    34
     6
     6
     0
     0
     3
    14
    92
   184
   222
   147
    55
    78
    57
   147
    76
    69
   164
    42
   263
    33
   204
   106
   110
   177
     7
     4
     2
     0
     5
     8
    94
   154
   222
   165
    85
    33
    38
    92
    63
   108
    22
   229
    47
    38
    24
    78
    73
    48
     0
     4
     0
     0
     0
     0
    57
    66
   255
   187
   105
    73
    57
    51
    51
   243
    68
    90
    42
    79
   125
   122
    34
   118
     0
     7
     0
    11
    10
     0
    53
   194
   455
    77
    44
    59
    55
    72
    76
    44
    73
    50
   111
    84
    42
   280
    22
    84
     1
     5
     0
     0
     0
     0
    53
   190
   359
   223
    22
    97
    80
    79
    61
    39
    75
    67
   158
    96
   136
   101
    55
    46
     3
     2
     0
     0
     2
     0
   130
   113
   409
   119
    41
    59
    63
    48
    40
    51
    37
    36
    44
    72
   125
   195
    48
    71
     2
     0
     5
     7
     2
     3
    68
   226
   297
   123
    72
    62
    82
   124
    37
    78
   135
    52
    71
   195
   354
   132
   119
    53
    13
     1
     8
     3
     3
    16
   124
   134
   265
   256
   120
   163
   324
    60
   203
    75
    55
   141
    87
    96
   147
   186
   216
    99
     0
     0
     0
    15
     7
     0
    68
    29
   124
   274
    57
   182
    45
   124
    35
    41
    77
   104
    94
    57
    89
    61
    32
    59
     0
     0
     3
     0
    27
     0
    62
   153
   152
   200
   114
    58
   106
    47
    68
    95
   148
    64
    22
   122
   111
   242
    94
    41
     0
     5
     4
     0
     0
     5
   122
   180
   448
   120
    33
   101
   107
    57
    61
    22
    53
    97
    64
   225
   106
   153
    80
    47
     0
    10
     0
     4
     0
     2
    63
    84
   242
   132
    76
   212
    73
    66
   120
    70
    63
    65
   103
    79
   250
   200
    68
    37
     0
     0
     0
     8
     8
     0
    43
   123
   295
   114
   119
    76
    77
    20
   118
    91
    25
    46
    42
    37
   427
   144
    19
    79
     0
    13
     1
     0
     0
     3
   132
   224
   329
   211
   120
    91
    48
    94
    57
   200
    84
   102
    35
   186
   154
   102
   100
    75
    14
     0
     0
     7
     2
     1
   101
   247
   254
   173
    89
    56
    77
    93
    81
   182
    37
   113
    42
   101
   177
   208
    38
    52
     5
    15
     0
    12
     3
     9
   208
   145
   503
   233
   108
    65
    63
    73
   116
    86
    47
    73
    73
    54
    66
   289
    47
    88
    14
     0
     4
     0
     3
     1
    81
   426
   223
   118
    34
   200
   329
    99
   109
    67
    75
    63
    66
    45
   406
   347
    69
   145
     0
     0
     8
     5
     8
    13
    84
   213
   273
   188
   140
    74
   130
    80
    93
   109
    82
    83
    58
   110
   194
   122
    95
    54
     0
     4
     0
     8
     3
     0
   139
    78
   231
   163
    71
    26
    57
    39
    25
    41
   117
   115
    38
   108
    81
   311
    37
    26
     0
    11
     9
     2
     4
     7
    80
   330
   130
    46
    71
    66
   237
    54
    47
    65
    27
   107
    54
   190
    60
    88
    66
    61
     2
     0
     3
     4
     8
     3
    71
   188
   425
    93
    88
    64
   111
   208
    60
   193
   108
    81
    77
   204
   275
   214
    67
    89
     0
     4
     0
     8
     0
     1
    83
   281
   264
   128
    93
    84
   182
   254
    63
    57
    66
    86
    63
   103
   142
   174
   118
    72
    14
     0
     6
     1
    10
     8
   174
   127
   242
   114
    58
    71
    20
    57
    30
    96
    78
   143
    43
   170
   212
   125
    69
    62
     4
     1
     0
     0
     8
     0
   100
   210
   250
   150
    63
    57
    90
    65
    53
    47
    56
    23
    93
    35
   146
   193
    89
    63
     2
     0
     0
     0
     0
    17
    80
   114
   397
   202
    42
   138
    65
    76
    27
    41
    29
    53
   133
    85
   217
    78
    34
    78
     0
     0
     0
     0
     9
     0
    73
   137
   482
   266
    25
    50
    98
    57
    83
    94
    58
   123
    51
    73
   102
    96
   120
    34
     0
     0
     0
     0
     0
     5
    46
   135
   313
    62
    63
    39
   136
   105
   222
    63
    33
   128
    32
    90
    52
   102
    98
    48
     0
     2
     0
    12
    15
    11
    67
   180
   328
   208
    44
    62
   255
   227
    90
   125
    82
   197
    98
   109
   106
   164
    95
   152
     0
     0
     0
     1
     6
     0
   114
   307
   530
   279
    47
    45
   214
    63
    46
    41
    51
    49
   136
    92
   226
   236
    93
    70
     4
    14
     0
     0
     0
     0
    68
   144
   212
    95
    42
   100
   243
    67
    96
    53
    48
    69
    97
    94
    83
   159
    35
    30
    16
     8
     2
     0
     6
     0
   172
   186
   191
   226
   198
    60
   132
    55
   119
    65
    96
   101
    59
   201
   243
    39
    74
    51
     0
     0
     4
     0
     2
     0
    56
   237
   271
   279
    63
    54
    48
    49
    38
   173
    67
    57
    52
    75
   329
   237
    96
    40
     3
     0
     3
     0
     6
     8
   127
   169
   243
   138
   222
    56
    80
    37
   122
    86
    34
    41
    63
    54
    97
   101
    35
    76
     3
     3
     0
     0
     0
     0
    72
   321
   178
   201
    16
    29
    50
   109
   103
    44
    40
    79
   179
    46
   289
    41
    49
    86
     0
     2
     0
     0
     7
     8
    85
   159
   226
   378
    91
   208
    88
    77
   164
    91
    75
    46
   108
   222
   191
   185
    91
    68
     9
     0
     0
    12
    12
     8
   117
   189
   247
   261
   124
   133
    35
   274
    73
    82
    89
   227
    40
    91
   194
   175
    66
    64
     0
     3
     3
     0
     0
     0
    39
    98
   271
   279
   134
    42
    51
   185
   122
    37
    51
    54
    71
    76
    79
    36
    57
    51
     9
     3
     6
     0
     0
    12
    98
   121
   277
   151
    37
    50
    87
    25
    31
    60
    91
    31
    57
    79
    96
   188
   181
    38
     0
     4
     3
     0
     7
     0
    90
   114
   337
   204
   107
    36
   117
    74
    77
    65
    88
    75
    94
   195
    87
   181
    69
    49
     0
     0
     0
     8
     0
     0
    98
   167
   283
   185
   113
    47
    78
   211
    73
    44
    47
    76
   193
    41
    55
   159
    66
   142
     9
     0
     0
     3
     0
     0
    68
   142
   210
    85
   108
    91
    64
    60
    65
    27
    48
    71
   118
    53
    53
    87
    54
   117
     6
     1
     2
     8
     0
     6
   115
   121
   285
   225
   145
    68
   126
   132
    52
   109
    49
    72
    59
   115
    90
    47
    92
    68
     4
     2
     0
    17
     0
     0
   109
    73
   319
   155
    88
   119
    76
   102
    69
   195
    48
    79
   247
    58
   222
   193
    48
    68
     5
     0
     0
     0
     2
     0
    80
    88
   292
    33
   136
    92
    92
    68
    49
    63
   124
    43
    44
    88
   231
   119
    76
    33
     0
     0
    10
     6
     9
     0
    66
   326
   120
    94
    48
    68
    53
    45
   108
    22
    35
    16
    42
    96
    85
   162
   107
    58
     0
     0
     2
     0
     4
     0
   101
   182
   122
   149
    95
    53
    51
    57
    36
    85
   125
    43
    26
    19
   191
   145
    54
    45
     0
     1
     0
     0
     6
     0
    45
    45
   161
    78
    73
    66
   105
    41
    24
    26
    93
   110
   133
    95
   148
    91
    23
    47
     3
    10
     0
     6
     0
     0
    62
   141
   216
   237
   216
    32
    57
    66
    80
    28
    93
   121
    49
    44
   180
    26
    33
    77
     0
     4
     7
    15
    15
     0
   116
   184
   206
   182
    94
    58
    63
    87
   261
    59
    62
   115
    62
   109
   139
   128
    69
    51
     6
     0
     0
     1
     3
     0
   125
   324
   213
   130
   132
    51
   110
    81
   110
    82
    96
    96
    54
   318
    44
    90
    93
   199
     8
     3
     2
    26
     2
     5
    34
    74
   319
   156
    43
    35
   119
    29
    74
    29
    88
    43
    82
    73
   116
   228
    81
   103
     0
     0
     0
     0
     8
     1
    44
   150
   192
   195
    59
    98
    63
    54
    48
    74
   123
    55
    83
    39
    33
    32
   128
    86
     0
    10
     0
     0
     5
     6
    83
   150
   222
   108
    60
    57
    27
    67
    23
    50
    41
    31
    45
   126
   228
    95
    51
    78
     4
     2
     0
     0
     2
     0
   131
   142
   246
   212
    59
    83
    53
    61
    35
   108
    38
    71
    24
    48
    71
   134
    57
    81
    10
    14
     0
     9
     1
     8
   245
    91
   340
    61
    39
    83
    53
    92
    86
    59
   187
    61
    41
    44
   161
   153
    43
    88
     0
     2
     0
     0
     0
     0
    97
   167
   347
   202
   100
   128
    53
    51
   110
    50
    68
    53
    63
   356
   304
    86
    94
   106
     9
     8
     3
     0
    10
     0
   118
   161
   262
   290
   102
    46
    70
    73
    90
   173
    95
    52
   200
    47
   280
   166
    75
    72
    11
     0
     0
     8
     0
     1
    68
   234
   354
   126
    39
    52
    92
    89
    17
    60
   187
    42
    49
    29
    84
    94
   230
    19
     6
     9
     6
     0
     0
     0
    28
   163
   203
   194
    50
    29
    48
    37
   154
    44
    57
    82
    36
    75
   119
   239
    51
    48
     1
     0
     6
     6
     2
     0
    76
   174
   303
    74
    89
    63
    52
   179
   180
    36
    49
    45
    92
    30
   282
   195
    84
    23
     2
     0
     3
     1
     0
     1
    44
   161
   341
    80
    39
   142
    44
    69
   179
    70
    35
    89
    87
    65
   280
   119
    66
    17
     4
     9
     2
     4
     0
     0
    41
   198
   309
   337
    26
   101
    97
    84
   209
   108
    67
   107
    79
   149
    45
   129
    44
    47
     1
     5
     0
     0
     2
     0
    55
   223
   216
   100
    76
    48
    99
    65
   105
    78
    66
   156
   109
   109
   126
   111
    51
   126
     6
     0
     4
     1
     3
     1
   112
   199
   388
   185
    91
   214
    52
   142
    84
    48
    76
   219
    70
    58
   158
   230
    70
    65
     4
     6
    11
     0
     5
     0
    73
   136
   312
   248
   175
    49
   169
    35
    67
    59
    48
    88
    48
    77
   180
    52
    24
    37
     0
     0
     4
     0
     4
     0
    19
   129
   155
   105
    25
    57
    50
    38
    53
    36
   253
    93
    73
    78
    79
   224
    26
    43
     6
     7
     3
     0
     5
    11
    31
   113
   286
   146
    46
    80
    22
    62
    67
    37
    67
   210
    24
   121
    71
    80
    79
    50
     0
    23
     5
     7
     2
    11
   102
   109
   232
   255
    79
    50
    52
   178
   216
    64
    59
    18
   221
    53
   249
    44
    46
    53
     0
    10
     0
     0
     0
     0
    89
   100
   139
   165
   104
   189
    86
    75
    69
   226
    31
   213
    47
    89
   353
   200
    69
    58
    10
     2
     2
     6
     6
     0
    81
   185
   462
   210
   135
    54
    52
    95
    54
   118
    90
    46
    75
    79
    94
   129
    88
    83
     0
     5
    16
     0
     8
     6
    62
   236
   440
    42
   120
    42
    34
    68
   132
    59
    38
    88
    37
   100
   195
   118
    80
    69
     0
     0
     0
     0
     0
     1
    32
   203
   203
   227
    77
   182
    35
    53
   126
    29
    65
    35
    54
   130
   132
   192
   103
    76
     1
     2
     0
     4
     0
     3
    81
    86
   382
    78
    79
   112
   139
    47
    60
   208
    82
    46
    30
    87
   137
   326
    94
    33
     0
     0
     8
     6
     0
     0
    81
   175
   218
   275
    15
    49
    51
    81
    61
    65
   212
    61
    50
    18
   156
   133
    30
    61
     4
     0
     1
     8
     8
     0
   112
   190
   119
   113
    71
    62
    46
   107
    59
    56
    59
    59
    41
   109
   110
   134
    48
    44
     7
     0
    16
    12
     6
     3
   100
   229
   113
   291
    85
    31
    31
    53
   170
    84
   108
    59
    42
   134
   111
    72
    47
    94
    12
     1
     0
     7
     1
     9
   137
   216
   251
   279
    73
   199
    43
    74
    83
    29
    89
    78
    56
    64
   223
   170
    53
   164
    10
     3
     0
    11
    14
     0
    99
   218
   349
   281
    94
    67
   101
    55
    50
   241
    36
   289
   111
   274
   159
   187
    68
    64
     5
    12
    15
     9
     0
     3
    54
   160
   265
   155
   189
    42
    35
    94
    31
   132
    92
    65
    34
    52
    65
   122
    70
    69
     0
     0
    13
    21
     0
    14
    84
   135
   180
   118
    89
    77
    63
    49
    14
    85
    40
    48
   110
    62
   130
   116
    44
    50
     3
     0
     0
     0
     0
     0
   111
   200
   327
    75
    51
    57
    33
    76
    41
    68
    21
    60
    50
    88
   315
   173
    59
    78
     3
     7
     2
     6
     0
     3
   161
   202
   444
   294
    87
   113
    54
   101
    59
    71
    50
    29
    43
   147
   217
   178
    33
   164
     0
     0
     0
     7
     0
     0
    49
   130
   280
   270
    30
    77
    64
    58
    52
    40
    41
   105
    74
   190
    94
   137
    47
    33
     0
     5
     8
     0
     0
     7
    64
   183
   295
   244
    70
    57
    66
   130
    34
    82
   112
    45
    94
   266
   104
   315
    99
    78
     0
     5
     2
     1
     8
     9
    46
   325
   163
   150
   120
    80
   153
    80
    82
    78
    93
    44
   226
   207
   183
   260
    77
    69
     2
     0
     2
     7
     2
    12
    32
    95
   215
   217
    47
   103
    93
    81
    37
    49
    99
    87
    47
   108
    72
   187
    89
    47
     0
     0
     1
     7
    12
     0
   134
   155
   466
    89
    87
    82
    47
    38
    79
    32
    54
    40
    37
    92
    66
   191
    25
    61
     5
     2
     1
     1
     7
     7
   110
   137
   151
    41
    51
    85
    87
    29
    49
    59
    29
    56
    49
    96
   349
   142
    35
    29
     0
     0
     8
     2
     5
     1
    58
    43
   265
   159
    54
    33
    34
    82
    56
    97
    36
    75
    79
    48
    75
    68
    54
    85
     0
     7
     0
     0
     6
     9
    51
   174
   410
   118
    66
    92
    63
   120
   131
    53
    85
    62
    72
    85
   150
    60
    40
    53
    12
     0
     1
    11
     2
     0
    20
   164
   340
    96
    93
    40
    62
    44
    86
   369
    66
    47
   143
    68
    92
   215
    71
    26
     6
     4
     3
     0
    11
     0
    44
   192
   388
   363
    47
   152
    91
   107
    69
   115
   193
    76
   148
    90
   127
   114
    46
    75
     0
     0
     0
     0
     0
     0
    94
    68
   258
   149
    36
    84
    52
   110
    52
   166
    66
   105
   123
   101
   221
   111
   115
    61
     0
     4
     0
     6
     0
     0
    91
    79
    53
   284
    24
    43
   241
    54
    36
    81
    45
   131
    67
   117
   216
   297
    47
    21
     4
     0
     6
     0
     0
     3
   127
   344
   184
   122
    23
    37
   100
    82
    46
    71
    95
    61
    58
    95
    79
    41
    48
    32
     0
     0
     0
     3
     4
    26
    48
   170
   199
    67
    85
   165
    58
    58
    40
    49
   123
    57
   141
    79
   124
   163
    57
    59
     0
     6
     3
     8
     0
     0
    71
   432
    83
   245
   216
    52
    43
    47
    77
    70
    43
    41
    59
    82
   186
   103
    56
    31
     0
     8
     6
     6
     0
     0
    56
   218
   187
    66
    32
    61
    68
    54
    84
    58
   172
    93
    80
    72
   291
   168
    62
    60
     8
     7
     1
     0
     0
     1
   162
    89
   262
   326
    43
    54
    53
    54
    25
    62
   115
    26
    81
    34
   351
   132
    62
    89
     8
     0
     0
     0
     7
     5
    44
   148
   272
   133
    60
    31
    47
    49
    83
    94
   104
    69
    54
    42
   117
   177
    60
    54
     0
     0
     2
     0
     9
     1
    81
   309
   160
   242
    48
    61
    19
    48
    39
    55
   115
   112
    73
    32
   312
   255
    67
    38
     0
     0
     0
     0
     4
     0
    80
    89
   125
   174
   167
    23
    78
    61
    30
    99
   199
    32
   202
    39
   435
   174
    62
    28
     7
     0
    16
     5
    20
     0
    66
   262
   325
    93
    56
   198
    43
    30
    27
    95
    49
    75
    53
    60
   176
   113
    63
    66
     4
     0
     0
     3
     0
     0
    75
   124
   165
   174
    92
   180
    41
    72
    81
    28
    38
    79
    60
    81
   178
   388
    36
    90
    14
     7
     0
     0
    16
     1
    54
   114
   196
   164
    49
   211
    67
    57
   127
    71
    51
   118
    71
   269
   471
   178
    51
    43
    15
     0
     0
     6
     2
     9
   188
   178
   507
   179
    33
    61
   102
   108
    46
    64
    68
   119
   128
   208
   152
   135
    93
    50
     6
     0
    10
     5
     0
     0
    63
   250
   331
    81
    45
    46
    51
    46
    38
   120
    71
   124
    48
   100
    50
   108
   135
    28
     4
     0
     7
     0
     0
     4
    55
   247
   353
   159
   184
    66
    68
   121
    42
    49
    79
    36
   106
    88
    61
   125
    29
    61
     2
     0
     1
     9
     4
     0
    75
   151
   283
   109
   194
    90
    95
   164
    79
    67
    40
    54
    71
    45
    96
   131
    58
    95
     9
     0
     8
     0
     1
    11
    91
   187
   277
   278
    63
   111
    82
    44
    41
    72
    45
    55
    47
    64
    77
   121
    55
    48
     2
     0
     0
     8
     0
     0
    79
   144
   129
   106
    89
   110
    36
    54
    58
    38
    26
   123
    91
    52
    40
    85
    52
    49
     0
     2
     0
     0
     2
     7
   128
   362
   269
    90
    65
    92
    97
   262
    45
   101
    51
   117
   114
   157
   148
   143
    47
    96
     8
     0
     0
     5
     0
     0
    93
   275
   308
   210
    50
    52
    49
    86
    64
   132
    95
   105
    47
    73
    98
   328
    74
    81
     0
     7
    14
     0
     0
     0
    90
   191
   144
   146
    28
    74
   103
    54
    79
    42
    50
   233
    89
    67
    50
   164
    37
   186
     0
    21
     0
     9
     3
     0
   107
   149
   316
   177
    83
   182
    56
    65
    50
    41
   174
    33
    55
    83
   229
   159
    51
    93
     0
     0
     0
     0
     0
     3
    78
   197
   243
   250
    62
    42
    51
    68
    36
    51
    56
    93
    91
   110
   261
   124
    89
    40
     4
     3
     0
     6
     2
     0
    91
   204
   253
   165
    45
    47
    48
    51
    85
    53
    46
    37
    83
    89
   164
    62
    35
    32
    10
     2
     4
     0
     0
     4
    58
   203
   264
   122
   107
    53
    83
    49
    23
    24
    79
    87
    73
   106
   323
   256
    39
    57
     0
     0
    10
    11
     0
     0
    97
   153
   157
   514
    57
   112
    47
    55
    64
    54
    66
   142
    42
   225
   122
   131
   107
    63
     0
     5
     3
     0
     0
    10
    68
   188
   320
   211
   107
    75
    58
    52
   104
    27
    67
    37
    63
    85
   125
   105
    91
   111
     0
     4
     0
    12
     8
     1
    59
   328
   190
   172
    47
   170
   170
   177
   216
    86
    45
   114
    90
    66
   100
   349
    60
   196
    10
     0
     0
     0
     8
     0
    78
   132
   175
   118
    49
   109
    45
    57
    70
    83
    44
    73
    46
   159
    74
   257
    35
    76
    12
     7
     5
     3
     0
     0
    69
   174
   156
   108
   147
   124
    24
    48
    55
    94
    58
   253
   122
   121
   119
   131
    92
    83
     6
     0
     0
     0
    11
     0
    92
   110
   293
   283
    96
    82
    40
    57
   117
    44
    50
    80
    46
    85
    53
    87
   126
   105
     0
     0
     1
     2
     3
     8
   106
   157
   144
    48
    67
    32
    81
    96
    46
    18
    57
    86
   114
    83
   137
   113
    62
   174
     0
     6
     7
     0
     3
     2
    79
    82
   203
   346
    76
    98
    47
    67
   109
    90
    83
   187
   290
   270
   318
   120
    41
   243
     0
     0
     2
     5
     0
     1
    46
   457
   369
   150
    63
    97
    57
    46
    99
   253
    73
   115
    92
    98
   425
   353
    53
    63
     9
     0
     0
     0
     2
     5
   164
   172
   139
    13
    44
    34
   104
    61
    67
    58
    56
   112
    71
   197
    84
   197
    26
   151
     0
     5
     3
     0
     1
     0
    59
   251
   608
   108
   102
   120
    19
    59
    71
    46
    59
    57
    39
   104
    65
   158
    87
   138
     4
    11
     0
     9
     2
     0
    84
   288
   278
   188
    28
    51
    55
   106
    56
    91
    83
    62
    72
    60
   241
   191
    67
    39
     0
     9
     0
     0
     3
     0
   219
   149
    71
   276
   109
   168
    28
   156
    62
    86
    93
    80
    57
    55
   170
   121
    37
    86
     7
     7
     1
     0
     0
     2
    41
   203
   273
    90
   191
   105
    71
    98
    83
    31
   233
    50
   174
    89
   222
    45
    58
   106
     4
     0
     0
     6
     0
     6
   112
   181
   347
   160
   134
   102
   185
    89
   107
    55
    19
   183
    70
    66
   152
   206
   122
   234
     4
    11
     0
     4
     0
     0
   153
   178
   180
   296
    54
   118
   115
   112
   104
    93
    60
    56
    91
   121
   203
   202
   119
    55
     0
     0
     2
     0
     6
     1
   109
   113
   161
   167
    92
    54
    47
   185
    50
    64
    63
   143
    55
    97
   269
    84
    35
    53
     0
     4
     5
     0
     0
     0
   157
   272
   316
   175
    61
    54
    54
    63
    65
    49
    96
   109
    62
    61
   172
    84
    37
    76
     0
     6
     4
     0
     0
     0
    87
   224
   128
   217
    45
    34
    59
   118
    50
    72
    84
    78
   223
   117
    29
   247
    43
    97
     0
     7
     0
     0
     1
    10
   149
   172
   391
   153
    48
   115
    72
    75
    40
   101
    41
    60
   207
   110
   306
   118
    77
    89
    13
     8
     0
     0
     0
     7
    58
   198
   302
   149
    65
    69
    81
    98
    20
    42
    62
    86
    65
    50
   344
    96
   111
    75
     4
     0
     0
     0
     2
     0
    51
   128
   210
   332
   180
    46
   128
    88
    90
    71
    24
    89
    53
    80
    62
    96
    55
   107
     3
     3
     4
     1
    20
     0
   116
   200
   256
   349
   129
   203
    81
    45
   136
    52
   117
    88
    59
    86
   310
   275
   120
   109
     2
     0
     0
     0
     0
     0
   209
    55
    78
   141
    54
    84
    34
   146
    81
    67
    65
   181
    95
   205
   182
   231
   178
   222
    10
     8
     2
     0
     1
     2
    68
   247
   141
   256
    79
    51
    63
    51
    15
    65
   135
    33
   118
   179
    95
   118
    48
    12
     0
     2
     4
    13
     0
     4
   131
   141
   335
   301
   104
    63
    63
   144
    67
    80
   129
    85
    79
   138
    34
   174
    34
    65
     5
     0
     8
     0
     0
     0
     0
    71
    50
   293
   128
    57
    38
    54
    81
    45
    88
    38
   149
    55
    36
   107
   272
    59
    75
     6
     0
     1
     0
    20
     0
    73
   262
   225
   277
    54
    60
    36
    72
    40
   370
    53
    42
    64
    73
   177
   145
   115
    36
     7
     0
     7
     5
     0
     3
    45
   214
   444
   337
   102
    47
    94
    63
    88
    91
    43
    71
    87
   127
   305
    84
    64
   203
     0
     4
    14
     0
     0
    10
   156
   211
   372
   137
   103
    54
   134
    79
   146
    30
    57
    84
    99
    70
   190
    43
   109
    15
     0
     0
     0
     0
     5
     5
    76
   233
   123
   158
    89
    74
    45
    49
   354
    89
   113
   120
    47
    59
    94
   220
    28
   119
     0
     5
    16
     7
     8
     2
   181
   131
   280
   361
    40
    42
    81
    70
   164
    53
    64
   129
   122
   168
    77
   165
    49
   100
     2
     0
     5
     3
    13
     0
    87
   135
   155
   159
    74
    83
    43
    44
    56
    50
    86
   159
   135
   117
    14
   114
    35
    40
     0
     0
     8
    14
     0
     0
    79
   309
   267
   210
   101
    63
    86
    56
    88
    91
    64
    79
   235
    89
    50
   108
    92
    35
     4
     0
     1
     0
     0
     0
    40
   223
   135
   149
    96
   157
    84
    46
    56
    34
    92
    74
    52
    60
   173
   203
   102
    38
    14
     0
     5
     6
     2
     0
    50
    92
   338
   183
   125
    61
    77
   190
   111
    64
   123
    69
    81
   474
   254
   168
   116
    89
    22
     0
    12
     0
     7
     8
    45
   333
   308
   185
    80
    59
    95
   163
   102
    56
   109
   112
   245
    67
   117
   172
    82
   101
     0
     3
     0
     0
    10
     1
   120
    50
   257
   199
   117
   143
   104
    55
    58
    60
    36
    37
    74
    65
   400
   136
    86
    57
     0
     6
    13
     0
     3
     0
   147
   249
   220
   220
    89
    62
   114
    44
    36
   102
   100
    37
    92
   198
   301
   164
    58
    47
     0
     3
     0
    10
     0
     9
   118
   227
   324
   159
    82
   206
    79
    43
   190
    49
   120
    40
   124
    52
   445
   100
    66
    76
     8
     4
     0
    14
    11
     0
    55
    74
   279
   139
    62
    38
    46
    83
    95
    49
    26
   358
    84
    40
    82
   139
    82
    35
     7
     0
     0
     0
     0
     6
   143
   257
   273
   119
    95
    56
    46
   255
    50
    76
    42
    53
   104
    49
   121
   169
    25
    70
     0
     8
     2
     0
     6
     4
    78
   197
   220
   184
    80
   122
    39
   255
    60
    47
    71
    98
   398
    86
   106
    93
    72
   108
     0
     3
     5
     4
     3
     5
   131
   404
   330
   240
   179
   116
    85
    46
    25
    72
    93
    51
   121
    81
   152
    67
   238
   145
    16
     4
     6
     0
     5
     0
    98
   122
   156
   375
    53
   183
    72
    52
   102
   109
    37
    80
    42
    49
   280
   237
   230
    63
     9
     2
     0
     0
    10
     4
    67
   206
   195
   116
    69
    73
    78
    37
    32
    84
    33
    41
   104
   167
   266
   195
    91
    79
    10
     0
     0
     1
     4
     0
    68
    67
   333
   300
    91
   114
    27
    53
    60
    81
   113
    67
    61
    93
   151
    72
    66
    80
     0
     0
     0
     0
     6
     4
    89
   300
   154
   272
    67
    62
    91
    88
    49
   100
   109
    49
    46
    27
   280
   231
   119
    98
     0
     5
     8
     0
    14
     0
    85
   186
   259
   145
    73
    49
    43
    69
   102
    66
    55
    63
    64
   128
   244
   167
    99
    41
     4
    12
     0
     0
     3
     0
   148
   130
   373
   255
    92
    89
    45
    85
    42
   101
    53
    74
    80
   151
   147
   304
   114
    59
     0
     2
     4
     2
     0
     0
   109
   243
   384
   221
    52
   121
   124
   209
   118
   137
    64
    76
   110
   131
   192
   127
   111
    68
     0
     6
     0
     6
     1
     0
    99
   173
   169
   163
    49
    37
    94
    77
    73
    71
    61
    78
   218
   145
   250
    32
    73
    64
     4
     0
     5
     0
     0
    12
   133
   205
   488
    47
    35
    89
    68
    48
   169
   114
    96
    49
    48
    90
    51
    24
    88
    53
    12
    10
    12
     5
     5
     0
    61
   299
   267
   141
    56
    64
    35
    54
    41
   122
    40
    64
   206
   439
    33
    71
    84
    90
     4
     9
     5
     0
     4
     0
    12
   279
   348
   338
    66
   195
    71
    49
   121
    89
    66
    68
    86
    51
   309
   351
    49
    43
    11
     5
     4
    11
    12
     0
    81
   194
   387
   151
   115
    43
    52
    64
    90
    70
    46
   129
    98
   119
   166
   191
    45
    42
     7
     0
     6
     5
    12
     8
    33
   242
   240
   221
   104
   105
    72
   120
   215
    79
   185
   153
   108
   379
   159
   139
    80
    31
     0
     1
     6
     5
     7
    10
   116
   115
   169
    98
    65
    93
   103
    57
    57
    62
    71
    81
   106
    74
   381
   417
   107
   109
     0
    11
     0
     5
     0
     0
    91
   387
   279
   139
    64
    58
   119
   165
   118
    64
    63
    76
    53
   104
    80
   180
    70
    67
     0
     0
     0
     6
     0
     2
    63
   202
   372
   185
    45
    72
    75
    60
   127
    37
   203
    59
    66
    32
    40
   301
    71
    79
     2
     7
     5
    13
     3
     8
    81
    89
   208
   392
    33
    81
    85
    62
    29
    76
   252
    72
    88
    31
    71
   178
   192
    97
     0
     7
     0
     9
     4
     2
    76
   211
   307
   242
   136
    67
    41
    89
    57
    77
   201
    36
    56
   164
   227
   178
    83
    58
     9
     0
     2
     2
     0
     5
   125
   305
   205
   267
    26
    63
   103
   172
    96
    70
    34
    56
    52
   111
   494
    70
    41
    56
     0
     2
     3
     0
     0
     0
   135
   178
   637
   202
   220
   262
    94
   130
   153
    74
   143
    88
   108
    88
   262
   195
    64
    83
     0
     0
    15
     0
     5
     0
   161
   204
   231
   266
    63
    61
    87
   118
    52
    98
    71
   234
   164
    72
   226
   116
   113
    79
     0
     0
     0
     7
     1
     7
    39
   112
   204
    59
    40
    79
    64
    79
    67
   189
    91
    49
    40
    64
   191
   145
   250
    82
    11
     0
     0
    10
     0
     8
    71
   232
    38
    98
    38
    97
   181
   155
    47
    84
    59
    53
    74
   269
   402
   234
    97
    53
    14
     1
     8
    10
    10
    10
    71
   252
   230
   169
    70
    45
    50
    49
    49
    35
    80
   180
    51
    57
   143
   126
   119
   126
     0
     1
     0
     3
     0
    12
   131
   181
   260
   246
    36
    42
   164
    61
    78
    71
   145
    37
    65
   204
   466
   121
    72
    75
    13
     0
     0
    11
     0
     0
   176
   315
   152
   264
   183
    74
    91
    92
    95
    52
    67
   205
    42
    44
   143
   124
   118
    97
     5
    11
     0
     7
     3
     0
    43
   225
   173
   175
    81
   182
   125
    97
    32
    86
   147
   117
   108
    90
    91
   310
    76
   310
     0
     1
     0
     3
     0
     2
   177
   205
   555
   193
    51
    53
   152
    84
    78
    88
    47
   182
    76
   135
   321
   218
    68
    51
     2
     0
     1
     0
     0
     6
   150
   267
   273
    67
    85
   130
    71
    66
    80
    54
    56
    83
    70
    36
   352
   112
    83
    74
     4
     4
     0
     0
     1
     0
    66
   280
   403
   178
   142
    46
    45
    56
    23
    51
   116
   100
    65
    45
   280
   206
   145
   135
     3
     0
     0
     2
     5
     0
    94
   287
   267
   182
    76
    45
   273
    51
    84
   230
    65
   127
    55
    75
   225
    47
    56
   175
     3
     0
     0
     5
     0
     0
    94
   204
   210
   176
    69
    46
    56
    41
    72
    46
    24
   113
    50
    61
   356
   118
   121
    83
     0
     7
     0
     0
     4
    12
   117
   254
   269
   104
    70
    68
    35
    62
   104
   104
    81
   233
    64
   183
   162
   158
    90
    28
     3
     0
     6
     0
     0
     0
   102
   162
   435
   164
    55
    80
    74
    96
    60
    40
    89
   133
   115
   196
   236
   195
   245
    41
     0
    12
     0
    15
     6
     6
    91
   264
   287
   230
   114
    80
    60
    84
    86
   146
   108
   110
    66
    47
   242
   136
    95
    90
    14
     0
     0
     2
     7
     8
    58
    42
   424
   142
    73
    97
    65
   352
    67
    67
   115
    97
    87
   101
    77
   302
    55
    99
     4
     0
     0
     5
     6
     0
   117
   275
   603
   145
    86
    85
   110
    90
   144
    14
    30
    74
    65
    38
   102
   213
    57
   106
     0
     0
     2
    11
     0
     0
   170
   242
   259
   248
    47
    78
   111
    60
    80
    87
    52
    58
   208
    44
   220
   181
    77
    58
     0
     0
     2
     7
    10
    13
   133
   239
   179
   216
    70
   161
   117
    63
    61
    46
   108
    83
    57
   280
   222
    84
    91
    54
     0
    10
     0
     2
     0
     8
   153
   240
   262
   179
    79
    59
    64
    49
    93
    43
   116
   187
    53
   111
   216
   126
    39
    46
     2
     7
     9
     7
     3
     0
   241
   365
   379
   183
    82
    83
   108
   102
    87
    42
    76
    83
   121
   103
   302
   153
    50
   124
     9
    27
     3
     2
     3
     7
   179
   201
   346
   126
   130
    52
    85
    66
   234
   113
    99
    87
   135
    96
   115
   147
    75
    57
     1
     7
     0
    10
     2
     7
   147
   198
   316
   137
    49
    52
    59
   204
    65
   141
   110
    96
    41
   162
   308
   133
   100
     0
     0
