    19
     0
     0
     0
     0
    17
    29
    65
    53
     7
    17
    13
    15
    17
     7
    21
    20
    14
    30
    31
    69
    20
    19
    11
     0
     7
     0
     6
     0
     0
    64
   108
    29
     3
     3
    40
    18
    10
     7
   168
    16
     4
    14
    51
    23
    16
    19
     7
     0
     0
     0
     0
     0
    58
    52
    53
    68
    13
    13
     3
     2
    12
     0
    85
    44
    38
    12
    28
    24
     6
    20
     6
     0
     0
     0
     0
     0
    21
    58
    91
   124
    17
    18
     8
    14
    20
     9
     8
    17
    16
     3
     5
    85
    55
    11
     0
     0
    10
     0
     0
     0
     4
     9
    58
    15
    11
    12
    43
    14
     1
    19
    12
    66
    13
    12
    59
    64
     9
    14
     0
     8
     0
     0
     0
     0
    28
    30
    20
   189
    17
    80
    43
    14
    19
    21
    10
    30
    10
    18
    50
    64
     8
    30
     0
     0
     0
     0
     3
     1
     8
    66
   181
    61
    33
    38
    25
     7
     8
     9
    76
    14
    71
   180
    10
    76
    34
     8
    10
     2
     0
     1
     0
     0
    13
    58
   182
    60
    56
    25
    10
    21
    20
    22
     5
    12
   153
    18
     4
    53
    26
     5
     0
     6
     0
     0
     0
     0
    14
   110
   140
    85
    19
    14
    18
    16
     7
    35
    36
    15
    17
     7
    14
    88
    27
     2
     0
     0
     7
     0
     0
     0
    72
     7
   133
    27
    63
    51
     6
    21
    12
     7
    24
    22
    17
     2
   112
     5
     8
     9
     0
     0
     0
     0
     8
     0
    21
    15
    38
    56
   146
    10
     6
    43
    12
    18
     4
   110
    21
    20
    18
    21
    16
    41
     3
     5
     0
     0
     0
     0
    12
    57
    53
    15
    17
     4
     6
    16
    19
     7
    21
    31
    18
     9
    28
    10
     8
    40
     0
     0
     0
     6
     0
     0
    26
    72
    49
    50
    35
    19
    27
    14
     0
    47
     7
    48
   168
    39
    21
    67
    64
    29
     0
     0
     0
     1
     0
     5
    63
    14
    67
   108
    32
    22
    30
    58
    15
    37
     3
     1
    23
    26
    16
   124
    19
    13
     8
     0
     0
     0
     0
     0
    54
    16
    98
     0
    11
    15
    21
    18
   161
    25
    13
    30
    47
    17
    14
    20
    31
    29
     0
     0
     6
     0
     5
     0
    53
    69
    55
    65
    20
   156
    18
    40
    18
    13
    18
    20
     4
    16
    63
    10
     3
    13
     0
     0
     0
     0
     0
     0
    37
    54
    63
    33
    17
    16
    41
    15
    12
    32
    14
    28
     8
     7
    63
     6
     7
     1
     0
     0
     0
     0
     0
     4
    23
    50
    88
    13
    20
    11
    17
     0
     7
    17
    49
    11
    21
    27
     0
    11
     8
    31
     0
     0
     0
     0
     0
     0
    69
    58
    97
    53
     3
     8
     6
    38
     1
    26
    30
    21
    61
    16
     6
    14
    18
    14
     4
     0
     0
     0
     7
     0
    65
    74
    26
    27
    24
     6
    24
    31
    17
    46
     9
    57
    16
    20
    49
    14
    15
     8
     0
     0
     0
     0
     1
     0
    32
   152
    85
   102
    21
    10
    26
    12
    32
   200
    23
    24
    57
     6
     8
    14
    13
    35
     0
     0
     0
     1
     0
     6
     9
    30
     4
     5
    27
    18
     7
    15
    16
    10
    17
    18
    44
   184
    49
   192
    24
    21
     0
     0
     4
     0
     0
     3
    53
    55
    54
    12
    50
    54
    15
     7
    23
    20
    31
    24
    56
     4
    51
     4
    23
    29
     1
     0
     2
    11
     6
     0
     5
    26
    84
     7
    18
     4
     6
    37
     8
    12
    53
    14
    36
     9
    15
    16
     6
    17
     0
     0
     3
     0
     0
     2
     8
    64
    42
    22
    15
     7
    12
     7
    13
    13
    13
    49
   139
    22
    21
    61
    17
    46
     0
     2
     0
     0
     0
     0
    70
     6
   187
    56
    20
    14
    13
    59
    32
    14
    28
     7
    21
    20
    31
     0
    22
    58
     0
     0
     2
     1
     0
     0
     7
    11
   198
    20
    10
    24
    30
    10
    26
    17
    13
    15
    11
    73
     7
    72
    31
    54
     6
     0
     0
     2
     0
     0
    34
    51
   186
    69
    58
    26
     8
     1
    15
    17
    25
     0
    52
    33
   159
    67
     9
     6
     0
     9
     0
     0
     0
     0
    16
    98
    57
    93
    15
    25
     0
     0
     7
   154
    15
     4
    25
    31
    52
    74
    14
    11
     0
     0
     0
     0
     6
     0
    31
    54
    28
     4
     4
    12
    19
    17
    49
    29
    51
     9
    23
    11
    62
    88
    16
    12
     0
     0
     0
     0
     0
     0
    16
    30
     4
    54
    12
     7
     4
    17
    14
    19
    33
    11
    10
    51
   303
    92
    27
    10
     0
     3
     0
     0
     0
     0
     8
    23
    48
    49
    27
    28
    22
    32
    11
    65
    15
    14
    14
    21
     6
    19
    21
    22
     7
     2
     2
     0
     0
     7
     8
     9
     8
    31
     4
    38
     2
    55
    15
    24
    22
    12
    37
   232
     0
    16
    28
     0
     0
     2
     0
     4
     0
     0
   112
    33
   149
     6
    24
    21
    86
    11
     6
    30
   154
    22
    11
    10
    36
     9
    27
    29
     0
     0
     0
     0
     0
     1
    17
    22
   255
    49
     9
    62
    21
    37
    32
    16
    16
    31
    10
    32
   196
    25
    15
     4
     5
     0
     0
     0
     0
     0
    20
    84
    81
     5
    26
    12
     7
    18
    26
     0
    41
    56
    17
    44
    15
     3
    29
     5
     2
     8
     0
     0
     0
     0
    13
    98
    50
   166
    19
    17
    16
    30
    15
    24
    29
    20
    12
    12
    38
    94
   171
    21
     0
     0
     0
     1
     0
     0
    12
    41
    60
    33
     2
    28
    11
    19
     0
     3
    13
    11
     5
    59
    25
     7
    16
    16
     0
     3
     0
     0
     0
     0
    29
    45
     0
    23
    13
     9
    14
     0
    27
     2
    46
     7
    17
    12
    45
    92
     0
     8
     0
     1
     0
     0
     0
     6
    51
    81
   136
    54
     7
    31
     7
     4
    49
    10
   167
    33
    17
    21
    23
   193
    56
    30
     0
     0
     1
     1
     0
     0
    74
   147
   133
   102
    17
     3
    11
    14
    59
    23
    58
    38
    13
   171
    37
    55
    15
    17
     0
     8
    10
     0
     6
     0
     8
    15
    54
    93
    22
    17
    17
    25
    15
     6
    13
    10
    20
    17
    33
    16
     5
    20
     2
     0
     0
     0
     4
     0
    12
   177
    56
    15
    29
    40
     7
    16
    17
     6
     9
    17
    53
   169
   148
    13
     6
    11
     0
     5
     6
     6
     0
     8
    24
    93
    55
     2
     5
    93
    10
    21
    20
    15
    16
    68
    13
     4
    52
    12
    11
    73
     2
     0
     0
     0
     0
     0
     9
    94
     0
    24
    25
    18
    10
     4
    20
    14
     5
    19
    10
    36
    48
    24
    69
    12
     0
     0
     0
     0
     8
     0
     8
    17
    63
    31
     4
    23
    19
    17
    10
    11
     6
    52
    41
    28
    52
    49
     8
    15
     0
     0
     5
     0
     6
     0
    52
    91
     6
    71
    21
    13
    13
    19
    31
    19
     3
     9
    43
    27
    10
    52
    43
    14
     0
     0
     0
     0
     0
     0
     2
    55
    63
   142
    16
    14
    23
     3
    33
    11
    54
    27
    41
    15
    22
     0
     8
    24
     0
     0
     0
     0
     5
     0
    19
    50
    25
   141
    36
     6
    26
    58
    50
    15
    25
    18
    18
    14
    69
    65
    39
    10
     9
     0
     4
     0
     0
     0
     8
    29
    57
    57
     6
    17
    22
    19
     6
    21
     9
    11
    56
    14
    23
    94
     8
    17
     0
     0
     0
     0
     0
     0
    22
   174
    93
   105
    15
    18
    17
    18
    12
    13
    11
     0
    17
     4
    18
     5
    19
    12
     0
     0
     0
     0
     0
     0
    99
   116
    22
    77
    69
    51
     8
     8
    10
     3
    22
    13
    16
     1
    29
    71
   143
    15
     1
     0
     0
     0
     0
     0
    27
    17
    36
    10
    10
    22
    13
    12
    32
    14
    24
     9
    17
    19
   208
     5
     5
    20
     0
     0
     0
     0
     0
     0
    59
    46
   169
    52
    18
    12
    31
    24
    28
    20
    51
    67
     0
    68
    52
    22
     1
     9
     0
     0
     4
     0
     0
     9
    31
    16
    50
   147
   159
    22
    17
    49
     2
    46
     8
    15
    25
    21
     4
    66
    32
    35
     0
     1
     0
     2
     0
     0
    49
    53
    71
    88
    10
    19
    21
    18
    21
    36
    11
    11
     1
    38
    12
   137
    12
     0
     0
     0
     5
     0
     0
     0
    17
    49
   181
    56
    19
     1
    16
    21
     8
    11
     3
     7
    24
     0
    66
     4
    15
     9
     0
     0
     0
     0
     0
     0
    15
    54
    17
    13
    13
    14
    32
    21
    21
    17
    17
    73
    15
    12
    17
    12
     3
    17
     0
     0
     3
     0
     0
     0
    20
    41
    52
    53
    54
    39
     0
     9
    20
    14
    38
     9
    11
    53
    41
    50
    12
    13
     0
     0
     0
     4
     9
     0
    48
    48
   122
    26
    32
    18
    44
     8
     8
    12
   164
    17
    24
    15
     6
    66
     0
    19
     0
     2
     0
     0
     0
     0
     9
    10
    97
   126
    23
     1
     2
    27
    10
    28
     0
     4
    13
     2
     5
    10
    12
    18
     0
     0
     0
     6
     0
     0
    30
    26
   125
    31
    13
    12
    32
    16
    15
    50
     8
    20
   153
    64
    56
    64
    20
    12
     5
     0
     0
     0
     0
     0
    14
     9
    18
    95
     4
    57
    54
    12
    59
    18
    13
   165
     4
    10
   161
    25
    36
    13
     0
     0
     0
     7
     0
     0
    28
    16
     5
   103
     6
     3
    11
    15
    17
    13
    11
    65
     2
    28
    45
     8
    20
    13
     0
     0
     1
     0
     0
     0
    16
   112
     3
    13
    18
    64
    65
    29
    14
    54
    22
    28
    17
    17
    17
    20
    22
    18
     0
     0
     0
     0
     4
     0
    14
    61
     9
    18
    50
    23
    45
     7
    18
     5
    11
    36
     0
    20
    21
    14
    19
    58
     0
     0
     2
     0
     0
     7
    72
    27
   133
    17
    14
    26
     8
    13
    64
    10
    12
     4
   166
     6
     3
    13
    28
    19
     1
     2
     0
     2
     0
     0
     7
    31
    63
    54
     2
    12
    28
    13
     2
     8
    42
    20
     7
    54
    43
   150
    15
    30
     0
     0
     0
     8
     0
     0
     4
   100
   104
    44
    10
    22
     4
     7
    21
    35
     5
     9
    12
     2
    64
     4
    14
     5
     0
     0
     6
     0
     0
     0
    17
    46
    46
    53
    64
     9
    20
    24
     7
    24
    22
    12
    23
    21
    10
     9
    12
     2
     0
     1
     0
     8
     0
     0
    10
     6
    47
    19
     9
     6
    31
    59
     4
    11
    28
    19
    16
    53
    34
    13
     7
     1
     0
     0
     5
     0
     0
     0
    17
    25
    89
    99
    11
     9
     1
    11
    29
    14
     0
    22
    26
     5
   146
    15
    55
    32
     4
     6
     0
     3
     0
     0
    33
     1
    19
    12
    13
    22
    19
    42
     6
    10
     9
     5
    36
    16
    11
    57
    19
    17
     0
     0
     0
     5
     0
     4
    26
    31
    53
    17
    23
    19
     8
    66
    26
    50
    13
     9
    23
     1
    54
    10
    21
    18
     8
     0
     1
     0
     0
     0
    10
   111
    43
    91
     7
    56
    17
    14
    11
    15
    23
    10
     3
    34
    43
    35
     8
     6
     0
     0
     0
     0
     0
     3
    57
    83
    10
    28
    31
     9
    40
    52
   137
     9
    35
    40
     9
    24
    25
    33
    34
    32
     0
     6
     0
     6
     0
     0
    19
     9
    95
    84
    29
    18
    12
    10
    13
    19
    21
    15
    43
    79
    10
    42
    50
     9
     0
     7
    12
     0
     0
     0
    22
    70
    96
     3
    15
    29
    17
    15
    24
    30
    55
    20
   151
   159
    13
    10
    68
    17
     7
     0
     5
     0
     0
     0
    13
   140
   177
    87
    50
     7
    13
    22
    27
     3
    23
    13
    15
    18
    25
    27
     4
    21
     0
     0
     0
     1
     0
     0
    41
    84
    85
    91
    32
    26
    24
     5
     5
    63
    56
    19
    12
    31
    29
    20
     8
    10
     0
     0
     0
     0
     0
     0
    48
    28
    87
   132
     7
    16
    60
    41
    17
    53
    19
     8
    23
    23
    45
    91
     8
    18
     0
     0
     7
     6
     0
     0
    13
    20
    52
    18
    17
    20
    43
     8
   153
    31
    23
    14
    13
    26
    12
    27
    12
     2
     0
     0
     0
     0
     0
     0
    56
    16
     4
    71
    21
    13
    15
    11
    26
     4
    11
     8
    20
    51
   111
     7
    14
     7
    14
     0
     2
     0
     0
     0
    18
    56
    52
   146
    37
    57
    53
    32
    13
    49
    64
    12
    11
    17
    78
    53
    15
    17
     0
     0
     0
     0
     0
     0
    38
    62
   137
    27
    18
    21
    15
    22
    11
    21
    17
    17
    17
    21
    62
    47
    20
    17
     0
     0
     0
     0
     6
     0
    14
    55
    58
     0
    34
    21
    25
    16
    18
     7
    61
    47
    41
    52
    60
    50
    15
    23
     0
     0
     0
     0
     0
     4
    15
    14
   105
    87
     6
    59
    11
    13
     1
    37
    17
    84
   160
    55
    30
    23
     8
    48
     0
     0
     0
     0
     0
     0
    47
    61
    21
    27
    57
    65
    28
    68
    29
    25
     4
    20
    17
    28
    10
    27
    17
    30
     1
     0
     0
     0
     0
    13
     9
     6
    44
    13
    50
    62
    31
     6
    19
    33
     9
    21
     3
    15
     5
     1
    20
    18
     0
     0
     0
     0
     0
     0
    25
   111
   181
    49
    17
    54
    30
     9
    40
    29
    29
    52
    22
    60
   203
    59
    20
    28
     0
     0
     4
     0
     0
    45
   118
    53
   150
     7
     3
    16
    70
     8
    45
    53
    63
    19
    21
    10
     8
    26
    16
    10
     0
     0
     1
     7
     0
    36
     8
    79
    11
    13
    82
    14
    15
    49
     1
   152
     3
    26
    14
    24
    63
    17
    12
     0
     0
     0
    11
     0
     0
     4
    29
    18
    54
    25
    58
     9
    28
    86
    11
     8
    10
    41
    45
    37
    84
     6
    27
     0
     0
     0
     0
     0
     0
    37
     6
   148
     5
    23
    25
    10
    33
    26
    18
     7
    19
    11
    17
    56
    61
     9
     4
     0
     1
     0
     0
     2
     0
    83
    57
   137
    24
     7
    13
    17
    53
     7
     8
     8
     0
     3
     9
    44
   205
    16
    25
     0
     0
     0
     0
     0
     0
     9
    51
    86
     5
    19
    58
    21
   164
    20
    10
    14
    36
    11
    11
    69
    15
    16
    48
     0
     4
     0
     0
     3
     6
     5
    47
   133
   155
     9
    20
    30
    32
    35
    33
    42
    56
     9
    20
    20
    57
    16
    33
     0
     0
     0
     0
     0
     1
    45
    90
    95
   153
    51
    21
    29
    12
    18
    59
    14
    23
     6
    15
   167
    69
    56
    29
     1
     1
     0
     8
     0
     0
    15
     3
    57
   126
     9
    12
    14
     8
    18
    23
    19
    29
    41
     8
    63
    91
    30
    10
     2
     0
     0
     0
     0
     0
    21
    39
   119
    59
    21
    19
     8
     6
    37
     2
   163
    17
    13
    33
    20
    54
    15
     8
     0
     0
     0
     0
     0
     0
    31
    36
    57
    13
    22
    24
    66
    17
    16
    57
    15
    15
    18
    18
    58
     2
    18
    26
     0
     0
     4
     0
     0
     0
    25
    14
    28
    59
    14
    17
    23
    19
    22
    10
    27
    51
    16
    14
    88
   108
    17
    52
     0
     0
     0
     0
     0
     0
    19
     6
    53
    18
     5
    16
    17
    28
    13
    19
    67
    12
     6
    16
    43
    15
    15
    51
     0
     0
     0
     0
     0
     0
     5
    12
    60
     0
    55
    51
    12
    10
    11
     8
    10
    10
    11
     5
    24
    17
    12
    11
     0
     0
     0
     0
     0
     0
    14
   100
   135
    69
    21
    59
    14
    24
     4
    22
    14
     4
    10
    16
     5
     1
    34
     9
     0
     0
     0
     0
     0
     0
    68
    14
    42
    64
    22
    18
    16
    14
    12
    11
    14
    23
    13
    60
   157
    11
    12
    11
     0
     0
     0
     1
     0
     6
    30
     8
   155
    11
    29
    14
    10
     2
     6
     8
    24
     9
    14
    17
    12
    28
    50
    16
     0
     0
     0
     0
     0
     0
    17
     7
    22
   100
    45
    30
     9
    16
    12
    59
    13
    24
    29
    16
    46
    18
     3
    32
     0
     2
     1
     0
     0
     0
     4
    70
    51
    17
     2
     3
    18
     1
     2
    70
    11
    22
    18
    22
    94
    11
   193
    12
     6
     0
     0
     0
     0
     4
    13
    52
    50
     9
    19
    22
    11
     4
    43
    18
    74
    11
     8
    27
    25
    27
    31
     5
     0
     0
     1
     0
     0
     0
    29
    87
   104
    49
    16
     2
    21
    61
    17
    36
    21
   154
    17
    59
    73
     4
     8
    10
     0
     0
     0
     4
     0
     0
    13
    58
    56
    82
    25
   115
    12
    39
    38
    15
    10
    30
    12
    31
     3
    49
    26
    41
     0
     0
     2
     0
     5
     0
    16
    68
    92
    50
    13
     4
    12
    19
    16
     9
    14
    13
     0
    14
    55
    65
    32
    20
     0
     0
     0
     0
     0
     0
     5
    27
   126
    51
    23
    19
    37
     4
    50
    12
    31
     0
    17
     2
    45
    64
     1
    31
     2
     0
     0
     0
     0
     0
    30
    97
   126
    54
    14
    20
    21
    22
     6
    51
    28
    26
     8
    15
    26
    86
    14
    13
     0
     0
     0
     0
     0
     0
    56
    51
   207
   132
    20
    40
    30
     5
    16
    14
    15
     4
    12
     9
    21
    88
    19
    16
     2
     0
     3
     0
     0
     0
    21
     7
    47
   117
    45
    20
     9
    10
    61
    17
     3
     8
    13
    10
    48
    52
    50
     4
     0
     0
     0
     0
    10
     0
    12
   102
    11
     8
    22
    34
    11
     9
    52
    18
    17
    10
    18
    48
    11
     0
    15
     7
     1
     0
     8
     0
     0
     0
    18
    60
    31
    53
     6
    19
    11
    26
    28
    67
    24
    65
    39
    25
    60
   193
     5
    30
     0
     0
     0
     0
     0
     0
    32
    97
    57
    17
    35
     5
    12
    68
    69
     5
    12
    48
    59
    22
    12
    17
    19
    13
     0
     0
     0
     0
     0
     0
    22
    77
    28
    89
     5
   158
    15
    18
    10
    25
    14
     9
    27
     6
   156
   113
    14
    20
     6
     0
     0
     0
     0
     0
    44
    12
     4
    33
    39
    15
    47
     5
     8
    13
    13
    24
    12
    11
   101
     8
    33
    14
     6
     0
     0
     0
     0
     0
    10
    17
    15
     8
    19
    14
     5
    29
     2
    49
    13
    10
     6
   159
    17
   103
    54
    31
     0
     0
     0
     0
     0
     0
    53
     8
    17
    96
    18
    16
    26
    53
    30
     8
     5
     3
    22
    19
    60
    21
     9
     8
     0
     0
     0
     0
     0
     0
    22
    22
   160
    55
     7
    25
     5
    24
    23
     0
    59
    64
    18
    67
    13
    18
    34
    13
     0
     0
     0
     0
     6
     0
    33
   145
   170
    65
     6
    17
    19
    24
    47
    19
    54
    25
    28
    27
    12
    12
    20
     7
     0
     0
     0
     0
     0
     0
    16
    53
    57
    21
    13
     3
    17
     0
    67
    13
    57
    18
     9
     7
    60
    16
     6
    10
     0
     0
     0
     6
     0
     3
     5
   108
    11
    61
    73
     0
    11
    89
    31
    10
     8
    18
    23
    52
     2
     7
     9
    27
     3
     4
     0
     4
     0
     0
    20
    55
    15
     2
    38
    20
     3
    30
    10
    15
    23
    14
    35
    27
    17
    35
    13
    19
     0
     0
     0
    12
     0
     0
    13
     8
    14
    39
    30
    12
    12
     9
     8
    11
    19
    26
    53
    11
    49
   186
    48
    12
     3
     0
     0
     6
     0
     0
    30
    69
    51
    80
     5
    10
    15
    10
    13
    16
    27
    10
    16
    17
    26
     9
    55
     4
     0
     7
     3
     0
     0
     9
    74
    99
    44
    12
    17
    35
    27
     6
    28
    15
    16
    11
    27
    10
     7
   118
     9
     5
     0
     0
     0
     0
     0
     0
     3
    72
    58
    89
    17
    13
    13
    19
    12
    33
     9
    16
    30
    30
     8
     8
    94
     6
     0
     0
     0
     0
     0
     0
     7
    53
    20
    16
     5
    34
    10
    16
     0
    10
     8
    13
    50
    14
    64
    68
    14
    17
     0
     0
     1
    10
     0
     0
    28
    65
    83
    86
    17
    13
     8
    69
     9
    35
     2
     6
    12
    29
    16
    12
    24
     0
     9
     0
     2
     0
     0
     0
    15
     7
     3
    45
     7
    15
    17
    13
     1
    14
    21
    25
   149
    78
    52
    51
    12
    18
     3
     0
     0
     0
     0
     0
    16
    26
     2
     8
    20
    16
    14
    14
    18
    10
     0
    64
    12
    53
     0
    30
    11
     9
     0
     0
     0
     0
     0
     2
    11
    11
    55
    93
    10
    54
     7
    12
     0
    14
    19
    19
    16
    59
    48
    48
    13
    12
     0
     0
     0
     0
     0
     0
    12
    52
    82
    15
     3
    14
    13
    13
     4
    31
    19
   139
    47
    15
    15
    11
    48
    16
     0
     0
     8
     0
     0
     0
    19
    46
    62
    95
    18
    20
    14
    20
    59
     0
    30
     7
    11
    23
    62
    33
    36
     8
     0
     0
     0
     0
     0
     0
    19
    53
    58
     6
    15
     3
    17
    41
    14
     9
     6
     8
     8
    16
    62
     2
    11
    52
     3
     0
     0
     3
     0
     7
    12
    24
    19
    54
    14
     9
    14
    12
    13
    54
     6
    24
    15
    39
    12
    54
    20
     0
     0
     0
     0
    11
     0
     0
     9
    51
   127
     0
    18
    19
    20
    15
     7
     9
    11
     0
    10
     5
    61
     5
    29
     3
     0
     0
     0
     0
     3
     8
    58
    94
     3
     7
    14
    14
     9
     3
    14
     4
    19
     9
    22
    10
    52
    39
    19
     8
     0
     0
     0
     0
     8
     0
     8
    12
    55
    13
    14
    10
    32
     5
    23
    29
    36
    19
    27
    59
    49
    58
    29
     8
     0
     0
     0
     0
     0
     0
    38
    16
   149
    68
     9
    13
   121
    11
    22
    15
    29
    25
    74
    15
    16
    14
    29
    12
     0
     4
     0
     0
    10
     0
    28
    98
    96
    91
    53
    21
    20
    15
    26
    22
    57
     9
    16
    13
    12
   145
     8
    22
     0
     0
    11
     0
     0
     0
    16
    98
   156
    18
     0
     4
     8
     2
     6
    10
    17
    58
    12
    18
    15
    10
     5
    14
     0
     1
     0
     0
     0
     0
    41
    49
    87
    24
    21
    15
    22
    10
    32
    14
    15
    49
    11
    12
     5
    51
     2
    10
     0
     0
     0
     0
     0
     0
    10
    81
    87
     3
    10
     8
    55
    12
    23
    28
    12
     5
     8
    17
    53
    67
    59
    34
     0
     0
     0
     0
     5
     0
    23
    59
    40
    59
    21
    29
    24
    72
     5
    11
    26
     6
    35
    10
   154
    12
    10
    23
     0
    11
     0
     0
     0
     0
    10
    41
    16
    21
   149
    17
    17
     8
    14
     7
    25
    31
    15
    14
   150
    16
     7
    12
     3
     0
     0
     1
     0
     0
     6
    97
   126
    43
    36
    22
    30
    10
    11
    10
    68
     9
    27
    16
     8
    17
     9
     6
     0
     0
     0
     0
     4
     0
    50
    12
    59
    96
    18
    11
     9
    15
    29
    25
     3
     8
    35
    47
    22
     8
    19
    56
     2
     0
     0
     0
     0
     0
    19
    85
     2
    49
    52
    50
     3
    19
    42
     2
     9
    16
    16
     8
   194
    92
    11
    42
     0
     0
     2
     0
     0
     0
    13
    88
   143
   103
     9
     3
    16
    15
     7
     9
     6
    13
    13
     8
    52
   103
    17
    33
     0
     0
     3
     0
     0
     0
    10
    18
   104
    47
     0
    17
    13
    19
     9
    52
    78
    18
    23
    14
    54
    52
    16
    31
     0
     0
     3
     6
     0
     0
     0
    54
   150
    79
     4
    33
    22
    10
    18
     5
    22
    55
    47
    20
    51
    54
    50
     3
     0
     7
     0
     0
     1
     5
     3
    64
    58
    85
    10
     7
    28
    29
    21
    50
    22
    16
     5
    56
    65
    14
    50
    19
     0
     0
     0
     0
     0
     6
     0
    90
    89
    75
    65
    42
    44
    16
    23
    19
     7
    12
     0
   198
   241
   100
    40
     4
     0
     0
    10
     0
     0
     0
    13
    53
    62
    54
    14
    75
    17
     1
     5
    52
     5
    35
    18
    24
   165
    55
     8
    17
     0
     0
     0
     0
     0
     0
     6
    25
     7
    29
     0
    20
    28
    15
    20
    12
    27
    27
    16
     5
    18
    24
     4
     7
     0
     0
     0
     0
     0
     0
    17
    44
    57
    45
    20
    19
   191
    10
     7
    14
    21
    18
    55
    19
    62
     9
    12
    58
     0
     0
     0
     0
     0
     0
     9
     0
    51
    80
     9
     3
    23
    15
     8
    14
    14
     5
    19
    57
    46
     5
    18
    25
     0
     0
     0
     0
     0
     0
    17
    22
    30
    52
    14
    13
     3
    17
    12
     4
    27
    10
     9
    16
    49
    78
    17
    11
     0
     0
     0
     0
     0
     0
    20
    17
    95
    56
    53
    23
    22
     5
     4
    12
    10
    51
    15
     2
    49
    64
     7
    51
     0
    10
     0
     0
     0
     6
    15
    48
    89
   134
     7
    19
    29
    16
    53
   159
    10
    10
    14
    26
    74
    16
    25
    20
     7
     0
     0
     0
     1
     3
    14
    18
    61
   147
     5
    25
    16
    62
     8
     4
     0
    22
    19
    10
    52
     9
    18
    25
     0
     0
     0
     0
     0
     0
     6
    85
   127
    46
    23
    30
    18
    27
    16
    21
     0
     9
     8
    12
    99
    13
     9
    51
     0
     0
     6
     0
     0
     0
    14
     1
    66
    34
     5
    11
    11
    28
     8
     0
     8
    12
    28
    11
     8
    26
    16
    21
     0
     5
     0
     0
     0
     0
    23
    14
    81
    53
     5
     8
    19
     3
    28
    12
    14
     1
     9
    19
    53
    35
     8
    60
     0
     0
     0
     4
     0
     0
     6
    98
    56
    13
    49
    20
    50
     6
    10
    60
     7
     2
    10
     0
    49
     2
    15
   146
     0
     2
     9
     3
     0
     0
    53
    44
    96
    89
   161
     6
    12
    17
     2
    30
     2
    10
     7
    16
    11
     2
    52
    17
     0
     0
     0
     0
     0
     2
    12
    76
    29
    24
    22
     2
     2
    15
    64
    24
     7
    12
     9
    57
    50
    61
     8
    13
     0
     0
     0
     0
     3
     0
    11
   114
    55
    13
    24
    19
    54
    14
     6
     0
     5
    53
     9
    19
    45
    60
    62
    40
     0
     0
     0
     0
     3
     0
    12
     3
    49
    10
    20
    13
    18
     4
    25
     6
    12
     7
     8
    19
    11
    49
    11
     0
     0
     0
     0
     0
     0
     0
    16
    16
    90
    76
    13
    33
    32
    16
     6
    46
    10
    69
     5
     9
    23
    15
     3
    17
     0
     0
     0
     0
     0
     4
    12
   132
    81
    57
     8
    24
    14
    15
     7
     9
    12
     9
     7
   146
   179
    57
    17
    12
     0
     0
     1
     0
     0
     4
    16
    88
    11
    26
    12
    19
    18
    25
     0
    11
    10
     6
    13
    16
     8
    84
    12
     8
     0
     0
     0
     0
     0
     0
     0
    22
   100
    48
     7
    12
    45
    11
    11
    13
     3
    19
    45
    15
    65
     8
    16
     2
     0
     3
     0
     0
     5
     2
    68
   108
    92
    79
    74
    17
   103
    19
    80
     9
    13
     9
     3
    10
    25
     6
    23
    26
     0
     4
     0
     0
     3
     0
     9
    23
    75
    92
    12
     5
    48
    13
    29
    20
    19
    22
    26
   154
    26
    20
    23
    25
     0
     0
     0
     0
     3
     0
    27
     5
     2
    44
    46
    11
    23
    13
     3
    37
    15
    43
   149
   160
     2
    14
     0
    14
     0
     0
     0
     0
     0
     0
    53
    15
    59
    53
    12
    30
    18
     5
    25
    17
    12
    22
    19
    14
    12
    62
    13
     8
     0
     0
     0
     1
     0
    10
    19
    38
    18
    47
    50
    49
     2
    11
    16
    18
     3
    11
     4
     2
    43
    17
    23
    12
     0
    10
     0
     0
     6
     0
    13
    50
   168
    22
    12
    18
    17
     4
    22
     4
     7
     5
    21
    26
    61
     6
    15
     5
     0
     7
     0
     0
     0
     0
    32
    10
     4
    10
    19
    45
    73
    18
    15
     8
     4
    24
    14
     0
    19
     8
    81
    10
     0
     0
     0
     0
     0
     0
    15
    48
    70
    20
    40
    19
   161
     8
    43
     3
     6
    22
    26
    10
   159
    13
     0
    14
     0
     0
     1
     0
     0
     4
    19
    63
     5
    14
     5
     3
    18
    37
     6
     9
     4
    30
   151
     5
    14
    19
    15
    20
     0
     0
     4
     0
     0
     0
     7
    46
    50
    47
    29
     5
    46
     0
     2
    33
    42
     8
    10
     9
    21
   143
    11
    13
     0
     0
     6
     0
     0
     0
     0
    79
    69
    18
     9
   149
     3
     4
     8
    20
    12
    25
    70
     7
     5
     5
    13
    14
     0
     0
     6
     0
     0
     0
     9
    58
    96
    82
    14
    20
     5
   155
     6
    13
     2
    11
     3
    20
     3
     7
    15
     8
     4
     2
     0
     2
     0
     0
    40
    88
    56
    63
    24
    17
    11
     6
    11
     3
    21
    20
     4
     8
    37
    58
    22
    10
     0
     0
     3
     0
     0
     0
     3
    47
     6
     8
    19
    21
    30
    27
    17
    15
     0
     2
    41
     5
    57
   148
    46
    25
     0
     9
     4
     1
     0
     3
    17
     9
    62
    84
     4
    19
    29
     6
     2
    19
    18
     8
    20
    49
    46
    59
     9
    19
     2
     0
     0
     0
     0
     0
    22
     4
    17
    53
    30
    12
    13
    33
     9
    21
    63
    15
     6
    26
    17
    18
    16
    25
     0
     0
     0
     0
     0
     0
    26
    37
    41
     4
     4
    16
     6
     4
    17
    14
    34
    70
    15
    19
    17
    13
    11
    23
     0
     0
     0
     0
     0
     0
     7
   177
    15
   103
    46
    57
     3
    42
     4
   147
    19
    11
    21
     9
    42
    11
    57
     5
     3
     0
     0
     0
     4
     0
    10
    19
    43
    41
    16
    18
     2
     3
    10
    22
     0
    19
     3
    16
    13
     7
    14
    11
     0
     0
     0
     0
     0
     0
     8
    56
    99
    17
     5
    53
    17
    12
    14
     3
    15
     8
    22
     9
    87
    44
     7
    56
     7
     0
     0
     0
     0
     0
    20
    19
     2
    88
     4
     9
    26
    12
     3
    23
     9
     8
    23
     7
    66
    23
    49
     3
     0
     4
     0
     0
     0
     0
    24
    11
    95
    69
     3
    11
    28
    17
     7
    27
    17
    15
    11
     5
    21
    59
    11
     9
     6
     0
     0
     0
     0
     0
    19
    69
   125
    68
     7
    28
    49
    23
    30
     6
    15
    37
    15
     6
   150
     7
     0
    10
     0
     0
     0
     0
     0
     0
    23
    17
     8
     7
    24
    10
     7
    10
    19
    12
    16
     6
    50
     3
     8
     8
    11
     9
     2
     0
     0
     5
     0
     0
    19
   105
    87
    14
     9
    24
    35
    12
     3
    18
     7
    13
     4
    17
    64
   105
     6
     2
     0
     0
     0
     0
     0
     0
    41
    60
     4
    56
    11
    11
     3
    10
    47
    17
    18
    23
    25
    44
    14
    59
   169
    38
     0
     0
     0
     5
     0
     0
    48
     4
    54
    24
     1
     3
     7
    16
     0
    21
     6
    75
     7
    21
    11
    20
    36
    15
     4
     3
     0
     8
     0
     1
    48
     1
    87
     5
    10
     2
     4
    55
    10
    15
    26
    54
    70
     2
    11
    15
    11
     8
     0
     4
     0
     0
     0
     0
    26
    13
    51
    35
     8
    11
     3
    12
    15
    22
    41
     6
     5
    21
    20
    40
    25
     5
     0
     0
     5
     4
     0
     7
     9
     6
     0
    93
    44
     6
     2
    15
    10
    12
    16
    58
    12
    14
   143
    29
    14
     8
     0
     0
     0
     0
     0
     0
    34
    57
   121
    10
    19
    10
    12
     0
    12
    15
    27
    26
     9
     7
    17
     9
     3
    22
     0
     5
     0
     0
     9
     0
    52
    56
    52
    51
    29
     4
    11
    26
    11
     4
    11
    47
    52
    33
    14
    57
    13
    31
     0
     0
     0
     0
     0
     3
     7
     7
    10
    57
    23
     1
    19
     6
    24
    17
     0
     9
     9
    32
    58
     2
    60
    53
     0
     0
     0
     0
     0
     0
    50
    16
    47
    81
     1
    15
    19
    11
     1
    29
    20
    54
    19
   159
    18
    83
    18
    69
     0
     0
     6
     0
     0
     0
    21
    21
    92
    92
    14
    13
    13
     8
     9
    23
     5
    43
    94
     2
    51
    61
    41
    23
     0
     0
     0
     0
     0
     0
     0
    46
    50
    48
    11
    30
    20
    65
     3
    24
    61
    14
    23
    13
    18
    42
     9
    12
     0
     0
     0
     0
     0
     0
    10
    70
   104
    32
    23
     7
     6
     9
    16
    18
    13
   160
    17
    71
    14
    21
    18
    49
     0
     0
     0
     0
     0
     5
    18
    64
    77
    17
    50
     5
     3
   141
     3
    26
     3
     0
    26
    14
   243
     0
     9
    13
     8
     0
     0
     0
     0
     0
     2
    91
    60
    57
     0
     7
    30
     6
    10
    65
    32
    46
     8
    16
    15
    10
     8
    13
     0
    10
     1
     0
     0
     0
     1
     3
     0
    14
    17
    13
    11
   102
     5
     3
    13
     7
    72
    28
    10
     9
    10
    16
     0
     0
     0
     0
     0
     0
     9
    11
    85
    58
    20
     8
    18
    19
    14
     5
    29
     8
     3
     5
    59
    10
     3
    18
     3
     0
     0
     0
     0
     0
    14
    44
     9
     8
     4
    11
   150
    12
    23
    24
     9
     4
    14
    16
    32
     2
    16
     5
     0
     0
     0
     0
     7
     0
    33
    39
   179
    47
    26
    16
    54
    20
     9
    10
    13
    19
   158
     9
    42
     4
    13
    10
     0
     0
     0
     0
     0
     0
   123
    87
     8
    48
    20
     5
    14
    19
     0
     0
     6
     5
    87
     5
   185
     3
     7
     7
     0
     5
     3
     0
     0
     0
    12
     7
    58
     9
     0
    19
    15
    19
    19
     6
    13
    45
    15
    27
    52
     7
    18
    26
     1
     4
     0
     0
     3
     0
    13
    47
    60
   115
     8
     1
     8
     1
    13
     1
    10
    22
     8
    24
    53
    14
    14
    41
     0
     7
     2
     0
     0
     0
     9
    21
    14
    99
     0
   156
     5
     0
     9
    18
    13
    10
    12
     7
   199
     0
    15
    42
     0
     0
     6
     0
     0
     0
     6
    47
    70
    55
     9
    13
    14
    13
     2
    50
    18
     7
     6
     8
    50
     4
    18
    30
     5
     2
     1
     8
     0
     0
    22
    45
     8
    83
    14
    19
     8
    13
    17
    30
    16
    42
    13
    13
   152
    47
    13
    55
     0
     0
     6
     0
     0
     0
    12
     0
    92
    48
     3
    11
     4
     8
    11
    11
    17
    12
    16
    18
    16
    48
    15
     5
     0
     0
     0
     4
     0
     0
    67
    12
    92
    12
     6
     3
    13
    19
    18
    11
     8
    85
    54
    56
    56
    49
    41
    19
     0
     0
     0
     0
     0
     0
    23
    63
    83
    66
    19
    31
     8
    12
    15
    37
    20
     7
    25
    34
     3
     8
     6
    31
     0
     3
     0
     0
     0
     0
     1
    40
    87
    60
     4
     5
    29
    18
     6
    12
     0
     9
    12
     8
    39
    18
    13
     4
     0
     0
     0
     0
     0
     0
    22
    15
     5
     6
    21
     9
    62
    15
     0
    55
    20
     7
     6
    62
    87
    12
    25
     5
     0
     0
     0
     0
     7
     0
    47
    19
    42
   100
    33
    16
    10
     5
     6
    17
     8
    15
     6
    17
    23
     9
     3
    14
     0
     0
     0
     0
     0
     0
    21
    60
    52
    12
     9
   200
    13
     4
    16
     9
    48
     9
    34
    13
   188
    14
    43
     4
     8
     4
     0
     0
     0
     0
    34
    84
   210
   107
    12
    19
    42
    22
    36
     7
    26
    30
    28
   154
    14
     6
    25
     6
     0
     0
     0
     0
     0
     0
     9
    44
    16
   131
     4
    20
     2
     9
    19
     3
    43
   149
    41
    15
    64
    51
    24
     9
     0
     0
     0
     6
     0
     0
    11
    11
   135
    15
     3
    94
    22
    28
    14
    18
    60
     1
    11
    11
     2
     8
     0
    10
     0
     0
     0
     0
     0
     0
    25
    39
    68
   105
    34
    21
     9
     8
     9
     6
     8
    13
    11
    16
    17
    22
    23
     3
     0
     7
     0
     0
     0
     0
    53
    45
   115
    47
     2
     7
     9
     8
    10
    23
    11
    12
    16
    56
     0
    21
     3
    27
     0
     0
     0
     0
     0
     0
     8
    21
    83
     5
    11
    10
    22
    30
     3
    45
     6
    16
    17
    40
     8
    47
     0
    20
     0
     0
     0
     4
     0
     0
    17
    22
    89
   132
    17
    25
     6
    21
     1
     8
    17
     7
    15
    24
    10
    39
     3
     2
     0
     0
     0
     0
     1
     0
    66
   103
    99
    42
    15
    10
    38
    16
    15
    13
    50
    26
     5
    60
     0
    91
    17
     3
     0
     0
     0
     0
     1
     0
    54
    48
    92
    98
    19
     1
    17
    23
     4
    11
     6
     2
    22
    14
    17
    19
    14
    12
     0
     0
     0
     0
     4
     0
     2
    39
     9
    22
    18
    17
     5
     5
     3
     8
    11
    52
    16
    21
    15
    15
    13
     6
     4
     0
     0
     0
     0
     0
    12
    92
    12
    51
    14
    18
     6
     7
    17
    18
    21
   147
     5
    10
   195
    14
     9
    44
     0
     6
     5
     0
     0
     0
    50
     6
    52
     2
     6
     7
    15
    52
    23
    44
     9
    23
    19
    22
     2
    42
    22
     8
     0
     1
     0
     0
     0
     0
     5
     0
   106
     2
     9
    65
     7
    10
    23
    11
    52
   144
    11
   155
    12
    16
    12
     1
     0
     3
     0
     0
     0
     0
    66
    97
    69
     9
     8
    11
    55
     0
     5
    73
    25
    51
    10
     1
   255
    66
     8
    21
     0
     0
     0
     6
     0
     0
    38
    44
    66
    40
    55
    23
    35
     8
     7
    60
     5
    86
     8
    16
    55
   109
    16
    20
     0
     0
     0
     0
     2
     0
    18
    89
     6
    47
     7
    10
    41
    16
    62
   157
    14
    44
    31
    23
     0
    47
    12
     7
    15
     1
     0
     0
     0
     0
     9
    23
   230
    12
    20
    64
     3
     0
    53
    15
    27
    13
     1
    25
    37
     1
    14
     8
     0
     0
     0
     0
    10
     0
    58
     5
    97
    16
    54
    23
    17
    18
     4
    10
    30
    39
     5
    19
    12
    11
    21
    21
     0
     0
     0
     0
     7
     0
     0
    67
    99
    46
   197
     5
     8
    27
    11
    12
     2
    16
    18
     0
    14
    12
     2
    13
    11
     0
     0
     1
     0
     0
    26
   100
    54
    17
    32
     0
     1
    22
     8
    14
    44
    16
     7
    17
   185
    29
     8
    18
     0
     0
     0
     0
     0
     0
    17
     7
    45
    99
     0
    22
    20
    19
    14
    10
    41
     6
    16
    10
    14
     3
    23
    12
     0
     0
     0
     0
     0
     2
    12
    61
   144
    89
    16
    51
    11
    25
     8
    12
    28
    15
    12
    22
     1
    18
    18
    19
     0
     0
     0
     0
     0
     2
    12
    66
    51
   106
    13
    15
    28
    11
    20
    17
   192
    29
     6
    23
    53
     5
    12
    50
     0
     2
     6
     6
     0
    13
    18
     6
    56
    43
     2
     6
    11
     0
     9
    28
    12
     7
    19
    28
   103
   105
     8
    17
     0
     4
     0
     9
     0
     0
     0
    15
   108
    12
     2
    11
     9
    56
    13
    15
     9
     3
     3
   139
    32
    18
    20
    11
     0
     0
     0
     0
     0
     0
     4
    30
    80
    49
    27
    15
    16
     4
    12
    11
    12
    45
    30
     3
     5
     3
   146
    39
     0
     0
     8
     0
     0
     0
    13
    99
   120
    16
    17
    10
     7
    24
    10
     0
    22
     9
    12
     9
     4
    56
    12
     1
     0
     0
     0
     0
     0
     5
     3
     6
    73
    16
    11
     6
    12
    13
     7
    16
    11
    10
     9
    48
    30
    54
    13
    11
    11
     1
     0
     0
     0
     2
    10
   108
    56
    56
    16
    11
     1
    31
    16
    57
     7
     7
    13
    23
     1
    18
    17
    48
     2
     0
     2
     0
     4
     0
    14
   145
   108
    51
    19
    24
     7
    51
    14
    53
     6
     9
    18
    16
    49
    11
    10
    16
     0
     0
     0
     0
     2
     0
    52
    19
    64
     9
    26
    11
    11
    54
     5
     0
    12
    11
    21
    58
    12
    50
    34
    19
     0
     0
     0
     0
     0
     5
    10
    10
    61
     9
    11
     5
    17
    26
    11
     0
     7
    14
     4
    60
    11
     1
    81
     4
     0
     0
     0
     0
     0
     0
    26
    74
    55
     4
     5
    11
     1
    12
     6
     6
    16
     9
    16
    54
     7
     6
    17
    22
     0
     0
     0
     0
     3
     8
    11
    18
    23
    47
     6
     1
    11
    13
    20
    24
    16
     2
    24
     6
    14
    56
    46
    16
     0
     0
     0
     0
     4
     0
    61
    56
    56
    51
    24
    19
    29
    15
    12
    14
   189
    52
    15
     4
     9
     5
    13
     0
     0
     0
     0
     0
     0
     0
     5
    50
    58
    51
    15
     9
    16
    33
    23
    18
     8
    50
    14
    16
    53
   146
     9
    27
     0
     0
     0
     0
     3
     0
    14
    43
    59
   193
     9
    12
    44
    79
    15
    19
    17
    24
    52
    31
    13
     1
     6
     8
     0
     0
     0
     4
     0
     0
    60
    18
    90
    52
    14
    10
     0
     2
    13
    60
    31
    22
    27
    17
    20
    15
    13
    11
     0
     0
     0
     0
     0
     0
    20
   106
    54
    21
     7
     5
     0
     0
    14
    15
    63
    20
    23
    21
     6
    40
    17
    68
     0
     0
     0
     0
     0
     0
     4
    10
    83
    56
     8
    13
     5
    25
    14
     4
    12
    18
     7
    32
    49
    44
    11
     3
     0
     4
     6
     0
     0
     0
     2
    90
    54
    17
     5
    10
    10
    12
    11
     4
    26
    13
     3
    12
    50
    22
    13
     3
     0
     0
    10
     0
     0
     0
    22
     8
    50
    51
    22
    53
    11
    61
    15
    23
     8
    12
    15
   160
    56
    53
    14
     9
     0
     0
     5
     0
     1
     0
    27
    23
    55
    55
     1
    11
    18
    13
    52
     8
    19
    17
    36
    42
    16
     5
    16
    20
     0
     0
     0
     2
     0
     0
    23
   133
    80
     9
    13
     6
    12
    27
    30
     2
    12
    52
     9
     9
    24
    53
     7
    16
     0
     0
     0
     0
     0
     0
     3
     5
   137
    56
     8
    15
    11
    23
    20
    27
     1
     9
    10
    14
   160
    44
     5
     2
     0
     0
     0
     0
     0
     0
     8
    88
    84
    14
    14
     1
    12
   146
    25
     9
     0
    20
     3
     6
    10
     9
    27
     2
     0
     5
     0
     0
     0
     0
    21
    42
    43
    13
     5
    11
    20
     6
   145
     8
    73
    11
    41
    17
   139
    47
     4
    12
     0
     3
     2
     0
     0
     3
    29
    48
    94
     7
    11
     3
    15
    22
    12
     0
    54
     9
    17
    11
    29
    58
    60
     6
     0
     2
     0
     0
     3
     0
    12
    86
   101
    12
    24
     2
     1
    12
    16
    15
    77
    12
    16
     5
    47
    19
     0
     3
     0
     0
     0
     9
     0
     0
     8
     8
    22
    85
     7
    29
    31
    13
    25
     5
     9
     9
    10
    23
    25
    23
   237
     6
     0
     0
     0
     0
     8
     1
    28
   211
     5
   121
    15
    17
    54
    10
    12
    23
     3
     7
   105
    67
     5
    25
     8
    26
     0
     0
     0
     9
     0
     0
    15
    34
   116
    55
     9
    21
   147
    27
    30
     9
    21
    19
     9
     8
    84
    57
    23
    30
     0
     4
     2
     1
     0
     0
    23
    93
    15
    12
     1
    14
    18
    22
     4
     0
    13
    14
     2
    44
    16
     8
    12
    14
     4
     0
     2
    10
     0
     0
    18
    56
    49
    44
    26
     7
    14
    56
     6
    23
    10
     4
    53
    23
     9
     0
    10
     5
     8
     0
     0
     0
     0
     0
    17
    45
    58
    56
    20
    14
     4
    21
     2
    13
    29
     8
     4
    20
    17
    10
    26
    51
     0
     0
     0
     0
     0
     3
    28
     0
   110
    92
    26
    15
    21
     5
    23
    14
     5
    20
    10
     7
    58
    94
    22
     1
     0
     0
     0
     4
     4
     3
    16
    25
    64
    53
    17
     0
    27
    10
   151
     1
    16
    23
    11
    13
    14
    13
    10
     7
     0
     0
     6
     0
     0
     2
    30
    26
    59
    52
    25
     5
     0
     9
    12
    46
    33
    21
    25
    31
    53
    19
    20
    19
     0
     0
     0
     6
     0
     0
    12
    33
     7
    51
    16
    13
     6
    19
    13
    11
    21
     9
    10
    18
     8
    56
    54
     6
     8
     1
     0
     0
     0
     0
    14
    61
    63
   102
     4
     6
    25
    12
    13
    51
    25
     9
    34
    19
    22
     7
    10
    50
     0
     0
     0
     0
     0
     0
    17
    56
    19
    16
    12
    17
    28
    20
    54
    15
    17
    59
    21
    22
    30
     9
    71
    20
     0
     0
     1
     0
     0
     0
    10
    56
    93
    19
    17
    31
    13
    10
    62
    15
     5
    20
    16
    48
    96
    53
     7
    10
     5
     0
     1
     0
     0
     1
    19
    43
    54
     8
     7
     0
     5
    25
    14
    17
    58
     2
     8
     6
   181
   197
     2
   158
     2
     0
     0
     0
     0
     0
     9
     9
    67
   145
    18
    21
    19
    58
    65
    23
    58
    66
    25
    14
    11
    89
     9
     1
     0
     0
     0
     6
     0
     5
    29
    12
     6
     5
    28
     4
    16
     9
    58
    11
    19
    14
    13
    20
   140
     9
    18
    17
     8
     0
     3
     0
     6
     0
    22
    50
    96
    54
    42
    11
     0
    14
    54
    13
    13
    11
     6
     7
    42
     0
    14
     8
     0
     0
     0
     0
     0
     0
     5
    31
    19
    10
     0
    15
    11
    21
    15
    19
    20
     7
    13
    65
    13
    36
    22
    15
     0
     0
     0
     0
     0
     0
     3
     0
    23
    18
    17
     9
    10
    13
     8
    17
    16
     7
    17
    65
    11
    10
    20
    19
     0
     0
     0
     0
     0
     0
     8
    51
     8
    50
    49
    15
    25
     6
    22
    79
    58
     5
    12
    50
   154
    94
    12
    26
    22
     0
     0
     1
     0
     0
    10
    24
    67
    93
    16
    13
    40
    16
    16
    27
     9
    23
    13
     0
    46
    37
    55
     8
    14
     0
     1
     0
     0
     0
     0
    14
    51
    14
     4
    23
    19
     6
    23
    22
     4
    19
     3
    24
     6
    61
   223
    30
     5
     0
     0
     0
     2
     0
     0
    14
    91
   146
    20
     4
     3
    23
    51
    19
    49
     3
    14
    23
    40
     6
    14
    54
     6
     0
     7
     8
     0
     1
     0
    22
     9
    83
    51
    12
     8
    18
     3
    17
    18
    16
     1
    15
    16
    10
    17
    28
    47
     0
     0
     0
     0
     0
     0
    14
     2
    92
    49
    14
    20
    14
    14
    52
    53
    26
    12
    20
   150
   127
    16
    15
    22
     8
     0
     0
     0
     2
     0
    14
    16
    48
    11
     5
    29
     4
     1
    15
     1
     9
    15
    22
    18
    56
    17
    12
    28
     0
     5
     0
     3
     2
     0
     5
    58
    94
   101
    15
    12
    12
    14
    42
    22
    19
     4
    23
    15
    19
    13
    27
    14
     0
     0
     0
     8
     0
     0
    13
   108
    85
    58
    10
    14
     7
    20
    41
     7
    47
    27
    22
     6
    11
     1
    19
    17
     6
     0
     0
     3
     0
     0
    41
    25
   104
    59
    19
    36
    58
     2
     0
    29
    60
    13
    11
    20
    41
     9
    67
     4
     2
     0
     0
     0
     0
     0
    26
   106
   136
   102
    10
    34
    19
    28
    49
    51
    12
    20
    17
     5
     8
     4
    23
    11
     0
     0
     0
     0
     5
     0
    22
   100
    38
     0
     5
     3
     4
     8
    55
     8
     7
    17
     5
   144
   147
    11
     3
    50
     0
     0
     0
     0
     0
     7
    11
   127
   150
     9
    29
    12
     1
     8
     9
    33
    22
     3
    18
     2
     7
     5
     1
    12
     0
     0
     0
     3
     2
     1
    19
    18
    13
    93
    19
    23
   178
    24
    50
    11
    23
    33
     9
    60
    18
    17
    67
    19
     0
     0
     6
     0
     0
     0
    21
    80
   162
    49
    48
    23
    18
    10
   150
    50
     4
    21
    20
    22
     8
    30
    10
    84
     0
     2
     0
     0
     0
     0
    12
    50
    62
   106
    14
     4
    21
    18
    14
     9
    11
    11
    19
    15
    56
     9
    25
    41
     3
     0
     3
     0
     7
     0
    54
    72
    48
    62
    51
     0
    32
    28
    20
   200
     0
    11
   146
    46
    19
    43
     9
    21
     3
     0
     0
     0
     0
     0
    21
    49
    24
    26
    27
    17
    17
    11
    20
    10
    34
    15
    13
    20
    89
     9
    13
     4
     0
     0
     7
     0
     0
     0
     0
    15
   108
    90
    17
    18
    19
    12
    12
    17
     8
     6
     0
   101
    10
    35
   170
     6
     0
     7
     0
     0
     0
     1
    63
    13
    57
    44
     6
    50
    26
    26
     9
    25
    91
    37
   175
     5
     8
     9
    18
    22
     0
     2
     0
     0
     0
     0
     2
    25
   132
    12
    44
    42
     6
    12
    17
     7
     8
    16
    96
    10
   137
    21
    21
     5
     0
     0
     7
     0
     6
     0
    13
    10
    16
    47
     9
     1
    59
    11
    25
    55
    29
    35
    10
    20
    13
    37
    15
    13
     0
     0
     0
     0
     0
     0
    45
    25
     6
    57
     9
    41
     9
    36
    19
     4
    13
    11
    32
    48
     5
     6
     9
    16
     6
     2
     0
     0
     0
     0
    23
   108
    73
    19
    19
    29
     6
    13
     5
    52
     5
     8
    13
    23
     4
    23
    11
     5
     0
     9
     0
     2
     0
     2
    10
    16
    83
    61
     8
    43
    15
    11
    13
    13
    31
    67
     8
    17
    95
    60
    21
     9
     0
     0
     0
     0
     0
     6
     3
    30
   158
    54
    29
    14
    11
     9
     0
    11
    45
    55
    34
     8
     9
    12
    27
     8
     2
     0
     0
     0
     0
     0
    15
     7
   145
    49
     7
    11
     0
     0
     3
    25
    16
     0
    17
    22
     8
    11
     9
    27
     0
     0
     6
     0
     0
     0
     0
    47
    62
    42
    23
    21
    28
     3
    20
    30
     7
    34
    19
     9
    67
    54
    11
    23
     0
     0
     0
     4
     6
     0
    49
    24
    12
    15
    28
    12
     6
    10
     4
    15
    33
    20
    16
    16
    59
    70
    18
    51
     0
     0
     0
     0
     0
     0
    11
   102
    48
    51
    15
    27
    26
    17
    20
     5
    41
    11
     7
     9
    89
    12
    13
     2
     0
     0
     0
     0
     0
     0
    21
    15
   130
    37
    17
    19
    13
    37
    27
    27
    25
    14
     6
    30
    20
     9
    24
    21
     0
     0
     0
     0
     2
     0
    13
    30
   124
    14
    45
    32
    76
    27
    16
    56
   158
    15
    16
    20
   168
     8
    55
    36
     0
     0
     0
     5
     0
     0
     0
    10
    80
    23
     0
     6
    11
    16
    16
    34
    19
    23
     9
    51
   155
    36
     4
     3
     0
     0
     3
     0
     9
     3
    20
    45
    64
    18
     9
    31
    26
    10
    19
    17
     6
     0
     7
    12
    90
    46
    15
     2
     0
     1
     0
     0
     0
     0
    19
    51
    97
     8
    96
     2
     2
     4
    24
     7
    14
    41
    21
     6
   184
    41
    14
     6
     2
     0
     0
     0
     5
     0
    22
    60
    90
    54
    26
     8
    17
    20
    13
    11
    16
    10
    11
    18
    51
    52
     4
     9
     0
     0
     3
     0
     1
     0
    14
    44
   102
    10
     8
    10
    14
    14
    18
    12
   151
    20
    15
    44
    46
    24
     8
     5
     0
     0
    15
     0
     0
     0
    29
    54
   104
    50
    12
     2
    21
    12
     6
   167
     0
     0
    30
    24
    26
     3
    11
    15
     2
     0
     0
     0
     0
     2
    22
    70
   105
    52
    18
    44
    28
    18
    18
    27
    21
    13
    28
    14
    10
    18
    21
    24
     0
     0
     0
     0
     4
     0
     7
    55
    95
   143
    22
    59
    33
    68
     1
     9
   148
    21
    10
     8
   147
    54
    30
    28
     0
     2
     0
     0
     0
     0
    55
    22
    49
   143
    11
    11
    13
    18
    13
    19
    18
    13
    14
    43
    10
   105
     1
    11
     7
     0
     0
     0
     4
     0
    17
   125
    97
    10
    30
    17
    18
     5
     4
    32
    20
    83
    15
    22
     8
    17
    22
    54
     0
     0
     0
     7
     0
     0
     2
    18
   112
    25
    18
    15
    11
    16
    11
    86
    22
    12
     2
     2
    94
    11
     9
     4
     0
     0
     0
     4
     2
     0
    31
    52
   100
     7
    19
    10
    44
    15
     4
     4
    22
    30
    12
   156
    53
    23
    14
     5
     4
     0
     0
     0
     0
     6
     3
    51
    47
    25
    19
    19
     9
    28
    25
    13
    43
    23
    17
    15
    10
    12
     7
    33
     0
     3
     0
     6
     0
     0
     7
    18
    21
    24
     9
    24
     9
    24
     1
    26
    16
    10
    30
    19
    57
    37
    11
    19
     0
     0
     0
     9
     3
     0
    14
     8
   127
    62
     9
    18
    13
    15
     4
    33
     7
    23
    35
    17
    39
    27
    43
    13
     0
     0
     0
     0
     1
     1
    13
   100
    96
    48
    18
    15
    21
     7
    21
    18
    36
     2
    41
     6
    48
    47
    19
    10
     0
     0
     0
     0
     0
     6
    69
    84
   192
   123
     1
    13
    14
    24
    39
     5
    55
    52
    41
    19
     8
    10
    13
    10
     4
     0
     0
     2
     0
     0
    50
   102
    80
    22
     0
     5
    29
    37
    46
     8
     9
    16
    10
    69
    63
    14
    22
     1
     0
     0
     0
     0
     0
     0
     7
    47
   140
     1
    35
    19
    14
    11
    16
    19
    48
    16
     1
    50
    10
    19
     2
    18
     0
     0
     0
     0
     0
     4
    91
    53
    84
    62
    33
     0
    25
    54
   148
     2
    20
    17
    30
    19
     5
    14
     6
    35
     0
     1
     0
     0
     0
     0
    29
     6
    36
    28
    11
     9
     0
    19
    12
    30
    25
    39
    12
    25
    58
    24
    34
    18
    11
     0
     8
     0
     0
     5
     0
     9
    11
    14
     6
    28
    22
    10
     1
    23
    26
    16
    13
    41
   148
     7
    15
    24
     0
     1
     0
     0
     5
     0
    21
   102
    10
    45
    26
    21
    50
    22
     7
   156
    15
    14
    23
     6
    21
    97
     1
    23
     0
     3
     0
     0
     5
     0
    25
    94
    56
    56
    25
    11
    13
    29
     5
    58
     4
    13
     3
    11
   181
     7
    30
    16
     0
     0
     0
     0
     0
     0
    66
    28
    16
    49
    14
    21
     8
    10
    25
     4
     5
    34
    31
    11
    87
    28
    19
     9
     0
     0
     0
     0
     0
     0
    25
    20
    59
    12
    29
    28
    14
     7
    39
    14
     2
    33
     3
    18
    31
    54
    14
    31
     0
     0
     0
     0
     0
     0
    11
    94
    17
   103
    27
    21
     4
    55
     9
    25
    20
    25
    13
    69
    21
    22
    13
    27
     0
     5
     0
     0
     0
     0
    63
    19
    96
    66
    12
    43
    20
     9
     8
    12
    30
    11
     7
     6
     4
    62
     6
    17
     0
     0
     0
     0
     0
     0
    50
   122
    90
   128
    19
    19
    41
    27
    28
    21
     4
    13
     4
     5
    10
    57
    52
     0
     0
