   180
     0
     0
     0
     8
    99
   197
   320
   235
    59
   107
   108
    98
    60
    90
    54
   147
    87
   126
    93
   244
    45
   102
     4
     6
    10
     0
     3
     4
   193
   342
   312
   124
   112
    72
    57
   103
   116
    75
   103
    69
    62
    99
   199
   140
    60
    28
     2
     4
     3
     0
     3
     2
    93
   158
   422
   302
    46
   145
    89
   125
    26
    65
    67
   117
    68
    62
   246
   242
    80
    81
     8
     0
    10
    13
     3
    12
    73
   149
   314
   125
   146
   100
   205
    64
    56
    58
    63
    45
    84
   253
    90
    61
   108
   131
    13
     4
     1
     0
     4
     0
    36
   231
   164
   329
    77
   122
    57
   102
    54
    72
   230
    70
    79
    55
   208
   190
   105
    76
     0
    11
     2
     0
     2
     0
   120
   270
   410
   269
    92
   101
   110
    56
    83
    97
    45
    76
   118
   117
   241
   202
   110
   120
    16
     7
     5
     5
     0
    12
    83
   345
   397
   271
   106
   133
    66
   175
   121
   128
    85
    80
   232
   215
   203
   102
   165
   115
     0
     6
    12
     2
     9
     5
    40
   119
   552
   194
   122
    87
    68
   132
   108
   192
   110
   125
   153
   111
   150
   132
   142
   108
     2
     0
     6
     5
     7
     8
   112
   156
   207
   159
    83
    92
    64
    58
   214
    38
    70
    64
    71
    57
   122
   279
   131
   101
     0
     3
     0
    10
     0
     0
   148
   193
   220
   278
    73
    93
    53
    83
   110
   131
    68
   198
    79
   167
    99
   108
    63
   103
     0
     0
     7
    10
     5
     9
    94
   163
   308
    62
   104
    46
    78
   185
   117
    51
    63
    87
   203
   268
   324
   141
    55
    75
    16
     1
     2
     3
     0
    12
   115
    96
   465
   188
   135
    74
   134
   101
    78
    54
   109
    80
    74
   248
   156
   116
   239
   184
     6
     8
     9
     0
    12
     8
   135
   180
   520
   177
   110
    94
    99
   101
   112
   111
    86
    80
    68
   110
   127
   394
   108
   138
     0
     8
    10
     4
     0
     2
    70
   397
   486
   208
   117
    67
    87
   137
   128
   115
    74
   121
   100
   217
   180
   169
    81
   119
     1
     8
    15
     0
    10
     0
    43
   193
   180
   174
    98
   141
   116
    92
    86
    98
   115
   118
    53
   178
   304
   144
   181
    45
     0
     5
     8
     0
     3
    16
   150
   257
   441
   128
    87
    87
    99
    83
   102
   220
   106
    82
    99
    92
   240
   108
    58
    31
     4
     0
     6
     0
     0
     0
   114
   254
   243
   187
   156
    84
    83
   111
    46
    33
   189
    90
    51
   100
   291
   177
   153
    89
     0
    13
     0
     0
     6
     6
   156
   329
   404
   290
    51
   107
    71
    90
    39
    84
   271
    72
    64
   120
   135
   122
    95
    82
     0
     8
     0
    14
     4
     9
    80
   341
   253
    43
   123
    57
   101
   105
   203
   137
   170
    82
   148
   100
   229
   152
    46
    46
    12
     0
     5
     0
    11
    12
   150
   233
   313
   362
   209
    76
   150
    91
    65
   350
    91
   188
   145
   156
    51
   266
   132
    61
     3
     2
     0
     0
     5
     5
   130
   238
   309
   226
    92
    88
    92
    70
   128
    60
    84
    59
   141
   121
   235
   384
    67
   112
     0
     0
     0
     0
     0
     0
    87
   153
   278
   177
   129
    33
   224
    52
    36
    55
    74
    86
   203
    71
   165
   136
    64
   113
     0
     0
     0
     0
     0
     7
    77
   260
   308
   242
   121
    57
    56
    72
   221
   100
   225
   114
    81
   183
   386
   108
   113
    88
     1
     0
    11
    10
     8
     0
   126
   247
   260
   271
   219
    60
    67
   160
   193
   215
    44
    77
    48
    61
    43
   234
    93
    61
     8
     7
     6
     8
     0
     0
    94
   315
   345
   184
    48
    72
    44
    64
    38
   117
    68
    95
   160
   368
   141
    91
   239
    49
     1
     0
     0
     5
    12
     5
   166
   128
   405
   237
   191
    78
   215
    71
   225
    78
    71
    64
    93
    86
   189
   137
   212
    92
     3
    16
     4
     0
     3
     1
   128
   461
   269
   466
   136
   122
   129
   207
    92
   100
   142
    97
   246
   205
   199
   121
   138
   131
    13
    15
     5
    11
     5
    16
   131
   245
   292
   296
    83
   120
    83
   276
    81
   131
   116
    91
    72
   130
   142
   231
   131
   106
     1
     6
    10
     0
     0
     8
    65
   248
   310
   303
    87
    74
   123
    38
   127
    82
   195
    44
    82
    97
    79
   132
    24
    81
     3
     7
     0
     1
    10
    12
    88
    71
   321
   199
    59
    52
    73
    66
   107
    57
   136
    96
    20
   244
   363
   177
    95
    47
     7
     1
     7
     7
     1
     9
   160
   217
   341
   226
   208
    94
   132
    42
    84
    92
    88
    98
    63
    79
   141
    60
   128
    53
     0
     1
     1
     0
     4
     0
    98
   206
   305
   360
   109
    71
    53
    67
    62
   101
    46
   114
    52
    60
   164
   322
   107
   127
     8
     4
    16
     0
     0
     8
   130
   121
   382
   154
    36
    91
    84
    69
   117
    71
   131
   146
    81
   432
   164
   292
   186
   110
     9
    10
     0
     7
     0
     0
   102
    85
   334
   328
    71
    81
    37
   117
   190
    71
    88
    67
    54
   113
   418
   280
    92
   133
     8
     2
     8
    20
     7
    11
   168
   185
   406
   262
   132
    49
   166
   172
   125
   190
   120
   113
   152
   151
   137
   358
   103
   136
     2
     0
     2
     3
     9
     0
   103
   182
   361
   180
    61
    34
    83
    88
    41
    64
    60
    74
   113
   133
   396
   138
   115
    78
     6
     4
     0
     0
     2
     0
    76
   121
   436
   240
    69
    69
    95
    93
   111
    68
    65
    42
   119
   246
   203
   196
    74
    78
     0
     6
     5
     8
     0
     6
   160
   321
   108
   118
   113
    31
   101
    51
    77
   190
   106
    64
    80
   116
   264
   253
    33
   139
    15
    13
     1
     4
     3
     3
   126
   210
   514
   242
    31
   116
   221
   276
    70
   203
    33
    68
    76
   121
   111
   278
    78
    56
     1
     2
     0
     8
     0
     6
   106
   222
   281
   241
   118
    88
    83
    41
    72
   249
    96
    74
    56
    60
   123
   120
    63
    96
     5
     0
     5
     0
    25
     1
   177
   329
   513
   177
    92
   168
   114
   138
    92
    84
    93
    81
   159
    95
   238
   146
    90
   106
     5
    11
     3
     0
     9
    14
    90
   259
   249
   315
    93
   118
   126
   139
    56
   140
   256
    60
    59
    89
   212
   129
    69
   109
     0
     0
    17
     0
    14
    12
   159
   180
   276
   106
   158
    76
    81
   100
    92
    47
    64
    97
    76
    71
   130
    16
    75
    92
    16
     1
     3
     7
     1
    12
   160
   189
   332
   261
    78
    61
    24
    68
   191
    92
    58
    67
    90
    91
   239
   124
   146
   120
     0
     9
     5
     0
     2
     0
    66
   236
   186
   157
   111
   183
    61
    80
   232
    96
    80
    93
    53
   322
   109
   327
   161
    92
     0
     0
     0
     1
     7
     4
    71
   246
   199
   164
   130
   111
    77
    80
    91
    78
   144
    69
   152
    86
    75
   208
   117
    80
    11
     6
     0
    14
     3
     0
    82
   179
   252
   320
    75
    78
   123
    54
   142
    86
   146
    85
   198
   137
   188
   339
    82
    70
     0
     3
    11
     1
     1
     4
    97
   283
   323
   211
   111
   192
   118
    84
   384
    79
    93
   230
   141
   142
   195
    91
   134
   182
     0
    23
     0
     1
     8
     0
   166
   263
   412
   158
    99
   128
   126
    90
    82
    99
   200
   215
   171
    69
   226
   174
    66
   108
     0
    12
     4
     0
     5
    11
    62
   245
   465
   361
    55
   102
   132
    45
   110
    79
    63
    77
    84
   100
   111
   141
    32
    97
     3
     3
     6
    10
     2
     8
    82
   258
   167
   174
    65
   122
   108
    73
    67
    90
    84
   134
    68
    76
   156
   143
    38
    62
     7
     7
     4
    12
     7
     4
   114
   385
   365
   284
   121
    85
    75
    41
    61
    64
    68
   103
    40
    83
   264
   210
    36
   105
     4
     0
     5
    18
     0
     1
   129
   307
   231
   235
   103
    49
   168
   199
    78
    48
   240
    66
    98
    77
   395
   179
    65
    76
     5
     0
    10
     0
     0
     0
   144
   281
   432
   147
    80
    66
    53
   136
    51
   288
   116
    72
    60
   188
   137
   141
    65
    84
     2
    22
     6
    14
    11
    11
   138
   127
   339
   413
    75
   137
   143
   125
   108
   102
    52
    86
   127
    78
   130
   129
    48
    56
     5
     0
     0
     0
     0
     1
   111
   309
   490
   227
    83
    71
    84
   101
    59
   164
    87
   121
   208
   115
   167
   262
    71
   131
     2
     8
     2
     4
    22
     0
    78
   165
   243
   260
    93
   265
    60
    81
    68
    82
    76
    28
    91
    46
   159
   261
    43
   198
     2
     0
     4
     0
     7
     2
   113
   241
   312
   345
    80
    71
   120
    75
   109
   103
    73
   113
    60
   135
   197
    79
   107
    95
     2
     8
     6
     7
     1
     0
    91
   265
   244
   175
    77
    85
   139
    58
    57
    68
   107
    83
    78
    99
   212
   106
    79
    65
     5
     8
     2
     1
     0
     6
   130
   198
   257
   135
    70
    99
    85
    71
    74
    47
    93
    57
   217
   144
   194
   159
   114
    92
     4
     0
     5
     4
     1
     0
   128
   283
   376
   196
   103
    74
    67
    70
   147
    71
    59
   162
    92
   135
   227
   233
    54
    86
     6
     0
    10
     8
     5
     6
   108
   276
   201
   281
   110
   129
   171
   246
    74
    47
    41
    93
    52
    67
   288
   143
   129
   101
     1
     0
    14
     4
     0
     5
    96
   248
   329
   242
   125
   137
    67
    57
   246
   105
   118
    73
    86
   212
   153
   482
   210
   117
     5
     1
     5
     0
     7
     7
   122
   128
   287
   190
    72
    73
    44
    50
   347
   217
   102
   113
    65
    53
   155
   108
    70
   151
     6
     0
     5
     5
     0
     3
   104
   146
   292
    95
   101
    92
    90
    95
    34
   185
    99
   126
   135
   143
   181
   302
    83
    42
     0
    12
     9
     0
     3
     0
   136
   225
   410
   184
    41
    55
    85
    69
    32
   274
   100
    78
   101
    42
   189
   148
   125
    64
     0
     0
     3
     1
     1
     0
   179
   169
   274
   237
    75
    75
   134
   107
    43
    96
   126
   110
   190
    51
   124
    84
    74
   112
     1
    12
     0
     4
     4
     5
   185
   344
   459
   218
    50
    59
    93
    79
    55
    41
   211
    89
    84
    91
   212
   131
   103
   187
    16
     0
     5
    10
     2
     4
   161
   252
   630
   281
   106
   116
   114
   100
   179
   178
   117
    30
    96
   134
   318
   138
   114
    80
     1
    10
    11
     0
     0
    10
    66
   190
   407
   255
   110
    76
    92
   183
    29
    77
   204
   277
   185
   222
   125
   206
   101
   146
     8
     0
     7
     0
     0
     0
   125
   224
   568
   122
    91
    88
    46
   124
   101
    85
    46
    52
    84
   253
   159
    37
    72
   107
     1
     5
     0
     7
     0
     2
    48
   489
   202
   118
    86
   103
    94
    57
   100
    96
    84
    96
    58
   109
    96
   113
    43
    77
     8
     0
     8
    13
     0
     9
    44
   253
   250
   162
   127
   126
   121
    76
   104
    41
    94
   155
    82
    76
   253
   149
   101
    50
     2
     0
     7
     9
     3
    21
   172
   163
   274
   336
    82
   139
   113
    96
    80
   103
   205
    56
    84
   129
   228
    81
    49
    81
    12
     6
    12
     2
     1
    11
   207
   180
   218
    95
    40
    60
    64
    69
    77
    34
    52
   157
    81
   249
    95
   127
    84
    52
    12
     0
     0
     5
     5
     0
    85
   272
   604
   226
    96
    92
   124
    87
    78
   245
   120
    49
    79
   266
   129
   193
   104
   116
     0
     1
     2
    13
     2
     1
    59
   231
   470
   261
    71
   123
   284
   157
    67
    79
    88
    23
   108
   203
   172
   373
   116
    53
     7
     6
     1
     1
    11
    12
   115
   229
   290
   184
    58
   152
   114
   112
    67
    92
   120
   121
    93
    63
   138
   262
   125
    41
     0
    12
     0
     1
     0
     0
    58
   215
   300
   261
    65
    97
   100
    40
    68
    47
    81
    76
    69
    50
   172
   112
    93
   126
     0
     2
     1
    15
     2
     4
    77
   278
   260
   551
    69
    88
   309
    81
    66
   115
    42
    57
    95
    38
   202
   245
   108
   116
     0
     9
     5
     2
     1
    13
    47
   190
   200
   298
    90
    69
   101
   103
   213
   184
    47
    44
   109
   110
   259
   102
    33
    64
     3
    10
     1
    15
     0
    19
    49
   140
   509
   194
    62
    69
   102
   120
    81
   173
    58
    65
   223
    82
    62
   110
    34
   114
    12
     2
     0
     0
     0
     0
   129
   236
   367
   178
    63
   114
    84
    97
   111
    78
   237
   138
   101
   242
   573
   170
   179
   118
     0
    10
     0
     0
     0
    14
   132
   299
   344
   252
   146
   110
   246
   179
   170
    47
   156
   122
    90
   220
    58
   120
    67
    90
    11
    10
    10
     0
     0
     0
    95
   233
   252
   232
    49
    65
   139
   213
    97
   128
   121
   122
    68
    91
   200
   257
   118
    66
     8
     3
     7
     3
     1
     2
   215
   351
   295
    65
    70
    70
    65
    53
    77
   199
   192
   245
    47
   108
   191
   167
   104
    70
    12
     1
     8
     2
     0
    14
    73
   150
   396
   153
    55
    90
    55
    92
    49
   118
    47
    59
    57
   140
   264
   126
    81
   103
     3
     2
     0
     2
     0
     7
    97
   211
   203
   241
    95
    79
    78
   123
   114
   146
    53
   114
   186
    89
    92
   101
    90
    73
    11
    10
    14
     6
     9
    13
    75
   337
   489
   157
    61
    92
    99
    79
    43
    50
   207
    60
    88
   118
   176
   225
    63
    89
     7
    10
     9
     4
     0
    10
   108
   297
   293
   197
   151
   222
    73
   348
    85
    78
   114
    76
   145
   110
   131
   171
    87
   108
     0
     5
     3
    16
     5
   142
   193
   483
   190
    78
   158
   118
    74
   167
    52
    36
   198
   190
   113
    63
   179
    69
    50
    19
    13
     0
     0
    14
     0
   170
   145
   372
   355
    64
    91
   290
    90
   107
   123
    56
   107
    30
   123
   226
   138
    91
   124
     0
     2
     0
     0
     0
     6
    86
   474
   421
    90
   114
    42
    65
    78
    86
   275
   115
    63
    64
   111
   186
   287
   110
   105
     9
     7
     3
     0
     6
     1
    60
   251
   478
   218
    48
   113
    67
   124
    64
    62
    41
   172
    74
   457
   166
   435
    70
    94
     0
     2
     0
     9
     8
    24
   138
   358
   488
   273
    70
    47
   280
   137
    94
    60
   161
    83
   164
   141
   159
   151
    75
   311
     7
     5
     0
     7
     0
     9
    83
    82
   451
   134
    53
    72
    75
    70
   148
   110
   108
    59
    94
    65
    92
   185
    97
   235
     1
     7
     0
     5
     6
     4
   123
   127
   193
   409
    44
   114
   107
   126
    68
    81
    61
   233
   150
    53
   212
   195
   113
   132
     0
     7
    14
     5
     4
     0
    60
   316
   500
   580
    91
    92
   214
    58
   136
    71
    67
    77
   237
   262
   332
   148
    67
    64
     7
    12
     0
     2
     0
     0
    49
    50
   330
   142
    94
   145
    63
    58
   218
    43
    57
    56
    91
    43
    48
   183
    57
    61
     9
     0
     0
     1
     1
     2
   110
   188
   353
   303
    72
    58
   143
    63
    51
   130
    67
    77
   219
   254
   127
   171
    85
    62
     0
     0
     0
     9
     9
     6
   126
   172
   404
   120
    81
   102
   143
    59
    47
    91
    49
    61
    59
   151
   146
   132
   106
    48
     8
     0
     0
    11
     3
     1
    71
   127
   286
   212
   121
    34
   132
   172
    27
   193
    77
   122
    57
   199
   320
   268
    28
   105
     4
     0
     6
     2
     7
     1
   105
   132
   388
   134
    66
   114
    61
    71
    44
   117
    40
    69
    87
    65
    55
   125
    61
    72
    17
    13
     0
     2
    18
     4
   131
   399
   563
   295
   121
    88
    41
   120
   117
    52
    97
    57
   272
   104
   147
   131
    97
   171
     6
    18
     2
     0
     0
    11
    63
   156
   334
   287
   152
   145
   223
    68
    62
    79
    61
    79
    88
    97
   228
   385
    40
   114
     0
     5
     9
     0
     6
     6
    66
   189
   450
   100
    59
    72
   102
    43
   151
   116
    62
    81
   117
    42
   192
   381
    50
    97
     0
    17
     0
     9
     0
     1
   106
   132
   302
   213
    95
    44
   108
   105
    73
    86
    44
   113
    58
   562
   182
   103
    78
    95
     3
     0
     0
     0
     5
     0
   103
   116
   400
    75
    63
    67
   127
    69
    76
    63
    76
    79
   102
   235
   155
   137
    94
   246
     6
     0
     0
     0
     0
     0
   124
   314
   160
   226
    90
   103
    66
   155
    90
    75
    73
    31
   166
   126
   101
   137
    69
    37
     2
    16
     0
     2
     0
    16
    53
   117
   492
   279
    44
    80
    79
    42
    74
    73
   105
    98
   104
   405
   108
   192
   112
    52
     0
     6
     4
     5
     1
     0
   108
    79
   440
   268
    92
   103
   262
   148
    76
    33
   135
    67
   248
    86
   112
   193
    90
    81
     8
     3
     9
    17
     9
     0
    72
   225
   538
   496
    70
   103
    97
   129
    60
    88
    50
   118
    74
   234
   294
   175
    67
    83
    13
     2
     0
     2
     0
     2
    92
   302
   193
   172
    54
   124
    63
    75
    57
   110
   102
   304
    44
    89
    68
   115
    10
    87
     6
     7
     3
     8
     2
     0
   129
   254
   156
   283
    47
    75
    62
    39
    49
    58
   111
   104
    53
    68
   147
   135
    41
    38
     0
     0
     4
     0
     7
    14
    94
   263
   416
   268
    78
    66
    70
    52
    64
   213
   103
   118
   192
   285
   176
    83
    99
    96
    13
     0
     0
     0
     4
     8
   149
   305
   427
   286
    94
    66
   165
    76
   143
    93
    48
   258
   232
    80
   129
   169
    58
   101
     4
     7
     3
     6
     1
     6
   100
    93
   241
   124
   109
    50
    69
    79
    64
    68
    52
    90
   135
   254
   239
   185
    86
    69
     0
     0
     2
     0
     0
     0
    90
   114
   395
   134
    68
   186
   343
    92
    89
    63
    76
    96
    76
   134
   484
   200
   122
   156
    10
     1
     8
     0
     6
     4
   124
   287
   318
   225
   140
    57
    73
   191
    88
   126
   195
    64
   244
    90
   272
   195
    77
   213
     0
     0
     0
     8
     0
    13
    79
   174
   303
   141
    95
   181
   242
    82
    73
   121
   211
    92
    71
    56
   291
   182
    55
   194
     0
     3
     3
     0
     3
     1
    91
    45
   360
   195
   108
    78
    55
    62
    93
    81
   231
    43
    75
   273
   192
   100
    44
   108
     1
     6
     1
     3
     1
     1
    54
   260
   337
   275
    57
    53
   112
    58
    67
   130
   127
    40
    61
    58
   137
   299
    98
    60
     0
    12
     4
     1
     1
    15
    51
   349
   445
   210
    44
    37
    78
   100
    51
    59
    50
    88
    81
   214
   185
   291
    66
    33
     5
     5
     0
     1
     0
     2
    94
   128
   213
   111
    67
    57
   110
    55
    98
    70
    63
   121
    67
    70
   493
    81
    99
    40
     6
    13
     0
     0
     0
     0
    85
   184
   361
   242
    67
   290
   251
    32
   132
   259
   115
   214
   392
   273
   201
   175
    99
   107
     7
    14
    15
     8
     4
     8
   101
   203
   205
   367
    70
    64
   156
   245
    59
   101
   109
    66
   249
   110
   102
   224
   185
    77
     4
     0
     5
    13
    11
     2
    64
    78
   357
   187
    48
    90
    73
    50
   100
   130
    65
    94
    98
   207
   126
   248
    48
    83
     4
     0
     0
     0
     0
     3
   101
   381
   329
   147
   116
    54
   128
    87
    48
   145
   121
    83
    62
   109
   136
   133
    55
   107
     1
     0
     2
    13
     0
     1
    63
   121
   342
   241
   208
   103
    71
    75
    56
   304
   101
   145
   180
   152
   133
    72
    32
    77
     1
     0
     0
     0
    25
     0
    86
   176
   313
   282
   116
   110
    70
   188
    46
    68
   205
    70
    44
    68
    54
    65
    68
   135
    11
     0
     1
     0
    15
     7
   167
   214
   258
   146
   105
    74
    78
   132
    84
   256
    53
   145
    27
    52
    71
    84
    64
    83
     0
     4
     7
     4
     0
     2
    80
   226
   155
   171
   133
   121
   112
    68
    53
    85
   107
    69
    64
    62
   401
   246
   163
    95
     0
     0
     7
    10
     3
     0
    52
   272
   349
   234
   140
   317
    62
    94
   211
    98
    62
   219
   186
    67
   205
   413
    36
    73
     1
     0
     1
     1
     3
     7
    45
   105
   178
   236
    52
    38
    66
    60
   125
   238
    39
   106
   108
    68
   474
   233
   144
    49
    11
     0
     0
     0
     3
     2
    99
   281
   254
   101
    62
    25
   108
    77
   135
   116
    66
    97
    75
   219
   194
   176
   130
   194
     3
     0
     1
     1
     0
    20
   170
   179
   334
   220
   125
    54
    85
   101
    64
    99
    52
    28
   155
    93
   159
   428
    20
    68
    10
     0
     0
     9
     0
     8
    45
   289
   222
   150
   113
   182
    48
    38
   110
   110
   122
    29
    86
   220
   468
   250
   197
    55
     2
     0
     0
     6
     1
     3
    27
   374
   306
   246
    47
    60
    53
    43
    96
   152
   238
    55
    95
    85
    89
   162
    64
    69
     2
     4
     0
     8
     0
     5
    84
    96
   386
   245
    64
    71
   247
    85
    83
   102
   166
    74
    81
   138
   184
   122
    59
    97
     0
     5
     7
     0
    11
     0
    58
   232
   495
   358
   120
    61
   128
   109
    67
    98
    47
    52
    71
    92
   334
   220
   128
   109
     1
     0
     0
     0
     5
     0
    41
   149
   288
   265
    59
    78
    55
   125
    57
    88
    74
    79
    29
   114
   118
   207
   131
    61
     2
     0
    15
     8
     9
     2
    55
   275
   355
   123
    90
    66
   280
    57
    53
    18
    90
    91
    66
   104
   290
    82
    40
    90
     7
    10
     0
     0
     6
    11
   104
   112
   307
   406
    74
   153
    65
   223
    76
    77
    36
    63
    81
    69
   121
   129
    51
    31
     0
     5
     6
    12
     0
     0
    58
   202
   237
   156
    87
   157
    81
    69
    73
    44
    40
    43
    53
   127
   317
   103
    40
    59
     0
     8
     0
     1
    33
     4
   121
   182
   216
   288
    50
    97
   186
   184
    67
    57
    72
    50
    70
    60
   305
    76
    50
   105
     7
    25
     0
     9
     1
     0
   140
   357
   325
   231
   115
    46
    87
    75
   213
    86
   145
    77
    68
   126
   275
   147
    67
   102
     0
    14
     7
     1
     4
     7
   106
   293
   461
   328
   111
   115
    83
    71
    59
    88
    73
    77
    83
    46
   224
   215
   185
   109
     5
     0
     2
    11
     0
     3
    92
   352
   332
   273
   109
   141
    60
    82
   198
    50
   103
    91
    86
   116
    39
   285
    76
    77
     0
     0
     5
     9
     0
     0
    94
   196
   368
   266
    66
    36
    82
    85
   247
    70
    59
    57
    47
   123
   208
    38
    87
    94
     5
     0
     6
     9
    13
     0
    60
   241
   385
   170
    53
    77
    89
    81
    67
    55
    35
    70
    61
    94
    42
   157
    57
   106
     8
     0
     0
    18
     0
     2
    75
   141
   263
   130
    32
    78
    48
    61
    39
    61
    88
    73
    55
   122
   369
    95
    48
    53
     1
     0
     1
     0
    13
     0
    55
   140
   345
   309
   123
   105
    49
    90
   151
    54
    70
    63
    67
   136
    89
   215
    49
    25
     1
     0
     5
     8
     6
     4
    40
   237
   288
   226
    75
    51
    62
    80
    58
    94
    73
   192
    88
   258
   287
   194
    63
   176
     9
     0
     0
     5
     7
     0
    61
   345
   220
    85
    65
    74
    71
    99
    91
   138
    46
    93
    89
   132
    32
   237
    66
    86
     0
     1
     0
     0
     8
     9
    57
    80
   225
   177
    58
    49
   158
    87
   148
    93
    66
    55
   105
    57
    98
   126
    53
    63
     0
     7
     0
     3
     8
     8
    36
   198
   303
   166
    71
   258
   134
    86
    68
    63
    53
   121
    46
   338
   319
    68
    99
    33
     0
     0
     4
    14
     0
     5
    64
    97
   269
   192
    58
   340
    88
    66
    50
    79
    66
    66
    90
   220
   229
   116
   102
    43
     0
     0
     2
     5
     6
    19
    51
   131
   353
    85
    57
   113
    56
    62
    96
    91
    67
    49
   134
   192
    62
   301
   105
   100
     5
     9
     8
     1
     0
    11
    47
   218
   248
   409
    59
    56
    82
    70
   131
   111
    25
    98
    97
    54
    80
   139
    47
   186
     0
     1
     3
     4
     6
     0
    62
   293
   299
   193
   128
    70
   225
    58
   199
    60
    95
   409
    67
    79
   141
    75
   138
    76
     1
     0
     1
    12
     0
     9
    44
   251
   408
   184
    60
    68
    61
    78
   107
   105
    89
   100
    66
    83
    84
   192
   123
    94
     0
     9
     2
     8
     0
     7
   159
   170
   386
   250
   140
    67
    64
    55
    71
    31
    66
   180
    58
   196
   244
   193
    40
    71
    11
     0
     4
     2
    15
     0
    81
    95
   338
   234
   124
    61
    73
    59
    77
    89
    90
    46
    60
   137
   258
   119
   164
    38
     3
     6
     0
     1
     7
     0
   116
   144
   422
    94
    53
   114
   119
   228
    49
    58
    46
   198
   123
    73
   175
    96
    72
    49
     0
     0
     0
     3
    15
    16
    56
   207
   210
   219
    43
    93
   135
   120
    72
    70
    85
    43
   116
    67
   164
    90
   105
    40
    10
     1
     5
     0
     5
     2
    91
   255
   236
   163
   231
    68
   101
    78
   191
    56
    54
    53
   185
   264
   114
    47
    64
    58
     4
     0
     6
     0
     0
     9
   107
   207
   354
   309
    63
    89
   104
   100
    77
    46
   283
    59
    99
   247
   112
   155
   102
    54
     1
     0
     6
     2
     0
     5
   152
   100
   315
   178
    76
    89
   230
    75
   130
   147
   195
    71
    98
   130
   339
   164
   170
    81
     0
     9
    10
    17
     3
     8
    68
   246
    80
   113
   154
    54
    44
    75
    63
    52
    54
    94
    74
    69
   220
   290
    14
    71
     0
     8
     2
     1
    16
     0
   123
   175
   170
   288
    92
    81
    58
    50
    51
   131
    78
    26
    70
    57
   100
    98
    69
    36
     0
    11
     0
     0
     6
     9
    73
   164
   459
   164
    54
    84
    87
   105
    85
    39
    48
    50
    78
   133
    86
    63
    69
    75
     6
     3
     0
     0
     4
     0
    67
   207
   332
   104
   108
   230
    72
    71
    54
    46
    30
    86
    73
    89
   343
    94
    47
    53
     8
     7
    10
     3
     0
     9
    89
   144
   377
   290
    37
   123
    84
    61
    37
    80
    64
    53
    55
    41
   181
   155
   194
    54
     0
     3
     0
     9
     0
     0
    71
   312
   421
   324
   145
    35
    58
   121
   235
    35
   118
   162
   115
    56
   202
   120
    79
    96
     0
     0
     0
     4
     7
     6
   117
   288
   390
    64
    84
   122
   140
   114
   210
   113
    83
   103
   107
   242
    70
   236
    61
    80
     0
     0
     6
     0
     6
     0
    96
   172
   202
    98
    56
    90
    89
    39
    58
   230
   205
    89
    80
   240
   271
   211
    49
    89
     0
     0
     0
     6
     9
     0
    58
   215
   439
   207
    55
    75
    59
    72
    67
    46
    56
    94
    75
   247
   181
   114
    65
    46
     0
     0
     2
     0
     6
     0
    56
    42
   161
   245
   203
    62
   121
    60
    94
    88
    48
   103
    95
   152
   250
   130
    67
   100
     0
     0
    10
     0
     1
     6
    66
    38
   431
   252
    53
    87
   156
   200
    54
   194
    99
    46
    48
    89
   243
   135
    95
    72
     4
     0
     0
     0
     9
     4
   114
   492
   427
   137
   158
    48
   214
    41
    75
   122
   124
    43
    33
   249
    94
   137
    82
    43
     5
    11
     3
     0
     9
     7
    78
   365
   196
   145
    81
    98
    54
   140
    46
    46
    68
    93
    56
   192
   345
   153
   105
   107
     1
     1
    28
    12
     0
     6
   123
   234
   450
   286
    98
   160
    70
   175
    70
    90
    65
    53
    72
    70
   179
   100
    77
    35
     1
     0
     3
     3
     3
     1
    88
   154
   117
    65
   211
    51
   104
   109
    66
   247
    57
    72
    44
    48
   420
    89
   218
    37
     5
     9
     0
     0
     3
    14
    77
   172
   246
   283
    85
    39
   111
    49
    45
    47
   109
    91
   186
    86
    50
   128
   146
    91
     2
     5
     8
    12
     0
     1
    44
   127
   239
   147
    92
    71
   159
    81
   121
    94
    46
   107
    61
    59
    79
   190
   262
    59
     0
     0
     8
     4
     2
     3
    59
   214
   441
   234
    90
    46
    53
    30
    76
    67
    52
    67
    87
   205
   189
    79
    46
    77
     4
     0
     1
     5
     6
     6
   101
   229
   277
   291
    48
    59
    89
    40
    68
    41
    57
    40
   114
   169
    49
    99
    20
    94
     8
     3
     0
     0
    10
     5
   107
   118
   297
   264
   120
    77
   105
    59
   353
    63
   101
   218
    97
    49
   124
   302
    85
    54
     6
     0
     0
     9
     0
     2
    97
   280
   300
   247
    37
    77
    65
   123
    57
    98
    35
   122
   207
    74
   136
   102
   122
    70
     0
    12
     6
     0
     4
     0
   129
   171
   175
   152
    82
    90
   181
    49
    53
    53
    87
    37
    48
    97
   322
   277
    71
    57
     1
     0
     7
     3
     7
     0
   142
   301
   474
   134
    37
    63
    54
    62
    66
    57
   141
    87
    41
   193
   154
   109
   122
    82
     2
     0
     7
     7
     3
    12
   192
   144
   247
    65
   106
    36
    64
   116
    96
   213
    93
    96
   113
    34
   147
   126
    41
    87
     0
     0
    10
     0
     7
     3
   127
   170
   349
   264
    65
   128
   210
    98
    81
    60
    92
   168
    64
    90
    58
   168
    98
    61
     2
     0
     0
     1
     0
     3
    42
   248
   366
   118
   101
    75
   143
   193
   262
   148
    24
    53
    60
    57
   149
   168
   175
    46
     5
    11
     0
     0
     6
     4
    43
   139
   298
   559
   131
    81
    67
   174
    69
   111
    89
   136
    42
    58
   116
   198
    96
    37
     8
     4
     0
     1
     8
     4
    58
   204
   395
   205
    91
    74
    52
   111
   217
    71
    98
   204
   108
    74
   169
   277
    88
    88
    11
     0
     9
     6
     0
     0
    72
   132
   298
   141
    46
    31
    70
    43
    83
    60
   123
   129
    46
    83
   193
   136
    70
   108
     0
     7
     0
     0
     0
     0
    55
   129
   360
   204
    17
    45
    59
    84
    68
    91
   202
    88
   103
   110
    79
   289
    43
    56
     0
    10
     4
     0
     6
     4
    77
   170
   373
    70
   201
    90
   130
    91
    91
    78
   264
    51
    94
   195
   155
    68
    56
   107
    12
    12
     4
     0
     9
     0
   110
   168
   169
   229
    32
    96
    57
    35
    84
    75
    64
    58
    74
    42
   200
   255
   160
    81
     0
     0
     0
     9
     0
     0
   105
   137
   299
   316
   206
    62
    62
    87
    99
    95
    40
    50
    89
   198
   146
   142
    70
    77
     0
     0
     2
     5
     2
     2
    93
   202
   212
    80
    89
   129
   101
    77
   194
    87
    65
    56
    81
    63
    53
    95
    98
    88
     5
     5
     6
     7
    10
    10
   143
   271
   426
    70
    73
   135
    91
    54
    70
   129
   112
    87
    95
   212
    96
    65
    58
    83
     8
     0
    14
    12
     2
     0
   132
   164
   186
   209
   181
   101
   102
    37
    88
    55
   106
   113
    40
    72
   202
    76
    81
    69
     6
    10
     0
     0
     5
     0
    22
   194
   264
    62
    87
    50
   148
    70
   173
    21
    91
   190
    98
    57
    79
   125
    35
    61
     6
     0
     6
     0
     0
     8
   113
   211
   304
   218
    74
    77
    72
    74
   146
    71
    72
    99
    75
    84
   176
   114
    86
   229
     0
     1
     4
     1
     1
     0
    90
    67
   311
   196
    54
    73
    16
    37
    95
    64
    41
    49
    58
   144
    97
    90
    62
    41
    10
     0
     0
     0
     7
     5
   111
   215
    92
    79
    44
   156
    57
    54
    86
    67
   157
    96
    56
    56
    67
   255
    90
    41
     0
     0
     9
     0
     0
     2
   143
   303
   335
   157
    57
   115
   117
   116
    73
    63
   314
   129
    51
    77
   155
   242
   104
    73
     1
     0
     0
     0
     0
     9
    58
   191
   328
   255
    61
    85
    96
   200
    48
    81
    52
   273
   112
   336
   190
   261
    67
    89
     0
     4
     2
     0
     5
     5
   110
    77
   138
   274
   112
    89
   110
    64
    36
   138
   121
   221
    42
   105
   132
   108
    54
    55
     4
     0
    10
     1
     0
     0
   125
   188
   138
   215
    48
    89
   153
   143
   232
   125
    39
    82
   111
    73
   416
    72
    22
    62
     0
     5
     3
    15
     0
     0
    53
   207
   442
   258
    26
    78
    35
    58
    58
    62
    81
    59
    78
    44
   361
    70
    72
    53
     3
    10
     0
     8
     6
     0
    53
   266
   155
   155
    71
    63
    63
   105
    47
    33
   268
    40
   106
   190
   104
   251
    54
    93
     0
     0
     5
     0
     2
     0
    78
   265
   414
   167
    74
   178
    33
    69
   107
   121
    54
    59
    78
   183
   160
    53
    68
    60
     5
     7
     0
    14
     0
     3
   191
   291
   369
   132
    59
    96
    97
    72
   116
    48
    85
    73
    41
    98
   135
   105
    69
    78
     4
    10
    15
     0
     7
     0
   107
   162
   268
   329
   100
    33
    95
    70
    86
    97
    96
   111
    63
    55
   168
   210
    31
   152
    16
     0
     9
     7
     0
    10
    46
   144
   205
   225
    99
    67
    66
   107
    38
    46
    48
    46
    44
    69
   350
   137
    65
    78
     7
     0
     0
     6
     0
     0
    67
   164
   331
   278
    41
    47
   108
   103
    35
    84
    27
    38
    34
    60
    92
   137
    43
    49
     0
     0
     6
     2
     0
     1
    51
   212
   216
   256
    87
   118
   108
    48
    57
   189
    55
    45
    50
   118
   208
   143
   145
   113
     0
    12
     6
     6
     0
     6
    65
   165
   242
   117
   107
   106
    62
    85
    55
    49
    32
    22
   115
    63
   142
   214
    62
    78
     0
     1
     5
     0
     0
     0
    49
   215
   198
   200
   109
    56
    83
    50
   177
   230
    66
   214
    57
   128
   272
   126
    65
    86
     0
     0
     0
     0
     2
     0
    65
   179
   320
   302
   119
    76
    57
    72
    61
   152
    78
    92
   133
    54
    80
   235
    93
    58
     6
     3
     0
     0
     0
     3
   142
   159
   345
   135
    46
    69
    63
   148
   102
   138
    49
   128
   227
   186
   212
   172
    47
    75
     3
     4
     4
     0
     0
     0
    74
   179
   148
   227
   294
    74
   100
    79
   100
    36
    88
    78
    51
    39
   137
   100
    78
    58
     0
     0
    11
    20
    11
     8
    71
   222
   245
   183
   131
    47
   132
    77
    57
   277
    42
   199
    30
    71
   251
   148
    50
    46
     0
     7
     0
     5
     0
     5
   168
   105
   201
   276
    54
    61
    84
    60
    91
    68
   236
    60
    72
   224
   182
   151
    59
    36
    11
     6
     2
     0
     0
     3
    93
   196
   298
   227
    39
    35
    78
    40
    27
    97
    70
    50
    55
    79
   139
    25
    74
    56
     0
    28
     0
     0
     7
     1
   131
   142
   494
   141
    53
    51
    43
   185
   111
    53
    80
    38
    56
    87
    82
   177
    36
    66
    10
     1
     2
     0
     0
     8
   152
    56
   368
   402
    84
    48
    64
    94
    30
   131
   110
   241
   111
    97
   142
   110
   182
    70
     3
     2
     6
     0
     0
     8
    56
   255
   275
   265
    62
    79
    92
   265
    57
    47
    91
    69
    94
   234
   135
    82
    97
    82
     3
     0
     5
     0
     3
     0
    46
   203
   355
   135
   171
    57
    75
    28
    68
   103
    87
    64
    58
    37
   140
   219
   116
    25
     5
     0
     1
     5
     1
     0
   112
    49
   210
   233
    21
    50
    61
    79
    60
    50
    56
   152
    88
    43
   195
   138
    38
    21
     3
     0
     0
     6
     7
     3
   149
   259
   268
   136
    73
   219
   224
   188
   105
    66
    52
   158
    99
    78
   126
   247
    67
    52
     4
     4
     7
     1
    21
     0
   109
   172
   232
   133
    83
   192
    67
    63
   128
    83
   102
   147
   102
    73
   152
   128
    97
    49
     0
     2
     0
     3
     3
     0
    99
   238
   244
   202
    60
    90
    50
    83
    76
    86
    60
    39
    74
    74
   133
   219
    61
   129
     0
     8
     0
     0
     0
     7
   111
   214
   474
   349
    60
    54
   272
   225
   148
   175
    97
   137
   258
    66
   188
   300
   107
    59
     5
     0
    14
     2
     7
     0
   151
   324
   350
   447
    53
   139
    69
    87
   114
   121
   101
    66
   236
   112
   101
   241
    35
    87
     2
     6
     0
     4
    15
     3
    24
   143
   357
   125
   127
   181
    54
    45
    67
    99
    30
    33
    35
   202
   109
    90
    94
    53
     0
    17
     3
     4
    16
     3
    44
   176
   137
   179
    48
   208
    60
    42
    80
   180
   171
   233
    32
   102
    88
   117
    77
    51
     0
     0
     0
     8
     0
     1
    42
   139
   293
   102
    61
    42
    70
    49
    54
    94
    69
    22
   155
   483
   566
   135
    40
    59
     0
    11
     2
     0
     0
     4
    53
   158
   199
   212
   179
   121
    91
    91
    53
    87
    29
    67
    53
    37
    58
   275
    52
    54
     8
     6
     0
     0
     0
     1
   101
   192
   205
   194
   106
   104
   103
    66
    47
    75
   141
   170
   221
    51
    55
   228
    62
    81
    10
    11
     4
     0
     2
     5
   168
   250
   463
   172
    87
   101
   117
   104
    58
    80
   115
    41
   114
   144
   102
   124
   103
    55
     6
     0
     0
     4
     3
     8
   152
   268
   352
   169
   125
   113
    65
    70
    52
    51
    98
   247
    83
    42
   161
   211
   161
    77
     5
     8
    12
     6
     2
     0
    70
   181
   340
   237
    79
   113
    24
    35
    59
    62
    72
    84
    60
   138
    57
   253
    58
   112
     6
     7
     0
     0
     0
     0
    56
   271
   521
   412
   124
    71
   124
    80
   162
   120
    68
   164
    77
    35
   250
   245
    58
   104
     0
    15
     2
     0
     0
     0
    90
    79
   304
   202
   132
    34
    63
   115
    51
    64
    45
    79
    75
   173
    67
   103
    32
    82
     1
     3
     0
     0
     0
     1
    52
   189
   187
    83
    41
    83
   104
   157
    61
    83
    37
    36
    45
    45
   213
   225
    62
    46
     0
    10
     8
     7
     0
    16
    37
   240
   181
   156
   115
   130
   108
    28
    61
    53
    47
   150
    56
    28
   387
   116
   111
    34
     5
     1
     2
     0
    20
    21
   145
   296
   281
   187
    95
   202
    57
   135
   141
    51
   129
   233
    85
   255
   151
   160
    43
    59
     0
     6
     0
     0
    11
     0
    92
   555
   543
   200
    97
    93
   112
    67
   110
   107
    42
    68
    86
   149
   152
   144
    50
   278
     0
     3
     1
     0
     0
     0
    58
   192
   192
   293
   157
    70
   210
    87
    82
   175
    49
    61
    29
    37
   340
   119
    64
    73
     0
     0
     3
     3
     0
     0
   126
   110
   323
   233
    39
   397
    29
    51
    99
    36
    56
    42
    27
   207
    45
    93
    70
    62
     7
     2
    12
     7
     9
     2
   120
    86
   144
   225
    86
    62
   125
    77
    71
   118
    50
    56
    35
    48
    97
    83
    62
    68
     0
    13
     0
     1
     5
     0
   168
   105
   282
   220
   209
    36
   205
   110
    92
    59
    36
   198
    40
    68
   279
   283
    58
    99
     8
     0
     8
    10
     0
     0
    48
   166
   357
   244
    92
   115
   103
    89
   178
    30
    60
    62
   178
    57
   222
   112
    29
    76
     3
     1
     1
    12
     0
     0
    99
   426
   315
   303
    76
   121
    92
   105
    57
   110
   119
   221
   152
   100
   208
   170
    84
    90
     7
     0
     0
     0
     4
     2
   145
   205
   331
   223
   116
    71
   221
   106
    77
   207
    67
    52
   193
   228
   293
    88
    51
    38
     0
     7
     0
     0
     0
     2
   109
    62
   204
   144
    74
    83
    78
    88
   101
    86
    58
    68
    72
   203
    76
    77
   105
   156
     8
     3
     7
     0
     6
     2
   104
   204
   365
   265
    61
    29
    83
   136
    77
   162
    60
    30
     8
   140
   248
   116
    59
    50
     0
     8
     8
     0
     6
     0
   154
   261
   291
   207
    90
    93
    68
    57
    69
    46
   106
    72
    56
   106
   168
    95
    74
   150
     6
     5
     2
     0
     0
     0
    34
   151
   173
   290
   132
    57
    39
    24
    63
    33
   206
    62
    44
   163
   102
   213
    63
    52
    13
     0
     0
     0
     4
     6
    46
   101
   330
    80
    54
   110
    32
    82
    97
    48
    42
   186
    98
    90
   189
    36
    62
    49
     4
     4
     9
     0
     0
     9
    89
   218
   470
   165
   175
   118
    65
    70
    74
    50
    55
    52
    64
    43
   426
   285
    43
   112
    18
     5
     4
     9
     1
     0
   169
   350
   566
   220
   132
    93
   122
    61
    69
   263
    52
   176
    90
    82
   510
   209
    69
    42
     1
     1
     1
     1
     2
     0
   110
   178
   168
   222
    94
    45
    70
    43
    93
    29
    80
    87
    64
   110
    78
   117
    45
    73
     0
     3
    11
     4
    10
     2
    81
   154
   121
   196
    46
    91
    59
    73
    49
    68
    58
    60
   113
    51
   172
   211
    45
    93
     0
    13
    11
     0
     2
     0
   140
   152
   288
   288
    27
   123
   226
    59
    66
    45
    27
   109
    54
    63
   138
   130
    95
    43
     0
     6
     5
     0
     0
     0
    63
   172
   135
   166
    38
    26
    76
    49
   105
   210
   120
    76
    69
    31
   148
    73
   264
    98
     0
     0
     2
     5
     1
     5
   101
   285
   340
   125
    81
    91
    36
    80
   129
   110
    92
   107
   256
    22
   240
   128
    76
    95
    10
     0
     0
     0
     0
     8
   128
   203
   338
   392
    51
   110
    63
   132
    53
    52
    82
    91
    66
   189
    79
    66
    45
    75
    13
     1
    10
     0
     1
     1
    35
   215
   366
   150
    85
    43
    59
   304
    49
   282
    53
   184
    79
   111
   132
   264
   139
    48
     0
     1
     0
    14
     8
     3
    84
   253
   506
   266
    57
    97
    26
    45
    93
    67
    79
   160
   109
    76
   367
   148
    54
    67
    19
     1
     4
     5
     0
    11
   125
   347
   191
   120
    39
    43
    97
    53
    46
    80
    60
    84
    22
    80
    94
    60
   100
    92
     0
     8
     2
     8
     0
     0
    99
    49
   259
   116
    64
   177
    82
    77
    37
   192
    67
    53
    45
   102
   135
   126
    59
    52
    10
     0
     3
     0
     0
     0
    38
   242
   285
   126
    32
    97
   106
    27
    45
    89
    59
   101
    79
   130
    71
    49
    58
    37
     9
    14
     6
     2
     0
     0
   100
    80
   110
   188
    39
    47
    92
    54
    70
    59
    63
   131
   146
   366
   293
   128
   107
   210
     0
     1
     5
     1
    13
     6
    97
   320
   251
   172
   202
   157
    84
    46
   103
    46
    52
    90
    70
    78
   283
   194
   100
    84
     5
    13
     0
     7
     1
     7
   125
   315
   119
   282
    72
   132
   110
    87
    70
   104
    96
    93
   113
   116
    84
    42
   131
    76
     0
     2
     6
     0
     0
     0
    84
   366
   238
   216
    93
    55
   224
    66
    48
    69
    47
    57
    63
    43
   101
   141
    67
   103
     0
     6
     0
     1
     5
     0
    64
   117
   237
   126
    28
    52
    96
    84
    53
    69
    52
    62
   201
    80
   429
   165
    37
    42
     0
     0
     0
     4
    10
     5
   151
   243
   275
   417
    61
    27
    48
    77
   194
    56
    77
    34
    53
   231
   228
   180
    61
    40
     8
     5
     0
     0
     6
     6
    56
   234
   113
   293
    86
    98
    48
    72
    70
    76
   110
    90
   104
   211
   212
   159
    83
    75
     0
    15
     0
     6
     7
     0
    69
   191
   256
   188
   163
    95
    80
    41
    55
   115
    53
   193
    37
    88
   159
    35
    17
    58
     3
    10
     0
    12
     7
     7
   128
   236
   187
   252
   107
    44
    92
    53
   178
   121
    81
   119
   338
   106
   194
   230
    98
    77
     1
     0
    10
     0
     7
     0
    79
   220
   259
   283
    76
    95
    61
   120
   130
    49
    65
    52
    64
    62
   304
    49
    75
   100
     0
     0
     0
    12
     0
     5
    30
   242
   261
   307
    91
    92
    68
   101
    79
   164
    99
   206
    38
    62
   253
   267
    65
    59
     4
     0
     7
     0
     0
     7
    94
   219
   293
   149
    60
    77
    73
   117
    82
    81
    37
    91
   149
    88
    80
    65
    52
    87
     0
     0
     7
     4
     0
     0
   146
   333
   287
   138
    36
    80
    64
    65
    39
   130
    68
    76
   128
   110
   225
   193
    33
    75
     2
     0
     9
     2
    13
     7
    55
   148
   224
   363
    34
   101
    80
    96
    56
    70
    72
    46
    88
    54
   468
    98
    86
   128
     7
     8
     0
     7
     2
     0
   103
   110
   318
   242
    95
    80
    96
   156
   227
   219
   202
    71
   123
   144
   117
    59
    86
   124
     0
     0
     4
     0
     9
     4
   106
   466
   520
   275
    99
   121
    88
    77
    86
    95
    62
    75
    66
   164
   192
   281
   107
    34
     0
     0
    11
     7
     1
    13
    59
   293
   254
   330
   112
    79
    83
    84
   119
   100
    97
   121
    63
   133
   200
   164
    43
   111
     7
     3
     4
     7
     8
     8
    64
   331
   383
   167
    98
    67
    57
    48
    50
    56
   145
    62
   216
   119
    97
    95
    61
    53
     6
     4
     0
     7
     0
     0
   119
    69
   304
   125
    50
    70
    76
   125
    74
   102
    41
    50
    15
   134
   579
    50
    33
    80
     0
     0
     0
     9
     8
     5
    97
   145
   255
   201
    65
    54
    70
   124
    94
    64
   149
    43
   114
   181
   230
   179
    92
    79
     0
     0
     0
     2
     3
    40
   107
    27
   470
    96
    67
    78
   143
    87
    52
    30
   108
    32
   115
    61
   252
   225
    60
   108
    15
     0
     0
    10
     5
     9
   127
    81
   261
   143
   103
    75
    60
   121
    34
    84
    63
    52
    47
   241
   242
    82
    73
    57
     4
     8
    11
    10
     6
    11
    78
   327
   276
   169
    54
   116
   113
    54
    58
    93
    87
   108
   102
   164
    98
   276
   143
   148
     6
    16
     0
     7
     8
    24
    92
   259
   261
   235
    89
    71
    80
    53
    93
   175
   220
   113
   175
    63
   158
   348
   100
    53
     0
     0
    12
     0
     0
     8
    46
   158
   291
   225
    51
    88
   210
    90
    98
   225
    39
    94
    45
    60
   194
    98
    34
    88
     0
     0
     5
     6
     7
     0
    44
   170
   422
   192
   113
    67
    79
    53
   190
    39
    62
    41
    61
   126
   148
    66
    94
    62
    17
     7
     8
     7
     8
     0
   109
   263
   386
   181
    62
   110
    80
    65
    96
   207
   125
    37
   104
    47
    46
   293
    98
    98
     5
     6
     2
     0
     1
     0
     0
   122
   266
   275
   159
   245
    93
   113
   102
    20
    73
    49
    51
   103
   216
   189
   118
   149
   121
     0
     0
     2
     0
     0
     4
    64
   302
   350
   298
    93
   100
    60
    66
   127
    50
    75
   341
   122
   104
   167
   194
    88
    51
     5
    15
     0
     3
     0
     0
    98
   280
   421
   409
    81
    95
   121
   101
   109
   245
    83
   142
    41
   127
   105
   194
    92
   243
     0
     1
     6
    13
     8
     4
   110
   139
   481
   397
    99
    55
    92
   115
    43
    64
   105
    67
   174
    85
   334
   284
   115
    63
    11
     0
     5
     2
     0
     0
   156
   175
   203
    94
    78
    84
    44
    79
    70
   148
    43
    75
    43
    66
   105
   157
    54
   128
     2
     0
     6
     0
     0
     0
    59
   267
   247
   263
    45
   124
    89
    65
   108
    48
   118
    87
    81
   102
   172
   116
   103
    72
    10
     0
     6
     0
     3
     4
   146
   320
   266
   158
    48
    64
   248
    94
   160
    96
   107
    58
    93
   144
    80
   163
    89
   126
     0
     6
     0
     5
     0
     0
    64
   205
   244
   161
    67
    68
    74
    78
    59
   213
    39
    82
   112
   108
    92
   320
   190
   104
     0
     0
     0
     6
    15
     0
   132
   127
   305
   262
    88
    52
   111
    74
   111
    44
    49
    61
    33
    55
   306
   169
    58
   141
     0
    10
     7
    12
     0
    10
   108
   401
   315
   116
   185
   139
    99
    43
   127
   111
    48
    98
    64
   181
    66
   191
    79
    73
     0
     0
     8
     0
     3
     0
   134
   232
   418
   264
   109
    81
    88
    97
   122
    57
    27
   114
   100
   115
   172
   159
    92
   145
    10
     2
     8
     2
     2
     0
    48
   145
   442
   215
    88
    58
   130
    61
    79
    85
    39
   130
    62
   116
   202
   419
   100
    60
     9
     3
     0
     0
     0
     2
    99
   235
   284
   128
    87
    30
    57
    37
    78
    45
   114
    46
   126
   108
   160
   266
    62
    77
     5
     2
     7
     7
     9
    11
   156
   147
   252
   167
   106
   143
    74
    94
    88
    48
    52
    65
   143
   177
   255
    52
    48
    42
     8
     0
     0
     4
     0
     0
   216
   159
   272
   161
    65
    56
    59
   103
    73
    55
    38
    47
    58
   277
   309
   136
    69
    44
     7
     3
     0
     0
     0
     4
    44
   172
   147
   271
    66
   101
   117
    43
    67
   227
    90
    69
    34
   119
   312
   123
    56
    72
     0
     4
     0
     0
     0
     1
   118
   318
   503
   337
   157
   143
   144
    89
    93
   179
    51
    58
    46
   193
   345
   314
    95
    89
     1
    12
     0
     1
     6
     5
   152
   314
   245
   192
   242
   124
    83
    61
   104
   182
   148
   177
   159
   195
   236
   109
    51
    62
     0
     0
     0
     7
     6
    12
    54
   145
   244
    89
    79
    41
    60
    89
    61
    51
    68
   107
    85
   203
   117
    54
    95
    50
     0
     0
     0
     0
     0
     0
   109
   214
   263
   256
    36
    90
    91
    95
    34
    50
   217
    82
    69
    99
   338
   154
    57
    82
    10
     0
     2
     2
     2
     8
   118
    99
   291
   128
    61
   105
    78
   114
    58
    73
   187
    73
    67
   194
   215
    99
    82
    86
     0
    11
     0
    13
     4
     2
   102
   104
   337
   249
    97
    79
    79
    55
   100
    79
   214
    32
    34
    62
   252
   351
    67
    91
     0
     7
     1
     0
     5
     5
    90
   157
   185
   240
    63
    77
   123
   157
    69
    61
    57
   220
   236
    54
   253
    93
    85
   102
     4
     4
     0
     0
     2
     4
   196
   307
   391
   230
   125
    70
   169
   222
    73
   115
    74
    69
    93
   113
   182
   137
    88
    99
     0
     3
    17
     2
     7
     7
   103
   220
   210
   469
   130
    75
   118
   180
   100
   115
    71
    58
   149
   207
   235
   165
   147
   104
     5
     0
     8
     4
     7
     0
    67
   127
   169
   209
    83
    59
    26
   103
    40
   108
    45
    44
    82
   129
   218
   262
   164
    53
     5
     3
     0
     0
     7
     5
    88
    96
   298
   360
   133
   145
   126
    82
    79
   232
    64
    64
   105
    69
   147
   177
   109
    85
     8
     0
     3
     0
     5
    12
    84
   307
   330
   133
    83
    74
   108
    62
    52
   115
    46
    62
   106
   192
   342
   119
   143
    60
     0
    10
     1
     0
     0
     0
   210
   272
   343
   118
   110
    85
    87
    97
    31
    94
   124
    58
    74
   103
   265
   229
    96
    75
     1
     7
     2
    22
     7
     9
   148
   198
   268
   145
   122
    65
    39
    51
    49
   244
   104
    50
    27
   114
   357
   111
    47
    71
     0
     2
     0
     0
    12
     3
   181
   192
   318
   146
   107
    91
   232
    58
   219
   123
   410
   121
   100
    81
   309
   240
    90
    34
    15
    13
     1
     3
     5
     0
   133
   276
   355
   243
    66
   108
    53
    63
   100
    39
   209
    80
   122
    80
   176
   110
    43
   128
     0
     0
     7
     0
     7
    10
    62
   332
   203
   234
   212
    82
   124
    64
    71
    98
   222
    48
    67
   261
   222
   115
    31
    92
    12
     4
     0
     5
     0
     1
    33
   468
   196
   148
   187
    62
    56
   194
    72
    88
    71
    70
   176
   119
   152
    90
   109
    64
     0
     0
     0
     0
     0
     1
    46
    85
   360
    59
    74
    43
    66
    52
   189
    72
   358
   194
    56
    58
   333
   212
    94
    41
     2
     2
    10
     0
     3
     3
    34
   222
   385
   336
    35
    89
   101
    75
    88
    48
    61
    95
   186
    51
   289
    97
   118
    69
     0
     1
     6
     0
     4
     3
   115
   366
   183
   206
    86
    43
   371
   139
   162
    44
    72
   126
    68
    52
   303
   145
    98
    84
     6
     8
    14
     2
     0
     7
   108
   144
   581
   331
    79
   136
   135
   107
   101
    55
    63
    85
    86
    93
   275
    97
   122
    91
     0
    11
     0
     0
     9
     0
    57
   337
   594
   445
    81
   146
    89
   196
   257
    48
    71
   165
   100
    86
   133
   131
   174
    58
     4
    10
     4
     2
     9
     5
   106
   151
   553
   281
    66
    60
   115
    98
   107
    51
   160
    59
    32
    51
   253
   109
    53
    52
     0
     7
     2
     0
    15
     4
   147
   184
   528
   112
    68
   104
    75
    29
   154
   150
   237
   109
    87
   259
   225
   417
    84
   269
     1
     3
    10
     0
     5
     3
   126
    93
   265
   252
    42
    96
    63
    75
    52
    87
    93
    51
   126
   163
   295
   137
    62
    64
     0
     7
     5
    22
     3
     0
   129
   313
   177
   145
    85
   100
    92
    88
    53
    88
    63
   100
    64
    74
   156
    70
   118
    70
     2
     5
     0
     9
     0
     0
    34
   131
   293
   201
    99
   104
    59
    44
   197
   105
    72
    47
    43
    59
   255
   221
    54
    76
     8
     2
     2
     9
     7
     9
   142
   314
   307
   190
   129
   153
    85
   198
   106
    95
    68
    95
    51
    91
   284
   102
   250
    98
     0
     0
    13
     0
     7
    11
   126
   247
   303
   231
   108
   106
    97
   222
    93
    82
    61
    49
    80
    56
   299
   184
    84
   111
     0
    10
     1
    11
     8
     0
   165
   270
   132
   211
    65
   169
    68
    47
   216
    81
    90
    73
    99
    71
   170
   400
    79
    43
     0
     6
     4
     0
     0
     0
    87
   137
   254
   349
    54
   117
   109
    95
    92
   155
    89
    46
    82
   103
    75
   173
    50
    98
     0
     2
     0
     6
     0
     4
   107
   229
   309
   349
    60
    86
    80
   199
    26
   105
   118
    60
    29
   115
   225
   271
    78
   152
    14
     5
     0
     0
     3
     7
   117
   140
   380
   197
    39
    88
    75
    72
   130
    63
    73
    87
    81
    93
   174
   190
    70
   106
     4
     3
     6
     0
     0
     0
   103
   234
   435
   153
    94
    78
    73
    61
   193
    88
    45
    40
    60
    57
   239
   389
    66
    54
    12
     9
     0
     0
     0
    14
    81
   224
   350
   266
   212
    97
   153
   266
   168
   143
   249
    86
    63
   224
   642
   138
    65
    65
     0
    17
    13
     0
    10
    10
    83
   169
   343
   158
    70
    86
    50
    97
   243
    65
   183
   103
   169
   109
   233
   221
   137
   105
     3
     8
     5
     0
     2
     5
   123
   201
   270
   123
    53
    59
    58
    79
    52
    29
    66
    69
   239
    54
   212
    46
    76
    73
     2
     5
     0
    13
    17
     4
   141
   215
   350
   231
   101
    50
    93
    35
    81
    92
    76
    73
    70
   257
   270
   233
   112
   116
     0
     0
     9
     2
    11
    19
    27
   248
   298
   229
    82
    49
    71
    68
    66
   145
    89
    40
    60
    55
   109
   216
    54
    76
     6
     0
     0
     4
     3
     0
    36
   197
   301
   174
    71
    84
    62
    60
    46
    47
   153
    49
    74
   192
   154
    76
    60
    53
     0
     0
     8
     3
     1
     8
   134
   167
   281
   225
    98
    76
   111
    64
    55
    65
   114
   254
    39
   304
    77
   137
    81
    60
     0
     5
     0
     0
     0
     1
   151
   315
   511
   319
   158
    59
    50
    70
    85
    67
    68
    60
    80
   125
   291
   122
   118
    85
     2
     1
     2
    13
     0
     5
   105
   434
   395
   209
    60
    80
    99
   214
   116
    95
   260
   105
    82
   102
   203
   255
    65
   141
     7
     0
     3
     5
    10
     2
   259
   279
   454
   245
   244
    25
   107
    89
   184
    59
    65
   240
    60
    45
   231
   133
    49
     0
     0
