    16
     0
     0
     0
     0
    50
    40
   191
    46
    10
    56
     5
    22
    37
    15
    13
     9
    60
     8
    70
    86
    22
     8
     9
     0
     0
     5
     0
     2
    18
   178
   135
    33
     9
    19
    25
     9
    27
    17
    23
    37
    25
    64
    54
   212
    27
    17
     5
     0
     0
     0
     0
     0
    15
   173
   104
    85
    23
    12
     1
    30
    27
    24
    27
    26
    12
    49
    35
    37
    31
    18
     0
     0
     8
     0
     4
     0
    18
   116
    48
   119
    24
    16
    16
    26
    19
    25
     6
    49
    77
    18
   159
   160
    13
    25
     0
     0
     0
     4
     7
     0
    30
   112
    16
    50
    28
    11
    47
     2
    18
    23
    83
    11
     5
     4
    23
   113
   168
    40
     0
     0
     1
     3
     0
    16
    48
    65
   100
    95
    33
    20
    16
    21
    21
    12
    44
    22
    19
   153
    61
    67
    21
    36
     0
     0
     0
     0
     0
     0
    12
    64
    50
    75
    50
    19
     9
    16
    18
    14
     8
    19
    14
    63
    61
    55
    20
     6
     0
     0
     8
     6
     0
     0
     2
    19
    47
    29
    14
    12
    16
    35
    17
    20
    12
     2
    11
    12
   177
    54
     9
    41
     0
     0
     0
     7
     7
     0
     0
    17
     8
     4
     2
     8
    26
    24
     4
    19
    25
   160
    62
    12
    96
    90
    15
    10
     8
     0
    10
     0
     0
    12
     8
   121
    37
    57
     9
    24
     7
    32
    14
    16
    50
    12
    13
    25
    83
    93
    18
    20
     0
     0
     0
     0
     1
     0
     8
   128
    21
     1
    17
    15
     8
    19
    20
    22
    90
    14
    21
    15
    45
    23
    22
     8
     5
     0
     0
     0
     0
     0
    22
   122
    53
    29
    11
    23
    15
    23
    48
    16
    19
    12
    10
    10
    20
    17
    28
     9
     0
     1
     0
     0
     0
     4
    12
    30
    65
    43
    54
    25
    36
    50
     9
    20
    32
    23
    28
    34
    62
    72
    32
    13
     0
     0
     0
     0
     0
     0
    35
    83
    93
   143
    16
    22
    54
    35
    77
    27
    26
    24
    47
    33
    24
    16
    17
    36
     6
     0
     0
     0
     0
    11
    13
     9
    60
    61
    35
    27
     3
    11
    19
    24
    40
     9
    60
    31
     9
   200
    15
    14
    13
     0
    14
     0
     0
     0
    11
   107
    18
    14
    42
    16
    12
     5
    17
    30
    30
    22
    69
    15
    60
    28
    22
    27
     0
     6
     0
     2
     0
     0
    27
    32
    58
    49
    26
    75
    53
    23
     9
    24
    27
    83
     8
    32
   102
     9
    19
    24
     0
     7
     0
     0
     0
     0
     8
   109
   114
    68
    13
    16
    34
    12
     8
    15
    20
     4
    25
    17
     7
    70
   167
    29
    16
     0
     0
     0
     6
     0
    51
    21
    34
    85
    26
    45
    19
     8
     4
    13
     6
    30
    22
    34
     9
   141
    39
    13
     1
     0
     0
     4
     0
     2
     8
    25
    70
   195
    23
    24
    10
    18
    11
    40
    18
     1
    11
     8
    62
    21
    13
    25
     0
     0
     0
     7
     2
     0
     5
    15
   151
    35
    16
    38
    38
    19
    24
    23
    44
    13
    20
    11
    20
    22
    23
    17
     0
     0
     0
     0
     0
     5
     7
    82
   129
    55
    17
    12
    19
    74
     7
    57
    54
    14
     7
    36
   100
    41
     9
    12
     0
     0
     4
     0
     0
     0
    64
     7
     8
    50
     8
    14
    10
    56
    35
    11
     6
    13
    10
    14
    68
    90
    16
    25
     0
     0
     0
     2
     0
     0
    19
   134
    13
    71
    65
    14
    26
    31
    62
    14
    21
    94
    20
   104
    13
    59
     8
    11
     0
     0
     0
     0
     0
     0
    19
   138
   166
    25
    34
     8
    12
    16
    18
    17
    26
    29
    32
    60
     4
   111
    78
    10
     0
     0
     0
     0
     0
     0
    57
    63
   136
    84
    23
    64
     9
    64
    11
    36
     0
    33
   295
   154
    43
    70
    26
    25
     0
     0
     0
     0
     0
     0
    26
    24
    84
   100
    24
    30
    17
    70
    33
   158
    24
    31
     7
    59
    23
    14
    14
    51
     0
     0
     5
     0
     4
     0
    36
    61
   178
    52
    13
    25
    13
    25
    30
    14
    23
    17
     6
    73
   151
    69
    27
    10
     0
     0
     0
     0
     0
     0
     7
   111
     0
    45
    56
    22
     9
    43
    17
    26
    42
    64
    12
    11
    48
    28
    98
    23
     0
     0
     0
     0
     0
     4
    15
    57
    21
    55
    18
    36
    12
    12
     4
     6
    28
    25
    60
    37
    59
    57
    31
    23
     0
     0
     0
     8
     0
     0
    21
   126
    99
    64
    13
    22
    50
    15
     0
    11
    29
    63
    66
    10
     8
    52
    10
    20
     0
     0
    12
     0
     0
     2
    20
    10
    33
    15
    71
    23
    27
    17
    62
    22
     0
    25
    11
    58
    10
   135
    10
    10
     0
     0
     1
     0
     0
     3
    61
    70
     6
    13
    30
     6
    64
    25
     8
   162
    12
   161
    22
    57
   122
    78
     7
    19
     1
    10
     0
     0
     0
     0
    70
   169
    96
   152
     9
    35
    38
    15
    37
    50
    69
    99
    28
   166
   103
    95
    33
    22
     6
     0
     0
     0
     0
     0
    25
    67
    68
   103
    16
    26
    48
    15
    26
    19
    33
    26
    16
    65
    50
   174
    14
    28
     0
     3
     0
     0
     0
     0
    21
    92
     9
    15
    11
    25
    24
    31
    21
    24
    29
    19
    12
    21
   165
     1
    36
    15
     0
     0
     0
     3
     0
     0
    13
    32
    82
   106
    14
    18
    13
    12
    46
    21
    37
    13
    19
    24
    50
    12
     9
    26
     0
     0
     0
     6
     0
     3
    12
    19
   129
   132
    12
    48
    34
    18
    21
    32
    66
    11
    28
    89
    24
    54
    55
     8
     0
     0
     4
     0
     6
     1
    21
    60
   181
    57
    21
    14
    29
     4
    21
    68
    24
    46
    62
    49
   185
     9
     9
    11
     0
     0
     0
     1
     0
     0
    13
    39
    50
   133
    54
    20
    14
    51
     5
    24
    40
    17
    25
     5
    61
    12
    24
    40
     0
     0
     0
     0
     1
    15
    33
    89
   158
    74
    51
    38
     9
    23
    32
    48
    10
    16
    22
    16
    17
    16
    30
    14
     2
     0
     0
     4
     0
     0
    66
    21
   151
   145
    50
    11
    13
    17
    40
     2
    16
    19
    18
    46
    53
    39
    32
    18
     0
     0
     0
     2
     0
     0
    31
    44
   154
    50
    23
    18
    23
    20
    17
     8
     4
    11
     7
    58
    22
     6
    12
    23
     0
     0
     0
     5
     0
     1
    37
   104
    56
    59
    16
    47
    13
    18
    19
     7
     7
    12
    27
    46
   190
    42
    24
     8
     0
     0
     0
     0
     0
     1
    28
    61
   142
    99
    11
     5
     7
    17
    22
    18
    26
    26
    36
     7
    75
    54
    13
    34
     9
     0
     7
     0
     0
     0
    11
    65
   141
    53
    57
    24
    44
     8
     8
    23
    11
     7
    34
    20
    13
    16
    20
    15
     0
     0
     0
     0
     0
     0
    25
    23
   176
   106
    63
     7
    21
    16
    14
    26
    25
    44
    16
    16
   100
    28
    17
    19
     4
     0
     0
     0
     1
     9
    18
    56
    50
     6
    61
    25
    25
     1
     2
   167
    65
    18
    53
    22
    19
   101
     2
    45
     0
     0
     1
     0
     0
     0
    12
   151
    54
    95
    29
    14
    73
    59
    19
    36
    21
    18
    22
   149
    63
    32
    61
    38
     0
     0
     0
     0
     0
     1
     6
    28
   184
    20
    19
    14
    20
    65
     7
    37
    17
     8
     1
    36
    22
    17
    28
    31
     0
     2
     0
     0
     0
     0
    12
    19
    65
    24
    51
    10
    16
    52
    56
    18
    54
    48
    22
     6
     2
    23
    32
    17
     7
     0
     0
     0
     0
     2
    10
    95
    85
    47
    26
    20
     6
     8
     4
    14
    11
    88
    15
    62
    64
    30
    19
    28
     0
     0
     0
     0
     2
     0
    27
    25
    87
   233
    21
     4
     0
    13
    12
    59
    14
    15
    27
     8
    13
    69
    20
    17
     0
     2
     0
     5
     0
     8
    16
    14
   137
    98
    20
    17
    22
     1
    25
    13
    25
    14
    27
   153
    93
    70
    28
    21
     0
     0
     0
     0
     2
     0
    26
    48
   188
   171
     9
    15
    28
    24
    18
    27
    27
    20
    68
     8
    43
    26
    32
    51
     0
     0
     0
     0
     0
     0
    84
    58
   211
    22
    14
    24
     0
    87
    48
    33
    17
    66
    23
     7
    49
    50
     7
    24
     0
     0
     0
     0
     0
     5
    18
   153
    21
    70
    10
    50
    14
    32
     5
    11
     6
    68
    12
     5
   343
    47
    12
    50
     3
     0
     0
     6
     1
     0
    96
    62
    52
    42
    42
    32
    11
    28
     0
    51
    31
    59
    38
    25
    24
     0
    11
    23
     0
     5
     3
     0
     0
     5
     5
     5
   135
    48
     9
    15
    55
    16
    20
    24
     8
    50
     6
   155
    88
    60
    24
    25
     0
     0
     1
     0
     0
     0
    24
    65
    96
    23
     7
     0
    16
    66
    16
    21
   159
    17
   160
    16
    29
    20
    10
    21
     0
     0
     5
     0
     0
     0
    15
    14
   111
   103
    24
    65
    68
    32
    27
    22
    12
     5
    46
     3
   187
    42
    36
    17
     0
     0
     0
     0
     0
     1
     5
   105
    74
   138
    19
    15
    16
    40
    30
   158
    22
   169
    34
    66
     8
    25
    15
    13
     0
     2
     4
     0
     0
     0
    17
    62
   108
    45
    23
    15
     7
    10
    15
    15
   170
    77
    31
    12
    35
   199
    28
    37
     0
     3
     2
     0
     0
     0
     8
    80
    67
    36
    19
    59
    13
    30
     3
    72
    17
    43
    23
    14
    16
    98
    12
    14
     0
     6
     1
     0
     2
     0
     5
   130
    50
    61
     7
    26
    30
    63
     9
    16
    67
    16
     3
   154
    74
   236
    12
    21
     2
     0
     0
     0
     6
     0
    46
    21
   148
    47
    14
    11
    11
     1
    31
    13
    20
     8
    16
    27
    11
     9
    75
    13
     0
     0
     3
     0
     0
     0
    22
   118
   140
    19
    24
    15
     0
    55
   120
    11
    18
    22
   161
    60
    24
    46
    39
    12
     0
     0
     0
     0
     0
     0
    15
    63
   158
    90
     7
     6
    10
    11
    21
    21
    23
    21
    11
    20
    12
    81
    28
    76
     1
     4
     0
     0
     0
     0
    49
    95
   115
    18
     9
    68
    58
    30
     3
    42
    80
    51
    13
    21
    15
    61
    31
    27
     0
     0
     0
     0
     0
     6
    12
    89
   110
    54
    65
    11
    28
    15
    23
    38
    12
    64
    74
    12
    13
    58
    33
    21
     7
     0
     8
     0
     0
     0
    14
   115
   148
   123
    15
    15
    23
    15
    10
    21
    20
    15
    14
    17
    17
    45
    14
    22
     3
     0
     0
     0
     5
     0
    27
    53
    56
    95
    19
    22
    31
    22
     9
     4
     6
    25
    56
     9
    72
    74
    61
    18
     3
     0
     0
     0
     0
     0
    22
    85
   119
   103
    18
    67
     0
    57
    26
    19
    28
    36
    36
     3
    40
    26
   184
     2
     4
     0
     0
     0
     2
     0
    70
   147
    29
    79
    19
    52
     8
     1
    51
     7
   156
    49
    23
     5
    70
     2
    54
    63
     2
    10
     0
     0
    13
     3
    18
    15
   128
    80
    51
    16
     0
    11
    46
     6
    19
    32
    60
     7
   148
    60
    11
    21
     0
     0
     9
     0
     8
     7
    18
   197
    17
    70
     7
    19
    20
    22
    12
    28
    42
    37
    54
    45
    30
    35
    50
    59
     1
     7
     0
     0
     0
     3
    27
     2
    49
    29
    17
    11
    14
    19
    77
    20
    38
    36
    33
   143
     8
   109
    28
    52
     0
     0
     0
     6
     0
     0
    30
    21
    96
    62
    15
   159
    23
    24
     3
    12
     6
    57
    44
    45
    23
    45
    10
    28
     0
     0
     0
     0
     0
     3
     6
     6
    72
   156
    30
     3
    27
    12
    31
    18
    16
   241
    22
    33
    11
     2
     5
    94
     0
     0
     0
     0
     3
     0
    14
    35
    61
    95
    19
    31
    15
    22
    21
     8
    18
    14
     1
    65
    17
    22
    28
     5
     5
     0
     0
     0
     9
     0
    13
   138
    56
    57
    23
    28
    26
    16
    18
    76
    43
    37
    32
    24
    19
     8
    18
    20
     0
     0
     1
     0
     1
     0
    32
    11
    26
    72
    30
    21
    15
    23
    25
    46
    24
     5
     8
    16
    12
    10
     8
    13
     0
     7
     0
     0
     0
     0
    21
    60
    54
   105
    23
    88
    32
    26
     6
    21
    34
    12
     8
    26
    55
   114
    14
    28
     0
     0
     5
     0
     7
     0
    21
    76
    25
     8
    18
    36
    12
    28
    16
    14
    63
    35
     2
    15
    51
   100
    13
    32
     0
     0
     2
     0
     5
     0
    14
    57
    95
    48
    13
    56
     6
    20
    24
    74
    23
    16
    16
    59
   195
    16
    18
     8
     9
     0
     0
     0
     0
     0
    57
     8
    36
   124
    32
    52
    21
    74
    15
    64
    28
    31
   183
    13
   199
    11
    23
    51
     5
     0
     0
     0
     7
     0
     0
    18
    87
    88
    30
    17
    26
     5
   152
    16
    21
    30
    13
    15
    38
    12
    25
    29
     0
     0
     0
     0
     0
     0
    14
    58
    13
    24
    52
    16
    11
    11
    22
    20
    21
    11
    15
    13
   203
     2
    19
    20
     0
     0
     6
     5
     0
     0
     7
    17
    72
    42
    35
    18
    11
    31
    25
    42
    26
    30
    28
    47
    23
    20
    11
    33
     0
     1
     0
     0
     0
    15
    72
    68
    71
   157
    20
     9
    10
    17
    38
    18
    22
    15
    40
    31
     9
    81
    23
    21
     0
     0
     6
     7
     0
    21
    90
   119
    10
    24
    62
    21
    21
    49
    24
    53
    31
    10
     3
    19
    71
     9
     4
     0
     0
     7
     0
     0
     3
     5
    54
    50
   106
    21
    15
    23
    65
    35
    14
    38
    10
    30
    28
    21
   148
    27
    43
     0
     5
     3
     0
     0
     0
    10
    89
    93
   100
     8
    25
     7
    22
    14
    24
    18
    17
    33
    12
   155
     9
    21
    39
     0
     0
     0
     0
     4
     0
    26
    83
   107
     5
    49
     8
    10
    35
    40
    19
     2
    15
    22
    98
    96
    48
    30
    28
     5
     0
     3
     0
     0
     0
    14
    45
    64
    99
    34
    20
    32
    19
    33
    15
    26
    10
    23
    12
    14
   150
    26
    40
     0
     0
     8
     0
     0
     0
    31
     9
    80
    53
    17
    30
    28
    24
    25
    27
    22
    14
    11
   205
    28
    51
    34
    10
     0
     5
     0
     0
     6
     0
    65
    71
   135
    51
     9
    21
    44
    62
    12
    68
    23
    36
    18
     0
   161
    21
    33
    29
     1
     0
     0
     0
     0
     0
    66
    58
    69
    87
     3
     5
    18
    23
    11
    26
    26
     6
    25
     6
    62
    15
    36
    19
     0
     0
     1
     0
     7
     0
    25
    32
    58
     1
    12
    47
    13
    20
    46
     7
    26
     5
     9
    10
    45
    10
    20
    13
     0
     7
     0
     0
     0
     6
     2
    95
    53
   107
   151
    65
    48
    50
     5
    29
    32
    17
    24
    21
    63
    65
    21
    20
     5
     0
     5
     0
     0
     0
    71
    53
    23
    51
    20
     2
    22
     2
    13
     1
    16
    37
    68
    31
    21
    58
    71
     4
     0
     0
     0
     0
     0
     0
    59
    11
    21
    83
    30
    25
    11
    25
     3
    23
    30
   153
    21
    11
     0
    30
    29
    51
     4
     0
     0
     0
     7
     0
    31
   107
    89
     6
    22
     6
    11
    17
    26
     4
    21
    16
    62
     5
    51
    20
    19
    15
     0
     0
     0
     0
     0
     2
    12
    30
   170
    75
     8
    25
    21
    39
    23
    17
     9
    12
    19
    27
    34
   107
    12
    14
     0
     0
     0
     0
     0
     3
     9
   105
    65
    87
    19
    16
    16
    75
    11
    10
     4
    19
     3
     8
   131
     8
    27
    19
     0
     0
     0
     0
     3
     0
    24
    24
    95
    59
    36
     8
     9
    17
    75
    44
    12
     4
    23
    15
    21
     2
    13
    32
     0
     0
     0
     6
     2
     0
     2
    17
   140
    49
    77
     9
   155
    15
    20
    22
    18
     9
    39
    53
    10
    92
    17
    31
     2
     0
     0
     0
     0
     3
    26
    12
    62
   135
     6
    59
    25
    17
    11
    38
    14
    66
    22
     9
    65
    36
    29
    23
     0
     0
     0
     7
     0
     0
     5
    57
    49
    24
     3
     7
    25
     8
    19
     9
    51
    20
    45
     7
    88
     2
    81
    18
     0
     0
     0
     0
     0
     0
    38
    45
    99
     2
     6
    24
    21
    28
    51
    23
    10
    27
    29
     0
    10
    88
    57
    21
     0
     0
     0
     0
     0
     0
    13
    65
    13
   143
    30
    31
    53
    15
     2
    13
    17
    42
    16
     8
    57
    17
    21
    21
     0
     0
     0
     4
     0
     0
    22
   105
   104
    33
    54
    12
    14
    64
    79
    31
    13
    24
    65
    14
    40
    46
    14
    11
     0
     0
     0
     0
     0
     0
    21
   106
    72
   103
    13
    19
    35
    22
    17
    11
    18
    21
    12
    10
    60
   339
    56
    25
     0
     6
     6
     0
     0
     1
    23
    10
    49
    48
     9
    28
     8
    42
    14
    14
    63
    15
     6
    15
   152
    47
    30
     5
     0
     0
     0
     3
     0
     0
    14
    53
    54
    13
    20
    25
    23
     5
     0
    20
    13
    32
     5
    33
    11
    90
     5
    18
     2
     0
     0
     3
     0
     0
     6
    28
    29
   110
    19
     5
    16
    47
    66
     5
     7
    23
    40
    16
    23
    89
    11
    12
     8
     0
     0
     0
     0
     0
    16
    13
   121
    16
    26
    22
    62
    14
    14
    26
    52
    20
   164
    25
   197
     8
    15
    87
     0
     0
     3
     0
     0
     0
    13
    97
    61
    43
    67
    48
    67
    15
    35
    27
     7
    15
     7
    60
    54
    17
     5
    39
     1
     0
     0
     0
     0
     0
    13
   137
    55
    81
    60
    12
    25
    12
    12
    25
    19
    57
    17
    24
    49
    21
    31
    39
     8
     0
     2
     6
     0
     0
   104
    28
    57
    99
    30
    20
    12
    22
    17
    59
    18
    17
    13
    21
    72
    10
    26
    17
     0
     0
     6
     5
     0
     3
    60
    16
   100
   102
    49
    11
    19
    16
     3
    34
    23
    10
     5
   174
    20
    63
     5
    13
     0
     0
     0
     0
     0
     3
    19
    53
   131
    20
    24
    16
     6
    21
    34
    13
    13
     9
    17
     7
    27
    97
    20
    18
     0
     0
     0
     0
     6
     0
    30
    58
    39
    85
     2
     6
    15
     6
    13
    93
    19
    14
    14
    20
    56
    60
    13
    12
     0
     0
     0
     0
     0
     0
    16
    60
    94
    26
    27
    19
     8
    26
    20
    30
    21
    12
    38
    24
    16
    24
    55
    16
     1
     0
     7
     0
     0
     0
    40
    36
    48
    53
    68
     8
    76
    31
    10
    29
    31
    45
    26
    12
   109
    31
    66
     3
     0
     0
     5
     6
     0
     5
    18
    18
   102
    22
    20
    14
    35
    63
    25
    73
    42
    17
     9
    18
    66
    65
    23
    35
     7
     0
     0
     0
     0
     0
    50
    20
   114
   102
    11
     2
    21
    24
    21
    31
    19
    58
    33
    49
    56
    99
    17
    34
     0
     0
     0
     4
     0
     0
     8
    39
   102
    36
    21
    22
     6
     5
    18
    22
    30
     8
     7
    10
    84
    59
    26
    15
     1
     0
     0
     0
     0
     0
    21
    69
    56
    94
    19
    19
    35
    22
     5
     9
    11
    27
    21
    11
   167
    22
     4
     6
     0
     0
     0
     0
     0
     0
     3
   111
   150
    25
    13
    29
    65
    36
    50
    37
    21
    33
    11
    13
   154
    19
     6
    28
     0
     0
     0
     0
     0
     0
    50
    50
    33
    48
    17
    34
     9
     4
    11
    14
    22
    13
     9
     2
    15
     9
    66
    24
     0
     0
     0
     0
     0
     2
    27
     9
    63
    22
    30
    18
     4
    13
    18
    19
    25
    10
    79
    63
   201
    34
    14
     5
     4
     0
     0
     7
     0
     0
    10
    69
   124
     9
     9
    10
    33
    28
    22
    16
    14
     7
     7
    47
    15
    59
    20
     9
     7
     0
     3
     9
     0
     0
    23
   162
   135
    15
    17
    34
   155
     3
    15
    15
    32
    14
    25
     5
     6
    31
    61
     6
     0
     0
     0
     0
     3
     0
     5
    46
    11
     6
    54
    11
    13
    28
     5
    47
   143
    11
    14
    18
    15
    79
    41
     8
     0
     3
     0
     0
     6
     0
    58
     8
    57
   136
    42
    11
    21
    34
    30
    16
    18
    18
    17
    26
    12
    51
     9
     6
     0
     5
     4
     0
     0
     0
    19
    47
    66
    14
     8
    13
     4
    19
    12
    22
    24
    29
     6
    19
    17
    14
    21
     6
     1
     0
     0
     0
     0
     7
    55
   150
    21
    90
    29
    15
     9
     3
    14
     8
    14
    38
    17
    13
    52
    61
    21
    35
     0
     0
     0
     0
     7
     3
    31
   101
    96
    57
    52
    12
    11
    15
    21
    22
    28
    61
    20
    57
    18
    54
    14
    20
     0
     0
    10
     0
     4
     6
    31
    62
   207
   148
    48
    16
    21
    38
    28
     6
     9
    56
    33
    20
     6
   101
     8
    23
     0
     0
     0
     0
     0
     0
    58
    29
   130
    90
     8
    17
    35
     1
    19
    27
    13
    25
    19
    45
     7
    25
     6
     4
     0
     0
     0
     0
     0
     0
     2
     9
    15
    95
    25
    26
    54
    12
    22
    29
     6
    53
    27
    14
    54
    69
    32
    12
     2
     0
     0
     0
     0
     0
    11
    28
   139
    15
     8
    14
    21
    52
    19
    20
     2
    18
    22
    15
    57
    21
    11
    14
     0
     0
     0
     0
     0
     0
     1
    63
    34
    56
    21
    18
    26
    27
    10
    15
     2
    15
    11
    14
    52
    13
    14
    27
     0
     0
     0
     0
     2
     4
    11
    13
    52
   107
    20
    21
     2
    31
    20
   161
    12
    18
    31
    14
    65
    10
    10
    13
     0
     0
     3
     0
     0
     6
    29
    42
    96
    81
    18
   150
    25
    21
    45
    26
    19
    36
    47
    41
   143
    44
    11
    68
     0
     4
     0
     0
     0
     0
    39
     6
    54
    16
    26
    46
    19
   159
    12
    60
    29
    67
    18
   164
    41
    13
    94
    35
     0
     0
     0
     1
     0
     0
    12
    47
    11
    86
    41
     8
    12
    19
    20
     9
    13
    24
   150
   152
   134
    62
    17
    18
     0
     0
     0
     0
     0
     4
    25
   128
    58
    13
    11
     8
    12
     9
    12
    24
    11
    14
    24
    24
    49
    50
    35
    20
     0
     0
     0
     0
     0
     0
    14
    69
   113
    63
     2
    20
     4
    15
    20
    18
    12
   168
    15
    14
    21
   153
    15
    12
     0
     0
     0
     0
     0
     0
    35
    99
    15
    87
     1
    28
    60
    17
     3
    35
     9
     1
    20
    15
   229
     9
    10
    17
     0
     0
     0
     0
     0
     4
     1
    24
   104
     8
    20
     1
    12
    15
    56
    14
    22
    10
    19
    26
    21
    46
    13
    16
     0
     5
     0
     2
     0
     0
    34
    52
    82
    19
    11
    12
    16
    19
     7
    17
    12
    21
    30
     8
   234
     5
    17
    34
     0
     0
     6
     0
     0
     0
    45
    33
   182
    47
    36
    54
    69
    17
    10
    24
    27
    13
    47
    63
   208
    17
     6
    23
     0
     0
     0
     6
     0
     1
    19
    43
   107
    51
     6
    16
     9
    20
     4
    15
    22
    20
    18
     6
   107
    16
    29
    22
     0
     0
     0
     0
     0
     7
    30
    56
    31
    48
    13
     4
   155
     0
    21
     6
    17
     9
    17
    34
    33
    22
    16
    17
     0
     0
     0
     0
     0
     0
    11
    55
   138
    45
     9
    49
     7
    10
    15
    66
     7
    16
    18
    39
    65
    12
     4
    10
     0
     0
     0
     2
     0
     1
    19
    11
    63
    19
    29
    16
     4
    13
     9
    23
     6
    55
    14
     4
    71
    33
    25
    15
     0
     0
     0
     0
     0
     0
    26
    69
   106
    16
    19
    12
    16
     2
    55
    23
    18
    11
    30
    12
    19
    94
    10
     4
     0
     0
     0
     0
     0
     0
    43
   164
     1
    75
    14
    20
    52
    16
    12
    49
    16
    25
    26
    42
    14
    54
    79
    18
    11
     0
     0
     8
     0
     3
    14
    21
   140
     8
    15
    17
    37
    25
     3
    64
     6
    53
    30
     7
    11
    97
     5
    73
     0
     6
     0
     0
     0
     0
    39
    20
    54
    41
    16
     2
    26
    16
    14
    22
    10
    20
    18
     3
     3
     9
    12
    28
     2
     0
     0
     0
     0
     0
    11
    70
    60
    96
     8
    31
    32
    21
    21
    12
     3
    15
     2
    51
     3
   143
     8
     9
     0
     8
     0
     0
     0
     8
    12
    31
     5
    69
    18
    19
    11
    12
     6
    59
    29
    10
    21
    17
    36
   166
     6
     6
     3
     0
     0
     1
     0
     0
    15
    26
    91
    62
    31
    12
    18
     3
    28
    11
     0
    39
    63
    12
    51
    21
    10
    23
     0
     0
     1
     0
     0
     0
    12
    29
    61
    46
    18
    26
     2
    28
     6
     7
    48
     7
    84
    55
    56
    24
     1
    31
     0
     3
     2
     3
     0
     0
    17
    61
   216
   101
    14
    39
   163
    75
    11
    28
    33
    23
    29
    42
    72
     3
   161
     9
     2
     0
     0
     0
     0
     0
    49
   140
   179
   182
     7
    24
    46
   164
    31
    20
    37
     8
    17
    35
    65
   120
     5
    20
     0
     0
     0
     0
     2
     4
    16
    64
    92
    17
    38
     7
    12
    16
     1
    10
    11
    17
    10
     8
    16
    10
    65
    25
    10
    10
     0
     0
     0
     5
    26
    48
     8
    35
    28
    32
    53
     7
    14
    24
    17
    72
     8
     2
     4
    48
     7
     8
     0
    13
     0
     0
     0
     0
    21
     8
   144
    63
    13
    21
     2
    21
    15
    17
    50
    35
    19
    11
    39
     7
     8
    27
     0
     0
     0
     0
     0
     0
     6
    49
   127
    29
     7
    41
    16
    12
     4
    18
    10
    32
    38
    24
    67
    17
     6
     9
     0
     3
     0
     0
     0
     6
    22
    29
    86
     3
    14
     0
    27
    62
    63
    10
    48
    21
    31
    31
    11
    47
    65
    12
     0
     0
     0
     4
     8
     0
    14
    32
   187
   108
    16
    19
    49
     4
     6
    40
    67
    29
     0
    49
    68
    58
    14
    24
     0
     0
     3
     0
     0
     0
     4
    36
   127
     9
    38
     6
    11
    17
    24
    14
    16
     0
    48
   171
   117
    33
    26
    16
     0
     0
     0
     0
     0
     0
     0
    60
    54
   105
    25
    27
    77
     9
    14
    14
     1
     2
    34
    61
    55
    92
    10
    17
     0
     0
     2
     0
     0
     0
     3
    12
    82
    15
    26
     5
    20
    16
    19
     9
    13
    24
    10
    11
    11
     3
     7
    10
     0
     0
     0
     0
     0
     0
    32
    56
    48
    54
    15
    13
    13
    35
    20
    18
    74
    15
     8
    12
   151
    63
    40
    23
     3
     1
     0
     0
     3
     2
     4
    81
   134
    12
    14
    19
    22
    14
    34
    33
    20
    15
    15
    49
    15
     7
     0
    10
     0
     2
     0
     0
     0
     0
    25
    43
    65
    52
     6
    11
    69
     7
    13
    30
    13
     2
    51
    15
     7
    61
    12
   145
     8
     0
     0
     7
     0
     6
    28
    48
    99
    51
    61
    73
    14
    19
   162
    26
    21
    22
    30
    16
   176
    18
    57
    23
     0
     0
     0
     0
     0
    11
    57
    41
   138
   132
     9
    24
    27
    12
    60
     9
    21
    12
    54
    42
    11
    16
    28
    23
     0
     0
     0
     0
     2
     0
   106
    98
    60
   103
    69
     5
     2
    29
     0
    61
    34
     9
    15
    16
    23
    27
     6
    28
     8
     0
     0
     0
     0
     0
    22
    50
    41
     2
     4
    25
    28
     0
    15
     7
    34
    12
     6
    15
    32
    12
    59
     8
     0
     0
     0
     0
     0
     0
     7
    62
   131
    49
    19
    18
    14
    17
     4
     6
    16
    24
    62
    20
    97
    40
    14
     4
     0
     0
     0
     0
     0
    18
    20
     5
   100
    84
    27
     4
    41
    18
    18
    11
    21
    10
    15
    48
     4
    32
    10
    20
     0
     0
     1
     0
     0
     0
    19
   134
   170
    13
    70
    18
    18
    35
    14
    11
    10
    20
     4
    16
    16
   144
    11
    64
     0
     0
     4
     0
     9
     0
    13
    16
   133
    25
    24
    20
     9
    14
    50
    13
    43
    12
    16
   190
   163
    14
    19
    13
     0
     1
     5
     4
     0
     5
     7
    85
    39
    78
    22
    11
    17
    20
     4
    30
   191
    31
     9
    66
    42
    24
    14
    37
     0
     0
     0
     1
     0
     0
    15
    21
    86
    54
    18
    13
   166
    31
    10
    22
    19
    18
    12
    10
     9
    95
     6
    48
     1
     0
     0
     7
     5
     0
    18
    60
    85
   100
    45
    10
     6
    29
    21
    40
    12
     9
    40
    69
    50
    29
    23
     0
     0
    13
     0
     0
     0
     0
    16
    69
    99
   112
     5
    42
    58
    16
    23
    16
   141
    28
    17
    11
    80
    47
     7
    13
     0
     0
     0
     1
     0
     0
    29
    54
    58
    60
     5
    18
    16
    18
     5
    29
    30
    34
    54
     2
   109
   107
     3
    18
     0
     0
     0
     0
     0
     0
    16
    44
    10
    45
     0
     6
    43
    70
    17
    11
     5
    13
    17
    28
    15
    15
     3
    29
     0
     0
     6
     0
     0
     1
    35
    47
    57
    67
     5
    14
    22
    21
    30
    55
    13
    15
   192
     7
    27
     6
    27
     5
     5
     3
     1
     0
     0
     0
    25
   100
    99
    57
    21
    22
    21
     6
    21
     6
    17
    23
     1
    21
    14
    26
    11
    42
     0
     0
     7
     0
    10
     0
    11
    90
    52
    16
    18
    37
     0
    20
     5
    13
    13
    18
    32
    15
     1
    42
    15
    11
     0
     2
     0
     8
     0
     0
    11
    96
   177
    24
    42
    31
    23
     9
    24
    30
    23
     8
     9
    35
    72
     6
    10
    20
     0
     4
     0
     0
     1
     0
    23
   118
    54
    26
    19
    20
    18
     4
    34
    10
    11
    60
     7
    12
     4
    14
    63
    53
     6
     0
     5
     0
     5
     0
     6
     7
    56
   132
    18
     8
     6
     9
    16
     5
    13
     7
    19
    10
    25
   129
     6
     9
     5
     0
     0
     7
     0
     5
    14
    77
    16
    53
    19
     5
    22
   156
    27
    13
    18
    29
    48
    13
    44
   144
     0
    13
     0
     0
     0
     5
     0
     0
    11
    59
    64
    44
    19
    20
    37
    12
    19
    12
    12
    22
    18
   198
   138
    23
    14
    14
     0
     0
     0
     0
     0
     0
    19
    68
     5
   100
    39
    22
     8
     6
    75
     8
    51
    14
    30
    12
    24
    26
     0
    54
     0
     0
     0
     0
     0
     2
     7
   113
   166
    99
    63
    72
    20
    18
     0
    10
    14
     9
   205
    24
    32
    56
    14
    20
     1
     6
     0
     0
     0
     3
    20
    73
    56
    53
    36
    28
    44
    16
    21
    13
    15
    13
    12
     8
    14
    50
    25
    30
     0
     0
     0
     0
     0
     0
    25
    51
    22
    24
    25
     9
    14
    13
    18
    14
    10
    18
    26
     4
     3
    34
    53
     6
     0
     0
     3
     0
     0
     0
    49
    26
    47
    90
    23
    24
    99
    29
    30
    12
     8
    16
    21
    69
    20
    15
    25
    56
     0
     0
     0
     9
     0
     0
    10
   115
    56
    59
     6
     5
     1
     4
    13
    31
    12
    11
    11
    49
    42
    48
    25
    21
     2
     0
     5
     0
     0
     5
   105
    19
   168
   139
     2
    23
    30
    33
    24
    22
     3
    49
    73
    61
   160
    48
    68
    14
     0
     0
     0
     0
     0
     0
    15
    88
   142
    46
    20
    89
    15
    22
     0
     4
    14
    26
    25
   163
   151
    32
    29
    22
     0
     0
     0
     0
     0
     0
    15
    62
    53
    18
    14
    11
    25
    15
    23
     7
    13
     9
    16
    10
   152
   143
    27
    23
     0
     0
     0
     0
     0
     0
    75
    66
   131
     2
    15
     6
    17
    13
    10
    29
    21
    54
     8
     8
     9
    59
     9
    23
     0
     0
     0
     0
     0
     0
    29
    10
    56
    28
    19
    98
     8
    15
     9
     7
     4
    22
    21
    12
    54
   194
    16
    12
     0
     0
     6
     9
     0
     0
    19
     0
   130
     7
     8
    23
    13
     6
    33
     7
    63
    50
    58
     1
    14
     7
     8
    13
     0
     0
     0
     0
     0
    16
    15
    32
    58
    80
     2
    14
    10
     3
    55
     4
    14
     3
    11
    23
    31
    18
     5
    42
     0
     0
     0
     0
     9
     0
     5
    64
    47
    24
   167
    24
    67
    51
    24
    15
    16
    40
     5
   169
    18
    17
    17
    16
     4
     0
     0
     3
     0
     3
    64
    98
    59
    13
    10
    22
    15
    12
    20
    23
    21
    23
     3
    15
    96
    17
    19
     4
     6
     0
     5
     0
     0
     0
    27
     0
    61
     5
    31
     5
    66
    20
    37
    61
    17
     9
    28
   133
    10
     6
    48
    14
     0
     0
     0
     9
     2
     0
    15
    61
    66
    44
     8
    12
    12
    18
    21
    12
    27
    18
    28
     6
     3
    14
     1
    15
    11
     4
     0
     0
     0
     0
    17
     0
   113
    27
     5
    22
     9
    17
    26
    18
    29
    77
    12
   155
    10
    10
     8
    30
     0
     0
     0
     0
     2
     0
    11
    52
   221
    96
    42
    18
     4
    21
    22
    11
    49
    32
    27
    20
     6
    14
     8
    16
     0
     0
     0
     0
     0
     0
    72
    23
    25
   103
    10
     6
     3
    19
    18
    14
    10
    13
    21
   160
    42
    63
    29
     5
     3
     2
     0
     0
     0
     2
    14
    41
   163
    70
    16
    21
    18
    14
    23
    15
    60
    10
    22
    64
    62
    44
    26
    15
     3
     0
     0
     0
     1
    15
     4
    49
    18
    35
    30
     6
    19
    12
     9
    12
    11
    24
     7
    12
    27
    65
    15
    15
     0
     0
     0
     0
     0
     0
    23
     3
    48
    32
    11
    12
    10
    25
     6
     5
    23
    23
    22
    95
    20
    50
     0
    54
     0
     4
     3
     0
     0
     0
    16
    95
    22
    10
    14
    54
     0
     8
    20
    18
     2
    14
    10
    14
    23
     8
     9
    34
     0
     0
     0
     7
     0
     0
    16
    24
    62
    50
    24
     6
    12
    38
     7
    19
    67
    46
    13
    16
    21
    39
     9
    14
     0
     0
     0
     0
     0
     0
    18
    15
    13
   134
    20
    22
    10
    13
     7
    21
    21
    18
    30
    26
    49
    14
    58
     4
     0
     0
     9
     0
     0
     0
     5
    24
    60
    13
    10
    19
    16
    18
     2
    59
    46
    10
     9
    20
    33
    17
     4
    26
     0
     2
     0
     0
     0
     0
     0
   131
     5
   114
    14
    14
    12
     5
    15
   232
    64
    32
    30
    56
    45
    92
    19
     2
     0
     0
     2
     0
     0
     0
    62
   141
    56
   132
    17
    13
    29
    14
     6
    16
    21
    27
    22
    63
   153
    61
    51
    23
     0
     0
     3
     0
     0
     0
    13
    46
    21
    58
     2
    25
    25
    14
     8
   198
     4
    12
     6
    48
   148
    16
    10
    72
     0
     0
     0
     0
     0
     0
    23
    41
    71
    59
    10
     8
     6
    19
    10
    11
    58
     6
     6
    14
   150
    51
    24
    19
     0
     2
     0
     0
     0
     0
    20
    34
   105
    10
    35
     1
    13
    15
     8
     3
    14
     4
    51
    24
     7
    77
     4
    35
     0
     2
     0
     0
     1
     0
    19
    36
    25
    71
    23
     1
    28
    12
     0
    10
    18
    55
    15
    15
    11
   135
    38
    36
     6
     0
     0
     0
     0
     7
    28
    20
    42
     3
     6
    11
    10
    46
    29
    10
    11
     5
    25
    11
     8
    25
    21
    16
     0
     0
     0
     0
     1
     0
    27
    43
    98
   227
    22
     6
    12
     7
    14
    37
    24
    56
     8
    14
    90
    60
    16
    24
     0
     0
     6
     0
     0
     0
     9
    51
    57
    34
    31
    36
    21
    73
    33
    59
    17
    31
     8
    11
    58
    94
     6
    14
     5
     0
     0
     0
     0
     0
    47
    10
    93
     0
    16
   153
    35
     8
    41
    18
    12
    15
    50
    23
     7
    59
    24
     0
     0
     0
     0
     0
     0
     0
    15
    28
   100
     4
    26
    11
    71
    10
     7
     9
    12
    17
    27
     8
   120
    18
    14
    31
     6
     0
     0
     0
     0
     0
    53
    50
    31
    59
    22
    59
    36
    20
    59
    12
    20
    16
    11
    59
    46
     5
    26
     6
     0
     0
    10
     0
     0
     6
    24
    13
    12
    57
    11
    29
    15
     0
    19
    67
    16
     7
    17
    11
     8
    89
    16
    65
     0
     0
     0
     0
     0
     7
   107
   103
   134
    17
    14
    45
    22
    10
    23
    25
     8
     7
    15
     6
    12
    35
     8
    13
     8
     4
     0
     0
     0
     4
    30
    17
     3
     9
     3
    62
    18
    21
     9
    20
    13
    31
    14
    39
    67
    80
    10
    21
     0
     0
     0
     0
     0
     0
    38
    58
    45
    44
    21
    23
    32
    65
    98
   157
    10
    14
    12
   159
   121
    35
    28
    32
     0
     0
     6
     0
     0
     0
    21
    65
    57
     2
    10
    11
     3
    13
    38
     8
    28
    23
   153
     7
    19
    11
     8
    10
     0
     0
     0
     0
    14
     0
     2
    52
    51
    53
    14
    19
     7
    40
    22
     0
    13
    27
    28
    29
     7
    66
    18
    49
     8
     0
     0
     0
     3
     0
     9
   108
   164
     1
     5
    19
    28
     8
     5
    16
    11
    11
    14
     6
    15
   200
    16
    19
     0
     0
     2
     1
     0
     0
    14
    60
   117
    51
    12
    26
    14
    24
    18
    13
    43
    13
    25
    15
    14
    11
    31
    11
     4
     0
     0
     7
     0
     0
     3
     7
   116
    20
    70
    18
    13
     8
    29
   161
    16
     8
    22
    25
     1
    93
    10
    51
     0
     0
     3
     3
     0
     0
    28
    24
   169
    59
    22
    25
    60
     1
   151
     9
    22
    38
    31
    23
   186
    19
    22
    26
     2
     0
     0
     0
     0
     0
    47
     9
    99
   108
    13
    27
    12
    73
    11
    12
   181
    16
    19
    85
    72
    41
    23
    22
    12
     0
     0
     2
     1
     0
     3
    90
    63
    54
    14
     7
    23
    34
    18
     4
    12
    13
    20
    12
    22
     5
    10
     3
     0
     0
     0
     0
     0
     0
     4
    62
   116
    40
    21
    18
    11
    59
    19
    26
     7
    49
     4
    67
     9
    13
    25
    20
     2
     0
     0
     0
     0
     7
    19
    23
    32
    90
    12
    11
     2
     7
    11
     3
    52
     7
    10
    56
    99
    14
     5
    15
     0
     0
     0
     0
     9
     0
    37
   136
   149
    33
    11
     4
    10
     6
    28
    30
    26
    14
    22
     9
    44
    43
     9
    13
     0
     0
     0
     0
     0
     0
     2
   103
   216
    40
     8
     1
     5
    25
     2
     8
     8
     2
     2
    53
    56
    32
    16
    25
     0
     0
     0
     0
     0
     0
    74
   148
    14
    22
    26
    14
    15
     9
     8
    13
    11
    45
    11
    16
    31
    36
   155
     1
     0
     0
     0
     0
     2
     0
    10
    48
   102
    31
    16
    21
    49
    13
    21
     9
    22
    11
    27
    19
     9
     9
    14
    14
     1
     3
     0
     0
     0
     0
     5
    53
    86
    46
    21
     8
    22
    16
    32
     7
    39
    18
    13
   199
     6
     7
    10
    16
     0
     0
     0
     0
     0
     0
    11
    16
    98
     4
     1
    13
     9
    15
    47
    12
    14
    24
    30
     8
     8
    18
     2
    31
     5
     2
     0
     0
     0
     0
     0
    89
    68
    43
    17
    36
     2
    10
    19
    19
    35
     7
     9
    53
    10
    56
    59
     0
     0
     0
     0
     0
     0
     0
     8
    60
   105
    99
    14
     8
   169
     5
     3
    11
     7
     7
    61
     0
    89
    49
    61
    15
     7
     0
     0
     0
     5
     0
    14
   131
    85
    49
    26
    12
    51
     0
    12
    21
    10
     9
    29
    21
    14
    17
    15
    27
     6
     1
     0
     0
     0
     6
    24
    95
    44
     4
    21
    18
     3
    16
    23
    26
    35
     8
    33
    18
    23
    14
    21
    46
     0
     0
     0
     0
     1
     1
     2
    33
    10
     5
     4
   174
    19
    69
     2
    26
    62
    20
    34
    27
    20
   155
    33
     3
     0
     0
     9
     0
     4
     0
    17
    46
    61
   118
    21
     0
     4
    21
     2
    11
    58
    11
    11
    28
    32
     6
     0
    14
     4
     1
     0
     2
     0
     0
    50
    64
    20
    56
     7
    19
     4
    13
    16
    19
     9
    19
    46
    80
   195
    47
     6
    21
     2
     4
     0
     0
     0
     3
     2
    20
    21
   173
    18
    14
    14
     3
    21
    57
    17
    12
   100
    13
    20
    94
    11
    17
     0
     0
     0
     0
     0
     0
    20
   140
    60
   103
    11
     4
    15
     7
   161
     7
     9
    45
    25
    53
     7
    82
    68
    20
     0
     0
     0
     0
     4
     7
     9
   200
   140
   123
    20
    14
     8
    12
    10
    18
    16
    89
     9
    10
    16
    14
    32
    13
     5
     0
     0
     2
     3
     2
    16
    65
   236
    34
     9
    73
     4
    17
    19
    10
    20
    12
    17
    22
    53
    50
    32
    13
     0
     7
     3
     0
     0
    11
    29
    14
    84
    60
     9
    19
    23
    12
    21
     6
    26
    10
    15
    39
    24
    15
    19
    29
     0
     2
     0
     0
     0
     0
    60
     9
    91
    84
    16
    14
    42
     4
     5
     6
     4
    18
    11
    10
    20
    90
     7
    47
     0
     0
     0
     0
     0
     0
    20
    61
   110
    11
    17
     9
    25
    16
     7
    14
    32
     1
    27
    35
     7
     8
    52
    11
     0
     2
     0
     0
     0
     0
    10
    44
    10
    29
    15
    19
     7
    11
     4
    22
    44
     5
     5
    14
    15
     9
    23
    96
     0
     0
     0
     0
     2
     0
    14
    46
    14
   138
    29
    26
     0
    11
     7
    24
   166
    12
    18
    12
    14
     7
    20
    27
     7
     0
     0
     0
     0
     0
    12
   111
    98
    36
    23
     9
     8
     9
    15
    21
    19
    19
    30
    19
    12
     9
    14
    25
     0
     3
     0
     2
     3
     0
    22
    47
    43
    21
    26
    26
    26
    24
    16
    20
    23
    13
    58
   159
    19
    49
     3
    62
    10
     0
     0
     0
     0
     0
    59
    60
    47
    18
    22
    16
    22
    32
    15
    67
    25
    13
    16
    15
    31
    39
    13
    14
     0
     0
     1
     0
     0
     0
    51
     1
    87
    58
    12
     8
     9
     7
    11
    14
    16
   154
    30
    22
     6
    17
    34
    15
     0
     0
     0
     0
     0
     8
    11
    97
   175
    23
    18
    12
     9
    24
     8
    13
     4
     9
     1
    32
    57
    58
    13
    53
     0
     3
     6
     4
     0
     0
    29
    36
    87
    20
     9
    29
    37
    16
     0
     0
    22
     7
     7
     6
   125
     4
     0
    20
     2
     0
     0
     0
     0
     0
    13
   117
   134
   115
     3
     8
    15
    21
    65
    28
    76
    21
    18
    46
    11
    56
     7
    17
     0
     0
     0
     0
     0
     0
    17
    26
     1
    50
     8
    24
    15
     8
    47
    15
    15
    12
     9
    22
    53
    21
     1
    11
     0
     5
     0
     0
     0
     0
    30
    37
    21
   134
    24
    17
    31
    60
    18
     4
    54
    20
    28
    17
    62
    28
     4
    12
     0
     0
     0
     6
     0
     0
    29
    21
   171
    75
     8
    16
    16
    26
    10
    23
    17
    25
    23
    50
    58
    58
    68
    25
     0
     0
     0
    10
     0
     0
    18
    68
   100
    19
     8
    15
    10
    23
    16
    50
   176
    18
    21
    18
     8
    11
    15
    61
     0
     0
     0
     0
     1
     0
    40
    47
     5
    18
    19
    11
    11
    12
    14
    15
    23
    14
    23
    49
    22
    27
    11
    12
     0
     0
     0
     0
     0
     0
    14
    12
   102
    58
     3
    11
     0
    22
    12
     8
    16
    16
   156
   151
    60
    55
    13
    11
     0
     0
     0
     0
     6
     0
    15
    60
    44
    55
    25
    25
     4
     6
    13
    16
    50
    28
    15
     0
    25
    16
    16
    17
     4
     0
     0
     0
     0
     0
    10
   111
    69
    10
    55
    10
    29
     8
    58
    51
    15
    14
    59
    34
    24
     8
    32
    54
     3
     0
     0
     0
     0
     8
   102
    52
   106
    10
    32
    11
    16
    13
    32
    20
    27
    30
    14
    24
    33
    77
    54
     7
     0
     0
     0
     0
     0
     0
    16
    51
    83
    95
    11
    43
    15
     6
    15
    12
    22
    32
    28
    10
    16
    24
    12
    30
     0
     0
     0
     0
     2
     0
    21
   100
    58
    27
     8
    48
    29
    17
    21
     5
    61
    14
    11
    22
   155
    58
    23
    14
     0
     0
     0
     0
     1
     0
     1
    80
     9
    57
    39
    17
     9
     2
    44
    22
    19
    23
     5
    12
    16
    62
     8
    10
     0
     2
     0
     0
     6
     0
    25
    50
    44
    58
    19
    11
     9
     9
   160
    73
    29
    11
    53
    25
    32
    56
    62
    14
     0
     0
     0
     0
     2
     0
    20
    66
    92
    15
   104
    16
    62
    25
     3
    67
    11
     4
    19
     8
    90
    62
    22
    11
     0
     0
     0
     0
     0
     0
    49
    74
    94
    97
    53
    31
    26
    18
    32
    47
     8
     9
     7
    17
   182
    85
    20
    26
     0
     1
     0
     0
     0
     0
    19
    53
    45
    72
    17
    27
    32
    14
    31
     3
    22
    23
    34
    61
    98
    75
    29
    13
     0
     2
     4
     7
     0
     0
    15
     7
    62
    57
     9
    26
    23
    12
    14
    12
    10
    29
    22
    16
    48
     6
    46
     9
     0
     6
     0
     0
     0
     0
    16
   141
    16
    83
    23
    20
    56
     6
    14
    90
    16
    28
    10
     7
   107
    21
    37
    15
     0
     0
     0
     8
     0
     0
    34
    45
     4
   115
    25
    27
     0
    33
    31
     9
    34
    52
    22
    14
    55
     9
    47
     9
     0
     0
     0
     2
     0
     0
    14
   197
     2
    51
    23
    45
    10
    14
    13
    12
     8
     4
    18
   104
    11
    18
     5
    13
     0
     0
     0
     5
     0
     0
     0
    21
   124
   179
     8
    45
    19
    48
     5
    37
     1
    11
    22
    38
    16
     9
     2
    22
    33
     0
     0
     0
     0
     0
     0
    12
    56
    18
     5
    49
    19
    16
     5
   150
    49
     3
     8
    34
    13
    52
    65
    15
    17
     0
     0
     1
     0
     0
     0
    26
    12
    18
   103
     5
    39
    34
    16
    14
    11
    28
    29
    38
    18
    44
    55
    16
    51
     0
     0
     3
     7
     0
     0
    47
    47
    95
    69
    20
    14
    26
     5
    45
    18
    19
    10
    16
    33
    16
    58
    59
    23
     0
    16
     0
     0
     0
     0
    41
    23
   122
    12
    29
    18
     7
     7
     8
     7
    19
     7
    12
     8
    58
     5
    10
    27
     1
     0
     0
     0
     0
     2
    13
    24
    68
    58
    15
    12
     9
    12
     5
    31
    17
    11
    13
    25
    16
   197
    56
    21
     0
     0
     0
     4
     0
     0
    65
     7
    43
     9
    19
    19
    10
    30
    66
    18
     1
    31
     6
     7
    55
     3
    55
     5
     0
     0
     3
     0
     0
     0
    20
    87
    11
     8
    10
    13
    16
    12
    23
    16
     8
    19
    18
    14
    15
    15
     7
    14
     0
     0
     0
     0
     1
     0
    32
    15
    54
    43
    10
    15
    62
    20
    13
    22
    14
    22
     9
    19
    38
     9
    30
    20
     0
     0
     0
     0
     0
     0
     3
   103
   138
    23
    28
     9
    25
    16
     7
    14
    21
    21
    14
     8
    11
    32
    20
     7
     4
     2
     3
     2
     0
     1
    19
    62
   139
    63
    17
    21
    25
     3
    32
    44
    12
    18
    38
    32
    69
    36
    19
    21
     0
     0
     0
     2
     0
     0
    48
     2
    46
    95
     7
     7
    16
    15
   166
    22
    13
     4
    34
    14
    14
    88
     6
    40
     0
     0
     0
     0
     0
     0
    33
    44
   103
    28
    15
    15
    46
    24
    19
     0
    33
    34
    62
    32
    44
    10
    77
    44
     0
     0
     0
     0
     0
     0
    20
    21
    93
     2
     2
    57
    16
    24
     8
    17
     7
    94
    22
    25
   102
    17
    18
    38
     0
     0
     0
     0
     0
     0
     4
    49
   154
    24
    14
    48
    15
    15
    25
     8
    27
    13
    51
     8
    13
    16
    83
    14
     0
     0
     0
     0
     5
     0
    22
    16
   141
    47
    12
    16
    25
    26
    26
    16
     0
    18
     9
    18
    50
    54
    28
    21
     0
     0
     0
     0
     5
     0
    72
    50
    51
    65
    25
     6
    23
    24
     8
    30
   148
    24
    47
    12
   147
    77
    14
    66
     5
     2
     0
     7
     0
     0
     2
    94
    56
    80
    82
    33
    16
    25
     6
    19
    31
    43
     1
    56
    66
    32
    28
    24
     0
     0
     0
     8
     1
     0
    19
    58
   179
    24
    23
    22
    10
    30
     9
     6
    14
    65
    14
     4
     4
    32
    49
    20
     0
     0
     2
     2
     0
     0
     8
   174
    65
    82
    23
    30
    37
    31
     2
    63
     5
    34
   215
    17
    14
    19
     8
    24
     0
     0
     0
     0
     0
     0
    56
    56
    76
    10
    29
    22
     0
    18
    58
    29
    31
    98
    38
     9
    94
    44
    17
    30
     0
     0
     0
     0
     0
     0
    19
    48
    13
   115
     6
    18
    30
     7
    10
    51
    65
     5
    51
    22
   137
    74
    13
    13
     8
     0
     3
     0
     0
     0
    59
    10
    71
    34
    19
    11
    26
     9
     7
     3
   144
    47
    21
    18
    34
    53
    19
    61
     0
     3
     0
     4
     0
     0
    61
    38
    93
     5
    25
    27
    21
     6
    10
    22
     9
    27
    20
    12
    22
    61
    14
    12
     3
     0
     0
     0
     3
     0
    47
    53
    42
   117
    50
    72
    14
    19
    10
    22
    45
    22
    10
    28
     8
   162
    18
    24
     0
     4
     0
     0
     0
     4
     9
    44
   141
     5
     8
     4
    67
    37
    31
   118
    44
     5
    63
    10
    20
    96
    23
    14
     0
     1
     5
     0
     1
     0
    20
    87
    25
   106
    18
     4
     8
     4
    26
    13
    30
     2
    14
    18
    60
    50
    13
    17
     2
     0
     0
     0
     0
     0
    11
    43
    55
   132
    27
    23
    91
    32
    12
    29
    22
    12
    15
     8
    63
    12
    27
    10
     0
     0
     6
     0
     0
     0
    56
    49
   114
    21
    42
    54
    15
    25
    11
    18
     7
    29
    27
   152
   112
    19
    51
    35
     0
     0
     0
     0
     0
     0
    38
    46
    32
    43
    12
     2
    25
    34
    48
     8
    16
    15
    10
    10
    18
     7
    19
    25
     2
     0
     7
     0
     0
     0
    22
    81
   115
    41
    12
    11
    13
    23
    18
    25
    25
    15
    18
     7
    23
    64
    13
    19
     0
     0
     0
     0
     6
     4
     5
    72
   229
    30
    28
    19
    11
    38
    50
    11
    27
    13
     8
    28
    55
    14
    36
    21
     9
     5
     0
     0
     1
     8
    22
    60
    49
    45
     9
    13
    43
    29
     8
    24
    16
    12
    45
    27
    24
   104
    57
     0
     0
     0
     2
     0
     0
     0
    22
    14
    86
    60
    52
     2
    30
     3
    16
    38
     4
    17
    24
    24
    13
    11
     3
    17
     0
     0
     0
     0
     9
     0
     4
    10
    26
   189
    21
    20
    14
    20
    10
    23
    27
     6
    28
    66
    23
    16
    68
    31
     8
     0
     0
     0
     0
     5
    11
    48
     5
    36
    33
    19
    24
    25
    10
    17
    31
    20
    36
     4
     3
     5
    18
     8
     0
     0
     0
     0
     8
     0
    12
    46
    57
    61
     4
     8
    77
    32
     2
    13
    10
    35
    25
   153
    23
     9
     6
    50
     0
     0
     0
     0
     0
     0
    23
    73
    98
    18
    43
    32
    12
    44
    20
    26
    18
    21
    19
    21
    57
    15
    23
    31
     0
     0
     8
     0
     0
     0
     2
    52
    39
   127
     9
    19
    11
    16
    39
    22
    21
    27
     5
     7
    64
    15
    22
    16
     0
     0
     0
     0
     0
     0
    50
    86
   212
     9
    12
    21
    23
    20
     4
    18
    24
    11
    18
     4
    18
    38
    29
   140
     0
     0
     0
     0
     1
     0
    64
    54
   306
    24
    10
   159
    20
    11
    25
    22
    56
    13
    41
     7
    41
    17
     7
    18
     0
     2
     0
     0
     0
     0
    12
    59
    17
    56
    16
    16
    27
    12
    27
    64
    34
    10
    14
    52
    30
     7
     6
    39
     0
     0
     0
     0
     0
     0
    56
    24
    65
   104
    18
    27
    14
     4
    13
    31
    63
    28
     2
    11
   121
    53
    10
    17
     0
     0
     0
     0
     0
     0
    13
    78
   166
     9
    16
    16
    24
     9
    53
    15
    14
    44
    26
    38
   124
    17
    33
    28
     1
     0
     1
     4
     0
     0
    13
    52
   185
    57
    17
    28
    12
    16
    35
     7
     8
   160
    17
    11
    27
   157
    10
    22
     0
     0
     0
     0
     8
     0
    16
    23
   174
   168
    26
    16
    18
    54
     9
    31
    16
    27
    16
    46
    24
   206
    50
     8
     4
     0
     0
     3
     0
     0
    32
    98
   124
    64
    18
    20
    18
    43
    23
    63
    15
    70
    55
    39
   155
    21
    10
     4
     4
    13
     0
     0
     7
     3
    13
   144
   199
    33
    42
    14
    16
     1
     4
     6
    39
    60
    22
   278
     3
    17
     8
    12
    12
     2
     0
     0
     0
     0
    38
    11
    92
    20
     8
    22
     2
    26
    16
    22
    13
    11
    61
     6
   215
    20
    11
    63
     0
     3
     3
     5
     7
     3
     6
    64
     8
    66
    46
    12
    13
    13
    20
    16
    55
    12
    25
    29
    57
    30
    21
    32
     0
     0
     0
     0
     0
     0
    19
   112
   165
    24
    19
     9
    16
     6
    18
    80
    10
    14
    34
    14
   106
    88
    38
    61
     2
     0
     0
     6
     3
     0
    64
   101
    30
   156
    55
    14
    16
    28
    69
    41
   162
    18
    53
    35
    45
   158
    72
    20
     0
     0
     8
     0
     0
     0
    67
   100
    58
    68
    65
    37
    19
    22
    24
   156
    39
    65
    28
     9
    19
    62
    13
     6
     0
     0
     5
     0
     0
     0
    60
    44
   140
     7
    24
    14
     4
    21
    50
    17
    29
    21
     1
    27
   214
    14
     2
    26
     0
     0
     3
     0
     0
     0
    19
   108
   215
    56
    26
    30
    13
     3
    21
    30
    26
    11
    63
    11
   153
    31
     6
    24
     0
     0
     0
     1
     0
     0
    17
    23
    94
   134
    13
    20
    24
    18
    36
     7
    55
    41
    18
    38
    15
   199
    15
    23
     6
     0
     0
     0
     0
     3
    47
   125
    56
    76
    17
     6
    22
    11
    16
    28
    38
     8
     4
    69
    58
     5
     7
    13
     0
     0
     0
     0
     0
     0
    17
    54
   101
    76
    20
    29
    16
   161
    15
    94
    24
     0
    14
    39
    26
    10
    56
    69
     0
     0
     0
     0
     0
     0
    11
    54
    82
    30
    29
    16
    22
    38
    28
   155
    14
    18
    25
    19
    13
   136
    14
    19
     0
     0
     0
     0
     0
     0
    11
    92
    39
     8
     8
    25
    85
    40
    21
    25
    39
    24
    12
    64
    68
    23
    27
    43
     0
     0
     0
     0
     0
     2
     9
     9
   139
    99
    14
    17
    11
    28
    95
    94
    24
     4
    19
    13
    12
   163
    17
     0
     0
