     3
     8
     3
     0
     0
     0
    47
    40
    12
    15
    47
     8
    23
    11
    15
    12
    12
     4
     4
    35
    14
    13
    24
     0
     0
     0
     0
     7
     0
    98
    10
   140
    17
    10
     2
     4
     6
    19
    12
     0
     7
     8
    12
    11
     9
     5
    12
     0
     0
     0
     0
     0
     0
    42
     0
     8
    49
     7
    20
    18
     8
    22
     0
    16
    22
    10
     9
    44
    12
    21
     0
     0
     0
     0
     0
     0
     0
    25
    12
    40
    49
    18
    43
     8
     2
     0
    16
    25
    31
    12
    17
    13
     6
    19
    12
     0
     0
     0
     0
     0
     0
     7
    26
     1
    50
     6
     0
    14
    11
    11
     5
     9
    23
     5
    48
    54
    56
    14
    49
     6
     0
     5
     0
     4
     9
    15
    40
   176
    29
    27
     7
    54
    17
    18
     8
     9
     8
    12
    47
     5
    20
     9
     6
     0
     0
     0
     0
     0
     0
    21
   111
    34
   129
    12
    16
    24
    24
     1
     5
    19
    22
    14
    10
    51
    46
    17
    15
     0
     0
     0
     0
     0
     0
     5
    52
    83
     8
    20
    10
    22
    10
    13
    10
    11
    18
    16
     5
    59
    47
    20
    14
     0
     0
     0
     0
     0
     0
     8
    49
    62
    15
     7
   157
     7
    15
     4
    19
    48
    47
    31
    18
   131
     3
    14
     1
     0
     0
     0
     0
     7
     5
     9
    65
    87
    13
     4
    12
     6
     1
    19
   152
     9
    23
    15
     8
   151
    55
     7
    15
     9
     0
     0
     4
     0
     0
    74
    56
    13
     4
    13
    12
     5
    19
   148
     2
     6
   147
    19
    12
     0
    88
    20
    27
     0
     0
     0
     6
     0
     0
     5
    71
    51
     0
    19
    12
    22
    55
     6
     0
     8
     0
    90
     9
     5
     3
     2
     7
     0
     1
     0
     0
     0
     0
    24
    46
    54
    88
    19
    20
     3
    57
    32
     6
    50
    21
     3
    41
    46
     6
    13
     3
     0
     0
     0
     3
     0
     0
    13
    12
    32
    52
    14
     8
     6
     5
    17
    12
    24
    15
    56
     5
   145
    29
    15
    43
     0
     0
     2
     0
     0
     0
    34
    59
   137
    58
     4
     6
     6
     8
    23
    20
    32
     9
    11
    12
    35
    83
    22
     9
    13
     0
     0
     0
     6
     0
     8
    19
    48
    14
    75
    14
    34
    20
     8
    14
    22
     6
    12
     1
    11
     6
     9
     0
     0
     3
     0
     0
     0
     0
    10
    54
    61
     2
    20
     4
   142
    11
    49
    14
    13
     8
    20
     2
     3
     0
    13
     1
     7
     0
     0
     0
     5
     0
    20
     5
    45
    48
    15
     4
    43
    13
    14
     9
    40
    11
   157
   107
    22
     6
    40
     2
     0
     0
     0
     4
     0
     0
    18
     0
    49
    65
     7
    44
    21
    14
     3
    20
     7
     7
    30
    22
    22
    20
     2
    45
     0
     0
     0
     0
     0
     4
    15
    43
    57
    63
    25
     2
    96
    12
    32
    30
     6
    25
     1
     9
    16
    53
    19
    47
     0
     0
     0
     0
     0
     4
     6
    51
   121
    41
    43
    33
    31
     0
    24
    11
    60
     0
    50
    15
    52
    54
     5
     5
     0
     0
     0
     5
     0
     0
     2
   121
    52
    18
     4
    32
    12
     5
    15
     0
    21
     5
     8
    13
    57
    70
    12
     9
     0
     0
     0
     0
     0
     0
    12
    53
    10
    20
    15
    16
     8
     5
     7
    42
     8
     1
     9
     8
     8
    49
     6
    17
     0
     4
     0
     0
     0
     8
     5
    38
   177
    10
    19
     8
     1
    11
    12
    12
    11
     9
    15
    62
     5
    25
    17
     4
     0
     0
     0
     6
     1
     0
     6
    66
     0
    48
    15
     1
     3
    18
    12
    10
    20
    23
    20
     4
    11
     8
    16
    11
     0
     0
     6
     6
     0
     0
     5
    15
     7
    77
    15
     2
    18
     8
    13
     1
    15
    27
    50
     0
    12
    15
    18
     3
     0
     0
     0
     8
     5
     0
    52
    60
    27
    17
    18
    11
    21
    16
    57
     0
     4
    56
   148
   150
     6
    25
    14
    16
     0
     0
     0
     0
     0
     0
     0
    54
    14
    61
    16
   153
    50
    22
     8
    11
     3
     5
     4
   107
    11
    10
     7
    26
     0
     0
     0
     0
     2
     0
    10
    42
     7
     6
    13
     9
     4
    26
    14
    15
     3
    17
    29
     8
     9
     8
    67
     8
     6
     1
     0
     5
     0
     0
    11
    66
    17
    61
    10
     7
    64
    13
    14
     7
    12
    12
    19
    34
    14
    46
     1
    19
     0
     0
     0
     1
     0
     0
    25
    63
    65
   135
    19
    26
    11
     0
    12
     4
    25
    50
    16
     8
    66
    53
     4
    10
     0
     0
     0
     5
     0
     0
    50
    20
    82
    13
     9
    24
    21
    21
     4
    20
    21
    23
    10
    14
     5
    19
    22
     8
     0
     0
     0
     0
     0
     0
     5
    41
   138
     3
     0
    19
    20
     8
    19
    14
     3
    10
     9
     4
     2
    48
     1
    11
     0
     7
     0
     0
     5
     1
    23
   116
   161
    54
    11
     3
    17
     0
     4
     1
    55
   153
    26
   165
     2
     1
     3
    61
     0
     0
     7
     0
     0
     5
    17
    43
    32
    16
    47
   152
    20
    51
     5
    11
    59
    18
    31
    13
    10
    46
    20
    22
     0
     0
     0
     0
     0
     0
   107
    48
    50
    48
    15
    22
    17
     9
     5
    12
     9
     3
    22
    17
     8
    20
    52
    15
     5
     0
     0
     8
     7
     0
     1
    16
    47
    11
    27
     7
    28
     9
    11
     4
    26
     5
     4
     6
     1
    23
    56
    20
     0
     0
     0
     0
     0
     0
    17
    11
     7
     7
    19
    16
    28
     2
    18
     7
     6
     6
    13
    18
    60
     6
     0
     9
     0
     0
     0
     0
     0
     0
    21
    19
    60
    20
     0
    15
    12
    43
    23
    25
    15
    19
     8
    12
    48
    44
     3
     7
     0
     2
     0
     0
     0
     0
    12
    47
   134
    10
     9
     8
    12
     9
    10
     4
    22
     0
     7
    31
    12
    13
     5
    22
     0
     0
     4
     0
     0
     0
    42
     6
    71
    97
    18
    13
    33
     7
     0
    12
     5
     8
    25
     7
    53
    21
    23
    26
     0
     0
     0
     0
     0
     0
    10
     9
    96
    43
    13
    14
    17
    46
    10
    20
    61
    38
    16
     4
    63
    82
    13
    22
     6
     0
     9
     0
     0
     0
    25
    95
    48
    45
     0
    15
     8
    20
    51
    19
    16
     6
    20
     4
    54
     8
    18
    16
     0
     0
     0
     0
     0
     2
     9
    29
     6
   126
    29
    11
    39
    12
    22
    10
    14
     7
     0
     5
     6
    22
    10
    11
     0
     0
     0
     0
     0
     0
     6
    57
   172
     0
    23
    59
    15
     4
     0
    18
    13
    17
    20
     0
   121
    53
     8
     8
     0
     3
     6
     0
     0
     0
    21
     4
    13
    93
    13
    38
    15
     7
    16
    22
     3
     3
     1
     5
     8
    19
     6
    12
     0
     0
     0
     0
     0
     0
    13
    52
    87
    69
    18
    11
    14
     3
    46
    17
     8
     9
    10
    11
     3
     9
    20
     9
     0
     5
     0
     0
     7
     8
    18
    12
   173
    42
     4
     5
    22
    66
    31
     9
    20
    16
    22
    14
    89
    15
     0
    46
     0
     0
     0
     0
     0
     1
     0
    51
    97
    50
    24
     3
    11
     6
    12
    10
    26
    25
    21
    20
    14
    49
    31
    24
     0
     0
     0
     0
     0
     0
     7
    19
    21
    39
    10
     2
    29
     6
   171
    48
    26
    25
    24
     8
   202
    10
    42
    16
     0
     2
     0
     8
     0
     0
    12
    18
   138
   158
     1
     5
    11
     1
     6
     2
     8
    17
    17
    17
    18
    97
    14
     9
     0
     1
     0
     5
     0
     0
     5
    44
    49
     8
     3
    22
    13
    53
     9
     5
    26
    18
     0
     0
     2
    60
    10
    17
     0
     0
     0
     0
     0
     0
    13
     1
   135
    27
    27
     7
    15
    11
     6
     7
    26
     5
     0
     6
     7
     3
    22
     7
     0
     0
     1
     0
     0
     0
     0
    87
    11
    16
    31
    11
    14
    17
     5
    25
    10
    21
     4
    28
     8
     4
    17
     8
     0
     6
     0
     2
     0
     0
    10
     5
    90
    11
    17
     6
    10
    22
    20
     1
     0
     6
    22
    19
   103
    62
    12
    34
     0
     2
     0
     2
     0
     0
    66
    14
    72
    87
    13
     1
    23
     9
     8
   165
    21
    17
     6
    26
    47
    47
    19
     9
     0
     0
     0
     0
     0
     0
    24
   118
   145
    97
    48
    23
    19
    18
    13
     8
    11
    14
     0
     6
    11
    19
     5
    12
     0
     0
     2
     8
     0
     0
    55
    43
   123
    23
    18
     0
    15
     4
    46
     9
     0
    19
    15
    13
    52
     7
    50
     0
     0
     0
     6
     0
     0
     0
     0
    13
    10
    54
    11
     7
    47
     0
    17
     3
     5
     8
    20
    15
     7
    19
    26
     8
     0
     6
     4
     0
     0
     0
    12
     8
    88
    19
    14
    45
    16
     4
    20
    16
    11
     8
    22
    27
    11
    51
     1
    11
     0
     3
     0
     0
     0
     5
     7
   126
    31
    27
    17
    18
    16
    29
     7
    13
     1
     6
    12
    16
    13
    46
    13
     9
     0
     0
     0
     2
     0
     1
    28
    71
    31
    58
     2
    20
     9
    19
    14
    39
    16
    15
     6
    37
     8
     9
    35
    30
     0
     2
     0
     0
     2
     0
     7
    86
    56
    50
    45
    33
    16
     2
    26
    12
     6
    18
     9
     4
    29
    57
    10
     2
     0
     4
     0
     0
     0
     1
    40
     4
    55
    15
    16
     3
     0
    13
     5
    29
     4
    19
    52
     4
   163
    11
    18
     0
     0
     0
     8
     0
     0
     0
    12
    92
    47
    17
    51
    13
    14
   101
    13
    21
    53
     5
     3
   158
    50
   289
    20
    35
     0
     0
    11
     3
     1
     0
     9
   129
    59
    12
    18
    21
     5
    10
    13
    16
   151
     9
    42
    21
    15
     9
     1
    25
     0
     0
     0
     0
     0
     0
     6
    45
    49
     3
    13
    11
     8
    13
     1
    12
     6
     7
    16
    57
   123
    43
    49
     8
     0
     0
     0
     0
     0
     0
    33
    13
    52
    11
    10
    67
    12
     9
     7
     9
    10
    13
    10
     9
     8
    16
     7
     8
    10
     0
     0
     0
     0
     0
    10
    11
     9
    58
    22
    11
     7
    14
     0
    14
     7
     4
    15
    10
    22
    72
     7
    24
     0
     0
     0
     1
     0
     1
    56
    13
   104
     4
     5
    17
    18
    19
    20
    13
    18
     8
     2
    14
    15
     5
    18
    29
     2
     0
     7
     1
     0
     0
    19
    51
    73
     1
     1
    10
    17
    34
    35
    12
    12
     7
     5
    46
    19
     1
     0
    24
     0
     0
     0
     0
     5
     0
    50
    40
    49
    42
     9
    14
     7
    27
    14
    28
    51
     3
    25
    77
     8
    24
   149
    13
     0
     0
     0
     0
     0
    14
    57
     1
     2
    42
     2
     9
    24
    19
     1
     2
    13
    14
    47
    15
    55
    10
     6
     9
     0
     0
     0
     0
     0
     0
     8
    62
    51
    13
    29
    11
    16
     9
    21
    28
    16
    17
    20
     5
    19
    55
    16
    13
     0
     0
     0
     0
     0
     0
    14
    38
    18
    54
    22
    14
    33
     3
    69
     1
   150
    13
    13
   110
   146
    60
    16
     2
     0
     0
     0
     5
     0
     0
    50
     5
    13
    49
     4
     0
   167
    12
     5
    30
    64
    14
    17
    17
     7
    17
    12
    20
     0
     0
     0
     0
     0
     0
    15
     7
    89
    89
    12
     0
    10
    10
     8
    14
    14
   231
    22
    50
   139
    11
     1
    14
     0
     0
     0
     0
     0
     0
     0
    14
     7
    82
     7
    25
     7
     7
     5
     1
    13
     6
    16
   192
    10
    20
     3
    20
     0
     8
     0
     0
     0
     0
     3
    16
    39
    94
    15
    23
    25
    16
     7
     4
     1
    26
     7
     4
    88
     5
     0
    29
     0
     0
     3
     0
     1
     0
    13
    16
    93
    89
    20
     0
     4
    26
    11
     9
    25
     9
    15
    17
    13
    52
     8
     0
     0
     0
     0
     0
     0
     0
    13
    20
   199
    47
     3
    10
     0
     9
   103
    10
    22
    10
    14
     4
     4
     1
    15
    15
     0
     0
     0
     5
     0
     0
    29
    11
   128
     7
    24
     0
    16
    12
     5
    31
    49
     8
     2
     3
    60
    40
    22
    19
     0
     0
     0
     0
     0
     0
    19
    49
   123
   133
    28
    29
    34
     3
    29
    15
    33
    21
    19
    48
    52
     7
     4
    13
     0
     5
     0
     7
     0
     6
    15
    86
   103
    62
    32
    13
    14
    13
    24
    21
     6
    41
   162
    16
     6
    26
    10
    33
     0
     0
     0
     0
     0
     0
     2
     6
     5
    14
     7
     8
    33
    11
    12
    26
     8
     4
    28
    13
     9
    46
     1
    26
     5
     0
     0
     0
     0
     0
    12
    10
    95
     7
     0
     6
    14
    42
     5
    15
     9
     0
    60
   157
    10
    16
    40
     4
     1
     0
     0
     0
     0
     0
    10
   107
    23
     6
     3
    19
    12
     7
    25
    10
     3
    13
    47
    12
     6
    14
     4
    44
     0
     0
     0
     5
     0
     0
     4
    34
    50
     0
    30
     8
     7
     7
    10
    23
    12
   140
    19
   150
     5
    61
    24
    51
     0
     0
     0
     7
     0
     0
    46
     8
    11
    64
    31
    11
    11
    14
    23
     6
    16
    26
     7
    12
   138
     5
    15
     0
     0
     0
     0
     1
     1
     0
    12
    10
    46
    51
    14
    27
    23
     1
    27
    23
    15
   154
    16
     0
    16
   152
    12
     5
     0
     2
     4
     0
     0
     6
   185
   110
     8
    24
    29
     6
    10
     9
    10
    17
    24
    12
    17
     1
   162
    28
    56
     0
     0
     0
     0
     8
     0
     2
     4
    23
    23
     3
    17
    21
     0
    14
    14
    14
     1
     2
    27
    67
    58
     0
    10
     0
     0
     0
     0
     0
     0
     3
     2
    12
    19
     7
     8
     4
    21
    18
    16
    16
     9
    19
     2
     0
     4
     6
    13
     0
     0
     0
     0
     0
     0
    25
    11
    88
    40
    14
     0
    14
     8
    11
    10
     0
    23
    16
    22
    20
     0
     5
    10
     6
     0
     0
     0
     0
     2
    17
     1
    10
    11
     9
    25
    19
     1
    16
    30
    24
    14
    14
     1
    28
    11
     7
    17
     0
     0
     0
     0
     0
     0
     4
    96
    14
    66
     8
     1
    36
    53
    15
    18
    11
     4
    25
    18
    59
    19
    23
     2
     0
     0
     3
     0
     0
     0
    19
   135
     4
     6
    16
    41
    20
    17
    28
    13
     8
     4
   177
    59
    55
     4
    13
     0
     0
     0
     0
     0
     0
     0
     8
   102
    50
   104
     2
    48
     5
     4
     7
     2
    56
    21
    50
     2
    31
    27
     5
    17
     4
     0
     0
     0
     0
     0
    16
    89
     7
    14
    29
    31
    47
     5
    29
     0
    19
     0
     7
    14
    56
     7
     6
    10
     0
     0
     0
     0
     0
     0
     6
    13
   138
    55
    10
    26
     4
    14
    23
    18
    12
     2
    55
     4
    45
    85
     6
     9
     0
     0
     3
     0
     0
     0
    52
     9
    67
    58
     4
    18
     7
    14
    15
     6
    14
    50
    16
    20
    42
   180
    66
    21
     0
     0
     1
     0
     0
     0
     3
    69
    15
    29
    28
     8
    12
    14
    24
     8
     3
     3
     3
   143
   147
     9
    23
    14
     0
     0
     0
     1
     0
     0
     7
    81
    82
    85
    13
    20
     2
     0
    43
     2
     2
     7
    24
     1
    47
     8
    25
     0
     5
     1
     1
     8
     0
     3
    22
    13
   131
    47
     1
     8
     9
     7
    32
    12
    11
    21
    35
    15
    19
    36
    15
    10
     0
     3
     0
     0
     0
     0
    59
    11
    96
   168
    24
    11
     9
     7
     5
     9
    13
    26
     8
    16
    59
    26
    10
    12
     0
     0
     0
     8
     0
     0
    18
    56
    42
    97
     4
     9
    27
     8
    63
    23
    10
    25
    16
     9
    10
    18
     3
    11
     0
     0
     0
     0
     0
     7
    32
    52
    13
    47
    25
    10
    11
    13
    31
     7
    17
    13
    27
    17
    22
    52
     0
     8
     0
     0
     0
     0
     0
     0
    11
    45
    87
    22
    11
    12
     2
    13
     8
    12
     7
    17
    23
     7
     5
    11
     8
    39
     0
     0
     4
     0
     0
     0
    13
     9
    40
     8
    12
     9
     5
     4
     7
    15
     2
    17
     4
     7
    13
   184
     8
     9
     0
     0
     0
     0
     2
     0
     0
    52
    94
     6
     4
    10
    11
    15
     6
    17
    35
     3
     5
    26
    52
    11
    10
    14
     0
     0
     0
     0
     0
     1
     0
    76
    90
    95
    68
    23
    23
     6
    28
    11
    29
     4
    33
     6
    62
    11
    14
    11
     0
     0
     6
     3
     0
     0
    14
    17
    54
    44
    15
    35
    25
    12
    13
    15
     8
     8
    15
    17
    51
    44
    17
     5
     0
     0
     0
     0
     0
     6
    49
    12
    20
     6
     6
     5
    15
    22
   139
    21
    10
    23
     3
     9
    16
    47
    20
     7
     0
     0
     0
     0
     0
     0
    16
     6
    29
     7
     7
     9
    10
     4
    52
    18
     3
    10
    13
    17
    15
    20
    10
    43
     0
     0
     0
     0
     6
     0
    12
    57
    99
    73
    24
    12
    30
     8
     9
    24
     5
     6
    11
    13
    53
    14
     6
    15
     0
     0
     4
     0
     0
     0
     1
    20
    86
    23
    14
    14
    12
     2
    28
    11
    18
    10
     7
    25
     8
    13
     2
    18
     0
     0
     0
     0
     6
     0
     5
     2
     7
    11
     0
     4
     4
    58
    10
    15
     6
     4
    23
    43
     3
    45
    18
    55
     0
     0
     0
     0
     1
     0
     4
    13
    16
    48
    12
    16
    29
    11
     7
     7
   156
     5
    23
   172
     1
    55
     0
    20
     6
     0
     0
     7
    10
     0
    80
    99
    60
    46
    13
    14
     8
    11
    21
    47
     2
    12
    11
     3
    16
     4
     4
    12
     0
     0
     0
     0
     0
     0
    10
     3
    89
     9
    23
    16
    29
    11
     6
     9
     1
     1
    10
     7
    14
    66
    15
    19
     0
     0
     2
     0
     0
     0
     7
    12
    43
    43
    10
    12
    44
    26
    13
     8
    13
    11
    17
     7
    49
    21
    18
    13
     0
     4
     0
     7
     0
     0
     4
    50
     2
     4
    15
    24
     1
    17
     9
   148
    13
    14
     4
    58
    11
     7
    22
     2
     0
     0
     0
     0
     0
     0
    25
     9
    88
    14
    12
     4
     0
    12
    11
    25
    12
     1
    19
    17
    43
    50
    19
     7
     0
     0
     0
     0
     0
     0
    55
    14
    80
    48
    18
    94
    19
     0
    47
     0
    12
    13
    42
     9
     7
     2
    18
     5
     5
     0
     0
     0
     0
     0
     8
    55
    72
     4
    42
    43
    11
    25
     4
     8
    24
     7
    28
    14
    60
     9
    23
    21
     0
     0
     0
     0
     3
     0
    52
     0
   135
     0
    14
     8
     6
    18
    21
    13
    10
     2
    19
    18
     3
    13
    16
    10
     0
     0
     0
     0
     2
     0
     9
    52
    10
    13
    10
     7
    14
    25
     6
    16
     6
    44
    12
    15
    55
    25
     6
    39
     0
     0
     0
     3
     0
     0
     2
    48
    45
    47
     8
     0
    13
   151
    10
    16
    10
    20
    16
     9
    39
    56
    33
    19
     3
     4
     8
     5
     0
     0
    52
    84
   128
    59
     3
     0
    12
     6
    21
     6
    26
    10
     7
    10
   145
     0
     6
    12
     0
     1
     0
     3
     0
     0
    26
    48
     7
    13
    44
     4
     8
    27
     8
    13
    13
     2
    15
    18
    20
     0
    19
     2
     1
     0
     0
     0
     0
     0
    96
    41
    49
    47
     3
    20
    18
     4
    10
     9
     8
    48
     9
    11
    35
    15
    12
     6
     0
     0
     0
     4
     0
     0
     0
    14
    57
    42
    17
     8
     2
     0
     5
    22
     0
    19
    20
    35
    46
   140
    11
    17
     0
     0
     0
     0
     0
     1
    19
    82
    19
     5
    13
     0
    16
    14
    13
    10
    10
    12
     2
     6
    22
     6
     7
    15
     0
     0
     0
     0
     0
     0
    24
    51
     0
    12
    12
    12
    11
     3
    22
    13
     8
    15
    11
    13
    42
    22
    51
    53
     0
     0
     7
     0
     0
     6
     3
    42
    48
    22
    19
     9
    13
    48
     0
    10
    26
     4
    28
     4
     6
    94
    54
    21
     0
     0
     0
     0
    10
     0
     3
    46
   150
    12
    12
     7
     9
     4
    19
     9
    11
    17
     0
     6
    17
     4
    10
    23
     4
     0
     0
     0
     0
     0
     9
    49
    40
    22
     8
     8
     5
    13
     0
     1
     6
    53
    83
     6
     4
     0
    28
     4
     0
     0
     0
     0
     0
     0
     7
    72
     0
    46
    11
     8
     0
     8
     9
    10
     7
     3
    17
   145
    45
    45
    12
    15
     0
     0
     0
     0
     0
     9
    10
    55
    86
    59
    15
     5
     5
    14
     0
    10
    12
    12
     3
    26
     9
    44
    15
     2
     0
     0
     9
     5
     0
     8
    11
   131
    50
   134
    57
     5
    60
    27
     9
    11
     1
    12
    15
    20
    94
    34
    13
    30
     0
     0
     3
     0
     0
     7
     9
    13
    54
    48
     2
    23
     6
    13
    21
    46
    18
    50
     4
    12
     9
    60
    10
    14
     0
     0
     2
     0
     0
     6
     0
     8
   153
    42
     7
     0
    12
     9
     8
    33
     4
    10
     0
    10
    12
     6
    15
    16
     0
     0
     0
     0
     0
     0
     0
    56
    55
    43
    14
     6
     0
    45
    15
    10
    21
    10
    11
    10
    85
    12
    10
     0
     0
     0
     0
     0
     0
     0
    17
    92
   144
    14
    12
    12
    18
     2
     6
    29
     4
     9
    11
    12
    18
    20
     4
    19
     0
     0
     0
     0
     0
     0
     0
    15
     8
    13
   151
    19
    20
     8
    20
    17
    16
    18
    11
     6
     6
    30
     7
     2
     0
     0
     0
     7
     0
     0
    53
    56
   124
     7
    24
    20
    19
   234
     5
    11
    49
    51
     6
    13
    24
    23
    27
    53
     0
     0
     0
     0
     0
     0
    98
    40
    56
    13
    26
    27
     8
     8
    15
     6
    17
    65
    25
    15
    13
     4
   149
     0
     0
     0
     2
     0
     0
     0
     8
     6
     6
    10
     7
    12
     5
    21
     1
     5
     0
     9
    10
     1
    43
    10
     8
     4
     8
     0
     0
     0
     0
     0
    43
    53
    62
    18
     7
    20
    19
    18
    10
    11
    19
    34
     5
    42
     9
    14
    10
    25
     0
     0
     0
     0
     0
     0
    11
    48
     6
    15
    15
    13
    15
     0
     1
     3
     5
     6
     2
    29
    10
     5
    22
     5
     0
     0
     0
     0
     0
     0
     8
    20
    56
    18
     2
    18
     9
    22
    20
     9
    20
     2
    22
     7
    21
    80
     2
    19
     0
     0
     4
     0
     9
     6
   119
    87
    50
     8
     8
     5
     4
    14
     8
    10
    11
     2
     8
    14
     3
    58
    19
    15
     0
     0
     0
     0
     0
     0
    19
     0
    20
    47
    16
    17
     1
    10
    15
     9
     3
    22
     4
    12
    52
    12
     7
    18
     0
     0
     0
     0
     3
     0
     7
    48
     8
    64
    14
    11
    14
     0
     6
    16
     1
    38
    21
    27
    68
    48
     9
    23
     0
     0
     0
     0
     0
     0
    18
    16
    82
     7
    11
    19
     8
     0
    16
    11
    15
     1
    16
     4
    24
     6
    20
     8
     0
     0
     0
     0
     0
     0
     1
    52
    47
    62
     5
    16
     0
     5
    13
     9
    49
    12
    52
     2
    90
     1
   144
    17
     0
     0
     0
     0
     0
     2
    91
     2
    52
     7
     4
    25
    10
    22
    16
     0
    12
     5
     7
    50
    52
    10
    13
     3
     0
     0
     0
     0
     0
     0
    45
     8
    16
    86
    11
     3
     4
    13
   147
     2
   150
    10
    10
    13
    53
     5
    49
     2
     0
     2
     0
     7
     0
     0
     7
    60
    48
    12
    10
    17
    10
     7
    10
     0
     3
    11
    41
    11
     0
    20
    50
    14
     0
     0
     0
     0
     0
     0
     7
    49
    71
    96
     9
     0
    19
     0
    22
     4
    13
    11
     0
    11
    24
    49
    48
     8
     0
     0
     0
     0
     5
     0
    19
    10
    45
    47
    12
     1
     7
     5
     5
    10
    13
    14
     6
    23
    10
     4
    13
    20
     0
     0
     0
     0
     0
     0
     5
    45
    45
    11
    48
     7
     9
    50
     3
     6
    28
    21
    10
    12
    16
    39
    50
    12
     1
     0
     0
     0
     0
     0
     0
   192
    85
    89
    15
     7
     5
    13
    13
    11
    23
     4
     7
     6
    12
    12
     4
     1
     0
     0
     1
     0
     0
     0
     6
    52
    50
    50
    12
    14
    22
    15
    20
     3
    12
     5
     3
     1
     9
    11
    12
    16
     0
     0
     0
     0
     0
     0
     3
    42
     2
    14
     0
     8
     8
    17
    95
     6
    14
    16
    20
    47
     5
     1
     2
    11
     0
     0
     0
     0
     0
     8
     8
    11
    48
    12
    44
     8
    18
     1
     1
     1
    14
     5
     7
     4
    66
    22
    15
    18
     0
     0
    18
     0
     0
     0
    86
    11
    95
    96
     7
    12
     7
    68
     8
     5
    11
     3
    10
    10
    18
     9
     1
    34
     0
     0
     0
     0
     0
     0
    47
     5
    92
     8
     0
    36
    16
    24
    10
    13
    38
     8
     6
    49
   186
    13
     7
     7
     0
     0
     0
     0
     0
     0
     3
    21
    53
     3
     6
    19
     0
     0
     5
    13
    14
    15
     5
    13
    14
    12
     2
     7
     0
     0
     3
     0
     0
     0
     3
    45
    86
    11
    12
    14
    11
    23
   149
     0
    12
     6
    12
     3
     5
    12
     4
     4
     0
     0
     0
     0
     0
     0
     5
    52
    11
    39
     9
    47
    26
    18
    16
    20
     6
    20
     3
    60
    14
    19
     4
    14
     0
     0
     0
     0
     0
     0
    12
    12
    85
    47
     8
     9
    15
    51
     0
     1
     6
    26
     1
     4
    23
    18
     0
     3
     0
     0
     0
     0
     0
    10
    10
    14
    44
    57
    10
     5
    11
     0
     0
    13
     0
     9
    17
    23
    10
    44
     5
    51
     0
     0
     0
     0
     0
     0
    11
    10
    81
     0
     8
     0
    96
     2
     5
     8
    17
    17
    15
    47
     7
    15
    35
    13
     0
     0
     0
     0
     7
     0
     9
    81
    46
   146
    17
     8
    23
    14
     6
     6
    13
    15
     7
    13
    28
     8
     5
    17
     0
     0
     0
     0
     0
     0
    17
    10
    54
     8
    13
     5
   143
     6
    16
     6
     7
    18
     2
    18
     6
    13
    10
    61
     0
     0
     3
     0
     0
     8
     4
    44
     5
     8
    51
    11
    10
    51
    14
     4
    15
     7
    11
     5
    55
    57
     8
    10
     0
     0
     0
     6
     0
     0
    36
    50
    56
     2
    14
    15
     3
    24
    47
     7
     7
     7
    11
     0
    12
    15
     3
     7
     0
     0
     0
     0
     0
     0
    48
    46
   129
    53
     8
     0
     4
     6
    36
     7
     9
    19
     7
     1
    57
    45
    23
    13
     7
     4
     1
     0
     0
     0
    26
    48
    88
    53
    25
     7
     1
     0
    12
     9
    28
    19
     0
     8
    60
     3
     6
     2
     0
     3
     0
     0
     0
     0
    64
    11
   126
    67
    29
     5
    20
    11
    58
    25
     6
    68
    13
     9
    20
    15
    22
    13
     0
     0
     0
     0
     0
     0
    19
    74
    51
     3
    12
    16
    14
    18
    16
     5
    20
    13
     7
   147
    18
     9
     8
    15
     0
     5
     4
     1
     0
     0
     0
    50
   128
   124
     0
    18
    10
    16
    11
    14
    21
     0
     0
     0
     7
    22
     8
    14
     0
     0
     0
     0
     0
     0
    15
     8
    89
    55
     3
    10
     5
    12
     1
    13
    25
    21
    12
    23
    10
     4
    12
     3
     0
     0
     0
     0
     0
     0
    13
    10
   101
    23
     2
    17
    57
     0
    18
    11
    19
    23
     8
     3
    17
    27
    15
     2
     0
     0
     0
     0
     0
     0
    69
    61
     8
    87
     0
     5
     7
     4
     2
     8
    11
     9
     5
     9
     5
    19
    10
     5
     0
     0
     0
     0
     8
     0
    16
    50
    49
     8
    18
     9
    10
    11
    14
     9
    10
    21
    15
     0
   153
     5
     6
    13
     0
     0
     0
     0
     0
     7
    18
     7
   111
    16
    25
     4
    53
    15
    26
    18
    16
    21
    16
     9
    41
    21
     3
    11
     0
     0
     0
     0
    10
     0
    53
   127
   128
    50
     7
    11
    35
    13
    11
    13
     1
    12
     7
    28
    11
   157
    21
    12
     0
     0
     0
     0
     0
     0
     0
    38
     9
    65
    11
    16
    13
    13
   105
     8
     3
    10
    43
    10
    39
    20
    20
     5
     0
     0
     0
     0
     0
     0
    51
    52
   101
    41
     3
    17
     7
    45
     2
     0
     6
    12
    22
    10
     5
    10
    11
    12
     0
     0
     0
     0
     0
     1
    10
    62
    21
    30
    12
     8
     1
    19
     7
    14
     8
    19
    14
    63
    16
    19
    17
     7
     0
     0
     0
     0
     0
     0
     1
    81
     9
     1
     6
     8
     0
     9
     0
    20
     0
    29
     2
    12
     5
    16
     8
     9
     0
     0
     0
     0
     0
     0
     1
     6
    91
    14
     1
    23
     0
    20
    16
    13
     9
    15
     4
    52
    85
    26
    45
     5
     0
     0
     0
     0
     1
     0
    15
     8
     9
     7
     8
    17
     3
    36
    20
     2
     0
    19
    15
     5
    18
     8
     6
    44
     0
     0
     8
     0
     0
     0
     7
    10
    14
    45
    14
    15
    22
     2
     4
    55
     2
    13
    14
     6
    82
    12
     8
     8
     0
     0
     0
     5
     0
     0
     8
     6
    21
    48
    11
     9
     8
    11
    12
     5
     8
    13
     3
     0
     4
     1
    29
    18
     9
     0
     0
     0
     2
     0
     5
     5
     6
    25
     0
    15
    22
     6
     7
    15
    10
    14
    21
     4
     2
     6
    12
    13
     0
     0
     0
     0
     0
     0
    17
    88
    50
    22
    17
     7
     5
     6
     8
     5
    45
    65
     2
    20
    54
     1
    12
    13
     0
     0
     0
     0
     0
     0
     4
    12
     2
    96
    42
     0
    18
     0
     1
     2
    19
    59
    15
    51
    20
    10
    30
    10
     0
     9
     0
     2
     0
     0
    58
     0
    87
    11
     5
     7
    12
    16
    17
    18
     3
    94
     2
    18
     6
     2
     0
     8
     0
     0
     0
     0
     0
     6
     1
    14
    87
     7
     4
    49
     7
    51
     0
    14
    17
     9
    20
    15
    12
    47
     8
    13
     0
     0
     0
     6
     0
     0
    15
    43
    11
    70
     9
    10
    10
     2
     7
     9
     2
    14
    11
    17
     5
    23
     0
     4
     3
     0
     0
     0
     0
     0
   116
    17
    47
    21
     3
     3
     0
    17
    13
     3
     2
     7
     2
    11
    13
    11
    44
    35
     0
     3
     0
     0
     1
     1
     0
    12
    11
     4
    25
    11
     4
     7
     0
     6
    14
     2
   197
    17
     6
    49
     0
    25
     1
     0
     0
     0
     0
     0
     7
    14
    52
     1
     8
     3
     6
    60
     4
    18
    12
    22
    17
    96
     3
     8
     7
    32
     0
     4
     0
     0
     0
     0
     3
    87
     6
     5
    46
    11
    15
    12
     0
    13
    20
     8
    12
    11
    87
     4
     6
     3
     0
     0
     0
     1
     0
     0
     6
    20
    57
   120
    25
     8
     9
    17
     0
     4
     9
     9
    13
     5
    51
    68
    48
    14
     5
     0
     0
     0
     0
     0
    57
     2
    13
    16
     8
    53
    18
    20
    16
     0
     9
    11
    46
     9
    11
    28
     6
     8
     0
     0
     0
     0
     0
     0
     0
    61
    47
    22
     0
    27
     9
     7
     3
    12
    19
     0
    15
     8
     8
    51
     4
     9
     0
     0
     0
     0
     0
     0
     2
    46
   110
    26
     1
     4
     9
     9
     5
     1
    21
     3
     3
    18
     6
     7
     5
     9
     0
     0
     0
     2
     0
     0
     0
    12
    64
    39
     1
     7
     6
     8
    16
    15
    11
    42
    15
    59
    46
    50
     9
    19
     0
     0
     0
     0
     2
     0
    16
     0
    14
    51
    11
     3
    22
    16
     8
     5
     5
     6
    20
    29
    18
    11
     3
     0
     0
     0
     0
     0
     0
     0
    19
    44
   122
    11
     7
    23
    16
    13
    18
    10
    16
     1
     0
    13
    12
    43
     8
     6
     0
     0
     0
     0
     0
     0
     7
    17
    12
     4
     4
    12
    42
     4
    52
    13
     8
     0
     8
     0
    54
     0
    23
    24
     0
     0
     0
     0
     0
     0
     5
    53
    89
     2
    17
    17
     8
    12
     8
     2
    48
     7
     2
    30
     4
    28
    18
     0
     0
     0
     0
     0
     0
     0
    25
    84
    62
    13
     6
    54
     3
     1
     1
     0
     8
     8
     1
     6
     4
    32
    14
     3
     0
     0
     0
     0
     0
     0
     0
    49
    29
     0
    48
    12
    25
     5
    11
     3
    10
     8
    16
    26
     2
    48
     4
    14
     0
     0
     0
     0
     0
     0
    17
     7
    80
    40
    48
     2
   152
     0
     3
     0
     6
    17
     3
    51
    14
    45
     7
    10
     0
     0
     4
     0
     0
     0
    11
     1
    88
    87
     4
     9
     0
    14
     0
     7
     3
     0
    24
    11
    52
     4
     3
    22
     0
     0
     0
     0
     0
     0
     2
    15
    38
    10
     1
     7
     2
    50
     6
    12
    15
    10
     6
     8
     5
    14
     0
    13
     0
     0
     0
     0
     0
     0
     0
    15
    26
    45
     8
    11
    10
    51
     2
    16
    17
     7
    44
     7
    17
    32
     0
     7
     0
     0
     0
     0
     0
     0
    15
    49
    54
    21
     8
     3
    10
    69
    16
   176
    10
     7
     6
     0
     6
    16
     2
     0
     0
     0
     0
     0
     0
     0
    23
    13
    13
    46
    19
    26
    11
     5
     0
    16
    10
    19
    12
    14
    60
    15
     8
     5
     0
     0
     0
     0
     0
     0
     2
    59
     7
    13
    16
     3
    14
     6
    31
    13
     6
     0
     0
    20
    69
     5
   151
    45
     0
     9
     0
     0
     2
     0
    45
    50
    51
    41
     2
    14
   145
    23
    33
    27
     8
     9
     7
     8
    10
    10
     0
     5
     0
     0
     0
     8
     0
     0
    11
     5
    53
     4
     2
     0
    11
    12
     4
    13
     3
     9
     0
     5
     7
    12
     9
     0
     5
     0
     0
     0
     0
     0
    17
     0
    89
    54
     8
    14
     6
    18
     1
     4
     9
    18
     0
     7
    13
   151
     6
     5
     0
     3
     0
     0
     0
     0
    13
    57
    29
     9
    10
    12
    15
    18
     7
    12
    30
    18
     9
    17
     2
    55
     3
    71
     0
     0
     0
     0
     0
     0
     7
    13
    91
    46
     8
    16
    18
    13
    12
     0
     9
    48
     6
    15
     8
    39
    17
    10
     0
     3
     0
     0
     0
     0
     7
    13
    47
    10
    12
     6
     4
     9
     6
     5
    17
    16
     1
     4
    88
    56
    10
    14
     8
     0
     0
     0
     0
     0
    36
     7
    82
     4
     6
    12
    13
    13
    10
    15
     6
     5
     7
    13
    20
    27
     2
     0
     0
     0
     0
     3
     0
     0
    17
     8
    14
     2
     5
     1
     9
    12
     6
     7
    25
     4
    15
     7
     0
    40
    13
    11
     0
     0
     0
     4
     0
     0
    19
    20
    52
    44
     7
     1
    23
    10
     8
    42
    36
     3
    23
     2
     7
    15
     5
     6
     0
     0
     0
     0
     0
     1
     0
    15
    81
    50
    25
     0
     3
    15
     3
    11
     9
     2
    18
    16
    53
     7
    11
     9
     0
     0
     0
     0
     0
     0
    21
    31
    26
    81
    10
     0
     0
     0
     6
    25
    26
    53
     0
     1
     5
     7
     4
     7
     0
     0
     0
     9
     0
     0
     9
    88
    97
    43
     0
    19
    25
    12
    26
     5
    12
     3
    15
     1
    48
    33
    23
    11
     0
     0
     0
     0
     0
     0
    11
    47
    21
    52
     2
    15
    22
    53
     3
     7
    20
     4
    50
     4
     9
   206
    17
    11
     0
     0
     0
     0
    11
     0
    19
    46
     7
    40
    14
    18
    22
    10
     3
     4
    18
     1
     8
    18
    29
     8
     9
    22
     0
     0
     0
     0
     0
     0
     7
    81
     0
    19
    14
     2
     4
    11
     5
     6
     8
    10
     8
    61
     7
     1
    22
     2
     0
     0
     6
     3
     0
     0
    19
    83
    57
    12
     0
     3
     2
     5
     6
     0
    14
     6
     5
    24
     9
     8
    11
    57
     0
     0
     0
     0
     0
     3
     9
     5
    52
     1
    17
     2
    15
    26
    14
     7
     8
     2
     8
     7
    44
     9
    13
     3
     0
     1
     3
     0
     0
     0
    45
    56
    17
    42
     3
    11
    10
    13
    13
    13
     9
    17
     7
     9
    50
    52
    18
     7
     3
     6
     0
     1
     0
     0
     5
     2
    12
    11
     0
    10
     4
     8
     5
    11
     9
    23
     1
     6
    18
     2
    22
    40
     0
     1
     0
     3
     0
     4
     8
    12
   170
    31
     8
    14
     0
    48
     5
    14
    50
     9
     2
     8
     9
     9
    15
    14
     0
     0
     4
     0
     0
     0
    10
     2
     0
    59
     7
     3
     3
     6
     5
    18
    19
     0
     8
     9
    47
    27
     3
    15
     0
     0
     0
     0
     0
     0
    50
    10
    20
    65
    14
     7
     3
     0
    39
    21
    12
    19
     8
    10
    50
    16
     0
    23
     3
     0
     0
     0
     8
     1
    19
    43
    91
     2
     0
     7
     0
    10
     6
    51
    14
    17
     3
     7
     4
    12
    13
     1
     6
     0
     2
     0
     0
     0
     9
    41
    14
     9
    11
    17
    40
     9
    48
     0
     9
    44
    14
    10
     4
    21
     0
    13
     0
     0
     0
     0
     0
     2
    14
    20
    55
     8
     8
    20
     6
    48
     3
    26
     4
     8
     6
     2
     8
    10
    17
     8
     0
     0
     0
     0
     0
     0
    10
    30
     9
    98
    22
     3
     4
     0
    12
     7
    11
    29
     8
    48
    40
    53
    21
    22
     0
     0
     0
     4
     0
     3
    10
    80
    42
    77
    18
     3
    15
    22
    18
    15
    13
     6
    17
    47
    34
    10
    13
     8
     0
     0
     0
     0
     0
     0
    12
     9
     6
     5
     3
     8
    10
     0
    25
    12
    19
    22
    10
    20
   157
    15
    18
    17
     0
     0
     0
     0
     0
     0
    22
    57
     5
    20
    22
    22
     0
    16
     6
     5
     8
    21
     1
    22
     7
     7
    21
     0
     3
     0
     2
     0
     0
     0
     0
    38
    44
    17
    11
     5
     4
    11
     0
     8
    14
     4
     1
     9
     3
     6
     0
    25
     0
     0
     0
     0
     0
     0
    16
    14
    12
    16
    16
    15
     1
     8
    11
     0
    14
    10
    12
     1
    91
     3
    19
     8
     7
     4
     8
     0
     0
     0
    12
    90
     8
    94
    22
    28
    12
     9
    12
     7
    40
    14
   186
     4
    55
     5
     7
    10
     2
     0
     0
     0
     0
     0
    18
   102
    45
    54
    16
    13
     4
     1
    18
    63
    11
    18
    13
    10
    70
    14
    14
     2
     0
     0
     0
     0
     0
     0
    41
    53
    89
    61
     2
     6
    14
     6
    23
    50
    21
    21
     1
     4
    14
    54
    20
    18
     0
     0
     0
     0
     2
     0
     0
     1
     0
    19
     0
     0
    21
    34
     5
    54
     4
    15
     8
    16
    13
   149
    45
     2
     0
     0
     0
     0
     0
     0
    16
    32
     9
     7
    13
     6
     9
     0
     5
    24
     3
     0
     6
     5
    14
     0
     7
     9
     0
     0
     4
     4
     0
     0
     5
    15
    14
    10
    81
    50
    12
    13
     4
    28
     6
    42
    16
    17
    48
    15
    17
    19
     0
     0
     0
     0
     0
     0
    20
    79
    78
    43
     3
     6
    25
   157
    11
    52
    12
    15
     7
    46
    12
     8
    29
     8
     0
     5
     0
     0
     0
     4
    12
    14
    41
    12
    29
     1
    17
     7
    17
     8
    93
    10
     4
     9
    11
    20
    13
     4
     0
     0
     3
     0
     0
    10
    48
    17
    90
    42
     9
    10
    27
   119
    23
    11
    11
    16
    15
    12
     4
    32
     7
     3
     0
     0
     0
     5
     0
     6
    16
   126
    92
    46
     4
    11
    14
    11
     7
    50
     1
    11
     7
     0
     2
   148
     0
     5
     0
     0
     0
     0
     0
     0
    20
    53
     4
     6
     3
     2
    18
     6
    15
    46
    19
     3
     7
    54
    53
    20
    13
     2
     0
     5
     0
     0
     0
     0
     3
    73
    42
    19
     9
    17
    11
     4
     8
     9
    43
    12
     7
     0
    40
    15
     6
    13
     3
     0
     0
     0
     0
     0
     8
    14
    83
    51
     6
     2
     0
     1
     9
     8
     1
    21
    13
     9
    11
    50
     6
    17
     0
     0
     0
     0
     6
     0
    31
     3
    67
    11
    15
    15
     7
    11
    22
     4
    31
    12
     0
    20
    42
    55
     4
     5
     0
     8
     0
     0
     0
     0
    16
    15
    93
    76
    30
    19
    20
    22
    14
    15
    18
    15
    18
     7
   196
    20
     0
    10
     0
     0
     0
     0
     0
     0
    16
   134
    79
     6
    19
    14
     5
    11
    10
    12
     5
     4
    38
    82
    45
     7
     6
    17
     5
     0
     8
     0
     0
     0
    11
    88
    78
    64
    12
    17
     9
     0
    13
    33
    10
     6
    15
    16
    83
    43
    11
    17
     0
     0
     0
     0
     3
     0
    21
    47
    44
    62
    16
    29
    24
    13
     8
    31
    13
    13
    10
    13
     3
    56
    18
    35
     0
     0
     0
     0
     0
     0
    17
    41
     8
    46
    11
    13
    32
     0
     0
     7
    14
    15
    11
     2
    22
     5
    15
    19
     0
     0
     0
     0
     0
     1
     0
    58
   136
     6
     2
    20
    13
     2
    43
     2
    11
    14
     7
     8
   143
    20
    17
    29
     0
     0
     0
     0
     0
     0
    15
    86
    15
     1
    11
    12
     7
    28
     8
    17
     1
     7
     1
     6
    16
     9
    14
     5
     0
     0
     0
     0
     6
     5
     9
    10
   179
    49
     3
     8
    10
     1
    19
    13
     7
    14
    14
    51
     6
    43
    11
     8
     0
     8
     0
     0
     0
     0
    14
    16
    17
    86
    21
    10
    12
    20
     8
     6
    27
     1
     4
    67
    13
     5
     6
     5
     0
     0
     0
     0
     0
     0
    51
    85
    52
    94
     9
    12
    16
     8
    12
    24
    17
     7
     7
     9
    12
    14
     6
     6
     0
     0
     0
     0
     0
     0
     8
    11
    11
    20
    64
    46
    12
     0
     7
     9
     7
    15
    12
     4
    21
    51
    11
     9
     0
     0
     6
     4
     0
     0
    59
    43
   168
    42
    13
    18
     1
    11
     0
     6
    19
     1
     8
     8
     1
     4
    47
     3
     0
     0
     0
     0
     9
     2
    36
    52
     4
     5
    12
    13
    16
    51
     0
    11
     7
     0
    14
     7
    47
    12
     5
     3
     0
     0
     9
     0
     0
     0
     0
    29
    35
    39
     8
    20
    12
    15
    23
    13
    31
    15
    19
     4
    14
    54
    11
    12
     1
     0
     0
     0
     0
     0
     0
    44
    18
     7
     7
    26
    53
    14
    50
    13
    21
    11
    46
    28
     6
    52
    13
     0
     0
     0
     0
     0
     4
     0
    11
   100
    81
    55
    17
     3
    51
     5
    17
     1
     0
    21
    14
    12
     3
    15
    61
    42
     4
     0
     5
     0
     1
     0
     3
   133
    12
   103
    12
    59
    10
     9
    11
     9
    15
    53
    56
    15
     3
    44
    20
    24
     0
     0
     0
     0
     0
     0
     7
     2
   119
     9
    31
    13
     8
    24
    22
    19
    13
     6
    20
    50
    44
    43
    20
     1
     2
     0
     0
     0
     0
     0
    17
    55
    95
     6
    85
    11
    11
     9
    16
     9
    14
     9
    15
     6
     6
    59
     8
     9
     2
     0
     0
     0
     0
     0
    11
    88
    95
     5
     9
     5
     1
    18
    17
     2
     0
    25
    10
    16
    25
    34
     5
    36
     0
     0
     0
     0
     0
     0
    12
     4
    40
     8
    12
    26
     0
    18
    11
     4
     0
     3
     2
     5
     7
     7
     2
     8
     0
     0
     0
     0
     0
     3
    15
    51
    87
    41
    12
     5
     3
     3
     2
     0
     2
    13
    18
    11
   155
     6
     3
     9
     0
     0
     0
     0
     0
     0
     5
    47
    91
    47
    12
     9
    10
    55
     0
    13
   141
    24
    18
     5
     6
   138
     4
    12
     0
     0
     0
     0
     0
     0
    10
    60
    14
    12
    22
    17
    18
     9
    49
    12
     2
    25
    46
     7
    22
    33
    12
    20
     0
     5
     0
     0
     0
     6
    16
     8
    52
    18
     9
    21
     8
     8
     7
     5
     9
     9
     9
   161
    11
    13
     3
     8
     0
     0
     0
     0
     0
     0
     0
     0
     0
    59
    20
    13
    15
     5
     9
    26
     1
     6
     4
   187
     5
    15
     8
    13
     0
     0
     2
     0
     0
     0
     4
    60
    20
     3
    13
     1
     1
     7
     2
     6
    13
    55
     0
    17
    45
    16
     1
    12
     8
     0
     0
     0
     0
     0
    31
     3
    17
    90
    28
     9
     2
    10
     5
    13
    11
    11
     3
    24
     0
    49
    11
    49
     0
     0
     0
     5
     0
     0
    17
    44
     0
    40
    16
    16
    13
    22
     9
    17
    11
    11
     5
     0
     6
    41
    22
     0
     0
     5
     8
     0
     2
     2
     7
    52
    38
    87
     2
    36
    13
    22
     1
    17
    23
     9
    45
    12
    50
    10
    29
     9
     0
     0
     0
     0
     0
     0
    15
     8
   170
    22
    19
     0
     7
     9
    19
    10
    14
   159
    21
   141
    64
    14
     4
    17
     0
     0
     0
     0
     0
     0
     0
    11
    58
     3
    13
     8
     4
    17
     8
     4
     2
     1
     0
    42
    45
    90
    22
    13
     0
     0
     0
     0
     0
     0
     7
    10
   141
     5
    16
     8
    59
     8
    12
     0
    18
    57
    18
    12
     5
    47
     1
     4
     0
     0
     0
     0
     0
     0
     6
     9
    37
    49
    14
    10
     0
    18
     8
     4
    36
    13
     7
    10
     2
    10
    27
    14
     0
     0
     0
     0
     0
     0
     0
     3
    18
    40
     3
    44
    17
    57
    12
    14
    41
     4
     6
     0
    13
     8
     7
    10
     2
     0
     0
     0
     0
     0
     0
     1
    91
     4
    45
     4
     2
    12
     5
     0
    14
    11
    17
    13
    56
    11
    30
     3
     2
     0
     0
     0
     7
     9
     0
    11
     6
    50
    13
    25
    24
    16
     5
    14
    16
     7
     1
    15
    25
    82
    99
    21
    19
     0
     0
     0
     4
     0
     0
    14
    21
    89
    49
     1
     6
     3
    30
    14
    30
    21
     2
     3
     4
    13
    10
     9
    13
     0
     0
     0
     5
     0
     0
     8
     1
    65
    26
     5
     1
    48
    19
     6
     7
     7
     9
    15
    14
    14
    15
    18
     4
     1
     0
     5
     0
     7
     0
     4
     7
    51
     2
     0
    62
    21
     0
    13
     2
     6
    15
     0
    93
     3
    17
     7
    16
     0
     0
     0
     0
     0
     3
    15
    50
   103
    80
     6
    25
     4
     1
     7
     4
    15
    92
     7
    17
     0
    30
     3
     6
     6
     0
     0
     0
     0
     0
     1
     9
    11
    23
    14
    13
     2
     0
    22
    13
     5
    17
    44
     9
    12
    58
     8
     3
     0
     0
     4
     0
     0
     0
    23
    18
    88
    20
    10
    66
    22
    10
    23
    45
    47
    17
    10
    18
     5
    13
     5
     7
     0
     0
     0
     0
    10
     0
    10
    68
    86
    20
     6
    25
     8
    10
     9
    14
    22
     2
    39
    12
    25
    64
     3
    19
     0
     0
     0
     0
     0
     0
    21
    26
     7
    18
    12
    52
    52
   154
    13
    18
    17
     6
    11
   156
    51
    56
     1
    16
     0
     0
     0
     0
     3
     0
     8
    59
    42
    21
     8
     0
    32
     4
    14
    24
    19
    15
     3
    21
     8
    12
     3
    12
     0
     0
     0
     0
     7
     0
     8
    37
    20
    15
     3
   141
    26
    37
     0
    29
   154
     0
     9
     3
    33
    12
    32
    14
     0
     0
     0
     0
     0
     0
     0
    27
    98
    24
    17
     3
    11
    27
    16
     5
    17
     6
    10
     8
    35
    14
     1
     7
     0
     0
     0
     1
     0
     0
     7
    60
    85
     4
     7
    15
    10
    51
     8
    57
     0
    11
    22
    11
   100
    43
     6
   154
     0
     4
     0
     3
     0
     0
     9
    10
    56
    54
    19
    14
    14
    15
     8
    12
     1
   180
    15
    18
    40
    15
     8
     0
     0
     0
     0
     0
     0
     0
    20
    86
   229
    21
     1
   148
     8
    23
    17
    17
    14
     5
     8
    18
   184
    45
    25
     3
     0
     4
     2
     0
    10
     0
    57
     5
    90
    49
     0
    25
    15
    23
    21
    17
     9
    23
    21
    32
     6
     4
    47
    27
     0
     0
     0
     6
     0
     0
    10
    17
    51
     5
     3
     1
    29
    32
    49
     5
    18
     4
     4
     2
     9
    45
    16
    20
     0
     0
     0
     0
     0
     0
    16
    52
    48
    38
    19
     2
    14
    10
     5
     7
     8
     8
     6
     2
    15
    12
     4
     0
     0
     0
     7
     0
     0
     0
     7
    17
    59
    90
     9
    23
    14
    11
     1
    27
     8
    21
    66
     8
    42
    57
    19
     8
     0
     0
     0
     3
     0
     6
    15
   132
    50
    17
    10
     9
     6
     7
     9
    10
    12
    10
     8
     7
    29
     6
    41
     6
     0
     0
     0
     0
     0
     1
    54
    46
    87
     6
     9
    12
     6
    13
     8
    42
     5
     7
    12
    28
    21
    43
    18
     9
     0
     2
     0
     0
     0
     0
    13
    16
    45
    13
    74
    25
     8
    17
     8
    22
    35
     7
     3
    50
    49
    19
     6
    37
     3
     0
     0
     8
     0
     7
     0
    14
    84
    38
     6
    12
    14
    12
    28
    49
     5
    60
     3
    27
    48
    61
    53
     2
     0
     7
     3
     0
     0
     0
    51
    53
   128
    16
     5
    47
     7
    15
    50
    13
     8
    16
    18
     8
    43
     4
     1
    12
     2
     0
     0
     9
     0
     0
     2
    50
    27
    30
     8
     5
    31
    11
     0
    16
   187
    20
     7
    46
    19
    27
    13
    51
     0
     0
     0
     0
     0
     0
    40
     0
    47
    48
     2
    27
    23
     4
    13
     2
     3
     0
     4
     5
    20
    90
     7
    14
     3
     0
     2
     0
     0
     0
    18
    50
    50
   137
    19
     7
    13
    19
    23
     8
    22
    30
    10
    60
     2
    23
     2
    13
     0
     0
     0
     3
     0
     0
    26
     5
    50
    47
    12
     4
     6
    13
     5
     5
     2
     2
    25
    45
    12
     8
    30
     3
     0
     0
     0
     2
     0
     0
     8
     4
    59
    99
    18
     3
    15
     2
    23
     2
    23
     6
    22
    21
    57
     8
     7
    17
     0
     0
     0
     0
     0
     0
    23
    57
     5
     8
    22
     8
    52
    12
    62
    15
     7
   150
     7
    10
    55
     7
    19
    17
     0
     0
     0
     0
     8
     0
    13
    10
    46
     9
    17
     6
    20
     2
    63
    24
     3
    22
    13
    14
    53
     2
    20
     5
     0
     0
     0
     0
     0
     0
    25
     0
     5
     7
    12
    53
     0
    16
     8
     3
     6
     2
    27
   191
    20
     7
    10
    16
     0
     0
    12
     0
     0
     0
    58
    20
    49
     5
    14
    12
    13
     3
    11
   150
     8
    26
    22
   139
     2
    44
    12
    19
     0
     0
     0
     0
     0
     0
    13
     0
    11
     0
     4
    40
    51
    17
    10
    17
    15
     7
    23
     5
    43
    13
     0
    17
     0
     0
     4
     0
     0
     0
    14
    11
    40
   126
     8
    16
    39
    25
    17
     7
     5
    39
   152
    14
    22
    70
    16
    37
     0
     0
     0
     0
     0
     0
    19
   118
    28
    51
    21
     9
    26
    14
    44
     7
    11
    17
    16
    48
     1
    51
    46
    25
     0
     0
     0
     0
     0
     8
    26
    45
    57
    52
    35
    62
    10
     9
    10
     2
    26
    27
    11
    15
    50
    20
    15
     4
     0
     0
     0
     0
     0
     0
    62
    51
    63
    10
    27
     1
    16
    13
     5
     8
    47
    24
    14
   166
    20
    23
     1
    47
     0
     0
     0
     0
     0
     0
    16
     5
    32
    53
     9
    10
    17
     6
    20
    10
     0
    19
     9
    16
    16
    62
    34
     1
     0
     0
     6
     2
     0
     0
    19
   134
    58
    45
    11
     9
    21
    11
     1
     2
     3
     5
    13
    15
    50
     5
    14
    65
     0
     0
     0
     0
     0
     0
    26
    13
     5
    16
     5
     6
    13
     7
     4
     7
    10
    22
    51
     7
    47
   150
    38
    15
     0
     0
     0
     0
     0
     0
    19
     9
     8
    51
     8
    70
     7
    15
     4
    17
     6
    69
    23
    17
   144
    18
    23
     3
     0
     0
     0
     0
     0
     0
    71
     4
   128
     9
    31
     7
    15
    13
    14
     1
    11
     7
    24
    20
   142
     5
    15
    50
     0
     0
     2
     0
     0
     0
    57
    19
   175
    83
    15
    20
    45
     6
    12
     9
    18
    44
     2
    13
    26
    29
    10
     8
     0
     0
     0
     0
     0
     8
    19
     7
    65
    30
    10
     3
    18
     7
     5
    15
     0
     2
    17
    64
    25
    69
     4
    17
     0
     2
     0
     0
     0
     0
    69
    57
    50
    16
    21
     4
     9
    20
    13
     8
    28
    16
     0
     4
    39
     5
    12
     6
     0
     0
     0
     0
     0
     0
     9
    18
     2
    46
     6
     9
    14
     0
    11
    53
    16
    52
    17
     0
    21
    66
    27
    14
     0
     5
     0
     0
     0
     0
    19
    54
    18
    22
    12
     7
    30
   177
    10
    13
    12
    55
     4
     8
    42
     6
    28
     7
     8
     0
     0
     0
     0
     0
    16
   105
    97
    64
    26
     4
     8
    45
   147
     5
    11
    12
     8
     8
     6
     6
     4
     9
     3
     0
     2
     0
     0
     6
    31
    11
   104
    49
    57
     3
    18
    37
    14
    17
    23
     3
    13
     3
     7
    59
     4
    10
     0
     0
     0
     0
     0
     0
    22
    84
    44
    61
    16
    22
     5
     8
    19
    12
    20
     6
     7
    66
    48
    53
    20
    22
     0
     0
     0
     9
     0
     0
    24
    48
    91
    18
    15
    15
     7
     4
     4
     0
     3
    24
    18
     6
    55
   154
     0
    14
     0
    12
     0
     0
     0
     0
    11
    60
     9
    26
    56
     9
     4
     5
    56
    17
   150
     5
     9
     7
     6
     0
     6
     8
     0
     0
     0
     0
     0
     0
    21
    41
    29
    49
     8
    15
    27
    48
     2
     9
     8
    18
     3
    47
    11
    14
     9
    21
     0
     0
     0
     0
     0
     0
    22
    65
   102
    13
    18
    15
    21
    51
    18
     4
     6
    58
    16
    22
    19
     3
     5
     4
     0
     0
     0
     0
     0
     0
     8
     7
    83
   120
    14
    19
     6
     4
     3
     6
     9
    16
     0
   168
    45
    45
     5
    12
     0
     0
     0
     0
     3
     0
    23
    18
    44
   138
    20
     0
    21
    61
     8
     6
    19
    19
    17
   144
    49
    22
     9
    12
     0
     0
     0
     0
     0
     0
    49
    67
   101
    10
     9
    14
    19
    26
   160
    40
     1
    28
    18
    20
   126
   150
    50
    31
     3
     0
     0
     0
     0
     0
    20
    49
    51
    13
    17
    42
    13
    22
     1
    15
    28
     4
    71
    17
     2
    14
    13
     0
     0
