    35
     0
     0
     0
     0
    52
     6
    87
   117
    84
    83
    40
    45
    89
    45
    75
    56
    37
    34
    74
   224
    30
    38
     0
     0
     0
     0
     0
     0
    40
   108
    58
    91
    40
    31
    44
    45
    64
   126
    27
    47
    31
    38
    19
    48
    53
    40
     7
     2
     0
     2
    16
     4
   116
    95
   249
    65
    53
    30
   165
   176
    57
    46
   308
    37
    33
    27
    54
    46
    66
    89
    10
     0
     0
     0
     2
     0
    44
   124
   110
    66
    39
    19
    42
    23
    36
    26
    71
    65
    34
    47
    63
    28
    51
    40
     4
     2
     5
     0
     0
     1
    64
    43
   117
   303
   124
    64
    61
    41
    23
    39
    27
    28
    21
    71
   223
    83
   105
    13
     0
     0
     0
     5
     4
     0
    40
    82
   158
   154
    97
    69
    70
   215
    35
    27
    49
    46
   198
   121
    81
   215
    53
    44
     0
     0
     0
     0
     0
     4
    69
   240
   220
   192
    55
    45
    39
   103
    49
    38
    38
    61
   190
    48
   352
   125
    74
    34
     0
     0
     0
     0
     0
     3
   106
    28
   115
   199
    49
    44
    16
    22
    18
    41
    51
    37
    54
    31
    29
    59
    40
    96
     8
     3
     0
     0
     0
     1
    35
   104
    46
    52
    80
    36
    35
    51
   166
    43
    44
    43
    17
   175
    62
    96
    19
    37
     4
     5
     0
     2
     3
     0
    19
   170
   119
   159
    81
    67
    83
    24
    63
    94
    72
    42
    34
    73
   248
    91
    42
    46
    14
     0
    12
     0
     6
     7
    36
    95
   221
    75
    38
    36
   176
    55
    26
    27
    56
    46
    44
    50
   213
    72
    42
    19
     1
     0
     0
     1
     0
     5
    54
    66
   136
   146
    14
    36
    24
    34
    20
    65
    33
   197
    41
   104
    66
   150
    47
    49
     0
     0
     0
     0
     0
     9
    45
   221
   192
   126
    59
   191
    84
    81
    68
    46
    61
    71
    22
    37
   129
    30
    24
    57
     1
     0
     8
     4
     1
     0
    38
    89
   203
    29
    90
    35
    39
    41
   237
    62
     7
    35
    60
   186
   122
    95
   107
    49
     0
     1
     0
     4
     0
     6
    19
   111
   148
   278
    59
    63
    47
    37
    66
    41
    34
    43
    18
    74
   120
    18
   112
    57
     6
     0
     0
     0
     0
     0
    23
   128
   151
   125
    70
    37
    52
    36
    37
    63
    55
    91
    38
    28
   257
    57
    42
   187
     0
     0
     0
     0
     3
     5
    29
   154
   308
    48
   112
    41
    36
    22
    14
     9
    50
    24
   188
   152
   141
    14
    36
    30
     0
    12
     0
     6
     3
     2
    48
    85
    69
    50
    29
    79
    34
    36
    71
    47
    35
   192
    34
    59
    98
    24
    75
    56
     6
     4
     0
     4
     0
     2
    41
    95
   222
   118
    93
    23
    40
    33
    48
    70
    20
    80
    68
    75
    19
   119
    38
    26
     2
     1
     0
     7
     7
     7
    36
   137
   264
   190
    53
    32
   193
    44
   100
    52
    12
    28
    95
    96
   115
    56
    45
    49
     0
     0
     0
     1
     0
     0
    53
   200
   273
   236
   139
   119
    85
    69
    52
    40
    96
    53
    47
    50
    46
   217
    46
   182
     9
     0
     4
     0
     0
     1
    31
    80
   124
   189
   138
    75
    20
    40
    25
    16
    64
    61
    59
   119
    97
    52
    77
    31
     5
     0
     6
     3
     3
     0
    62
   146
   277
   123
    12
    21
    49
    48
    28
    17
    53
    57
    88
    46
    73
   154
    21
    44
     7
     3
     2
     4
     0
     0
    81
    79
    33
   182
    30
    31
    54
   130
    27
    26
    61
    19
    80
    42
    39
   160
    18
   185
    16
     0
     0
     5
     0
     2
    59
   192
   137
    61
    22
    21
    35
    76
    22
    28
    18
    55
    21
    35
   165
    36
    53
    17
     0
     9
     0
     1
     0
     0
    75
   229
   336
    71
    26
    25
    22
    47
    47
   154
   152
    21
    36
    77
   281
    80
    72
    19
     6
     0
     0
     4
     2
     0
    85
   246
   393
   131
   100
    98
    69
    85
    39
    68
    70
    58
    31
    59
   227
    81
    49
    38
     0
     4
     0
     0
     3
     0
    27
    69
   197
   140
    43
    22
    52
    54
    30
    89
    79
    81
    61
    87
   364
   107
    28
    53
     7
     1
     0
     0
     0
     0
    81
    62
   130
   212
    35
    35
    41
   102
    21
    27
    79
    56
    90
   192
    64
   152
    45
    70
     0
     0
     0
     5
     4
     0
    42
   113
   138
    16
    34
    76
    52
    38
    85
    65
    86
    34
    34
    30
   154
    52
    69
    73
     1
     0
     0
     0
     3
     0
    72
   129
   118
   109
    50
    33
    74
    12
    40
   152
   201
    35
    33
    21
    85
    16
    53
    36
     0
     0
     2
     0
     0
     5
    38
    92
   147
    70
    28
    63
    43
    65
    59
    53
    28
    44
    77
    60
    51
   191
    47
    39
     8
     0
     2
     0
     5
     7
   124
   143
   237
   175
    46
    44
    60
    46
    55
    24
    56
    25
    19
    27
    87
    88
    43
    49
     7
     4
     0
     0
     7
    17
    73
   169
   284
   174
    33
    58
    47
    47
    59
    48
    37
    88
    36
    46
    29
    31
    30
    42
     0
     0
    10
     0
     2
     3
    35
    83
   175
   124
    34
    43
    22
    42
   230
    46
    29
    91
    68
    68
   318
   168
    84
   104
     0
     0
     6
     0
     5
     0
    11
    74
   156
   109
    66
   108
    47
   165
    37
    64
    73
    40
    29
   109
   341
    37
    32
    38
     1
     8
     0
     9
     0
     0
    40
    92
   149
    93
    35
    46
    72
    26
    11
    47
    27
    41
    41
    38
   234
   110
    29
    41
     0
     8
     0
     3
     0
     0
    58
    68
   122
   181
    34
    37
    42
    44
    29
    64
    14
    32
    18
    74
    81
    33
    30
    43
     0
     0
     0
     8
     3
     0
    96
    85
   206
    81
    70
    60
    45
   156
    52
    56
    22
    33
    31
    48
   250
    23
    66
    32
     3
     0
    15
     9
     0
     0
    62
   134
   112
    45
    22
    57
    67
    26
    68
    45
   173
    52
    29
    13
   113
   102
    46
    37
     0
     0
     0
     3
     3
     7
   115
    44
   346
   124
    61
    51
   184
    35
    68
    50
    49
    50
    77
   180
    75
   138
    54
    89
     6
     0
     3
     0
     0
     6
    53
   247
   486
   166
    63
   205
   191
    67
    35
    59
    64
    33
    53
    71
    59
   114
    49
    40
     0
     3
     0
     7
     0
     3
    38
   104
   159
   193
    39
    39
    30
    72
    29
    83
    24
    45
    32
    72
   189
    33
    34
   176
     3
     3
     0
     2
     0
     0
    79
   149
   400
    85
    68
    58
    15
    37
    37
    48
    51
    67
    48
    73
    62
    65
    36
    43
     0
     1
     9
     6
     0
     0
    89
   126
   219
   158
    29
    43
    76
    16
    24
    74
    28
    54
    31
   184
    11
   216
   165
    34
     4
     3
     0
     2
     6
     0
   133
    95
   108
    89
    40
    19
    43
    24
    43
    60
    30
    38
    23
    72
   197
    95
    60
    13
     0
     0
     4
     6
     2
     0
    32
    61
   311
   215
    43
    26
    52
   102
   120
    85
    87
    75
    39
    96
    68
   253
    58
    56
     0
     2
     1
     6
     7
     1
    96
   168
    53
   172
    78
    33
    83
   252
   107
    55
    55
    30
    31
    37
   179
    92
    12
    13
     6
     2
     0
     0
     7
     0
   123
   188
   176
   192
    42
    55
   100
    29
    55
    35
    53
    93
    12
    18
    77
   102
    88
    65
     4
     3
     0
     2
     5
     9
    52
   142
   190
   125
    34
    27
    38
    20
    27
    12
    83
    21
    97
   207
   188
    28
    20
    83
    10
     0
     1
     0
     2
     7
    18
    23
   254
   195
    53
    83
   128
   102
    55
    84
    83
    38
   161
    22
   254
   215
    98
    23
     0
    10
     0
     0
     0
     0
    61
    66
   127
   125
    16
    44
    26
    28
    24
   172
    78
   139
   174
    38
    92
    58
    17
    27
     0
     0
     0
     1
     0
     2
    32
   118
   204
    86
    25
    30
    71
    26
    36
    41
    25
    18
    48
    41
   174
   266
    83
    71
     0
     0
     3
     0
     0
     0
    29
    74
   250
   167
    41
    44
    51
    31
    79
    90
   125
    41
    63
    58
   111
    30
   110
    16
     0
     1
     7
     0
     6
     0
    92
   198
   225
    96
    54
    50
    68
    50
    54
    96
    97
    85
    47
    41
    34
   120
    39
    32
     0
     0
     0
     0
     3
     0
    48
   101
   217
   204
    89
    44
   174
   105
    43
    75
   216
    48
    81
   207
    25
    71
    42
    45
     0
     0
     0
     1
     0
     4
    94
   219
   227
   118
    62
    45
    40
    51
    23
    21
    92
   211
    69
    81
    93
    65
    28
    26
     0
     0
     7
     0
     0
    10
    41
   245
   138
   115
    24
    63
   129
    42
    70
     7
    24
    50
    52
    20
    24
    56
    67
    14
     3
     0
     0
     5
     3
     0
    43
   123
   139
    90
    32
    51
   173
    45
    29
    48
    45
    67
    44
    50
   261
   275
    58
    40
     0
     0
     0
     0
     1
     8
    61
   174
    57
   133
    42
    42
    17
    49
   104
    99
   188
    54
    40
    47
    64
   112
   103
    48
     0
     0
     0
     1
     1
     0
    49
   138
    85
   131
    64
    34
    20
    74
    42
   166
    42
    20
    29
    66
   169
    89
    39
    61
     9
     3
     0
     3
     2
     4
    36
    88
   116
   156
    55
    37
    27
    60
    86
    41
   109
    50
    70
    64
    42
   184
    57
   248
     0
     0
     8
     1
     0
     0
    46
    63
   356
   273
    62
    68
    43
    98
    71
    58
    82
    51
    92
    39
    98
   102
    71
    42
     3
     0
    16
     0
     0
     0
    52
   152
   146
    88
    31
    91
    33
    61
    54
    45
   103
    44
    91
    55
    86
   164
    24
    24
     7
     9
     0
     3
     0
     4
    37
   143
   203
    72
    48
    38
    28
    68
    33
    84
    87
   207
    68
    44
    76
    92
    29
    61
     2
     0
     0
     6
     4
     7
    48
    70
   158
   143
    41
    39
    46
    77
    49
    23
    54
    64
    64
    39
    60
   118
    36
    48
     0
     0
     0
     5
     0
     0
    61
    48
   251
   139
   108
    30
    33
    73
    34
     8
    44
    50
    63
    32
    36
   240
    22
    33
     0
     5
     0
     0
     3
     0
    61
   195
   205
   108
    89
    86
    25
    44
   171
    29
    86
    20
    47
    49
   251
    47
    49
    34
     0
    12
     5
     5
     0
     0
    44
    28
   136
   166
    37
    30
   110
   100
    36
    64
    41
    29
    43
    66
   397
    64
    32
    27
     0
     0
     6
     0
     4
     8
    79
   108
   386
   116
    85
    46
    27
    55
    81
    74
    68
    71
    30
   136
    30
    33
    48
    57
     4
     0
     9
     0
     0
     0
    56
   118
    62
   190
    31
    28
    75
    45
    55
    69
    66
    43
    51
    80
   149
   125
    85
    27
     0
     2
     0
     7
     0
     1
    85
    89
   137
   152
    35
    27
    97
    27
   152
    83
    58
    81
    32
    32
    22
   181
    32
    27
     4
     2
     2
     6
     0
     7
    42
    68
    82
   196
    29
    76
    31
   203
    21
    67
    17
    38
    19
    87
   140
   164
    19
    29
     4
     6
     3
     6
     3
     0
    69
    89
   220
   231
    29
    25
    13
    65
    29
   179
    41
    51
    19
    20
    69
   195
     9
    34
     0
     6
     2
     0
     0
     5
    69
   192
   229
    67
    12
   155
   171
   189
   216
    66
    37
    16
    46
    60
    36
    56
    66
     8
     4
     0
     1
     7
     4
     0
    61
   132
   236
   189
    34
   106
    38
   207
    46
   137
    63
    28
    31
   108
    84
    74
    84
    87
    15
     6
     8
     0
     0
     0
    70
    57
   555
    14
    87
    47
    44
    32
    38
    41
    31
    68
    53
    51
    64
   163
    66
    88
     6
     0
     7
     0
     0
     5
    27
    34
   233
    53
    31
    28
    73
    53
    20
    24
    70
    57
    59
   201
    45
    36
    29
    49
     6
    12
     0
     0
     0
     9
    65
    52
   198
   154
    47
    50
   100
    28
    77
    11
    70
    78
    56
    67
    68
    66
    41
    23
     7
     2
     7
     0
     0
     0
    46
    89
   213
    95
    42
    18
    61
   197
   100
    64
    21
    31
    38
    34
    59
    30
    98
    28
     3
     6
     0
     6
     5
     0
    88
   150
   164
   126
    46
    36
    39
    65
    66
    28
    36
    35
    58
    25
    42
    41
    20
    28
     0
     3
     1
     5
     0
     6
    21
   304
   230
   278
    67
   159
    20
    14
    54
    90
    84
    20
    37
    37
    35
    60
    24
    72
     1
     3
     0
     0
     0
     3
   128
   148
    75
   161
    76
   112
    71
    38
    66
    48
    85
    86
    77
    93
    67
    48
    35
    44
     3
     0
     9
     8
     5
     0
    20
   125
   306
   126
    18
    80
    75
    98
    43
    81
    48
    42
    55
   180
   111
   115
    74
    47
     3
     0
     0
     0
     0
     0
    37
   114
    69
   145
    43
    32
   158
    63
    12
    40
    47
   104
    33
    45
    90
    34
    33
    62
    10
    10
     9
     0
     0
     5
    15
   114
   239
   286
   159
    70
    41
    11
    30
    47
    49
    46
    19
    68
    72
   115
    43
    32
     0
     9
    10
     7
     0
     0
    86
    58
   267
   112
    63
    79
    36
    34
    17
    53
    24
    32
    29
    76
    71
   176
    37
    24
     9
     1
     0
     0
     0
     3
    68
   152
   245
   199
    81
    38
    49
    40
    28
    50
    34
   171
    10
    45
    51
    77
    83
    66
     0
     1
     5
     0
     6
     0
    36
   117
   176
    62
    42
    42
    69
   105
    33
    22
    26
    20
    58
    37
    48
   298
    57
    12
     3
     0
     0
     0
     0
     0
    53
   194
   283
   113
   167
    89
   176
    38
    49
    41
    37
   110
    44
    65
   161
   133
    70
    78
     8
     7
     5
     4
     7
    24
   107
   175
   191
    65
    62
    29
    19
    94
   122
    40
    76
   100
    88
    78
   115
   119
    61
     7
     0
     0
     0
     6
     0
    65
   168
   226
    83
    21
    27
    71
    29
    55
    78
    30
    59
    46
    54
    42
    98
    47
    81
     8
     1
     7
     4
     3
     3
    57
    54
    88
    77
    50
    33
    35
    30
    18
    35
    56
    40
   158
    67
   158
    57
    37
    29
     0
     0
     0
     4
     0
     0
    23
   121
   127
   144
    41
   118
    79
    40
    16
    19
    72
   184
    32
    16
    66
    73
   109
    68
     0
     4
     0
     6
     4
     0
    48
   181
    59
    83
    38
    36
    24
    38
    22
    16
    42
    48
    95
    83
    48
    24
    32
    53
     0
     5
     5
     0
     0
     0
    95
   133
   147
   101
    52
    29
    56
    81
   197
    44
    36
     8
   103
   227
    48
   251
    39
    56
     0
     6
     8
     4
     5
     2
    40
   259
   344
   110
   180
    36
    37
    52
    23
    58
   114
    38
    97
    53
   196
    40
    90
    48
    11
     0
     2
     4
     2
     6
    58
    71
   370
    98
    47
    37
    74
    65
   105
    38
    38
    51
    46
    57
    92
    78
   126
    63
     6
     0
     6
     1
     0
     0
    28
   271
   108
    30
    55
    25
   156
    46
    28
    35
    33
   156
    27
   170
    96
    13
    28
    72
    15
     0
     0
     0
     4
     0
    45
    80
   369
   157
    86
   110
    40
    26
    49
    48
   187
    28
    51
    39
    37
    17
    33
    24
     0
     7
     6
    10
     0
    12
    39
    92
   146
   116
    33
    40
    52
    65
    60
   175
    84
    56
    67
    53
    62
    78
    64
    91
     0
     0
    11
     4
     0
     0
    64
    92
   144
   124
    30
    36
    72
    38
    90
   199
    28
    28
    36
   304
   213
    27
    52
    96
     5
     0
     0
     0
     2
     0
    38
   147
    97
    66
    61
   164
    23
    38
    71
    24
    58
    50
    35
    53
   149
    18
    33
    28
     0
     5
     2
     2
     8
     6
    80
   109
   280
    89
    46
    30
    78
    24
    60
    51
    24
    48
    44
    32
   100
    39
   191
    29
     0
     2
     0
     1
     0
     4
    62
   102
   183
   147
    61
     7
    76
    30
    92
    37
   116
    28
    43
    43
    62
   196
    45
   102
     0
     0
     0
     8
     0
     0
    75
   101
   152
   172
    33
    26
    27
    41
    74
    23
    53
    46
    89
    21
    23
    35
    27
    56
     1
    10
     0
    10
     8
     0
    10
   170
   224
   129
    87
    43
    38
    26
    34
    46
    25
    20
   227
    88
    74
    37
    96
    25
     0
     0
    12
     0
     5
     4
    27
   191
   267
   142
    69
    61
    29
    28
    16
    65
    43
    78
    39
    40
    71
    60
     8
    53
     1
     8
     9
     2
     1
     0
   132
   200
   254
    61
    42
    38
    57
    41
    26
    15
    38
   196
    64
    24
    60
    59
    60
    46
     9
     0
     1
     1
     1
     0
    42
    21
   125
   166
    26
    53
    27
    28
   197
    35
    25
    32
    31
     9
    28
   206
    74
    45
     0
     4
     6
     0
     2
     0
    30
   156
   154
   214
    39
    60
    62
    14
    82
    29
    57
    28
   209
    40
    31
   134
    35
    47
     9
     2
     0
     6
     9
     0
   139
   133
   200
   193
    49
    67
    44
    50
    36
    30
   106
    53
    49
    69
   260
    62
    45
    85
     3
     0
     0
     6
     0
     0
    42
   109
   125
   162
    35
    27
   192
    96
    81
   101
    25
    28
    19
    52
   145
    19
    25
     8
     3
     0
     4
     1
     0
     0
   125
   128
   269
   103
    30
    38
   183
    46
    25
    29
    32
    25
    38
   181
    23
   104
    20
    36
     0
    10
    10
     0
     0
     0
    43
   141
   258
   147
   112
    35
    86
    46
    42
    21
    66
    21
    34
    38
    24
    84
    35
    33
     0
     0
     0
     0
     3
     2
    33
   185
   207
   115
    18
    77
    95
    34
    31
    62
   173
    42
    34
    34
    76
    91
   183
    67
     0
    14
     0
     0
     6
     4
    44
   161
   226
   105
    46
    40
    49
    37
    22
    12
   202
    25
    23
    28
   274
   107
    41
    73
     0
     0
     0
     0
     6
     0
    54
   147
   241
   178
    26
    44
    54
   117
    62
   173
    28
    56
    59
    45
   115
    70
    12
    25
     6
     7
     0
     0
     0
     0
    65
   182
   196
    94
    42
    45
    66
    28
   227
    37
    65
    53
    62
   163
   149
    71
    47
    24
     0
     0
     0
     7
     7
     3
    76
    75
   213
    63
    34
    22
    28
    32
    13
    20
    31
    91
    52
    29
   121
   138
    74
    12
     7
     0
    10
     0
     1
     5
    57
    81
   172
    84
    53
   171
    25
    41
    34
    17
   190
    28
    56
   170
    55
    90
    31
     9
     0
     3
     7
     0
     6
     1
    63
   166
   277
    70
    69
    36
   176
    36
   127
    55
    36
    12
    35
    18
   169
   205
    29
    45
     0
     5
     0
     8
     0
     0
    42
   152
    45
   175
    37
    85
    46
    14
    52
   211
    39
    37
    53
   100
    28
    26
    57
    47
     1
     7
     0
     0
     2
     7
   138
   116
   194
   154
    26
    35
    63
    85
    42
    44
   158
    24
    28
    19
   172
   255
    31
    40
     0
     3
     0
     1
     1
     0
    38
    64
   159
   168
    40
    60
     7
    48
    49
    26
    35
    18
    42
    44
   142
    46
    49
    66
     6
     7
     0
     0
     0
     6
    81
   204
   212
    71
    38
    58
   197
    78
    50
    45
    41
    77
    39
    59
   132
    18
    20
    91
     0
    10
     0
     0
     4
     0
    67
   285
   166
   116
    38
    17
    40
   239
    40
    48
    36
    19
    30
     3
    37
    32
    39
    35
     6
     0
     0
     0
     0
     9
    63
    72
    33
   119
    20
   194
    86
    51
    35
    43
    30
    17
    31
    83
    59
    66
    19
    45
     7
     0
    12
     0
     0
     0
    67
    75
   183
   111
    17
    30
    34
    11
    24
    22
    47
    44
    25
   223
   194
    49
    35
    33
    16
     6
     0
     1
     5
     2
    44
    96
   184
     5
    30
    84
    49
    32
    59
    29
    29
   177
    34
   124
   141
   179
    15
    84
     8
     0
     0
     1
     0
     2
    33
   116
   213
    41
    13
    25
    37
    32
    29
    26
    35
    73
    45
    11
    15
    51
    55
    41
    10
     0
     0
     0
     6
     9
    79
   127
   150
   168
    45
    39
   171
    34
    56
    35
   150
   201
    66
    42
    43
    78
    31
   138
     0
     0
     0
     2
     0
     0
    43
   124
   152
   184
    52
    47
    53
    81
    34
    41
    36
    26
    51
    56
   454
   110
    45
    82
    14
     2
     0
     4
     0
     2
    47
   286
   150
    88
    64
    39
    51
    28
    27
    26
    40
    17
   105
    37
    53
   163
    29
    33
     0
     0
     1
     0
     0
     0
    27
    72
   178
   132
    32
    56
    77
    24
    13
     9
    62
   200
    23
   141
   174
   164
    49
    35
     0
     0
     0
     0
     0
     0
    20
   114
    41
   121
    88
    32
    42
    38
   115
    42
    42
    62
    64
   170
    77
   164
    86
    43
     0
     0
     3
     0
    12
     0
    69
   153
   222
   100
    74
     9
    18
    14
    22
    12
    21
   164
    29
    34
    31
    72
    39
    33
     0
     6
     0
     5
     0
     0
    69
    28
    94
   131
    25
    47
    30
    29
    72
   180
    48
    50
    47
    26
    59
    33
    43
    31
     0
     0
     3
     0
     0
     0
    18
    77
    70
   279
    93
    27
    68
    52
    59
    35
    56
    50
   128
    21
    75
    31
    13
    43
     9
     0
     0
     0
     0
    12
    15
    64
   416
   274
    31
    49
   176
    53
    88
    26
    84
    81
    41
   355
   277
   184
    57
    64
     5
     0
     6
     0
     0
     0
    33
    42
   205
   118
    40
    53
    43
   209
    35
    40
    53
     9
    80
    38
    85
   155
    18
    38
     0
     0
     0
     5
     0
     0
    15
   202
   183
   180
    24
   175
   108
    60
    47
    79
    57
    92
    28
    50
    71
    52
    63
     5
     7
     0
     6
     0
     2
     0
    63
   106
   314
    80
    91
    58
    87
    28
    62
   134
    14
    70
    21
    23
    91
    22
    73
    93
     0
     6
     0
    12
     1
     0
    14
   110
   190
    84
    25
    53
    47
    21
    23
    29
    34
    43
    28
    26
    68
    82
    53
    52
     0
     4
     0
     3
     9
     3
    24
    86
   160
    65
    64
    45
    31
    81
   170
    95
   161
    32
    46
    35
    28
    36
   147
    83
    14
     0
     0
    12
     5
     0
    41
    57
   194
   159
    84
    52
    51
    30
    78
    19
    51
    34
    77
   185
    85
    72
    53
   113
     0
    15
     2
     0
     4
     1
    47
   157
   189
   277
    47
    31
    53
    76
    84
    44
   117
    36
   157
   101
   204
    70
    37
    18
     0
     0
     5
     0
     3
     0
    65
    49
   123
    47
    50
    22
    43
    23
     8
    36
   306
    21
    20
    79
    35
    40
    20
    36
     0
     0
     4
     0
     8
     4
    26
    30
   126
   153
    26
    44
    26
    52
    10
    51
   180
    33
    21
    60
   123
    28
    16
    27
     0
     0
     0
     4
     7
     0
    68
   119
   210
    44
    18
    27
    44
    26
    10
    41
    38
    25
   185
    31
    95
   125
    30
    76
     4
    10
     0
    10
     0
     0
   118
   150
    43
   140
    50
    56
    14
    27
    50
    19
    56
    21
    24
    94
     3
    72
    30
    81
     0
     2
     0
     0
     0
     0
    37
   107
   194
   172
    96
   184
    73
    28
    21
    54
    82
    13
    77
   170
   206
    15
    51
    50
     0
     0
     4
     0
     0
     3
   100
   130
   284
   256
    49
    34
    73
    29
    30
    55
    65
    87
    34
    72
   115
    29
    35
    38
     6
     6
     0
     1
     7
     7
   115
   228
   288
   158
    31
    19
    20
    80
    46
    67
    30
    44
    67
    55
   137
   211
    44
    40
     0
     0
     0
     5
    11
     1
    35
   181
   259
   124
    37
   168
    24
    18
    57
    42
    61
    30
    91
    95
     8
    33
    26
    68
     0
     3
     0
     0
     2
     0
    32
    78
   150
     9
    26
     6
   122
    44
    90
    78
     7
    24
    20
   165
    40
    39
    15
    43
     0
     8
     4
     0
     4
     3
    40
   287
   137
    90
    18
    64
    32
    18
    14
    62
    33
    40
    50
    91
    31
    39
    19
    31
     3
     0
     0
     0
     0
     0
    24
   143
   114
   170
    36
    86
    65
    31
    21
    52
    60
    35
    17
    25
    95
    62
    40
    33
     5
     1
     8
     6
     0
     0
    68
   107
   311
   137
    46
    75
    79
    35
    41
   111
    31
    67
    53
    48
    63
    50
    44
   161
     0
     0
     6
     0
     0
     0
    25
    56
   167
   208
    52
    61
    82
    35
    46
    27
    34
    38
    45
    73
   126
    83
   106
   184
     0
     0
     7
     2
     2
     2
    32
   130
   188
   199
    39
    50
    41
    46
    33
    55
    30
    66
    32
   176
    99
    45
    54
    45
     1
     0
     8
     0
     6
     0
    22
    75
   274
   112
    61
    27
    66
    54
    27
    51
    38
    78
    73
   234
    65
    82
    63
    54
     4
     3
     0
     1
     0
     0
    84
    60
   145
   138
    23
    61
    63
    29
    16
    94
    52
    29
    50
   169
    33
    64
    28
    29
     1
     0
     0
     2
     6
     0
    91
    37
   129
    46
    23
    66
    33
    22
    33
    29
    68
   197
    36
   164
   203
    73
    59
    25
     0
     0
     2
     0
     6
     4
    32
    34
   168
   111
    60
    26
    22
    18
    37
    59
    51
    78
    16
   176
    53
   120
    48
    31
     4
     7
     2
     0
     2
     0
    34
   182
   127
   157
    18
    22
    41
    21
    27
    30
    41
    20
    33
   202
   113
    15
    50
    68
    13
     0
     0
     0
     3
     0
    43
   140
   165
    37
    78
    29
    21
    34
    16
    50
   165
    47
    41
    61
    88
   115
    74
    29
     9
     0
     3
     0
     1
     4
    41
    88
   310
    40
    79
    36
    31
    31
    31
    39
    68
    29
    39
    60
    78
   147
    26
    66
     8
     0
     1
     0
     0
     0
    28
   135
   145
    24
    32
    70
    30
    80
    41
    31
    10
    52
    72
    29
    80
    53
    35
    48
     0
     0
     7
     0
     0
     0
    19
    93
   100
   134
    62
    19
    13
    81
    19
    34
    32
    22
     8
    74
   135
    62
    26
    24
     2
     0
     0
     0
     8
     9
    21
   112
   210
    81
    54
    52
    39
    50
    13
    27
    18
    31
    44
    35
    56
    75
    38
    59
     0
     8
    10
     0
     0
     0
    86
   144
   117
    13
    34
    44
    50
    65
    39
    34
    26
    81
    33
    15
   113
    54
    17
    31
     7
     6
     7
     0
    18
     0
    30
    13
   149
   105
    45
    27
    12
    45
    34
    70
    31
    33
   107
    18
   247
    57
    43
    13
     0
     5
     3
     0
     1
     0
   113
    93
   241
   125
    38
    67
    47
    40
    45
    58
    22
    30
   100
    78
    52
   171
    36
    53
     0
     0
     0
     0
     1
     1
    49
   161
   101
   122
    88
    35
    45
    59
    36
    49
    52
    37
    77
   131
    28
    51
    29
    37
     3
     1
     0
     0
     0
     0
    35
   107
    91
   147
    40
    57
    16
    34
    42
    54
    99
    11
    16
   119
   101
    52
    22
    31
     0
     0
     0
     0
     0
     0
    58
    71
   276
   100
    23
    32
    63
    10
    25
    24
    19
    31
    41
    48
    29
    45
    17
    45
     6
     0
     0
     0
     9
    10
    22
   149
   111
    60
    33
    41
    28
    26
   176
    36
    34
    48
    53
    85
    49
   114
    12
    41
     0
     0
     0
     0
     0
     0
    36
   120
   169
   133
    22
    14
    19
    40
    89
    61
    25
   158
    27
    38
    63
    72
    45
    15
     0
     1
     3
     0
     0
     2
    14
   149
   221
    11
    39
    77
    94
    43
    50
    46
    47
    54
    41
    43
   252
    38
    21
    41
     0
    13
     0
     0
     0
     2
    83
   153
   121
    94
    33
    22
    50
    65
    38
    29
    12
    45
    30
   185
   182
    26
    24
    87
     0
     0
     0
     0
     0
     8
   130
    96
   122
   323
    64
    54
    30
    40
   161
    62
    23
    55
    66
     9
    68
   157
    39
    28
     0
    10
     1
     0
     0
     1
    59
   153
   113
   147
    27
    31
    25
    50
    28
    36
    29
    51
    28
    41
    94
   126
    43
    38
     3
     0
     0
     0
     0
     8
    39
   143
   115
    71
    25
    37
    39
    11
    27
    32
    29
   174
    47
    67
    40
    72
    65
    41
     2
     0
     0
     0
     0
     6
    49
    17
   116
    86
    29
    15
    17
    42
    17
    42
    25
    19
    72
    47
    53
    57
    22
    25
     0
     1
     0
     0
     6
     0
    73
   107
    91
   125
    18
    48
    33
    47
    25
    42
    27
    25
    22
    39
    48
   117
    27
    56
     3
     0
     8
     0
     0
     1
    26
   166
    38
   102
    15
    10
    37
    41
    25
    77
    29
    29
    16
   108
   207
    39
    34
    90
    18
     3
     1
     0
     5
     0
    30
    98
   257
    75
    76
    22
    33
    77
    46
    53
    54
    20
    40
    30
    59
    91
    45
    43
     2
     5
     5
     0
     0
     7
    96
   224
   404
    74
    59
    87
    56
    44
    63
    50
    18
    21
    41
   127
    64
   277
    41
   209
     0
     0
    10
     5
     0
     0
    71
    47
   141
    65
    10
    50
    44
    15
    29
    27
    15
    37
   168
   177
    31
    48
    17
    67
     0
     3
     0
    11
     5
     0
    22
    70
   122
    72
    23
   102
    25
    12
    66
    43
    34
    40
    24
    57
   115
    95
    72
    17
     1
     0
     0
     0
     0
     0
    34
    88
    33
    70
    14
    61
    46
    78
    29
   135
    54
    51
    64
    48
    94
   118
    48
     6
     0
     6
     0
     0
     8
     0
    27
   105
   279
    92
    22
    55
    10
    17
    50
    39
    41
    13
    16
    48
   249
    54
    33
    75
     2
     7
     0
     3
     0
     3
    30
    76
   154
    40
    70
    75
    35
    30
    80
    23
    32
    24
    18
    32
   114
    57
    36
    36
     5
     0
     2
     0
     0
     1
    25
    47
   186
   169
    19
   161
    30
    36
    93
    76
    37
    30
    20
    97
    50
   127
    61
   100
     0
     0
     0
     0
     0
     6
    48
    75
   347
    81
    39
    46
    30
    94
    60
    81
    28
    28
    21
    31
   102
    90
    63
    26
     0
     0
     5
     0
     0
     0
    46
   178
   211
   107
    18
    30
    44
    77
    82
    83
    30
    50
    70
    37
    64
   125
    76
    62
     0
     0
     1
     0
     0
     3
    45
    29
   173
   294
    54
    23
    23
    82
    42
    27
    23
   319
    19
    59
    85
    49
    38
    29
     0
     0
     0
     0
     8
     0
    27
    64
   222
   157
    42
    89
    18
   165
    20
    44
    49
    32
    27
    71
    60
    32
    35
    51
     0
     0
     0
     0
     0
     0
    78
    76
   287
    58
    22
    14
    17
    54
    31
    42
    12
    53
    37
    22
    68
    36
    53
     9
     2
     5
     0
     8
     0
     3
    51
   114
   157
    45
    20
    33
    36
    32
    21
    39
    31
    29
    39
    71
   104
    90
    91
    28
    16
     0
     9
     0
     0
     1
    37
   120
   216
   189
    56
    71
   175
    89
    44
   136
    20
    50
    13
    49
    73
   177
    65
    58
     0
     0
     0
     1
     0
     6
    19
    88
   108
    33
    26
    52
    65
    50
    28
    32
    17
   132
    45
   141
   100
    22
    69
    20
     5
     9
     6
     9
     0
     7
    30
    95
   103
   121
    20
    25
    26
    30
    34
   183
    64
    15
    66
    84
   141
    52
     8
   122
     0
     4
     0
     0
     0
     0
    50
   146
   115
   118
    18
    38
    16
    28
    19
    18
    21
    12
    23
    47
    69
    35
    28
    33
     0
     0
     3
     5
     0
     5
    33
    74
   300
    26
    20
    34
   213
    14
    32
    23
    30
    31
    12
    54
    86
    44
    49
    27
     0
     0
     0
     0
     5
     8
    45
    33
    41
   115
    29
   105
    25
    36
    36
    15
    50
    37
    18
    33
   149
    39
    39
    41
     0
     0
     0
     0
     0
     0
    68
    84
   102
    37
    65
   100
    38
   102
    32
    38
    28
    26
    32
   176
   219
   252
    36
    21
     0
     0
     5
     0
     0
     4
    29
    88
    21
    59
    67
    39
    85
   120
   122
    28
    27
   179
    41
    72
   200
    69
    37
    66
     2
     4
     7
    10
     0
     0
    17
   154
   203
    78
    49
    32
    65
    27
    34
    52
    48
    36
    84
    21
    21
    85
    16
    51
     0
     0
     0
     9
     0
     3
    23
    99
    84
   104
    19
    85
    42
    24
    31
    32
    36
    91
    61
   111
    45
    84
    23
    26
     0
     0
     1
     5
    11
     0
    37
    67
   158
   137
    31
    55
    37
    27
    23
    83
   102
     7
    27
    68
    26
   163
    15
    76
     0
     5
     0
     0
     0
     0
    54
    92
   263
    45
    34
    25
    30
    12
    23
    32
    79
    69
    52
    14
    33
    81
    16
    31
     0
     0
     0
     0
     1
     0
    11
   107
   102
    41
   148
    13
    42
    24
    27
    12
    54
    21
    29
    16
    90
    12
    22
   101
     0
     4
     0
     0
     0
     4
    71
    61
   198
   107
    27
    19
    44
    33
    41
     2
     4
    41
    33
     7
    34
    71
    32
    17
     3
     0
     3
     0
     0
     4
    77
   249
   137
    89
    58
    38
    63
    62
    30
    51
    46
    19
    46
    39
    44
   226
    20
   183
     0
     1
     7
     0
     4
     0
    64
   117
   173
    56
    74
    79
    20
    54
    63
    49
    33
    22
    44
    43
   176
    85
    33
    82
     0
     0
     0
     1
     0
     2
    68
    58
   227
    20
    54
    57
    27
    19
    41
    49
    22
    23
    31
    21
    58
    70
    33
    11
     0
     0
     8
     2
     0
     7
   100
   117
    58
    66
    82
    47
    31
    32
    66
    66
    21
    31
    33
    39
   314
    76
   119
    10
     0
     0
     2
     0
    10
     0
    15
   114
    79
    49
    38
    74
    24
    85
    81
   166
    35
    40
    61
    39
    54
    25
    31
    27
     0
     0
     1
     0
     0
     2
    63
    41
    14
   215
    35
    38
    22
    23
   174
    44
    50
    10
    13
    15
    65
    24
    30
    11
     0
     5
     4
     7
     0
     0
    40
    97
   195
    66
    17
    33
    30
    23
    45
    30
    42
    28
    16
    32
    42
    15
    23
    49
     0
     0
     0
     0
     0
     0
    31
   168
    90
   251
    61
    26
    28
    61
    63
    32
    19
    30
   178
    52
   221
    90
    65
    27
     8
     4
     0
     0
     0
     4
    48
   127
    60
   109
    89
    36
    61
    81
    29
    25
    71
    30
   161
    67
   144
    42
    33
    49
     1
     0
     0
     0
     3
     1
    27
    93
    99
    91
    48
    32
    52
    96
    12
    62
    88
    29
    27
    44
   104
    50
    47
    64
     0
     0
     3
     3
     0
     0
    21
    11
   289
    46
    30
    25
    43
    29
    43
   172
    38
    27
    28
    60
    16
    16
    16
    11
     0
     5
     1
     3
     7
     0
    19
    29
   170
   222
    17
   174
    18
    78
    12
    63
    42
    16
    66
    61
    78
    23
    43
    45
     0
     6
     0
     0
     0
     0
    28
    65
   119
    75
    29
    63
    26
    13
    36
    78
    81
    63
    13
    54
    86
    32
    64
    28
     0
     0
     0
     3
     0
     0
    36
    70
   225
   113
    25
    50
    23
   164
    73
    39
    38
    17
    14
    40
    12
    76
    34
    18
     0
    10
     0
     0
     1
     0
    78
   151
   325
   293
    52
    43
    68
    34
    55
    43
    84
    21
    82
    39
   116
    28
    40
    94
     4
     4
     0
     0
     0
     0
    23
   148
   150
    64
   190
    75
    29
    36
    41
    36
    57
    60
    71
    54
    62
   196
   101
    37
     2
     0
     3
     0
     0
     2
    25
   192
   228
   136
    49
    11
    13
   156
    47
    91
    40
    30
    87
    29
   105
    27
    34
   100
     0
     0
     3
     1
     0
     0
    14
   150
   185
    74
    65
    83
     8
    68
    41
    66
    25
    41
    30
    10
   174
    24
    26
    24
     0
     0
     0
     0
    13
    11
    17
    20
    83
    84
    32
    41
    64
    42
    15
    18
    65
    27
    23
    33
    80
    77
    35
    72
     0
     0
     0
     0
     8
     1
    45
    61
    90
    97
    74
    26
    37
    10
    28
    32
    33
    14
    44
    72
   206
   180
    42
    30
     2
     0
     0
     1
     0
     6
    32
   196
    32
   153
    24
    14
   219
    25
    16
    33
    38
    12
    45
    61
    95
    51
    28
    15
     0
     0
     0
     1
     0
     4
   108
    66
   145
   117
    20
    65
   180
    32
    75
    12
    28
    32
    41
   118
   126
    73
    19
    11
     3
     6
     0
     0
     0
     8
    43
   112
   191
   183
    23
    53
    27
    45
    47
    42
    26
    24
    25
    66
    34
    92
    45
    95
     0
     0
     2
     5
     6
     0
    25
    74
    97
    52
    21
   194
    39
    10
    68
    33
    20
   169
    26
    37
    87
   137
    18
    42
     0
     8
     0
     0
     0
     0
    38
   144
   167
    29
    19
    24
    14
    34
    29
    26
    28
    27
    23
   168
    20
    58
    62
    24
     0
     0
     5
     0
     0
     0
    60
    55
    51
    98
    36
    64
    29
    32
     7
    12
    19
    23
    72
    65
    61
    72
    35
    44
     5
     9
     5
     0
     0
     0
    55
    65
   241
   252
    32
    26
    18
    37
    49
    29
    50
    23
    28
    39
    44
   187
    24
    24
     0
     0
     0
     0
     0
     5
    26
   107
   109
    15
    42
    31
    68
    14
    65
    67
   152
    32
    51
    44
    40
    99
    59
    23
     0
    12
     0
     0
     0
     0
    27
    85
   154
   103
    44
    23
    42
    47
   258
    49
     9
    68
    45
    20
    41
   147
    15
    31
     0
     0
     3
     0
     0
     6
    77
   296
    62
    47
    24
    14
    29
    31
    79
    10
   156
    45
    28
    21
    74
    37
    53
    27
     0
     0
     1
     0
     0
     9
    80
   103
   199
    67
    31
    42
    50
    39
    46
    13
    39
    23
    40
    63
    97
    18
    12
    46
     6
     0
    10
     0
     0
     4
    22
   153
   179
   142
    41
    23
   196
     9
    48
    52
    31
    18
    43
    32
    34
    30
    97
    32
     5
     7
     6
     0
     0
    14
    22
   179
   141
   190
   155
    16
    15
    16
    53
    29
    21
     6
    40
    23
    89
   160
    99
    11
     0
     9
     0
     0
     0
     0
    80
    93
   137
    77
    36
    43
    72
    80
    14
    77
    63
    29
    51
    33
    49
    53
    22
    72
     8
     0
     0
     3
     8
     3
    34
    34
   156
    20
    68
    25
    39
    33
    23
    24
    65
    44
    44
    37
    84
   107
    38
    23
     0
     0
     0
     5
    10
     7
    51
   155
    56
   286
    36
    51
    12
    85
    38
    86
    92
    43
    26
    51
    35
    84
    39
    18
     0
     3
     0
     0
     0
    14
    35
   251
   199
    58
    40
    52
    47
    28
     9
    69
    47
    43
    69
    75
   123
    44
    72
    67
     0
     0
     0
     2
    10
     8
    41
   137
   201
    16
    25
    13
    80
    39
   101
    31
    73
    89
    68
    45
    28
   113
    28
    32
     0
     0
     1
     2
     5
     0
    24
   155
   247
   188
    41
    31
    71
    75
    13
   115
    81
    41
     6
    12
   112
    66
    46
    53
     0
    10
     4
     0
     0
     0
    68
    94
   253
    15
    25
    29
    24
    16
    37
    20
    72
    65
    30
   179
    95
    16
    24
    50
     0
     0
     0
     0
     9
     0
    69
    66
   137
    68
    11
    21
    19
    26
    18
    40
    17
    33
    43
    34
    27
    31
    22
    37
     0
     0
     0
    12
     0
     0
    48
    59
   245
    58
    40
   105
    34
   153
    87
    11
    23
    17
    23
   165
   155
   309
    47
    29
     0
     0
     0
     0
     0
     0
    26
    48
   242
   116
    38
    18
    72
    79
    24
    54
    58
    84
    17
    57
   136
   153
    63
    30
     0
    12
     0
     4
     1
     0
    13
   151
   198
    35
   202
    27
    50
    41
    43
    48
    38
    44
    45
    39
    47
   108
    50
    35
     0
    13
     0
     4
     5
     3
    15
   109
    34
    68
    62
    61
    42
    56
    40
    79
    20
    27
    13
    27
    81
    33
    29
    63
     9
     0
     0
     0
     1
    12
    37
   122
   134
    44
   203
    36
    44
    24
   170
    58
    57
    37
    20
    62
    27
    60
    22
    63
     0
     0
     0
     0
     0
    11
    19
    72
    32
    28
    67
    17
    33
    50
    27
    17
    17
    16
    35
   204
    68
    93
    32
    89
     0
    12
     2
     0
     6
     0
    39
    70
   199
   110
    27
    22
     7
    30
    34
    46
    16
    32
   193
   175
   201
    71
    39
    26
     0
     1
     0
     0
     0
     4
    52
   112
   162
   132
    35
    24
    10
    50
   112
    45
    29
    14
    26
    56
    58
    61
    28
    55
     0
     7
     0
     6
     1
     0
    83
   204
   241
    83
    45
    39
    40
    41
    64
    10
    36
   179
    29
    78
   157
   108
    28
    34
     0
     0
     0
     0
     0
     0
    93
   138
   278
   110
    44
    36
    74
   200
    68
    31
   199
    26
    13
   238
   203
    58
    40
    12
     3
     0
     0
     5
     8
     0
    35
   166
    74
   161
    67
    18
    45
   178
    31
   102
    39
    19
    94
    16
    36
    55
    25
    51
     0
     8
     0
     1
     0
     6
    12
    28
   159
    95
    11
    38
     7
    69
    21
    67
    29
    48
    27
    47
    38
    50
    27
    31
     6
     0
     0
     0
     0
     0
    86
    57
   138
    83
    16
    47
    23
    19
    55
    26
    62
    43
    24
    58
    11
    64
    28
    29
     0
     3
     9
     1
     3
     0
    85
    58
   140
    62
    36
    70
    99
    20
    28
    49
    65
    32
    18
    54
   140
    66
    16
   131
     0
     0
     1
     1
     0
     0
    55
    22
   136
   123
    72
    47
    42
    79
    27
    25
    49
    22
   180
    42
    57
   101
    68
    36
     0
     1
     7
     0
    25
     0
   134
    82
   228
   116
    65
    48
    33
   180
    64
    42
    38
    24
    39
    14
    56
    75
    26
    19
     0
     6
     9
     0
     2
     0
   135
    68
   227
   177
    42
   109
    12
    31
    50
    37
    89
    36
    43
   111
   132
   145
   128
    27
     0
     0
     8
     0
     0
     0
    32
    36
    17
    24
    22
    40
    20
    20
     3
    57
    72
    27
    67
    50
   269
    48
    48
    28
     5
     0
     2
     4
     0
     7
    39
   136
    73
   197
    30
    67
    54
    24
    54
    22
    21
    86
    82
    70
   219
    68
    12
    26
     6
     0
     0
     0
     1
     0
    31
   123
    33
    57
    52
    49
    30
    19
    64
   196
     4
    54
   168
    36
    64
    20
    75
    53
     4
     0
     3
     0
     2
     0
    26
    88
   116
    30
    47
    23
    20
    35
    22
   100
    37
    64
    33
    79
    41
    69
    24
    41
     6
     0
     0
     8
     0
     0
    30
    63
   296
    62
    37
    44
    52
    11
    64
    60
    49
    16
    42
    36
    48
    37
   125
    69
     0
     0
     0
     0
     0
     4
    18
   177
   155
   101
    91
    37
    25
    55
    78
    44
    36
    58
    16
    23
    70
    23
    20
    35
     0
     0
     0
     0
     3
     2
    56
   161
   132
   105
    48
    29
    31
   195
    80
    85
    32
    33
    35
   132
    47
    24
    34
    81
     0
     1
     0
     0
     0
     4
    36
    87
   190
    39
    37
    52
    20
    63
    45
    25
    12
    57
    33
    58
    39
    56
    76
    44
     3
     0
     0
     0
     0
     0
    28
    58
   189
   156
    66
    20
    28
    63
   102
    22
    28
    46
    64
   123
    65
   171
    20
    23
     6
     4
     0
     0
     0
     7
     4
    83
   164
   189
    47
    33
    30
    25
    24
    42
    58
    91
    51
    62
    53
    81
    45
    27
     0
     1
     0
     0
     0
     7
    20
    72
    87
   110
    28
    30
   119
    17
    11
    27
    80
    15
    78
   204
    76
    18
    30
    54
     0
     0
     0
     1
     1
     0
    58
   117
   173
    56
    62
    87
    20
    14
   219
    67
    26
    29
    36
   316
   343
   142
    54
    59
     0
     0
     1
     6
    10
     0
    88
   193
   138
    61
    68
    36
    83
    85
    39
    26
    34
    27
    81
   305
    99
    68
    88
    35
     0
     1
     5
     0
     0
     0
    49
   200
   198
    63
    40
    83
    36
    27
    72
    90
    79
    78
   165
    85
   224
    73
    58
    78
     2
     0
     4
     0
     0
     0
    19
    31
   162
    97
    65
    61
    29
    34
    13
    16
    61
    89
    40
    27
   186
    85
    21
    33
     3
     9
     0
     0
     5
     7
    83
   104
   104
   106
    23
    32
    55
    50
    27
    25
    29
   231
    57
    25
   115
    72
    30
    29
     0
     8
     6
     0
     0
     5
    32
    64
   116
   160
    34
   105
    29
    45
    11
    50
    79
    54
    24
    21
    72
   106
    78
    16
     5
     0
     0
     8
     0
     0
    12
   102
    65
   140
    37
    37
    34
    12
    24
    46
    66
    25
    48
   213
    91
    77
    40
    67
     0
     5
     0
     0
     0
     0
    68
    16
    93
    46
    32
    47
    74
    59
   223
    24
    70
    38
    66
    70
   151
    60
    25
    22
     0
     2
     5
     0
     1
     0
    23
   120
   106
   244
    52
    88
    42
    41
    51
    36
    41
    25
    64
    47
   106
   175
    33
    61
     0
     0
     0
     0
     7
     8
    44
    86
   222
   154
    29
    50
    19
    32
    14
   140
   120
    24
    46
    10
   110
    12
    47
   100
     4
     4
     0
     0
     0
     8
    22
    88
   265
   162
    63
    36
    27
    61
    32
    38
    42
    70
    50
    29
    17
   107
    32
    53
     0
     6
     0
     0
     0
     0
    31
   112
   227
   188
    32
    36
    31
    33
    39
    16
    27
    98
    29
    34
   110
    84
    41
    33
    13
     0
     8
     0
     0
     0
    50
    82
   253
    33
    31
    68
   111
    24
    24
    36
    18
    21
    21
     4
    17
   108
    28
    24
     3
     8
     3
     0
     0
     0
    33
   207
    67
   193
    21
    26
    37
    50
    16
    37
    26
     9
    30
    25
   114
    89
    13
    21
     0
     0
     0
     0
     0
     1
    36
    86
   142
    63
    44
    29
    37
    42
   178
    40
    13
   174
   176
   102
   165
   137
    32
    35
     6
     0
     0
     0
    12
     0
    76
    92
   104
   129
    41
    31
    73
    93
    25
    34
    71
    81
    56
    29
    64
    88
    17
    96
     9
     5
     4
     0
     0
     2
   109
   127
   279
   136
    47
    41
    89
   162
   162
    57
    40
    31
    44
    98
    71
    97
    46
    59
     0
     3
     0
     4
     0
     5
    69
   200
   101
   259
    83
    31
    32
    76
    25
    15
    33
    28
    29
    38
    46
    66
    64
    53
     0
     4
     2
     0
     0
     0
    40
    80
   122
    30
    19
    49
    46
    64
    14
    23
    28
    36
   155
   100
    83
    56
    38
    30
     0
     0
     0
     5
     0
     1
    63
   108
   212
   122
    32
    30
    26
   212
    53
    27
    40
    29
    23
    24
    35
    38
    21
    59
     0
     1
     0
     0
     0
     0
     0
    26
    70
   129
   197
    76
    19
    76
    74
     8
    25
     8
    25
    61
    27
   171
   274
    14
    23
     0
     0
     0
     6
     1
     0
    67
    82
   170
   129
    19
    21
    28
    31
   113
    49
    27
   176
    63
    34
   112
    36
    23
    66
     4
     0
     0
     0
     4
     0
    21
   117
   192
   183
    40
    75
    31
    21
    36
    42
    70
    80
    54
   203
   339
   114
    15
    81
     0
     7
     0
     2
     0
    12
    92
    81
   195
   178
    35
    55
    69
    28
    49
    34
    64
    60
    94
    57
   163
   103
    48
    47
     0
     0
    10
     4
     0
     0
    39
    34
   115
   185
    56
    44
    72
    21
    45
    40
    28
    35
    36
    32
   121
    85
    30
    25
     0
    12
     0
     9
     0
     8
    31
   111
    95
   113
    29
    49
    39
    45
    28
    54
    22
    55
    21
    36
   115
    96
    61
    44
     1
     0
     0
     0
     0
     3
    26
    48
   106
   117
    27
    64
    93
    39
    41
    80
    54
    66
    36
    30
    97
   154
    34
    22
     0
     0
     0
     1
     1
     0
    25
    22
   159
    63
    54
    67
    92
   109
    63
    66
    20
    42
    65
    17
   255
    60
    48
   104
     0
     0
     0
     3
     0
     0
    56
   162
    98
   163
    45
    32
    30
    57
    38
    92
    28
    69
    74
    96
    35
    24
   104
    37
     0
     4
     0
     0
     0
     0
    23
   222
   151
   100
    24
    24
    43
    43
    34
    89
    45
    83
   229
    24
   109
    56
    43
    96
     1
    22
     0
     0
     2
     2
    71
   201
   100
   393
    30
    97
    49
    16
   111
    53
    21
    55
    58
    87
   127
    29
    88
    65
     0
     4
     0
     0
     0
     0
    59
    62
   107
    83
    30
    69
    45
    34
    26
    47
    85
    50
    77
    33
    95
    83
    28
    56
     6
     0
     0
     0
     2
    19
    26
   127
   254
   108
    24
    42
    30
    29
    28
    29
    55
    49
    52
    71
    75
   196
    12
    87
     0
     0
     0
     6
     5
     0
    42
   129
   163
    30
    31
    32
    70
    26
    54
    35
    30
    46
    48
    28
    74
    21
    27
   110
     0
     5
     5
     2
    13
     0
    41
    53
    74
    84
    28
    30
     5
    28
    18
    20
    41
    51
    19
   119
    64
   128
    37
    37
     0
     8
     0
     2
    10
     7
    61
   158
    61
   177
    31
    59
    43
    60
    25
   106
     6
    57
   179
    13
    66
    52
    43
    15
     0
     5
     0
     5
     2
     0
   112
   202
    93
    69
    61
    88
   124
    43
    80
    38
    70
    41
    73
   102
   120
   205
    68
    41
     0
     2
     0
     6
     0
     2
   101
   158
   190
   244
    42
    45
    36
    84
    44
    56
    15
    45
    40
    90
    45
   126
    57
    14
     5
     0
     0
     7
     8
    12
    73
   148
   203
    83
    34
    30
    87
    25
   123
    46
    72
    64
   160
    29
    76
    26
    38
    26
     3
     0
     1
     0
     0
     0
    44
   111
   182
   153
    28
    36
    58
    17
    90
    67
   202
    47
    22
    90
    79
    77
    31
    41
     0
     4
     2
     6
     0
     0
    71
   126
   246
    68
    56
    23
    25
    30
    13
   166
    87
    43
    73
   186
    65
   260
    62
    60
     0
    11
     0
     0
     6
     0
    37
    54
   173
    69
    14
    46
    48
    34
    35
    18
    31
    33
    21
    65
   156
    58
    93
    33
     0
     2
     3
     0
     0
     1
   100
   167
    74
   122
    51
    38
    53
    26
    25
    63
    23
    25
    36
    47
    23
    18
    25
    22
     0
     0
     0
     0
     0
     0
   135
    68
   166
   186
    66
    49
    57
   101
    73
    79
    43
    32
    22
    43
   355
   288
    26
    74
     0
     6
     3
     5
     0
     0
    25
   167
    99
   238
    50
    54
    17
    43
    41
    52
    40
    28
    59
   146
    72
   114
    49
    25
     6
     0
     0
     0
     7
     0
    58
    20
   193
   229
    53
    16
    38
    57
    32
    40
    56
   301
    14
    32
   111
   113
    41
    18
     0
     0
     0
     1
     0
    11
    25
   124
   125
   168
    47
    76
    55
    58
    15
    60
    22
    60
    46
    99
   155
   100
    68
    37
     0
     0
     0
     4
     0
     1
    29
   240
   164
   276
    25
    24
    44
    41
    23
    47
    40
    30
    56
    30
    71
   100
    25
    43
     0
     0
     0
     0
     0
     1
    78
   116
   260
   229
   102
    33
    12
    42
    64
    43
    46
    96
    61
    80
    80
    73
    67
   110
     0
     0
     0
     0
     0
     9
    84
    62
   116
   107
    31
    50
    45
    44
    43
    39
    42
    49
    32
    46
    44
    69
    35
    52
     1
     0
    11
     0
     5
     6
   109
   100
   310
    97
    57
    31
    73
    54
    52
    30
   110
    22
   102
    66
    42
   134
    84
    37
    15
     5
     0
     4
    16
     0
    80
    96
   186
    74
    73
    50
    58
    55
    37
    46
    81
    65
    15
    54
    23
   114
    34
    55
     2
     2
     0
     6
     0
     1
    39
    40
   232
   222
    45
    30
    42
    18
    27
    72
    26
    34
    40
    76
   190
    43
    23
    14
     0
     5
     0
     6
     0
     0
    80
    40
   123
    24
    29
    31
    14
    53
    44
    73
   216
    71
    16
    35
    83
   116
    12
    20
     0
     9
     1
     0
     0
     0
    35
    77
   152
   142
    41
    23
    68
    79
    43
    23
    51
    38
   194
    55
   393
    65
    33
    67
     3
     0
    11
     0
     8
     2
    11
   194
   218
    84
    84
   224
    42
    33
    37
    25
    38
    71
    48
    31
    68
   104
    41
    12
     0
     0
     3
     0
     0
     0
    75
   118
   119
    91
    29
    81
    23
    55
    25
    20
    28
   183
   159
    69
   121
    56
    19
    59
     0
    12
     0
     6
     0
     8
    80
    68
   272
   160
    16
   116
    48
    58
    22
    47
    88
    41
    51
    59
    47
   266
    67
    99
    10
     2
     0
     0
     9
     0
   113
   117
   144
    94
    31
    37
    25
    39
    58
    75
    59
    39
    51
    33
   263
    62
   171
   185
    10
     7
     0
     0
    13
     0
    58
   139
   142
    12
   105
    19
    68
    35
    42
    15
    35
    39
    43
    43
   531
    25
    81
    56
     0
     0
     0
     0
     0
     1
    32
    64
   178
    37
    67
    53
    49
    59
    63
    20
    14
    37
    15
    75
   153
    84
    73
   110
     5
     0
     0
     0
     0
     0
    63
   263
   117
    84
   121
    66
    14
    22
    56
    18
    32
    25
    22
    26
    27
    35
    45
    20
     0
     0
     0
     5
     0
     0
    57
   184
   430
    81
    40
    63
    77
    32
    32
    51
    40
    73
    51
    28
    25
    70
    50
    54
     9
     1
     0
     0
     0
     1
    22
    81
   172
   209
     8
    52
    69
    47
    49
    43
    93
    22
    43
    28
    68
    96
    71
    40
     0
     2
     0
     0
     0
     0
    37
   190
   189
   151
    56
    35
    49
    56
    70
    91
    53
    90
    39
   120
   183
   166
    79
    39
     0
     0
     1
     0
     0
     0
    19
   165
    81
   278
    35
    44
    91
    37
    41
    31
    29
    47
    66
    90
   113
    40
   179
    46
     6
     0
     0
     1
     0
     8
    14
    47
   118
    94
    54
    30
    60
    43
    21
    18
    39
    29
    49
    68
   111
    95
     6
    43
     6
     4
     0
     0
     1
     8
   185
   118
   223
   187
    43
    33
     6
    13
    38
    22
    43
    45
    27
    30
    13
    90
    73
    17
     7
     0
     0
     0
     7
     0
    55
    26
    71
   173
    79
    49
    51
    48
     3
    36
   105
    38
    39
    55
   105
    88
    44
    81
     0
     4
     0
    11
     0
     0
    48
   361
   116
   108
   104
    71
    47
    80
    77
    43
    55
   193
    74
    24
    85
   213
    29
    43
     0
     3
     9
     7
     0
     0
    61
   169
   231
   193
    53
    45
    44
   129
    38
    15
    20
    26
    14
    57
    81
   136
    32
    51
     3
     6
     8
     0
     3
     0
    76
    82
    68
   182
    77
    66
    56
    44
   115
   100
    35
    46
   233
   102
   139
    47
    53
    63
     1
     3
     6
     0
     0
     9
   101
   160
   155
   185
    69
    18
    44
    29
    47
    77
    35
    33
    21
    96
   127
   104
    77
    91
     1
     0
     0
     0
     0
     0
   123
    74
   108
    78
    57
    32
    64
    50
    48
    62
    24
    49
   105
    40
    90
   122
    69
    60
    16
     0
     1
     6
     6
     0
    61
   104
   105
   209
    20
    79
    36
    15
    27
    23
    23
    19
    59
    53
   180
    98
    51
   106
     0
     6
     0
     7
     2
     0
   107
    90
   113
   199
    38
    29
    50
    20
    30
    20
    79
   184
    57
    27
   274
   109
    41
    72
     0
     9
     0
     2
    10
     0
   107
   215
   284
   159
    66
    22
   142
   308
    49
    81
    28
    21
    49
    39
   117
    35
    68
    34
     4
     0
     7
     3
    10
     0
    52
    74
   171
   129
    32
   168
    89
    92
    34
    73
    68
    65
    34
    70
   246
    54
    53
    21
     0
    10
     0
     4
    15
     0
    83
   130
   206
   143
    51
    50
    42
    29
    53
   335
    66
    68
    26
    28
   136
    51
    33
    58
     0
     0
     0
     5
     0
    12
    30
    83
   264
   200
    59
    48
    19
    90
    76
    66
    27
    64
    35
   224
   101
    99
    27
    44
     2
     0
     0
     9
     0
     0
    48
    39
   173
   110
    67
    34
    38
    87
    54
    74
    46
    37
    42
   225
   257
   178
    97
     0
     0
