    82
     6
     5
    16
     0
   108
   280
   403
   369
    94
   113
   145
    87
    93
   363
   125
    88
   160
    95
   140
   391
    53
    86
     8
     9
     4
     0
     1
     4
   146
   158
   422
   441
    99
   195
    99
    76
    44
   138
    38
   162
    30
   195
   269
    94
   213
   133
     0
    12
     4
     6
    13
     0
   157
   322
   335
   171
   176
   129
   157
   140
    76
    60
   130
    67
   190
   123
   233
   133
   116
   125
     6
     9
    10
     0
    12
     5
   147
   191
   399
   434
   135
   185
    49
   131
    40
   108
   113
    91
    82
    83
   290
   193
    85
    92
    13
     2
     0
     6
     9
     0
   153
   184
   355
   289
   155
    69
    72
   113
   149
   157
    88
    90
   192
   209
   392
   119
   145
    76
    10
     0
     3
     9
     1
     4
   151
   322
   473
   430
   164
   124
   369
   122
   122
   378
    72
    91
   162
   220
   161
   309
    87
   132
     4
     3
    10
     1
     1
    10
    80
   327
   416
   339
    97
   216
   122
   156
   114
   280
   270
   121
   236
    97
   377
   347
   141
   227
     6
     0
     2
     7
    11
    10
   115
   307
   376
   299
   262
    75
   118
   104
    89
   257
   102
   124
    80
   114
   181
   141
    78
   110
     7
     0
    18
     0
     1
    12
    91
   213
   348
   290
   104
    58
    57
   122
   133
    92
    67
   160
    69
    75
   143
   117
    87
   234
    19
     0
     7
    14
     3
     0
    61
   372
   702
   205
   165
   217
   110
    92
   101
    80
   134
   111
    51
   106
   425
    98
    86
    88
     0
    12
    12
     8
    14
     8
   162
   301
   305
   284
   135
    72
    92
   144
   126
   137
   106
   133
   169
    82
   124
   334
   100
    76
     7
     0
     0
     8
     0
     0
   114
   349
   347
   201
    88
   145
    64
   125
   154
    71
    98
   150
   124
   205
   151
   292
    83
   193
     6
     7
     0
    24
     7
     6
   186
   493
   423
   494
   134
   174
   140
   101
   279
   123
   299
   148
   175
   278
   327
   379
   126
    90
     0
     7
     7
    10
     6
     3
   190
   272
   339
   252
   148
    97
   167
    87
   132
    97
   138
   205
   142
   198
   135
   279
   306
   115
     6
    15
     0
    12
     6
     0
   152
   192
   274
   373
   131
   163
   165
    73
   153
   144
    88
    96
    69
   226
   432
   358
   145
   114
     0
     4
     0
     1
     0
     2
   100
   185
   384
   263
   121
    91
   138
   236
    79
    72
    72
   140
    94
    79
   225
   255
    61
   140
    10
     4
     7
    10
     1
     1
   120
   262
   395
   370
   108
   141
    85
   105
    77
    83
   119
   111
   109
   118
   504
   118
    81
    75
    13
     5
     9
     0
     2
    23
   189
   217
   304
   426
    90
    75
   125
   268
   134
   119
   244
   108
    85
   139
   230
   222
   264
    89
     8
     2
     0
     0
     0
     2
   134
   198
   380
   365
   101
   141
   315
   100
    46
   105
    53
    59
   105
    78
   129
   338
   100
    82
     0
     1
     8
    14
     0
     0
   148
   231
   677
   279
   107
   245
   211
    98
   157
    70
   135
   265
   115
   318
   276
   299
   111
   177
     2
     3
    14
     3
    15
     0
   180
   301
   782
   261
   114
   101
    93
   104
   110
    85
   138
   189
   151
   234
   170
   352
   156
   111
     6
    13
    11
     2
     4
     5
   211
   247
   417
   186
    73
   117
    94
    41
   133
    94
   151
   180
   120
   204
   196
   144
    77
   110
     0
     0
     2
    20
     7
     6
    94
   236
   696
   332
    80
    98
   151
    78
    89
   259
   109
   152
    51
   206
   250
   334
   133
   160
     5
     0
     0
     9
     0
     5
   150
   302
   391
   486
    74
   113
   122
   164
    81
   226
    85
    96
   115
   118
   271
   332
   136
   122
    15
     7
    18
    12
     8
     3
   141
   181
   279
   287
   137
   161
   149
    88
    87
    71
    90
   188
    69
   191
   457
   158
   124
    84
     0
     0
     0
     9
     9
     8
    92
   296
   436
   258
   122
    64
   210
    75
    82
    82
   124
   125
   225
   112
   427
   127
   133
   137
     0
     9
     5
    13
     6
     0
    47
   240
   528
   393
   141
    93
   119
   130
   147
    47
   173
   270
    85
   566
   243
   288
   128
   112
     9
     1
     3
     8
     0
    11
   185
   490
   396
   243
   170
   106
   406
    89
   114
   247
   226
   123
   269
   132
   137
   122
   112
   247
     0
     7
     3
     2
     0
     0
   117
   299
   375
   203
   265
   104
    70
    88
   117
   118
    81
    78
    75
   218
   308
   218
   176
    86
    18
     0
     6
    13
    15
     0
   151
   183
   216
   286
    82
   104
   134
   131
   111
   197
   260
    71
    66
   427
   190
   171
   133
    86
     9
     6
     6
     7
     5
     0
   144
   184
   378
   384
   116
   232
    84
   100
    92
   167
    75
   143
    98
    68
   155
   137
   145
    60
     2
     1
    10
    17
     2
     6
    58
   247
   297
   229
    67
    94
    63
   112
   107
   212
   113
    81
   104
   167
   221
   421
   140
   328
     4
     0
    14
     0
     5
     9
    64
   365
   326
   295
   104
   128
   149
   138
    67
   110
   111
    85
   106
   296
   264
   182
   121
   116
    17
     7
     4
    12
     0
     2
   203
   320
   375
   375
    72
   118
   150
   179
   354
   108
   133
    95
   157
   235
   208
   108
   130
   227
     7
     6
     7
     5
     3
     8
    79
   531
   401
   354
   142
    94
   176
   129
   121
   138
   160
   218
   128
   249
   151
   322
   108
   105
     9
     1
     5
    12
     0
     6
   141
   405
   456
   278
    67
   139
   114
   165
   373
   112
   129
   191
   170
   197
   287
   559
    74
   150
    10
     5
     5
    21
    11
    13
    94
   201
   365
   256
    69
   196
   176
   123
   108
   112
    90
    90
    99
   218
    89
   279
   240
   123
     1
     1
     1
     0
     9
     0
   141
   168
   379
   258
    73
    68
   138
   107
   202
   127
   146
   143
   119
   101
   144
   187
   131
   244
    15
    11
     1
     0
     0
     2
   157
   243
   547
   305
   399
   187
   144
    92
   117
    86
    46
   220
    54
   125
   372
   160
   123
    85
     5
     5
     6
     7
     0
     8
   110
   326
   235
   397
   103
   140
   142
   144
   356
   228
   126
    77
   114
   188
   289
   344
   227
    80
    11
     7
     0
    11
     8
     0
   154
   223
   314
   338
    75
    96
   127
   228
   219
   123
   273
    88
   234
   175
   284
   289
   162
   143
     3
     3
    10
    10
    21
    13
   125
   326
   367
   215
   208
   118
    88
   177
   129
   220
   108
   128
   138
   200
   308
   379
   137
   171
     3
     2
     2
     2
     7
     1
   103
   468
   324
   269
    80
   203
   166
    59
   223
    97
   208
   206
   119
   215
   510
    90
   139
   169
     0
     7
     9
    17
    10
     5
   141
   116
   394
   207
    94
    96
   244
   195
   143
   126
   161
   152
    74
   112
   246
   284
   102
    85
     4
     9
     4
     0
     8
    15
    97
   271
   461
   362
   118
   214
   164
    90
    84
   127
    63
   134
   165
    72
   143
   244
   170
   234
     1
     0
     1
    29
     7
     0
   105
   270
   457
   248
    61
   165
   158
   100
   130
   140
    72
    75
   171
   249
   165
   214
   145
   108
     0
    10
     0
    19
     4
     7
   117
   336
   326
   323
   104
    70
   125
   186
   259
    54
    82
   249
    83
    95
   249
   344
   144
   137
     9
    14
     6
     8
     0
     2
   214
   374
   585
   311
   120
   189
   280
   120
   265
   122
    85
    99
   125
    44
   174
   326
   147
   120
     0
    17
    15
     0
     5
     4
   199
   212
   670
   268
    90
   134
   135
   119
   127
   277
   107
    97
   134
   264
   355
   397
    90
    94
     0
     0
    13
     4
     0
     1
    85
   310
   225
   367
   128
   151
   132
   104
   256
   169
    83
   108
    75
   130
   191
   279
    69
    94
     9
     1
     5
    10
     0
     3
   153
   291
   422
   372
    75
   142
   111
    81
    82
   147
    94
    81
   108
   578
   295
   145
   123
    70
     0
     1
     0
     5
     8
     6
   174
   292
   223
   198
    71
   118
    48
   132
   124
    93
   113
    96
   197
   122
   352
   192
   112
    97
     4
     0
     0
     9
    10
    12
   133
   464
   348
   276
   137
    70
    97
   123
   115
    61
    79
    65
    77
   134
   277
   398
    82
    85
     0
     0
     5
     2
     6
     2
    72
   342
   481
   392
   106
    81
   226
    90
   144
    78
   104
   118
   224
    91
   210
   398
    73
   170
     2
     2
     9
     9
     7
     0
   225
   293
   494
   323
   150
   170
    67
   164
   211
   233
   124
   122
    60
   188
   379
   201
   145
    73
     7
     2
     0
    12
     4
     7
   179
   263
   577
   580
   153
   128
   191
   143
    58
   110
   224
   167
   100
   245
   428
   130
    75
   125
     6
    16
    13
     5
     4
     5
    67
   312
   432
   165
   125
   150
    47
   215
    57
    64
   151
   152
    77
   390
   265
    95
   124
   258
    20
     6
     0
     0
     6
     5
   128
   190
   458
   281
    86
   114
   329
   346
   107
   111
   159
   207
    93
   191
   171
   222
   105
   114
     0
     5
     5
     0
    24
     5
   218
   281
   457
   290
    50
    65
   238
    73
   176
    83
    76
   121
   112
   122
   237
   124
    86
   111
     8
     0
    10
    13
     2
     8
    62
   298
   396
   265
   123
   101
   138
   257
   125
    81
    73
   120
    50
   137
   353
   172
   106
   101
     5
    16
     4
     5
     4
     1
    94
   321
   352
   283
   103
    83
    51
   101
   125
   314
   101
   108
   102
    70
   134
   193
    55
   111
     0
     5
     5
     9
     0
     0
   112
   295
   406
   397
   204
    73
    77
    94
   116
   139
    82
   126
    96
   200
   207
   222
   145
   176
     3
    10
     6
    17
     8
     0
   198
   221
   557
   175
   153
   148
   232
    98
   135
   328
    84
    52
   260
   349
   259
   265
    90
   198
    15
     3
    14
     5
     8
     1
   120
   232
   394
   436
   230
   114
   260
    96
   181
    81
   148
   119
   139
   147
   253
   453
   105
    74
     0
     0
     0
     8
     0
     6
   111
   194
   456
   429
   114
   172
    53
    60
   125
   102
    45
   149
   241
    70
   121
   139
    85
   238
     0
     5
     8
     8
     9
     0
    71
   297
   424
   289
   147
   163
   163
   115
   124
    91
    67
    65
   266
    85
   173
   156
    93
    79
     0
    27
    13
     0
     0
     0
   100
   224
   448
   220
   117
    91
    36
   176
    62
   194
    76
   110
   142
   103
   189
   192
   145
    48
     5
     0
     5
     0
     0
     0
   130
   211
   316
   308
    86
   110
   153
   142
   130
   197
   127
    63
   107
   316
   125
   106
   227
    98
     3
     3
     5
     6
     6
     4
    78
   263
   644
   369
   173
   216
   260
   132
   171
   105
    77
   107
    88
   187
   418
   219
   199
    97
     4
     9
     0
     3
     0
     7
   110
   209
   527
   312
   112
   262
    95
    99
   171
   119
   109
   103
    83
   171
   618
   155
    86
   127
     4
     8
     6
     3
     0
     3
   203
   256
   385
   152
   100
   100
   100
   125
   150
   106
   116
   140
    77
   328
   385
   201
   120
   119
     0
     1
     0
     7
     0
     4
   129
   381
   298
   236
   128
   125
    55
   156
    63
   113
    35
   241
   105
    74
   364
   254
   177
   164
     0
     0
     0
     0
     0
     7
   112
   207
   566
   432
    84
    72
   105
   115
   277
    72
    83
    81
    80
   238
   138
   139
   104
   176
     6
     0
     9
    15
     3
     5
   122
   244
   592
   300
   188
   291
   203
    76
    99
    62
    92
   364
   115
   197
   237
   163
   119
   267
     9
     4
     2
     0
     0
    18
   189
   492
   326
   278
    76
   140
    93
    90
    85
   110
   156
   232
   107
   219
   323
   218
    85
   125
     0
    12
     0
     1
     7
     9
   144
   337
   675
   395
   150
   123
   249
   266
   118
   193
    94
   316
    96
   172
   103
   142
   164
   105
     0
    17
     8
    10
     0
     5
   171
   385
   546
   333
   202
   157
   238
   103
   163
   134
   114
    98
   112
   155
   159
   322
   135
   365
     9
     7
     7
     5
     4
     6
   136
   160
   326
   266
    82
   106
   340
   144
   153
    81
   103
   270
   161
   157
   230
   147
    61
   116
     0
     6
    12
     1
     0
     0
   152
   397
   493
   252
   233
    43
   143
   106
    93
    90
   106
   233
    58
   232
   174
   256
   100
   106
     0
     8
    11
     1
    14
     0
   101
   175
   234
   271
   238
    95
    70
    74
   132
   146
   110
    77
   105
   102
   154
    56
    95
   130
     9
    14
     0
     0
     9
     6
   211
   155
   442
   417
   262
   246
    37
    75
    74
    85
   133
    76
   122
   115
   350
   342
   106
   144
     0
     0
     9
     5
     7
    16
   122
   320
   366
   358
    87
   148
    47
   234
    94
   121
   108
   115
   164
   157
   297
   137
    69
   129
     6
     1
     8
     8
    17
     8
   144
   330
   471
   277
    84
   131
   126
   375
   174
   238
   155
   186
   224
   152
   242
   302
   132
   120
    15
     0
    10
     4
     4
     0
   153
   171
   592
   336
    75
   183
    96
    88
   175
    56
   165
    93
   330
    76
   345
   259
    76
   137
    11
     8
     5
     0
     0
     4
    75
   304
   373
   316
   129
    83
   115
    41
   115
   167
   107
   123
   100
   105
   175
    46
   108
    53
    13
    11
     0
     8
     0
     7
    59
   273
   386
   335
    90
   140
    79
   113
   121
    74
   174
   121
   294
   195
   303
   226
   108
   110
    22
     4
     8
    21
     0
    35
   117
   174
   362
   330
   205
   263
   107
    69
   107
   173
    91
   207
   197
   281
   305
   161
   113
   256
     3
     8
    14
    11
    13
     4
    75
   365
   617
   415
   124
    81
   185
   128
    99
   123
   127
    76
   137
   165
   231
   168
   127
    88
     0
     9
     8
     7
     0
     2
   119
   260
   348
   396
    82
    70
    74
   223
   245
    95
   172
   163
   175
   270
   128
   403
   174
    53
    12
     3
    18
     4
     4
    15
   173
   285
   349
   385
   188
    98
   134
   234
   214
   121
   150
   126
   129
   203
   472
   176
   211
   148
     5
     0
     0
     5
     8
   217
   257
   726
   277
   139
   210
   106
   238
    81
   143
    94
   117
   221
    74
   343
   201
    92
   138
     9
     0
     0
     9
     7
     0
   109
   342
   365
   199
    76
   101
   199
    78
   100
    64
   144
   215
    88
    72
   368
   291
    68
   135
    16
     0
     3
     0
     1
     0
   123
   302
   363
   223
    92
    73
    93
   104
    70
   221
   118
   130
    86
   119
   227
   176
    65
   140
     8
    15
     5
     5
     0
     5
    65
   292
   363
   260
    91
   145
   127
    76
   254
    82
    98
   138
   115
   168
   241
   164
   167
    60
     2
     0
    20
     0
     3
     0
   128
   362
   336
   228
    70
    79
   184
   156
    69
   133
   195
   100
   122
    86
   395
   357
   139
   143
     5
     0
    12
     3
     7
     9
   194
   403
   274
   400
   256
   103
   147
    92
    73
    99
   284
    53
    55
    54
   332
    97
   133
    86
     5
     0
    11
     4
     0
     3
   181
   405
   528
   300
   155
   120
   121
    64
    81
   112
   271
   156
   239
   333
   337
   280
   175
   116
    15
     0
    12
    17
     0
     1
   139
   507
   556
   324
   100
   124
   208
   102
    75
   245
   133
   137
    89
    72
   393
   112
   124
   117
     0
     6
     2
    15
     6
    14
   104
   296
   487
   366
    83
    69
   107
   136
    77
   152
   147
   138
   137
   126
   503
    95
    69
    92
     1
     0
     8
     0
     9
    10
    79
   195
   494
   128
   232
   129
    88
   301
    92
   122
   265
   217
   145
   111
   228
   261
    61
   134
     5
     4
     0
     0
     1
     6
   119
   252
   604
   363
    54
   157
   176
   133
    95
   118
   116
    88
   144
    67
   289
   285
    96
   141
     5
     0
     9
     0
    14
     1
    54
   359
   393
   276
   123
    81
   134
   142
   126
   221
    92
    99
   106
   133
   162
   183
   121
    39
     0
     5
     2
     1
     1
     1
    86
   378
   354
   583
   110
   105
   203
    55
   123
    69
   115
    78
    55
    75
   152
   336
    81
    87
     1
    22
     4
     0
    18
    10
   180
   423
   410
   197
   106
    78
   257
    94
   107
   184
    95
   164
   121
   204
   159
   214
   166
   287
     2
     5
     5
     2
    10
    15
   146
   553
   406
   347
   168
   126
    66
   143
   107
   125
   101
   165
   179
   315
   129
   119
   122
    84
     0
     0
     4
     0
     5
    14
   229
   284
   368
   300
   176
   123
    88
    58
    57
    73
   313
   258
    67
   243
   134
    97
    89
    96
     0
     0
     0
     2
     1
    18
   127
   238
   348
   381
   138
   229
   339
   129
   155
    61
   145
   118
   112
    73
   228
   153
    82
   142
     6
     9
     7
     3
     6
     5
   106
   147
   627
   382
    90
   122
    57
    71
   121
   242
   101
   112
   106
   130
   102
   293
    81
   134
     7
     5
     9
     0
     0
     0
    86
   224
   597
   115
    78
    40
    84
   101
    75
    97
   259
    95
    66
    76
   190
    94
    96
   217
    17
    13
     0
     3
     2
     3
   157
   375
   276
   297
    85
    59
    90
   175
    96
   210
   228
   124
    73
   521
   272
   213
    72
    87
     6
     3
    10
     9
    10
     2
   117
    84
   388
   302
    65
   136
   167
   160
   138
   253
   167
   235
   413
    84
   401
   254
   196
    79
    10
     7
     6
     3
     8
    14
   248
   303
   555
   303
   109
   159
    76
   118
    54
   141
   155
   205
   165
   279
   301
   204
   237
   323
     6
     6
     4
     1
    16
    10
   112
   232
   333
   146
    66
    95
   221
   112
   107
   156
   276
    54
    72
    94
   330
   145
   110
    51
     7
    16
     0
    10
     2
     0
    96
   345
   424
   492
   109
   126
   187
   153
    82
    64
    75
   152
    84
   229
   165
   227
    94
   131
     0
     7
     0
     5
     5
    13
   137
   297
   463
   338
   153
   108
    55
    74
   142
   112
   118
    69
   139
   171
   425
   264
    84
    92
     2
     0
    14
     9
     7
    15
    91
   369
   356
   177
   243
    67
   203
   106
   341
   102
    85
   119
   115
   108
   300
   182
    58
   110
    10
     3
    15
     7
    14
     0
   124
   335
   306
   378
   130
   145
    50
    65
   142
    93
    57
    70
   252
    73
   293
   365
    83
    89
     3
     5
     8
     8
     2
     0
   190
   374
   475
   450
   226
   136
   146
    82
   171
   236
   214
    60
    88
   104
   320
   201
   108
   213
    11
     6
    12
     8
     5
     4
   126
   435
   275
   422
   129
   142
   179
   165
   167
   141
   200
   102
    92
    90
   401
   171
    81
   113
     0
    22
     0
     3
     0
    24
   175
   177
   525
   167
   202
   109
    72
   132
    68
    95
    89
   118
   214
   239
   525
   146
    89
   240
    15
    12
     4
     5
     5
     1
   157
   358
   318
   257
    70
   164
   104
    56
    89
    54
    98
    37
   139
    81
   110
   260
    55
    89
     0
    10
     7
     3
     0
     0
    62
   278
   462
   340
   274
   215
    70
    84
    62
   124
    72
   109
    85
   166
   123
   516
    74
    84
    18
     7
     0
    11
     7
     0
   128
   125
   364
    55
   119
    31
   120
   129
   172
   198
    70
   256
   122
   245
   113
   124
    73
    75
     6
     0
     0
     6
     0
     7
    79
   281
   495
   472
    56
    56
   159
    74
   187
    83
   143
    97
   105
    78
   199
   123
    47
   173
    21
     7
     0
     0
     5
     0
   104
   250
   755
   424
    97
   144
   110
   143
   158
   150
    78
   105
   115
   140
   260
   327
   123
   136
     6
    10
     5
     0
    11
    22
   188
   293
   356
   275
   151
   192
    94
   144
   187
   208
   183
   130
   122
   110
   226
   179
   141
   123
     0
     2
     2
     2
     0
    15
   108
   237
   329
   242
    78
   136
    43
    40
   307
   230
   104
    97
    58
   131
   251
    90
   146
   138
     0
     5
    14
     5
     0
     0
   111
   323
   294
   368
    69
    68
    71
    65
   158
   165
   308
    88
    82
   150
   129
    83
    89
   157
     0
    18
     5
     2
     4
    19
   118
   251
   279
   288
    77
    80
    96
   103
    84
   130
   101
    84
    61
   514
   353
   138
   147
    65
     0
     0
     0
     0
     6
     0
   109
   263
   524
   439
   156
    88
   126
   211
    64
    65
   116
    94
   113
    77
   296
   531
    73
   276
     8
     0
     0
    16
     0
    18
   134
   271
   214
    98
   133
   112
    90
    44
   220
   177
   129
   168
   116
   161
   275
   176
   166
   125
     7
     0
    14
     0
     0
     5
    94
   427
   592
   284
   124
    97
   117
   133
    91
   147
    94
    69
   296
   174
   663
   180
   202
   186
     2
     8
     7
     0
     5
     2
   126
   281
   407
   455
   109
    80
    85
   101
    62
   103
   113
   107
   109
   133
   338
   279
   117
   108
     0
     8
     2
    14
     0
     2
    81
   147
   371
   152
    64
   137
   134
    65
   126
    65
    99
   259
   101
   135
   307
    69
   123
    55
     1
     4
     8
     4
     1
     9
    86
   182
   400
   264
    74
    80
   220
    68
   118
   113
   120
   100
    82
    63
   434
   135
    77
    73
     2
     3
     9
     0
     8
     7
    72
   290
   321
   316
   219
    63
   115
    94
    94
    85
    59
   155
   215
   147
   151
    78
    43
   153
     0
     2
     0
     8
     0
     3
   178
   174
   438
   377
   129
    66
   112
   101
    60
    57
    72
    82
    43
    75
   340
   310
    80
    73
     5
     0
     8
    13
     9
     5
   213
   289
   200
   181
    95
   211
    96
    67
   139
   141
    87
    82
   130
    69
   166
   429
   160
   237
     0
    12
    15
     6
     3
     7
   157
   275
   538
   267
    61
    89
   262
   219
   124
   169
   141
   117
    78
   122
   256
   247
    79
   169
     7
     0
     5
     2
     6
     6
   106
   280
   555
   359
    87
   148
   179
   152
   156
   138
   264
   132
   124
   135
   432
   202
    76
   103
     8
    12
     0
     3
     0
     6
   128
   336
   270
   215
    88
   116
   113
    81
    80
    75
    57
   268
    99
    97
   214
   241
   122
    64
     1
     0
     4
     3
     8
     6
   159
   312
   524
   440
    65
   113
    94
    95
   111
    76
    64
   115
    64
   226
   156
   368
   114
   249
     7
     7
     5
    12
     0
     0
    58
   300
   343
   220
    40
   114
    80
    65
    99
    66
   123
    91
   193
   130
   302
   330
   110
    82
    16
     3
    14
     7
     0
     7
    91
   200
   540
   175
    62
   125
    77
   123
   142
   117
   105
   108
    96
    49
   138
   216
   172
   166
     9
     1
     4
     2
     6
     5
    83
   412
   500
   174
   142
   120
    59
    94
    96
   144
    52
   103
   141
   103
   167
   133
    61
    75
     7
    24
     4
     1
     2
    26
    74
   244
   613
   352
   274
    69
    99
    84
   207
   230
   113
   203
   126
    71
   136
   209
   206
   100
     8
     6
     1
     8
     0
     9
   159
   280
   388
   522
   123
   115
   125
   176
   145
   110
    88
   111
   125
   112
   191
   187
    88
   135
     1
     0
     7
     8
     0
     4
    91
   266
   333
   263
    81
   122
    78
   100
   113
   155
   119
   144
    61
   315
   110
   222
    70
    91
    20
     0
     5
     8
     6
     0
   112
   350
   498
   246
   124
   121
    84
   158
   166
    96
   166
   240
   165
   113
   376
    73
   113
   132
    25
     8
    13
     8
     5
     0
   181
   351
   457
   212
    62
    96
   106
   178
    67
   101
    45
    55
    95
    89
   199
   125
    38
    91
     0
     0
     1
     0
    15
     0
   147
   226
   366
   252
    17
    86
   109
   115
    48
    79
    77
   120
   139
   103
   335
   146
    93
    77
     0
     3
     0
     9
    20
     2
    47
   314
   421
   227
    87
   127
   126
    66
    99
   149
    69
    58
   143
   200
    91
   200
   137
    55
     7
     9
     6
     9
     3
     0
    81
   202
   543
   232
    50
   111
    85
   107
    98
    82
    93
   120
   138
   238
   190
   171
   126
    82
     7
     7
     0
     0
     2
    14
    95
   182
   358
   186
    68
   266
    67
   135
   325
    70
   244
    91
    58
   413
   278
   348
   131
    89
     0
     7
     3
     8
     7
     1
   171
   181
   401
   231
    80
    42
    72
    48
    93
    69
   109
    66
   100
   517
   114
   203
    35
   110
     0
     0
     6
     6
     0
     8
   146
   136
   522
   431
   120
    58
   112
   116
   232
   109
   251
   176
   117
    62
   340
   111
   216
    84
     3
     3
    12
     8
     2
     2
   112
   200
   535
   192
   109
   106
    71
   222
   171
    94
    53
   118
   108
   161
    88
   178
    48
    42
     0
     2
    10
     6
     5
    14
    91
   275
   305
   231
    49
   341
   105
   196
   116
    91
   180
    49
    82
   253
   206
   244
    93
    60
     7
     0
    14
    11
    14
    11
   185
   298
   155
   133
   182
    47
    58
    59
    78
    70
   133
    94
   251
   109
    91
   185
   108
    76
     0
     5
     0
     2
    19
    10
   205
   275
   437
   184
    78
   128
   120
    73
   224
   136
    80
   234
   234
   166
   148
   270
    74
   123
     3
     2
     0
     0
     7
     8
   139
   212
   282
   431
    82
   119
   157
   168
    97
   308
   102
    83
   113
   103
   219
   402
   146
    96
     0
    11
     3
     0
     7
     7
    62
   249
   764
   330
    80
    51
   235
    42
    97
   226
   121
   117
    79
   158
   154
   200
   169
    69
     0
     4
     0
     7
     6
    11
   120
   194
   373
   343
   100
    83
   234
    88
    54
   105
    94
   105
    98
    63
   395
   117
    56
    65
     1
     0
     1
     0
     0
     4
   138
   279
   208
   342
   153
    99
   235
    81
    62
   145
   166
   141
    67
    65
   127
   175
    91
    36
    12
     0
     3
    10
     2
     7
    59
   220
   342
   178
    82
    84
    96
    35
    74
    69
    95
   113
    56
    99
   145
   120
   144
    77
    10
     1
     0
    13
     0
    10
   136
   129
   463
   313
   229
    73
   114
    75
    44
    76
    50
   110
   116
   112
   165
   274
    86
   188
     0
    12
     0
     0
     8
    10
   203
   329
   477
   275
    68
    60
   145
   122
   148
   156
    97
    65
   107
   416
   127
   248
    98
    45
    11
     0
    19
     0
     8
    17
   120
   440
   562
   330
    54
    66
    95
   204
    70
   117
   231
    82
   129
   283
   362
   218
   165
    52
     1
     5
     9
     5
     3
     7
   123
   220
   482
   460
   148
    98
   106
   100
    56
   112
   202
    58
   178
    67
   121
    86
    63
    98
    21
     0
     3
    11
     5
     0
    70
   249
   336
   146
   136
    72
   192
   122
   125
   389
   101
   165
    63
   147
   439
   138
   100
   208
    11
    12
     0
     3
     0
     0
   101
   273
   253
   383
   155
   114
    69
    46
    97
   148
   344
   123
    40
   163
   206
   142
   121
   106
     5
     0
     1
     3
     0
     9
   135
   251
   366
   234
    67
    59
   103
   209
    91
    52
   336
    55
    89
   134
   312
   246
   104
   147
     8
     2
     7
     1
    10
     7
    48
   196
   287
   287
    96
    80
   123
    49
   101
    42
   108
    84
   116
    85
   278
   263
   120
    68
     0
     0
     1
    13
     6
     4
   112
   333
   451
   282
    79
    78
    86
   189
   132
   226
   100
    80
   108
    83
   341
   304
    84
   108
     8
     7
    10
     3
    23
     8
    67
   255
   332
   180
    71
    69
   105
   140
   313
   118
   203
   234
    90
   151
   225
   158
   137
   103
    18
     0
     0
    12
     4
     5
    41
   270
    87
   255
    97
   184
    97
   198
    74
    75
   132
   160
   187
    37
   285
    86
    62
   162
     0
     4
     5
     0
     4
     0
    84
   481
   325
   288
    75
    77
   103
    83
   109
    55
    87
   211
    69
    67
   585
   122
   145
    71
     2
     6
     1
     8
     3
     6
   153
   345
   335
   306
    53
   109
   128
    49
    53
    81
   138
    68
   274
   135
   242
   129
    68
    45
     5
     0
    11
     6
     5
     8
   111
   343
   475
   175
    56
   149
   162
   119
   104
    83
   112
   112
    65
   204
   178
   263
    50
   122
     0
     0
     0
    14
     4
     0
   127
   178
   362
   287
   132
   125
    44
   144
    69
   223
    74
   125
   126
   136
   195
   684
   119
    53
     4
     0
    14
     7
     1
     7
   172
   347
   450
   210
    98
    82
   143
    76
   115
    88
    93
   115
    74
   246
   283
   159
    66
    67
     7
     8
    24
    10
     7
     0
   121
   267
   374
   105
   265
   155
    65
    69
    98
   139
    82
    88
   108
   151
   240
   108
   174
   112
     0
     9
     3
     6
     7
     7
   160
   160
   411
    94
    89
    64
   111
   148
    60
    56
    64
   133
    71
   166
   268
   134
   108
    57
     1
     1
    13
     8
    13
     0
   140
   147
   302
   213
    71
    64
   156
    80
    73
    71
    71
   131
    82
   231
   273
   296
    72
    68
    10
     0
     9
     2
     1
    10
    85
   306
   290
   247
    85
   133
    77
    39
   241
   104
    75
    52
   142
   137
   353
   116
   108
    69
     0
     8
     9
    13
     1
     1
    95
   144
   251
   298
    75
    90
   233
   103
   121
   210
    97
   100
   112
   106
   144
    92
    62
   133
    13
     0
     3
    15
     2
    10
   115
   307
   258
   275
    81
    68
    82
   129
    57
   132
   261
   236
    76
    79
   128
   128
   161
    60
     2
     9
     0
     9
    10
     0
   123
   284
   498
   109
    79
   115
   151
   220
    98
    95
    62
    77
    95
   102
   366
   174
   245
   126
    10
     8
     1
     0
     9
     6
   140
   237
   422
   312
   174
   114
    74
   130
    77
    97
   218
   151
   109
   256
   323
   444
   102
    70
    12
     8
     2
     0
     2
     0
    26
   230
   425
   226
   105
    59
    76
    53
   142
    83
   101
    61
   117
   109
   150
   150
   126
   113
     7
     9
    11
     0
     1
     5
    98
   223
   359
   132
    78
   105
    68
   102
   219
    65
   140
    84
    68
    55
   301
   285
   192
   122
     0
     9
     4
     2
     0
     0
   123
   156
   499
   162
   295
    70
    56
    50
   229
   125
    98
   132
   107
   140
    70
   193
    71
    94
    13
     6
     0
     0
     1
     2
    84
   243
   352
   250
    70
    93
   209
    66
    41
    79
    91
   124
   128
   121
   241
   183
    59
    92
     2
     3
     2
     9
     3
     4
   168
   217
   418
   167
   103
   102
    49
   173
   163
    84
    62
    40
   101
    96
    61
   279
   104
   123
    10
     7
     0
     0
     1
     0
   166
   322
   592
   126
   103
   199
    84
   182
   115
   198
   103
   129
   362
   159
   330
    88
    77
   129
     9
     0
     0
     0
     1
     0
   175
   377
   285
   415
   157
    96
    91
    81
   214
    90
   283
   199
   136
    85
   232
   119
    91
    85
     1
     1
     0
     0
     0
     0
   131
   326
   391
   396
   202
    67
    55
    53
   146
   271
    94
   124
    88
    91
   103
   108
   114
    76
    14
    12
     9
     4
     9
     8
    76
   213
   249
   144
    61
   300
    78
   106
    51
    97
    98
    99
    55
    64
   125
   131
    65
    84
    13
    15
     5
     0
    14
     4
    79
   131
   406
   123
   454
   111
    82
   128
   110
   141
   238
   105
   116
    29
   196
   142
    72
   111
     2
     0
     5
     0
     0
     8
    63
   216
   324
   201
    77
    55
    84
   123
   153
   114
    95
    87
   111
    71
   295
   232
    83
    86
     4
     1
     0
     4
    11
    10
   236
   111
   347
   399
   135
    94
    64
   214
   117
   110
   224
    93
    64
    70
   152
   200
    29
   114
    11
    13
     0
     7
     3
     4
   103
   373
   584
   245
   114
   114
    50
   190
    76
   113
   107
   279
   123
   172
   325
   224
    92
   106
     0
     0
     4
     0
     0
     0
    70
   247
   385
   349
   110
    70
   131
   220
   102
    74
   137
   109
   243
    90
   375
   395
   148
    70
     0
     0
     3
    11
     0
     2
   129
   225
   229
   241
    61
    53
    56
    75
    79
    63
    57
   180
    62
    71
   335
   217
    60
    43
     6
     9
    10
     0
    11
     0
    78
   310
   294
   435
    57
    38
    55
    47
   220
    88
    87
   197
    64
   238
   171
    86
    86
    98
     7
     0
     0
     4
     0
     6
   156
   283
   678
   207
   102
    95
   126
    49
   132
    57
    61
    54
   188
    79
   142
   126
    92
    67
     4
     2
     0
     0
     8
     0
   125
   194
   558
    84
   103
   139
   108
    82
   120
    62
    91
    94
   230
   166
   192
   134
   107
    73
    22
     6
     2
     9
     0
    25
   142
   223
   489
   275
    98
   212
    65
   137
    98
    93
    92
   188
   109
    81
    66
   245
    55
    63
     0
     7
     1
     8
     2
     2
   101
   358
   429
   244
   103
    52
   145
    49
   121
    81
   137
   210
   206
   150
   182
   206
    99
   239
     3
     6
     0
    13
     2
     0
   117
   178
   445
   356
   137
   126
   106
   104
   156
    79
   267
    78
    93
   142
   296
   306
   109
   117
     0
     8
     0
     3
     0
     3
   144
   277
   293
   289
    84
   111
   115
   147
    95
    79
    52
   207
    85
   255
   235
   139
   108
    93
     2
     0
     0
     2
     8
     7
   121
   202
   297
   199
    95
    87
    72
   211
    74
    54
   115
    66
    57
   182
   396
   104
    68
    96
     0
    12
     1
     2
     0
     4
    74
   182
   138
   244
    57
    90
   139
    96
   152
   319
    54
   120
    96
    86
   273
   118
   113
    55
     5
     2
     6
     1
     5
     0
    40
   181
   353
   371
   100
    80
    70
    89
    76
    85
    61
    65
    85
   114
   153
   177
    84
   102
     2
     6
     2
    14
     5
     0
   175
   219
   280
   451
   152
   240
    85
   101
   111
   114
   138
    90
    62
   372
   355
   140
    76
    91
     2
     9
    15
    10
     9
     2
   120
   199
   206
   390
   114
    84
   125
    96
   180
    63
   164
   117
    66
   313
   126
   227
   203
    83
     5
     1
     6
     3
    21
     5
    87
   247
   398
   446
   116
    91
    82
   188
    69
   100
   233
   156
    57
    99
   104
   339
   125
   123
     0
     7
     2
    10
     0
     4
   142
   361
   454
   123
   109
   124
    56
   108
    74
    37
    58
    63
    36
   150
   269
   124
    61
    85
     4
    12
     6
    12
     1
     0
    74
   228
   478
   299
   105
   164
    81
    71
   139
   231
    92
   208
    64
    52
   184
   136
    61
    91
    10
     0
     7
     4
     1
     4
    83
   239
   556
   203
    79
   128
    81
   191
    73
   177
    59
    54
   117
    84
    73
   164
    57
    76
     9
     0
     6
     7
    18
     8
   151
    97
   556
   242
   155
    92
    86
   102
   122
    80
    92
    54
   107
   258
    86
   243
   108
   143
     7
     3
     0
     6
     0
     9
    91
   305
   373
   222
   137
    62
    68
   139
   132
   102
    28
   114
   119
    57
   223
    98
    64
    83
     8
     9
     4
     5
     2
    13
    63
   331
   553
   127
   114
   130
   128
    61
   122
    70
   148
   108
   148
   318
   156
   328
   116
    65
     2
     0
     9
     0
     2
    11
    55
   279
   440
   279
   299
   162
    91
   117
   125
    93
   117
    62
   260
    99
   145
   273
    86
   102
     0
     0
    10
     0
    12
     5
    95
   115
   331
   165
   159
   218
   140
    72
    61
    93
    79
   235
   116
    65
   300
    32
   232
    96
     6
     5
     0
     0
     6
    10
   152
   317
   350
   202
    90
   249
   144
    72
   127
   330
    57
    60
    64
   250
   118
    87
   124
    90
     9
    10
     1
     6
     8
     2
   192
   115
   351
   273
    71
   111
   111
    60
   167
   144
   119
   243
   314
   118
   508
   320
   125
    97
     0
     3
     4
    15
    10
     0
    73
   357
   355
   275
    56
    85
    67
    88
   166
    88
   117
   147
    89
    88
   242
   107
    57
    81
     3
     7
     0
     5
     8
     4
    77
   203
   392
   160
   140
   135
   121
    44
    56
    78
   111
   104
    72
   148
   321
    62
   188
    52
     0
    23
     0
     3
     4
     0
    95
   236
   577
   348
   147
    79
    73
   164
   149
   261
   258
    69
    87
   265
   248
   183
    68
    69
     0
     0
     5
    10
     4
     5
   138
   477
   499
   249
   132
    89
   120
   244
    68
    66
   118
    77
    77
   130
   128
   160
   136
    80
     6
    11
     0
     0
     7
     0
   112
   305
   574
   408
   177
    44
   155
    76
   153
    70
    57
   188
   122
    43
    90
   468
    98
   102
     0
     0
    13
     0
    12
    21
   163
   413
   330
   414
    89
   336
   127
   107
    56
    93
    76
   215
   125
    76
   130
   242
   118
    72
     3
    11
     4
     0
     7
    11
    68
   287
   263
   288
    79
   119
    98
    89
   107
   370
   116
    77
    42
   102
   239
   228
    82
    58
     2
     1
     9
     7
     6
     0
    30
   201
   236
   211
    87
    67
    50
    63
    48
    59
    75
    95
    51
    77
   190
   285
    36
    60
     4
     2
     0
     2
     4
     2
    65
    82
   269
   142
    55
   105
    91
    66
   130
   124
    93
   113
   142
   112
   272
   167
    65
    63
     9
     6
     3
     8
     5
     7
   142
   180
   287
   305
   346
    89
   214
   305
   238
    68
    99
    90
    72
   120
   240
   116
   114
   100
     0
     6
     1
     1
     0
     2
    62
   212
   472
   320
   113
   189
   104
   185
   127
    99
   257
    84
   245
    58
   285
   332
    63
   115
     3
     4
     0
     0
    22
     0
   121
   139
   396
   343
    66
    45
   149
    57
   188
    58
   107
    36
   109
    81
    65
   133
    59
   277
     0
     5
     4
    11
     2
     7
    42
   183
   246
   177
    97
    98
   150
    78
   111
    74
    50
   177
    44
    38
   237
    93
   132
   134
     0
    10
     2
     0
     6
     0
    57
   332
   395
   126
   232
    41
   134
    73
    89
    75
   151
    80
    59
    85
   202
   142
    55
   138
     4
     0
     0
     0
     6
     2
    68
   269
   323
   273
   115
    54
    46
   197
   128
    42
    77
    64
   100
   157
   216
   128
    68
    64
     2
     6
     0
     3
     3
     7
    84
   216
   284
   365
   125
   163
    42
    32
    85
    91
   102
    98
   145
    85
   383
   432
    75
    74
     0
     7
     1
     4
     0
     9
    78
   317
   493
   214
   101
    83
    56
   141
    89
   105
   115
   234
    72
   161
   276
   188
   178
    64
    15
     1
     2
    22
     7
    16
   230
   272
   321
   242
   111
    82
   141
    90
   127
   139
    97
   134
    60
   137
   305
   428
    87
    77
     0
     0
     3
     0
     1
     3
   137
   256
   376
   200
   167
    78
    74
    62
   190
   122
    67
    75
    43
   102
   181
   261
   136
    60
     9
     2
     1
     0
     0
     4
   106
   262
   562
   307
   120
    82
   226
   114
    62
    64
    80
   106
   243
   255
   328
   306
   107
    19
    14
     5
    11
    13
     0
     0
   211
   222
   481
   151
    86
    41
   137
   112
    53
    65
   111
   185
    53
   100
   456
    77
    67
   110
     8
     0
     3
    12
     0
     7
    58
   191
   240
   173
   114
    77
    85
    58
   178
    59
   106
   164
   102
   125
   190
   283
    61
    89
     5
     9
     9
     1
     8
     3
   116
   151
   628
   137
    47
   110
    88
    55
   187
   283
    90
    59
   101
   236
   158
   166
    88
    76
     0
    16
     7
     0
     0
     0
    84
   396
   345
   133
   219
   297
    77
   215
   108
    75
   163
   183
   115
    68
   243
   249
    96
    79
    16
     0
    19
     4
     9
     4
   243
   221
   318
   386
    57
    95
    87
   155
   102
   141
   261
    76
    82
   135
   158
   256
   129
    66
     0
     6
     0
     0
     4
     4
   190
   161
   349
   220
   204
    87
   120
    49
    72
   136
    95
   104
   220
   226
   183
    87
   157
   163
     0
     9
    16
     0
     0
     0
   102
   304
   306
   264
    40
    78
    83
   112
   121
   235
   111
    84
    96
   334
   646
   171
    96
   198
     5
     0
     5
     3
     0
     6
   131
   197
   388
   256
   105
   133
    99
    67
    57
    87
    44
    70
   107
    87
   111
   342
    71
   122
     4
     0
     4
     4
     7
    15
   127
   322
   264
   329
    57
   115
    70
    79
    43
   172
    81
   201
    71
   134
   150
   273
    49
    56
     5
     2
     6
     6
    12
     0
   125
   144
   419
   262
    30
   106
   118
   362
    69
    59
    98
   102
    74
   221
   130
   295
    70
    94
     7
     6
    11
     0
     0
     2
   108
   297
   423
   344
    80
   126
   291
   148
    98
    85
   117
    92
   111
    57
   188
   164
    84
   163
     6
    14
    10
    17
     5
    15
   107
   183
   633
   262
    88
   294
   148
    76
   124
   238
   239
   220
   271
   123
   145
   313
    80
   134
     1
     0
     6
     5
     0
    17
    82
   482
   300
   255
   234
    98
   102
   229
   110
   137
   128
   134
   121
   230
   508
   208
    85
    60
     0
     3
     9
     3
     0
     6
    73
   204
   458
   248
    89
   107
    37
   163
    86
    99
    43
    73
   109
   189
   176
   201
    51
    60
    15
     0
    11
     6
    18
     9
   168
   409
   514
   307
    83
    73
   132
   293
   180
   131
    46
   116
   294
   211
   131
   249
    66
   113
     9
     0
    10
     0
     0
     5
    74
   182
   164
   354
    85
   123
    39
   103
   166
    67
   126
   147
   102
    89
    97
    99
   159
    62
    16
     6
     2
     4
    24
     5
    75
   263
   330
   231
   117
    92
    68
    64
    70
    55
   144
   148
    80
   168
   139
   162
   200
    88
    24
     8
     0
     2
     6
     9
    62
   324
   490
   243
   108
   156
    78
   192
    72
   110
   153
   108
    99
   123
   175
   252
   118
   106
     5
     8
     5
     0
     9
     4
   119
   350
   568
   177
    88
   206
    82
    81
    61
    82
    92
   128
   265
    90
   111
   385
    48
   208
     0
     0
    12
     1
     5
     0
    72
   277
   307
   283
    63
    90
    45
    83
   214
    78
   200
    51
    48
   102
   322
   223
    62
    93
     0
     0
     3
     4
     0
     9
   102
    90
   360
   409
    52
   100
    50
    81
    82
   204
   140
    80
    78
    73
   160
   119
    69
    83
    20
     3
    16
     1
     0
     2
   142
   211
   386
   168
    56
   111
   142
    63
   115
    83
    74
    98
   290
    59
   232
   352
   113
    62
     0
    12
     1
     7
     0
     9
    73
   181
   556
   264
   133
   153
    79
    62
   215
   101
    60
    95
    97
    84
   301
   260
    94
   139
     5
    17
     8
     2
     4
     0
    84
   161
   271
   227
    69
    81
    77
    58
    96
   121
   100
   161
    66
   408
    58
   160
   190
    59
     0
     0
     0
     8
     0
     0
   122
   298
   392
   205
    95
   104
   212
    86
   294
   105
    89
   121
   104
   112
   282
    87
   122
   124
     3
     6
     4
    12
     0
     2
   169
   338
   289
   281
    96
   186
    97
    83
   157
    65
   128
   185
    65
   228
   258
   223
    90
    60
     4
    11
    10
     5
     3
    10
   150
   394
   378
   261
    85
   208
    67
    90
    94
    54
   108
   128
    95
   203
   213
   356
   135
    78
     5
     8
     0
     8
     0
     0
   140
   151
   433
   184
   125
    82
   222
    75
    84
    78
   108
   145
    55
    70
   162
   198
   125
    36
    12
     0
     0
     0
     7
     0
   163
   232
   189
   165
    97
    64
   112
    82
    65
    73
   150
    79
    72
   144
   219
   447
    64
    96
     7
     1
     0
     1
    10
     0
   124
   232
   371
   142
    85
    68
   126
    54
    67
   168
   108
   122
   106
   205
   293
   266
   118
    81
    18
     1
     4
     0
     0
     0
   102
    87
   507
   145
    82
   206
   113
   116
    81
    79
   100
   156
    93
   150
   210
   185
    48
    89
     5
     7
     6
     2
     6
     6
   127
   425
   258
   327
   137
    83
   264
    98
    91
   178
   107
    59
    64
   279
   125
   226
    79
    91
     9
     2
    13
     6
     4
     0
   194
   233
   414
   343
   133
   142
   156
   145
    58
   123
    99
   138
    68
   391
   338
   226
   128
   109
     7
     9
     7
     6
     0
     6
   175
   172
   530
   268
   108
   205
    69
    84
   230
    44
    35
    82
    66
    72
   215
   184
    51
    63
    13
     0
    11
    21
     0
     8
   134
   208
   467
   377
   120
    68
    98
   104
   102
   132
   155
   136
   104
   140
   441
   160
   112
   113
     8
     2
    10
    16
     0
     3
   111
   274
   299
   244
    85
   118
   180
    71
   280
    83
   148
    93
    55
    66
   174
   197
   101
    99
     1
     7
     0
     9
     7
     5
   175
   149
   453
   308
    65
    62
    74
    69
    57
    69
   134
    93
   113
    87
   132
   273
   186
    75
     0
     9
     8
     4
    21
     0
   186
   154
   443
   279
    88
   137
    50
   124
   122
   107
   155
    71
   100
    71
   226
   221
    58
    37
     8
    18
     0
    11
     1
    15
   177
   330
   353
   266
   194
    77
   113
   145
    83
    62
   120
   254
   100
   217
   296
   184
   123
   153
     6
     6
     9
     4
     6
     1
   157
   465
   442
   457
   332
    98
   117
    66
   131
   216
    82
   106
   169
   133
   225
   206
   161
    62
     5
    18
     0
    11
    16
     2
    82
    72
   274
   230
    69
    77
   174
    59
    82
    70
   137
   178
   102
    51
   302
   128
    26
    64
     6
    18
     0
    10
     0
     6
    88
   199
   279
   265
   163
   106
    55
   142
   106
   163
    71
   112
   100
    79
   242
    55
    49
   118
     0
     0
     6
     5
     0
     3
   101
   186
   379
   281
    65
    67
    91
   127
    82
   110
    45
    99
    57
   419
   133
   232
   105
    67
     5
     0
     9
    17
     8
     2
    93
   191
   304
   298
    65
    87
   101
    82
    79
   150
   119
    82
   105
    92
   144
   221
   142
   181
     1
     0
     6
     9
     7
     5
    51
   270
   462
   204
   160
    72
    63
    95
   135
    69
   122
    93
    29
    85
   258
   166
    73
   161
     0
    11
    20
     2
     0
     5
    70
   534
   295
   290
   145
    67
   143
   143
   115
    70
   203
    96
   103
   141
   459
   261
   129
   131
    10
    10
     4
     0
     0
     0
    75
   295
   462
   297
   116
    57
    96
    80
   128
   141
   275
    71
   147
    98
   225
   139
    76
   172
     1
     5
     2
     8
     0
     0
    94
   299
   152
   264
    89
   298
   223
    95
   112
   111
    63
    79
    43
    83
   269
   129
   109
    58
     2
     1
     2
     0
     0
     7
    70
    57
   365
   156
    71
    76
    62
    85
   104
    88
    58
    77
    88
   174
   235
   118
   130
    72
     0
     0
     0
     0
     0
    11
   112
   252
   254
   227
   193
    61
    90
   110
    69
    82
   122
   117
   162
   233
   147
   288
    82
   120
     7
    13
     0
     1
     2
     2
   141
   238
   337
   208
    82
   131
    52
   204
    76
   269
    99
   112
    84
    67
   236
   336
   116
    72
     0
     0
     1
     1
     6
     0
   101
   146
   403
   182
    81
    64
    44
    66
    73
   166
   208
   173
   109
    87
   506
    92
    78
   130
     4
     0
     5
     0
     0
     4
   134
   278
   548
   197
   106
   136
    68
    87
    67
    50
    55
   149
   112
   197
   237
   183
    79
   122
     3
     0
     7
    11
     0
     6
   112
   238
   454
   257
   118
    48
   115
    69
   136
   298
    93
   253
   147
   259
   510
    56
    95
   165
     1
     5
     7
    20
     0
     6
   221
   247
   389
   344
    67
    96
   155
   120
   214
    83
    85
    76
    98
    87
   252
    86
   255
   104
     0
     4
     0
    10
     0
     3
   142
   200
   406
   295
   127
    81
   103
    96
    79
    94
    74
   120
   100
   280
   161
   175
   138
    82
     9
     5
     7
     3
     8
    11
   225
   252
   518
   291
    90
    76
    74
   126
   127
    58
   238
   132
    93
   149
    77
   202
    57
    78
     8
     2
     3
     0
    17
     0
     2
   112
   283
   293
   259
    69
    76
    65
    41
   142
   230
    97
   162
   417
    64
   160
   378
   123
    87
     1
     7
     2
     0
     0
     7
    73
   183
   343
   251
    45
    52
   188
   283
   134
    68
   135
    46
    74
   155
   284
   308
   155
    62
    15
     0
    16
     0
     6
     2
   202
   174
   484
   411
    87
   131
   121
    78
   233
   119
   119
   155
   267
   172
   314
   413
   164
    63
     6
     3
    13
     9
     2
     1
    60
   202
   420
   297
    80
   205
   138
   216
   133
   145
   115
   117
   147
   242
   350
   109
   135
   134
    12
     4
     2
     3
     5
     5
    69
   250
   412
   483
   101
   150
    47
    89
    69
    76
    78
    71
   103
    94
   277
   176
    56
    56
     0
     8
    14
     4
     6
     6
   162
   273
   397
   246
    53
    99
   115
   141
   127
   205
    75
    84
   169
   179
   345
   197
    84
   111
     0
     0
     0
     5
    14
     8
   115
   219
   234
   270
   109
    73
    64
   137
   245
    42
    87
   211
    84
   119
   340
    87
    59
    63
     0
     6
    13
     0
     5
     8
   140
   124
   246
   157
    50
    57
   101
   272
    92
   105
   122
    57
   202
   212
   219
   152
    88
   175
     6
     0
     1
     0
     3
     0
   149
   247
   251
   389
   102
    70
    92
    71
   195
   106
   103
    90
   256
   214
   352
   129
   196
   105
    14
     1
     0
     0
    20
    14
   246
   391
   487
   534
    98
   126
   109
   110
   217
   114
   272
   102
   205
   392
   172
   117
   112
    98
     1
    10
     5
     0
     7
     2
   131
   533
   400
   161
   187
   141
    86
   114
   138
   252
   129
   140
   141
   242
   220
   199
   373
   113
     9
     5
     0
     0
     1
     3
    99
   272
   410
   171
   122
   110
    88
   177
    65
    89
   161
    92
   224
   165
   103
   292
    73
   173
    16
    14
     5
     0
     2
     5
   185
   236
   266
   294
   194
    88
    50
    64
   109
    62
   116
    94
    61
    68
   224
   235
   135
   106
    27
     0
     7
     5
     4
    28
   145
   181
   441
   468
    98
    84
    65
   149
   238
   162
   113
    62
    89
   211
   265
   230
    71
   216
    16
     0
     2
     6
    18
     0
   138
   295
   756
   299
   111
    39
    43
   182
   105
    84
    94
   220
    51
   111
   229
   212
   101
    92
     1
    12
    10
     7
     1
     1
   106
   402
   427
   342
    67
    72
    75
   102
    81
   224
    87
   109
    88
   184
   258
   203
   244
    82
     3
     7
     2
     8
     1
     0
   148
   284
   687
   416
   131
   141
   258
   133
   119
   196
   173
   195
   110
   114
   185
    90
   237
   120
     6
     0
     5
    11
     4
     7
   229
   203
   633
   290
   155
   106
   124
   107
   127
   267
   107
    88
    51
    90
   138
   156
   248
   107
     0
     0
     2
     6
     2
     1
   178
   191
   432
   400
    89
   119
    49
    61
    77
    77
   110
   124
    92
   378
   288
   177
   101
   143
    22
     0
     9
     0
     0
     5
   120
   230
   454
   230
    92
   193
    66
   117
    52
   133
    70
   144
   127
   156
   172
   174
    93
   108
     7
     8
     2
     5
    10
     0
    93
   202
   171
   240
    81
   149
   167
   133
   102
    99
    59
   160
    86
   171
   136
   393
    81
    98
     0
     8
     3
     6
     7
     6
    70
   282
   387
   182
    79
    82
   126
    87
    80
    91
   127
   237
   249
   109
   387
   272
    77
    88
     0
     6
     0
     2
     8
     4
   133
   201
   280
   276
    88
   136
    99
    84
    88
   115
    57
   118
    72
    75
   210
   326
    55
    82
     5
     3
     0
     5
    14
     0
   130
   430
   387
   275
   232
    52
    85
   136
   136
   116
   286
    90
   100
    54
   430
   152
   135
   180
     4
     0
     0
    11
     2
    12
   233
   382
   198
   286
   169
   246
   124
   155
   173
   154
   250
   102
   224
   274
   214
   108
    79
   318
     5
    12
     8
     6
     0
     0
   178
   188
   405
   204
   110
   115
   158
   137
   233
   117
    68
   340
   116
   291
   201
    85
   196
    62
     8
    10
     2
     0
     0
     0
   102
   184
   398
   304
    79
   133
    92
    54
    85
    84
    93
   121
    75
   197
   147
   151
   262
    68
     3
     0
     3
     5
     2
     5
    97
   194
   288
   192
   108
   119
   135
    61
    56
   228
   390
    86
    36
   114
   106
   188
   176
    45
    12
    19
     1
    12
     3
    10
   164
   206
   433
   201
   211
   130
    67
    98
   129
    82
    81
    80
   114
    60
   301
   200
    92
    65
     1
     0
     9
     9
     0
     7
    65
   201
   423
   197
    53
   142
    48
   131
    51
    41
   114
    67
   208
    97
   285
   435
    74
   125
     5
     7
     6
     5
    18
     4
   175
   401
   566
   355
   105
   119
   114
   266
    70
   120
    81
    78
   136
   208
   266
   218
   101
   132
    16
     3
    16
    13
    10
     2
   107
   395
   502
   421
   117
   111
   108
   101
   201
   164
   125
   343
   211
   283
   247
   194
   176
    94
     9
     0
     0
     2
     4
     2
   190
   269
   398
   269
    76
    88
    69
    86
    61
    95
   181
   139
    99
   110
   311
   130
    73
    79
    12
    14
     7
     0
     6
     5
    56
   276
   260
   282
   164
    73
    59
    85
    64
   103
   157
    47
    56
   270
   401
    87
   102
   120
     0
     6
     2
     8
     6
    11
   135
   248
   314
    75
   113
   266
   157
   107
    93
    90
    99
    86
    73
    78
   340
   208
    57
   130
     3
    18
    12
     0
    11
    11
   113
   374
   399
   301
    65
    65
   214
    70
   162
    82
   101
    89
    86
   288
   214
   108
   147
    81
    18
     4
     1
     4
     6
     0
    90
    73
   545
   345
   133
    65
   175
    79
    70
    97
    49
    71
   237
   111
   124
   230
    90
    87
     7
     2
     3
     4
     0
     6
   145
   205
   372
   280
   103
   136
   111
    76
   107
   124
   142
    78
   113
   222
   129
   281
   111
   196
     0
     0
     6
     2
    20
     4
   126
   477
   336
   246
   119
    77
   237
   145
   128
   129
   156
    66
   105
    58
   394
   198
   105
   143
     3
     3
     0
    11
     5
    18
   103
   223
   320
   209
    70
   175
    91
   130
    38
    63
   106
    64
   265
   111
   313
   149
    87
    92
    12
     1
     0
     0
     8
     0
    94
   201
   561
   279
   189
    77
    46
    82
   104
   217
    72
   100
   172
   211
   187
   139
    80
    92
     2
    15
     8
     0
     8
     2
   103
   362
   286
   194
   119
   122
   144
   129
   103
    95
   103
   146
    86
   135
   324
   152
    88
   102
     0
    12
     2
     3
     3
     3
    29
   202
   423
   310
    41
    51
   197
    44
   138
   142
   100
    68
    66
   293
   207
   129
    78
    75
     2
     7
     4
    10
     0
     1
   153
   198
   339
   392
   141
    78
    69
   158
    48
    36
   166
    52
    97
   142
   257
   135
    88
   115
     3
     1
    13
     0
     4
     2
   174
   257
   395
   447
   142
    96
   212
   107
   235
    64
   203
   278
   149
   154
   358
   357
   114
   117
    11
     6
     5
    20
     0
    19
   155
   300
   397
   260
    95
    82
   175
   150
    88
   283
   108
   162
   249
   102
   346
   128
   153
   122
     1
     8
     4
     8
     1
     1
    78
   361
   276
   454
   111
   137
   120
    82
    75
   148
   125
    81
   129
    81
   154
   203
   157
    59
     2
    33
     3
     3
     9
    15
   101
   313
   486
   216
   232
   106
   146
   115
    77
   120
   112
    91
   165
    97
   168
   327
   297
    62
     7
     0
     5
     0
     1
     2
   114
   203
   325
   206
   117
   220
   123
   184
   104
   162
    82
    72
    50
   286
   230
   108
   205
    90
     1
    15
     9
     3
     6
    21
    96
   307
   428
   347
   128
   109
   129
    94
   138
   140
    67
    72
   129
    81
   218
   200
   148
   183
    14
    13
     0
     3
     7
    12
   190
   307
   358
   198
    72
   161
   269
    97
   110
   112
    88
   101
   121
    81
   179
   209
   150
    90
     2
     6
     2
     0
     5
    12
   202
   319
   312
   511
   201
   113
   113
    65
   259
   195
   135
   146
   227
   176
   457
   225
   177
   119
    13
     2
     0
     7
     1
     4
   166
   444
   560
   550
    92
   174
   157
   186
    64
    83
   243
    83
   195
   179
   434
   151
   141
    53
     3
     5
     2
     2
     7
     7
   254
   268
   292
   133
   146
    70
    62
   226
    60
   132
   273
   246
   103
   257
   376
   219
   119
    67
     0
     5
     0
    15
     2
     4
   106
   128
   425
   190
   127
    65
    82
   139
    82
   125
   205
   189
   225
    85
   259
   239
   141
    97
     7
    16
     0
     2
     9
    11
    95
   318
   432
   337
    83
   111
    41
   214
    45
    49
   102
   137
    88
    91
   104
   271
   175
    70
     2
     3
     5
    14
     5
     9
    84
   266
   273
   290
   101
    90
   134
    98
    92
    48
    93
   160
    74
   136
   112
    75
    63
    50
    11
     0
     6
     4
     0
    11
    81
   290
   276
   268
    65
   111
   236
    67
   103
    75
    83
    83
   209
   168
   266
   116
   108
   121
     9
     9
     5
     3
    14
    10
   148
   421
   480
   833
   179
   145
   123
   279
   326
   101
   437
    68
   191
   174
   159
   172
   105
   158
     8
     3
     0
     0
     0
     9
   123
   287
   309
   230
   216
   181
   193
    96
   125
    86
   111
   315
    94
   117
   534
   198
   149
   104
     2
     0
     0
     0
     4
     7
   173
    79
   419
   282
   134
   176
   158
   264
   313
   255
   150
   102
    90
   143
   229
   212
   219
     0
     0
