    52
     0
     0
     0
     0
    60
   125
   106
   129
    36
    43
    38
    25
    39
    22
    79
    22
   206
   125
    87
    37
    34
    40
     9
     4
     0
    14
     0
     0
   104
    72
   124
    96
    64
    51
   103
    32
    35
    28
    33
    45
    72
    42
    77
    69
    23
    34
     0
     0
     1
     0
     0
     6
    26
    30
   187
    69
    68
   105
    11
    45
    27
    49
    36
    46
    39
   156
   124
   109
    34
   122
     0
     1
     0
     7
     6
     2
    75
    65
   185
   272
    61
    25
    35
    32
   192
    50
    24
    96
    89
    29
   219
   103
    13
    19
     0
     4
     0
    11
     0
     8
    75
   130
   178
   242
    74
    87
    51
    45
   202
    26
    50
    99
    93
    30
    91
   113
    76
   152
     0
     1
     0
     0
     9
     0
   140
    61
   441
   262
    46
   174
    28
    58
   221
    87
    26
    48
    50
    45
    66
    86
   191
    38
     0
     8
     4
     0
     5
     8
    39
   171
   178
    47
    24
    73
    82
    48
    54
    56
    35
    32
    71
    39
   128
   122
    81
    31
     6
     9
     7
     9
     1
     0
    58
   103
   207
   142
    22
    96
    53
    66
    36
    21
    53
    74
    81
   162
    40
    95
    15
    49
     0
     0
     2
     4
     5
     5
   124
   119
   273
   115
    82
    38
    51
    31
    86
   181
    48
    36
    38
   132
   119
   156
    26
    52
     5
     0
     0
     0
    12
     0
    32
   125
   181
    64
    49
    24
   121
    26
    46
    25
    17
   195
     8
    41
   220
    29
    46
    30
     1
     9
     3
     8
     0
     0
    66
   154
   204
    56
    33
    19
   102
    72
    30
    28
    20
    39
    28
   168
    39
   150
   178
    53
     0
     0
     8
     4
     1
     0
    45
   103
   123
    37
    25
    51
    79
   109
    29
    43
    23
    30
    46
    32
   216
   108
    59
    70
     0
     0
     0
    10
     0
     0
    78
   220
   186
    82
    21
    50
    39
    32
    29
    49
    35
    51
   188
    67
   184
    85
    83
    39
     9
    14
     0
     4
     3
     0
    45
    97
   302
   128
    70
    44
    67
    49
    48
    41
   247
    96
   109
    37
   184
    33
    37
    54
     3
     0
     0
     0
     0
     2
    65
   146
   292
   158
    27
    36
    46
    28
    53
   172
    60
   110
    73
    13
   117
    36
    30
    46
     0
     1
     0
     0
     0
     1
    30
    33
   124
   219
    33
    44
    74
    74
    70
    36
    35
   112
    46
    75
    45
    44
    44
    73
     3
     8
     0
     0
     5
     0
    38
    55
   165
   108
    34
    57
    20
    21
    45
    49
    45
    24
    51
   211
   108
   140
    88
    28
     0
     0
     5
    10
     0
     0
    89
   246
   269
    80
    50
    22
    36
    35
    34
    18
    54
    36
    45
    20
    91
    86
    32
    39
    14
     0
     2
     5
     0
     0
    33
   215
   153
   231
    65
    33
    78
    23
    40
    46
    30
    31
    27
   119
    61
   106
   123
    42
     3
     3
     0
     8
     0
     0
    71
   153
   424
   150
    55
    42
    32
    42
    95
    18
    46
    48
    42
    69
   127
    86
   105
   108
     0
     0
     7
     0
     8
     0
    55
   303
   229
   252
    30
    89
    80
    53
   102
   208
   190
    59
    81
    77
    48
   194
    30
    15
     0
     0
     8
     3
     0
     0
    53
   112
    41
   120
    14
    52
    25
    33
     7
    30
    59
    34
    25
    58
    83
    63
    94
    55
     0
     4
     9
     8
     4
     0
    84
   118
   133
    97
    31
    41
    59
    53
    48
    42
    33
    40
    27
    86
   116
    94
    24
    38
     9
    11
     0
     0
     0
     1
    25
   143
   348
   329
    11
    21
    17
    42
   102
    32
    30
    39
   131
    37
    19
   239
    39
    33
     0
    12
     0
     2
     9
     0
    42
    95
   135
   212
    53
    41
    44
    22
    37
    31
    35
    29
    66
    59
    69
   126
    20
    92
     1
     0
     0
     0
     0
     0
    24
   100
    80
   145
   199
    29
    36
    33
   107
    36
   170
    12
    35
    21
   128
   117
    47
    26
     0
     0
     9
     0
     0
     0
    96
   118
   265
   255
    60
    84
    31
    22
    69
    66
    35
   186
    86
   121
   190
    52
    39
    66
     4
     0
     0
     0
     2
     6
   124
   130
   189
   127
    81
    64
    32
   102
    50
    21
    62
    38
    61
    64
   126
    33
    53
    26
    12
     0
    13
     7
     0
     0
    35
   116
   169
   179
    81
    21
     5
    34
    47
    45
    85
   202
    64
   219
    75
   105
   110
    37
     0
    10
     0
     0
     4
     0
    95
    67
    59
    77
    46
    56
    82
    91
    99
    31
    34
    28
    39
   228
   157
    70
    23
    78
     0
     0
     2
     0
     0
     0
    42
    89
   203
   155
    96
    52
    49
    41
    33
    37
    45
    38
    77
    22
    92
   156
    28
    45
     2
     9
     3
     3
     2
     0
    60
   131
   160
   159
    38
   105
    39
    22
   171
    48
    58
    39
    38
    40
    77
   100
    46
    48
     4
     2
     5
     5
     0
     9
    86
    92
   225
   233
    40
   178
    43
    50
    26
     4
   172
    26
    28
    28
    48
    65
    44
    48
     0
     0
     0
     0
     0
     1
    61
   196
   161
   223
    40
    30
    53
    54
    45
    47
   156
    22
    66
   208
    93
   107
    58
    55
     0
     8
     0
     1
     9
     0
    83
   248
   241
   158
    74
   109
    64
    37
    73
    65
    52
   188
   100
    23
    58
   183
    41
    61
     0
     0
     0
     0
     2
     0
    53
   123
    91
   149
    28
    37
    26
    39
    39
    32
    20
    43
    71
    33
    43
   244
    38
    31
     0
     0
     0
    16
     0
     4
   187
   157
   136
   105
    24
    24
    29
    57
    16
    82
    49
    14
     9
    51
    73
   114
    24
    76
     0
     0
     0
     4
     0
     0
   107
    52
   103
    34
    63
    24
    44
    41
    80
    44
    42
    36
    25
    35
    66
   163
    42
   107
     2
     0
     0
     0
     8
     0
    66
   265
   188
   200
    25
    85
    20
    30
    55
    32
    30
    86
    15
    43
    62
    81
    55
    68
     0
     3
     0
     3
     0
     8
    23
   116
   195
   182
    52
    44
    40
   101
    34
     8
    45
    32
    28
    52
   155
   454
    65
    33
     8
     4
     2
     3
    22
     0
    69
    24
   369
    90
    63
    58
    34
    11
    78
    50
    48
    49
    67
   177
    62
    95
    90
    43
     5
     0
     4
     0
     0
    13
    66
   109
   351
   145
    80
    39
   102
    64
    44
    46
    32
    33
    28
    51
   241
    79
   105
    93
     0
    12
     0
     0
     0
     0
    47
   153
   262
   195
    80
    71
   307
    57
    38
   101
    46
   178
    33
    67
   196
    69
    47
    36
     0
     0
     0
     0
     2
     1
    53
   143
   195
   184
    34
    49
    42
    51
    58
    25
    50
    74
   220
    80
    99
    65
    44
    50
     2
     0
     4
     2
     2
    16
    47
   102
   179
   164
    29
    28
    17
    28
    70
    40
    59
    51
    89
    64
   126
    94
    30
    12
     0
     6
     0
     5
     0
     0
    49
   122
   139
   278
    37
    51
    60
    29
    53
   117
    37
    90
    49
    16
   373
   213
    54
    85
     0
     0
    21
     0
     0
     0
    77
    55
   192
    86
    39
    23
    34
    26
    88
    70
    22
    75
    46
    78
    22
   133
    27
    58
     3
     1
     0
     0
     0
     0
   161
   157
   375
   205
   177
   192
    46
    36
    49
    30
    35
    82
    34
    47
   187
    56
    81
    45
     0
     8
    10
     0
     0
     0
    55
   243
   192
   268
    29
    39
    83
    42
    80
    80
   221
    73
    48
    61
   154
   179
    31
    32
     1
    12
     0
     0
     4
     0
    93
   219
   168
   106
    44
   141
    73
    29
    49
   100
    57
    69
    28
    23
   202
    43
    32
    47
     0
     8
     9
     4
     0
     0
    38
   147
   174
   116
    55
    41
    37
    23
    54
    24
    66
   180
    26
   328
    29
   132
    66
    26
     0
     0
     0
     0
     0
     0
    31
   229
    42
   101
    40
    88
    41
    68
    42
    67
    37
    30
    41
    33
   190
    81
    23
    34
     0
     5
     0
     0
     8
     4
   140
   117
   196
    87
    59
    46
   109
    89
    27
    47
    40
    48
    39
    55
    27
    68
    22
   106
     0
     5
     0
     4
     0
     0
    38
   132
   274
   144
   109
    56
    29
    53
    16
    31
    53
    81
    48
    27
   111
    72
    70
    30
     3
     0
     0
     0
     7
     1
    24
   245
   179
   227
    31
    58
   175
    60
    77
    37
   104
    52
    36
    81
    43
   125
    77
    70
     8
     2
     0
     0
     7
     0
   175
   139
   285
   154
    27
    69
    38
    46
   187
   200
    63
    32
    81
    69
    60
   127
    66
    58
     0
     0
    13
     3
     0
     0
    18
    95
   384
   194
    36
    18
    34
    50
    50
    36
    14
    64
   166
    39
   132
    57
    46
    57
     0
     0
     0
     0
     1
     0
    96
   120
   109
   120
    96
   127
    64
    38
    56
    96
    47
    17
    44
    32
    93
    66
   261
    30
    25
     0
     0
     0
     9
     0
    47
    95
   150
    81
    55
    47
     6
    81
   162
    64
    45
   138
    25
    24
    68
   290
    94
    35
     1
     4
     0
     4
     0
     6
    14
    90
   146
    58
    47
    40
   242
    32
   198
    46
    48
    64
    49
    30
   168
   101
    25
    22
     0
     0
     0
     4
     0
     2
    13
   112
   226
   151
    56
    45
    42
    86
    21
    25
    43
   160
   120
    70
   222
    30
    59
    26
     0
    11
     0
     0
     0
     8
   118
   215
   240
   148
    33
   121
    71
    32
    86
   115
    40
   195
    40
   105
   169
    91
    39
    37
     7
     3
     0
     0
     0
     0
   151
   141
   233
   216
    16
   106
   104
    34
    59
    40
    34
    69
    47
    20
    85
    63
    54
    85
     8
     0
     9
     6
     6
     0
    43
   145
   256
   208
    28
    56
    27
    62
    99
    36
    37
    45
    75
    33
   252
    37
    32
    25
     0
     6
     0
     0
     6
     1
   103
    94
   111
    57
    38
    34
    79
    37
    17
   102
    58
   131
    49
    42
   195
   120
    63
    28
     4
     7
     1
     2
     3
     0
    95
   101
   313
   114
    14
    28
    24
    38
    31
    96
    60
    65
    20
   184
   157
    97
    72
    17
     0
     0
     3
     0
     0
     0
    33
   120
   371
   119
    52
    91
    35
    34
    67
    57
    39
    70
    22
    59
   111
    93
    20
    36
     0
     0
     0
     6
     6
     0
    60
    69
   152
    66
    50
    97
    77
    24
    56
   185
    20
   215
    64
    19
    30
   107
    24
    35
     0
     3
     0
     4
     0
     0
    42
    58
   185
    27
    48
    45
    73
    60
    45
    47
   110
    50
    30
    55
   118
    98
    80
   124
     0
     0
     0
     3
     0
     0
    75
   242
   214
   101
   116
    64
    89
    84
    54
    35
    64
   119
    68
    54
    94
   127
   153
    68
     0
     0
     0
     7
     0
     0
    69
   164
   157
   292
    39
    30
    56
    42
    26
    34
    38
    31
    61
    88
    32
    66
    25
    13
     9
     3
     2
     0
     6
     0
    49
    86
   278
   222
    45
    56
    65
    98
    36
   159
    23
    43
    43
    62
    96
    93
    97
    15
     3
     7
     9
     0
     0
     0
   123
   191
   162
   163
    46
    62
    58
    20
    62
    55
    23
    37
    21
    96
   101
   103
    19
   113
     2
     0
     9
     1
     0
     7
    30
   120
   206
   215
    83
    77
    94
   107
    44
    90
    76
    41
    62
    30
    42
    35
    30
    47
     3
     7
     0
    17
     0
     4
    57
   169
   225
    48
    39
    15
    43
    23
    57
    26
    22
    66
    39
   172
    37
    37
    36
    34
     0
     7
     0
    10
     1
     8
   118
   163
   272
    57
    42
    50
    39
    29
    53
    61
    24
    45
    36
   186
   208
    67
    37
    44
     0
     9
     1
     0
     8
     0
    45
   100
   177
   106
   106
    67
    44
    41
    31
    94
   142
    59
   136
   338
   275
   143
    41
    43
    15
     4
     3
     0
     4
     0
   123
   188
   151
    25
    50
    38
    73
    34
    96
    44
    25
    34
    29
   172
    94
    31
     9
    98
     0
     0
    12
     0
     0
     1
    53
   113
   309
    57
    39
   164
    41
    40
    16
    33
    95
    23
    34
    33
    27
   208
    97
    18
     0
     0
     0
     6
     0
     2
    48
   140
   300
   120
    35
    18
    40
    41
    52
    31
   178
    13
    60
   196
    71
   184
    52
    47
     5
     0
     8
     0
     7
     0
    34
    67
   205
   115
    26
    38
    22
    27
    39
    23
    33
    82
    46
   199
   164
    59
    46
    29
     0
     0
     7
     1
     2
    10
    33
   156
   194
   145
   102
    91
    68
   109
    29
    37
   178
    37
    96
    21
   157
    76
    44
    17
     0
     1
     2
     0
     2
     5
    30
    78
   356
   200
    36
    43
    44
    43
    31
    31
    21
   160
    34
    87
   264
   115
    50
    66
     0
     5
     0
     0
    10
    10
    46
   182
   248
   197
    82
    42
   118
    31
    72
   208
    23
    46
    85
    75
   220
   259
    48
    20
     2
     0
     0
     2
    10
     1
   111
    44
   185
   188
   138
    19
    29
    37
    53
   182
    25
    82
    41
     7
   202
    81
    27
    40
     6
     0
    10
     7
     0
     0
    46
    59
   187
    72
   112
    29
    57
    14
    44
    57
    54
    22
    45
    68
    76
    26
    45
    49
     0
     0
     0
     9
     0
     0
    74
   188
   240
    99
    43
    30
    65
    41
    92
    83
    65
   163
    43
    53
    50
    73
    58
    49
     0
     0
     2
     0
     0
     0
   113
    73
   182
   177
    61
    36
    71
    39
    87
    24
    34
    18
    26
    38
   258
    29
    19
    60
     0
     0
     3
     0
     0
     4
    49
    69
   212
   184
    29
    30
   124
    30
   101
    25
   114
    59
    36
   188
   113
   311
    24
    72
     4
     3
     0
     0
     4
     4
    75
    65
    92
   126
    58
    55
    58
   117
    62
    28
    59
    62
    30
   119
    72
    79
   163
    65
    10
     1
     0
     0
     3
    53
    82
   245
   226
    71
    19
    79
   325
    22
    69
    17
    24
   103
    56
   101
    70
    29
    63
     4
     1
     4
     0
     1
     6
    50
   112
   129
   116
   165
    29
    19
    40
    45
    71
    76
    69
    34
   206
    90
   107
    42
    29
     0
     0
     6
     0
     2
     0
    27
   141
    38
   124
    63
    39
    20
    35
    66
   173
    64
    76
    42
    30
    25
   210
    68
    37
     5
     1
     0
     1
     0
     0
    43
   136
   179
    97
    39
     7
   237
    50
   113
    38
    35
     8
    40
    29
   157
    32
    29
   129
     0
     0
    13
     0
     0
     0
   104
   306
   130
   247
    60
    63
    30
    13
    31
    72
    47
    11
    93
    97
   122
    64
    37
    33
     0
     5
     2
     0
     0
     0
    62
   137
   286
   118
    61
    79
    20
    24
    59
    41
    49
    80
    27
    16
    49
    91
    37
    31
     0
     0
     0
     0
     0
     3
    80
   123
   280
   204
    81
    66
    79
   192
    79
    47
   115
    96
    64
    27
   152
   304
    89
    54
     8
     1
     0
     0
     5
     5
   189
   115
   333
   195
    52
    24
    65
    38
    60
    42
    48
    23
    37
   306
    38
   125
    52
    70
    11
     0
     0
     4
     9
     0
    46
   142
   149
   343
    86
    33
    17
    11
    80
   175
    30
    37
    23
    77
   111
    88
    71
    79
     0
     2
     0
     1
     2
     0
    26
    45
    91
   154
    77
    44
   110
    94
    88
    49
    49
    40
    72
    33
    64
   102
   183
    88
     3
     1
     7
     0
     0
     0
    41
   116
   161
    27
    44
    67
    67
    77
    49
    73
    16
    58
    31
   157
    86
   277
    39
    19
     0
     0
     9
     0
     0
     3
    26
   115
   120
   169
    37
    83
    99
    43
    27
    32
    32
    37
    47
   202
    28
    22
    35
   104
     8
     0
     6
     4
     2
     0
    79
   108
   133
   157
    66
    56
    50
    27
    28
    19
    85
    49
    85
    43
    35
   180
    29
    55
     0
     0
     0
     0
     0
     9
   131
   164
    79
   163
    36
    28
    28
    41
    88
    50
    61
   179
    61
    33
   201
   131
    79
    44
     0
     0
     1
     0
    11
     0
   104
   113
   208
    63
   106
    40
    55
    38
   110
    37
   211
    26
    54
    32
   100
   548
    80
    73
     2
     0
     0
     3
     5
     3
   151
   132
   179
    35
    95
    38
    40
    22
    86
    20
   103
    36
    51
   129
   102
   131
   200
   136
     5
     1
     0
     0
     7
     0
    32
    68
   204
   171
    72
    42
    52
    29
    52
    70
    92
    72
    43
    33
   454
    61
    47
    31
     9
     5
     3
     5
     0
     0
    18
   118
   217
   102
    70
    20
    30
    17
   171
    18
    31
    37
    41
    37
   104
    95
   158
    37
     0
     0
     0
    10
     0
     0
   105
    12
   290
   108
    61
    64
   121
    41
   188
   116
    30
    29
    27
    25
   100
    62
    37
    11
     4
     5
     0
     0
     0
     4
    18
    57
   236
    86
    36
    22
    45
    80
    56
    43
    77
    38
    43
    13
   137
    62
    43
    17
     3
     0
     9
     0
     5
     8
   128
   156
   221
   195
    33
    52
    76
    64
    43
    43
    91
   187
    15
    34
   195
   104
    65
    31
     0
     0
     7
     0
     0
     0
    35
   202
   195
    94
    51
    60
    30
    75
    32
    67
    49
    21
    96
    82
   180
   139
   179
    28
     3
     0
    12
     3
     0
     1
    73
   132
   195
    40
    89
    44
    83
    28
    26
    27
    49
    83
    30
    40
   215
   239
    33
    28
     0
     7
    10
     8
     5
     3
    35
   115
   137
   197
    57
    39
   107
    89
    33
    67
    70
    50
    98
    32
   181
    75
    53
    47
     0
    15
     1
     0
     0
     0
    81
   149
    30
    90
    65
    39
    31
    24
    24
    19
    38
    33
    28
   209
   247
    24
    36
    56
     0
     0
     0
     0
     0
     7
    39
   166
   174
   137
    60
    53
    37
    42
    30
    53
    14
    82
    31
    88
   259
    95
    36
    32
     0
     0
     1
    15
     0
     0
    44
    69
   276
    21
    50
   188
    37
    60
     8
    81
    53
    27
    26
   113
   333
    62
    31
    75
     0
     1
    12
     0
     0
     2
    19
   196
   153
   142
    38
    82
    25
    13
   160
    29
   104
    68
    27
    50
   148
    77
    85
    24
     0
     7
     0
     0
     5
     1
    38
   190
   273
   242
    68
    81
   184
    52
    51
    26
   119
    95
    28
    86
   209
   188
    39
    43
     0
     0
     0
     0
     0
     0
    75
    65
   171
   213
   111
    51
   173
    21
    48
    32
    50
    98
    51
    56
    74
    87
     4
    54
     0
     0
     4
     5
     0
     0
    19
   210
    26
   257
    59
    70
    57
    50
    83
    27
    25
    11
    98
    53
   110
    73
    70
    49
     7
     0
     7
     0
     0
     0
    44
   135
   300
    92
    24
    79
    30
    91
   126
    70
    97
    41
    50
    49
   100
   199
    25
    17
     0
     0
     2
     2
     0
     2
    43
    14
   186
   115
    64
    65
    54
    49
    44
   211
   107
    65
    55
   154
   176
   127
    24
    23
     0
    13
     2
     1
     0
     0
    16
   158
   120
   183
    48
    36
    72
    84
    65
    33
    54
    26
    23
    30
    25
    79
    25
    52
     0
     0
     9
     0
     0
     0
   111
   155
   197
    51
   202
    33
    96
    89
    78
    24
    63
    38
    73
    67
   162
   133
    44
    43
     0
     5
     0
     5
     0
     2
   101
   140
   186
   164
    81
    24
    36
    34
    70
   132
    98
   104
    81
    42
   204
   106
    98
    55
     0
     0
     0
     5
     0
     0
    35
   124
   171
    89
    91
    38
    71
    33
    43
    54
    51
    58
    37
    27
   351
    56
   108
    11
     0
     6
     0
     4
    10
     1
    12
    41
   172
    89
    10
    77
    57
    26
    22
    36
    40
    51
    33
    34
    25
    20
   123
   107
    13
     7
     0
     9
     3
     2
   131
   163
   263
   104
    40
    56
    45
    60
    20
    47
    41
    42
    21
    69
    73
    62
    39
    27
     5
     0
     0
     0
     0
     2
    70
   118
   214
   139
    53
    31
    43
    51
    28
    30
    24
    51
   303
    30
   107
   118
    31
    16
     6
     5
     0
     1
     6
     0
    65
    86
   201
   113
    59
    83
    17
    23
   191
    44
    42
    39
    49
    35
    32
    45
    54
    38
     0
     0
     4
     2
     0
     6
    61
   103
   223
   323
   221
    76
    56
    49
    54
    23
   212
    33
    62
    54
    87
    29
   199
    82
     4
     7
     0
     0
     0
     0
    46
   108
   198
   275
    66
    45
    43
    51
    95
    66
    35
    55
    32
    43
   402
   128
    28
    43
     0
     0
     0
     0
     0
     0
    64
   152
   134
    78
    35
    21
    21
    28
    22
    15
    19
    50
    34
    41
    84
    58
    44
   101
     1
     0
     2
     0
     3
     0
    80
    68
   286
    96
    40
    47
    58
    23
    12
   171
    21
    14
    51
    66
    54
   155
    68
    43
     0
     7
     0
     9
     1
     0
    81
   110
   270
   116
    59
   102
    71
    50
    67
    36
    17
    42
    45
    23
    50
   159
    51
    32
     0
     0
     5
    10
    10
     0
    26
   145
    99
   141
    35
    32
    34
    48
    42
    44
    70
    46
    31
    42
   121
   126
   110
    62
     1
    12
     0
     0
     3
     0
    76
   140
    34
   105
   106
    45
    40
    34
    41
    23
    27
    19
    29
    72
    83
   217
    13
    40
    14
     3
     6
     0
     0
     0
    74
   118
   138
   113
    23
    30
   213
    49
    25
    37
    59
    35
    87
   213
   157
   214
    92
    41
     7
     2
     2
    10
     1
     0
    52
   189
   276
    98
    57
    29
    45
    40
    56
    33
    69
    54
    78
    60
    46
   236
    39
    99
     0
     0
     0
     1
     0
     3
    51
    63
   235
    56
    78
   241
    56
    28
    20
    71
   107
    18
    45
    67
    75
    84
    92
    26
     0
     2
     0
     1
     0
     8
    90
    31
   107
   107
    68
    39
    69
    18
    22
    45
    46
    91
   163
    38
   173
   122
   102
    35
     6
     7
     0
     0
     8
     0
    73
   165
   151
    73
    27
    28
    20
    84
    22
    28
    37
    30
    62
    41
    25
    80
    47
    70
     0
     0
     8
     0
     8
     0
    50
    62
   140
   192
    54
    53
    31
    75
    93
    27
    29
    72
    74
    84
    88
   128
    31
    27
     0
     0
     0
     1
     0
     0
   115
   123
    70
    68
    28
    54
    52
    35
    23
    20
    33
    25
    30
   105
    42
    10
    24
    13
     0
     0
     0
     8
    13
     1
    88
    95
   191
   181
   105
    49
    49
    28
    86
    37
    59
    33
    30
    33
   116
    79
    29
    32
     0
     0
     0
     0
     0
     0
    24
   172
   199
   200
    27
    89
    29
   153
    36
    79
    53
    15
    10
    47
    63
    72
    45
    80
     0
     0
     0
     9
     0
     0
    47
   203
   148
    92
    36
    44
     6
   160
    27
    38
    72
    47
    35
    81
    30
    49
    65
    72
     0
     0
     0
     1
     0
     3
    48
   121
    32
   172
    38
    80
    22
    41
    31
    39
    40
    61
    70
    45
    32
    52
    30
    28
     0
     0
     1
     0
     0
    16
    29
    26
   126
   123
    82
    46
    87
    68
   195
    85
    33
   234
    13
    53
    17
    20
    19
    14
     0
     5
     1
     7
     0
     0
    14
    87
    74
   113
    33
    47
    33
     8
    47
    39
    61
    13
    64
    56
    95
    91
    38
    62
     0
     0
     5
     0
     0
     2
    83
   128
   101
   141
    38
   172
    71
    33
    44
    20
    43
   100
   163
    35
    58
    68
    57
    87
     7
     0
     5
     7
     0
     0
    69
   108
   115
    28
    45
    63
    33
    69
   100
    67
    24
    79
    24
   175
    50
    76
    58
    57
     6
    11
     0
     2
     3
     0
    33
   118
   284
   208
    49
    46
    71
    55
    38
    87
    95
    30
    46
   117
   261
   169
    35
   123
     0
     5
     2
    14
     0
     4
    31
    81
   109
    37
    86
    25
    94
    29
    65
    41
    35
    88
    34
   184
     6
   235
   100
    25
     0
     5
     0
     0
     1
     5
   123
   122
   262
   154
    67
    67
    71
    43
    35
    55
    33
   237
    56
    86
   175
    37
    90
    23
     0
     5
     0
     0
     1
     0
    45
   109
    88
    25
    95
    28
    17
    58
    15
    38
    19
    42
    10
    80
    79
    62
    36
    71
     0
     0
     2
    13
    10
     5
    73
   145
   225
   141
    73
    63
    27
    17
    10
    47
    65
    19
    32
   107
    35
    39
   164
    96
     0
     2
     0
     0
     0
     2
    27
   203
   129
   136
    57
    63
    77
    38
    47
    64
    46
    30
    32
    55
    33
    41
    57
    22
     0
     0
     0
     0
     0
     0
    35
   130
   214
   111
    45
    15
    23
    40
    21
    67
    28
   259
    36
    30
   266
    37
    38
    66
     0
     4
     5
     1
     7
     0
    41
   101
   143
   125
    41
    48
    33
    42
    53
    88
    41
    38
    38
    55
   212
   398
    22
    51
     0
     0
     0
     1
     0
     7
    91
    73
   199
    99
    89
    27
    18
    38
     2
    60
    10
    12
    24
   220
   207
   231
    46
    59
     0
     5
     0
    17
     7
     0
    48
    41
   259
   108
    43
   117
    23
    38
    51
    41
    31
    58
    35
    62
   107
   126
    20
    74
     0
     0
     0
    10
     0
     0
    30
    73
   113
   231
    98
   102
    23
   158
    30
    54
    22
    65
    51
    46
    73
   134
    21
    34
     0
     0
     0
     0
     3
     0
    28
    41
    31
   112
    33
    20
    21
    22
    58
    24
    42
    33
    33
   216
   124
   105
    76
    49
     8
     1
     7
     0
     0
     1
    90
    94
   190
   107
    39
    40
    33
    53
    24
    14
    47
   180
    31
    39
   230
    22
    30
    32
     0
     0
     4
     0
     2
     0
   143
    86
   224
   204
     7
    33
   187
    42
    36
    43
    32
    25
    37
    39
   117
    28
    35
   172
     0
     1
     0
     2
     7
     0
   101
    27
   163
   210
   102
    31
    16
    66
    28
    59
    30
   151
    49
    36
    60
   105
    36
    32
     0
     0
     0
     0
     0
     0
    51
    93
   160
   222
    19
   179
    78
   123
    26
    27
    57
    26
   197
    59
    94
    23
    12
    41
     1
     9
     0
     0
     0
     0
   115
    48
    90
   304
    27
    54
     7
    21
    45
    61
    26
    31
    87
    89
   122
    18
    41
    11
     0
     9
     0
     7
     0
     0
    76
   180
   138
    50
    43
    36
    28
   178
    75
    10
     9
    45
    18
    85
    29
    71
    75
    15
     0
     0
     0
     3
     0
     1
    45
    83
   113
    52
    28
    17
    69
    64
    17
    36
    64
    29
    31
    22
    79
    31
    63
    35
     0
     0
     9
     0
     0
     8
    24
   112
   138
    30
    26
    65
    21
    45
    25
    21
    23
    26
    55
   114
    26
    70
    24
    68
     6
     0
     0
     8
     0
     2
    33
   107
    24
   182
    41
    26
    29
    42
    44
    39
    21
    41
    38
    58
    46
    26
    42
    48
     0
     0
     8
     0
     6
    10
    57
   245
   174
   212
    63
    50
    92
    95
    33
   228
    88
    29
    31
    65
   204
   233
    37
    99
     8
     0
     7
    10
     1
     0
    59
    26
   218
    53
    25
    26
    21
    18
    30
    40
    31
    17
    32
    32
    47
    24
    68
    33
     0
    15
     0
     1
     0
     0
    63
   164
   259
    67
    37
    37
    27
    40
    36
    70
    34
    30
    18
    97
    73
   118
   136
    36
     0
     0
     2
     0
     0
     0
    39
   150
   153
    69
    30
    82
    64
    64
   115
    24
    29
    35
    19
   103
    80
    34
    13
    28
     0
     0
     0
     0
     4
     0
    73
   159
   118
    58
    88
    72
   167
    59
    47
    35
    31
    59
    61
    27
    20
   149
    21
    64
     0
     0
     7
     0
     5
     4
    25
    41
    67
    77
    56
    55
    26
    34
   179
    11
    23
    45
    29
   157
   115
   211
    22
    76
     0
     0
     8
     0
     0
     0
    72
   129
   175
   163
    36
    43
    45
    80
    26
    63
   181
    66
   326
    37
    33
   165
    31
    83
     0
     0
     0
     0
     0
     2
    81
    67
   246
   235
   102
    45
   181
    57
    32
    61
    46
    31
    52
    56
   179
   116
    10
    42
     0
     0
    10
     0
     0
     6
    80
   118
   337
    79
    68
    33
    31
     7
     9
    43
    35
    58
     5
    61
   107
    33
    36
    31
     0
     2
     6
     0
     0
     1
    24
   189
   156
   147
    66
   122
    30
    48
    42
   190
    30
    80
    76
    90
   137
    98
    71
    21
     7
     0
    17
     0
     0
     9
    40
   101
   237
    55
    17
    78
    26
    31
    40
   115
    41
   106
    46
    18
    76
    15
    56
    28
     9
     0
     0
     9
     1
     0
    55
    50
   179
   192
    25
    25
    49
    28
    31
    76
    19
    24
    62
    11
   106
   189
    29
    46
     0
     5
     0
     0
     0
     0
    53
   189
   128
   103
   110
    23
    43
    25
    67
    30
    33
    38
    27
   185
   142
   166
   169
    13
     1
     0
     7
     3
     1
     0
    58
   157
   184
   122
    52
    25
    21
    60
    79
    70
    57
    20
    16
    76
    52
    57
    37
    97
     2
     9
     0
     0
    11
     1
    21
   110
   159
    45
    32
    39
    44
    47
    32
    43
    80
    56
    75
    47
    74
    99
    41
    66
     9
     0
     0
     0
     0
     2
    60
    66
    59
   154
    81
    11
    30
    36
   118
    32
    14
    64
    23
   164
    75
    83
    26
    70
     0
    18
     3
     0
     2
     0
    36
   148
   179
    69
    13
    36
    15
    24
    74
    76
   171
    70
    43
   166
    96
   249
    29
    76
     0
     0
     7
     4
     0
     0
   122
   126
   120
   139
    29
    18
    71
    44
     9
    65
    17
    23
    66
    57
   117
   100
    35
    32
     0
     0
     0
     0
     8
     0
    67
   113
    82
   147
    24
    54
    31
    18
    39
    77
    31
    42
    32
    56
    36
    82
    74
    33
     3
     0
     0
     0
     0
     0
    36
    68
   104
    39
    29
    37
    71
    25
    92
    33
    69
    79
    69
    43
    59
    41
    36
    38
     6
     0
     0
     8
     5
     0
    79
    80
   260
    78
    34
    17
    61
    49
    35
    50
    33
    46
    24
    84
   223
   190
    17
    44
     0
     0
     6
     0
     1
     9
    19
   156
   205
   238
   184
    24
    39
    90
    11
    74
    42
    38
    25
    84
    38
    80
    52
    23
     0
     0
     0
    11
     0
     0
    27
   108
   181
    89
    32
   215
    13
    26
    21
    45
    32
    34
    13
    31
   281
   121
    35
    34
     0
     0
     0
     3
     6
     6
    71
    43
   120
   167
    62
    27
    11
    39
    39
    32
    47
    17
    18
     8
   129
   119
    86
    42
     0
     7
     0
     0
     4
     5
    47
    18
   198
   156
    40
    28
    22
    36
    27
    19
    72
    69
    87
    14
    83
   165
    58
    62
     0
     2
     0
     0
     0
     2
    47
   121
   134
   142
    28
    21
    89
    16
    20
    33
    62
    27
    34
    51
   107
    51
    53
    40
     3
     0
     0
     4
     0
     5
    24
    77
   285
    75
    16
    31
    82
    49
    36
    35
    15
    27
    47
   114
    75
   100
   165
    68
    10
     0
     0
     0
     6
     0
    32
   159
   139
   118
    48
   120
    97
    23
   116
    21
    32
   193
    74
    30
   206
   103
    43
    21
     0
     2
     0
     0
     0
     8
    92
    99
   116
   157
    38
    29
    27
    56
    40
    25
    20
    25
    55
    34
   274
    40
    27
    38
     0
     2
     0
     0
     0
     7
    17
   157
   190
   162
    22
    29
    44
    32
    55
    10
    54
    20
    32
    20
    50
    16
    26
    83
     3
     7
     0
     3
     2
     9
     3
    69
   231
   147
    15
    26
    45
    42
   192
    48
    34
    37
    57
   166
    84
   107
    45
    47
     4
     5
     0
     0
     3
     6
    48
   121
   180
   190
    64
    81
    51
    23
    38
    14
    33
    52
    43
    75
    89
   119
    28
     6
     0
     0
     0
     0
     0
     0
    68
   116
   144
   166
    58
    53
    66
    36
    28
    57
    25
    53
    20
    13
    62
    28
    29
    50
     0
     8
     7
     4
     0
     0
    56
    33
   158
   143
    31
    37
    26
    19
    25
    31
    17
    21
    12
    50
    31
   147
   174
    38
     0
     0
     8
     0
     0
     0
    21
    38
   271
   156
    52
    62
    76
    59
   170
    35
    37
    45
    92
    34
   112
    77
     9
   118
     0
     0
     1
     0
     7
     0
    28
   126
   274
   136
    59
    60
    37
    61
    61
    44
    25
    56
   100
    53
    42
   216
    34
    68
     0
     0
     0
     0
     9
     6
   105
   209
   441
   111
    49
    50
    24
   160
    67
    42
    18
    86
    36
    81
    29
   114
    49
   110
     0
     0
     6
     0
     0
     0
    36
   160
    96
    70
    43
    41
    65
    20
    40
    74
    89
    19
    24
    16
   125
    38
    36
    91
     0
     2
     0
     0
     7
     0
    30
    88
   191
   102
    35
    25
    69
     6
    80
    38
    30
    41
    16
   190
    36
    12
    36
    28
     0
     0
    14
     0
     0
     4
    33
   164
   149
    96
    30
    45
    23
    35
    56
    72
    25
    38
    72
    74
    75
    83
    34
    23
     8
     4
     1
     0
     0
     0
    26
    98
    77
    71
     5
    33
    75
    26
    57
    37
    79
    34
    50
    25
    71
    19
    26
    40
     0
     0
     5
     8
     6
     0
    85
   125
   162
    84
    28
    54
    62
   187
    19
    35
    79
    32
    33
   211
    79
    39
    31
    29
     0
     0
     0
     6
     6
     1
    90
    63
   373
   113
    42
    28
    25
    39
   152
   111
    33
    48
    32
    38
   240
    86
    40
    62
     0
     3
     0
     6
     0
     0
   119
    66
    94
   109
    81
    63
    15
    41
    98
    34
    11
    27
    56
    74
    84
    46
    50
    45
     6
     9
     0
     0
     0
     0
    80
   102
    70
   104
    90
    73
    76
    36
    14
    25
    31
    19
    19
    33
   186
    26
    20
     8
     0
     3
     2
     0
    11
     0
    47
    49
   136
   156
    78
    42
    24
    53
    38
    27
    33
    86
    31
   179
    74
   149
    65
    29
     3
     0
     8
     0
    10
     1
    32
    98
   182
    19
    13
    63
    11
    42
    60
   150
    61
    16
    34
    56
   215
    61
    39
    36
     0
     0
     0
     0
     0
     3
    54
   102
    98
   117
    21
    57
    34
    19
    29
    46
   137
    41
    79
    30
    71
   110
    19
   107
     0
     4
     0
     7
     0
     0
    50
   162
   195
    29
    51
    19
    71
    49
    48
   186
    22
    41
    49
    79
   234
    33
    53
   100
     0
     2
     8
     0
     0
     8
    58
   111
   154
    95
   160
    73
    60
    79
    48
    34
    34
    59
    44
    24
    66
    31
    58
    28
     3
     2
     4
     0
     0
     6
    25
   131
   124
    31
    64
    65
    26
    55
    36
    66
    53
    68
    25
   165
    66
   116
    70
    55
     0
    13
     0
     0
     0
     2
    73
    61
   188
   117
    50
    62
    44
     8
     8
    55
    10
    34
     3
   116
    68
    82
    22
    70
     0
     0
     0
     0
     0
     4
    39
    28
   109
    64
    26
    34
    21
    34
    33
    35
    23
    27
    30
    66
   115
    68
    45
    71
     0
     2
     0
     2
     2
     7
    35
    36
    88
   123
    38
    26
    49
    42
    30
    49
    24
    38
    19
    19
    75
    69
    28
    42
     0
     0
     0
     0
     0
     5
    22
   167
   114
   334
    32
    12
    11
    36
    19
   105
    20
    45
    19
    30
    81
    61
    42
    37
     0
     0
     0
     0
     0
     8
    34
   108
    92
   104
    52
    28
    53
    53
    67
    49
    18
    50
    47
   143
   229
   138
    33
   100
     1
     0
     0
     8
     4
     0
    25
    38
   310
    60
   148
    42
    41
    36
    34
    44
    41
    41
    52
    54
   265
   244
    16
    46
     0
     0
     7
     0
     0
     0
   110
    79
    69
    28
    17
    24
    38
    78
    74
    19
    89
    54
    16
    75
    38
    75
    20
    51
     0
     5
     9
     0
     3
     0
    63
   169
   317
   132
    25
    33
    29
    44
    30
    39
    22
    51
    42
    32
   153
    42
    27
   127
     3
     2
     0
     0
     4
     0
    45
   103
    93
   278
    48
    10
    38
    32
    35
    20
    18
    78
    34
   188
    59
    74
    27
    26
     0
    14
     3
     0
     5
     0
    50
    22
   128
    34
   151
     9
   155
    44
    21
    28
    29
    15
   161
   157
   227
   122
    15
    80
     0
     7
     0
     0
     0
     7
    48
   128
   178
    61
    25
    18
    22
    28
    65
    17
    34
    32
    18
    37
    45
    61
    46
    30
     4
     0
    12
     4
     0
     6
    97
   242
   186
   158
    27
    34
    28
    48
    78
    97
    35
    23
    33
    55
   152
   102
   112
    58
     0
     1
     0
     3
    10
     0
   117
    44
   204
   271
    55
    67
    27
    78
    72
   104
    69
    28
    39
    37
    77
   105
    19
    64
     6
     6
     0
     0
     0
     0
   125
   154
   111
    78
    85
    73
    46
    15
    40
    43
    16
    63
    66
    63
   147
   120
    70
    28
     0
     0
     0
    14
    14
     2
    92
    42
   119
    86
    29
    44
    12
    27
    36
    28
    14
    41
    20
   164
   101
   229
   107
    35
     5
     0
     0
    16
     0
     0
    40
    26
    74
    56
    22
    19
    47
    25
    34
    24
   194
    40
    40
    75
    39
    74
    27
    10
    17
     0
     0
     2
     1
     0
    57
   131
   183
   118
    42
    30
    34
    81
    35
    29
    18
    43
    50
    55
    63
    59
    87
    53
     6
     0
     0
    19
     9
     2
    84
   210
   225
    73
    61
    29
    45
    30
    43
    35
    30
    20
    39
    30
    54
    61
     2
     9
     0
     1
     4
     8
     7
     0
    63
   143
   212
    46
    39
    29
   146
    56
    61
    24
    11
    33
    95
    69
   203
    89
    43
    29
    13
     0
     6
     0
     4
     3
    24
   140
    99
    22
    42
    19
    39
    84
    81
    96
    79
    19
   159
    42
    43
   150
    26
    47
     0
     0
     0
     0
     1
     0
    43
    78
   166
   111
    60
    18
    32
    15
    72
    41
    57
    44
    43
    19
   334
   119
    51
    35
     0
     3
    16
     0
     0
     0
    63
    20
   124
    44
    95
    41
    10
    46
    91
    81
   134
    29
    45
    32
    16
     2
    41
   181
     9
     1
     0
     0
     0
     0
    33
    56
    74
    70
    95
    20
    29
    55
    53
    17
    46
    54
    34
    70
    50
   104
     7
    28
     0
     1
     0
     4
     5
     0
    43
    55
   160
   118
   136
    52
   134
   112
    48
    82
    33
    19
    20
   220
    32
   151
    39
    55
     1
     6
     1
     0
     4
     0
    74
   130
   110
   101
    31
    14
    40
    30
    41
    34
    29
   104
    31
    29
   102
    85
    28
    73
     2
     2
     4
     2
     6
     0
    30
   147
    81
   251
    39
    19
    87
    10
    44
    39
    28
    26
   127
    86
    59
    64
    32
    36
     4
     0
     0
     0
     0
     0
    22
   108
    54
   167
    35
    67
   178
    35
    43
    57
    65
   122
   154
    38
    75
   222
    72
    21
     0
     0
     0
     0
     3
    14
    13
   102
   186
    34
    24
    36
    25
    77
    32
    34
    16
    31
    28
   305
    57
    27
    34
    40
     0
     0
     0
     0
     0
     0
    48
   218
   140
   231
    21
    17
    40
    14
    67
    26
    66
    40
    29
    27
    65
   124
    40
   101
     0
     0
     0
     0
     8
     5
    67
   191
   367
    69
    75
    27
    80
    66
    29
    19
    27
    44
    22
    74
    20
   110
    37
    58
     2
     0
     0
     9
     0
     0
    54
   133
   186
    61
    53
    22
    56
    35
    26
    31
    15
    46
    45
   113
    17
   125
    74
    38
     0
     0
     1
     8
     2
     0
   146
   104
   113
    92
    58
    35
    35
    47
    26
    28
    41
    24
    40
    77
    59
    53
    64
    54
     0
     0
     9
     0
     0
     1
    95
    89
   127
   119
    42
    44
    65
    51
    49
    45
    30
    64
    93
    46
    72
    63
    29
    58
     0
     0
     0
     7
     0
     1
   103
   101
   234
   102
    34
    74
    46
    40
    78
    22
    63
   176
   170
    60
    41
    86
    36
    83
     0
     0
     0
     0
     4
     6
    68
   105
    61
    24
    13
     8
    38
    43
   115
    40
    47
    70
    29
    31
   116
    18
    23
    59
     0
    13
     7
     0
     1
     0
    77
   121
   100
    48
    32
    25
    36
    96
    26
    39
    63
    16
    21
    26
    94
    20
    41
    26
     0
     0
     0
    13
     0
     0
    34
   150
    76
    40
    24
    76
     9
    48
    69
    65
    34
    25
    37
    31
   158
   109
    30
    67
     0
     0
     0
     8
     0
     0
    17
    93
   260
   148
    21
    57
    42
     8
    55
    43
   172
    25
   175
   104
    33
   129
    22
    55
     0
     0
     0
     4
     0
     4
    63
   104
    73
   193
    68
    97
    51
    45
    46
    30
    21
    12
    47
    84
    80
    32
   114
    73
     0
     0
    16
     0
     0
     0
    61
   281
   330
   135
    54
    36
    38
    46
   135
    64
   105
   152
    19
   102
   135
   121
    51
    40
     0
     0
     0
     0
    11
     0
    56
   122
   157
    62
    40
    45
    25
    54
    25
    65
    58
    51
    17
    32
   136
    90
    73
    31
     0
     5
     0
     5
     0
     8
    46
   107
    72
   184
    49
    39
    63
    21
    38
    20
    37
    25
    32
    26
    33
    85
    47
    25
     1
     0
     0
     3
     0
     0
    19
    19
   119
    95
    68
    39
    22
   189
    85
    17
    39
   157
    47
    76
    32
   255
    13
    29
     5
     0
     0
     0
     0
     0
    44
   185
   273
   115
    53
    42
    35
    32
    57
    78
    48
    92
    47
    62
   313
    62
    20
    42
     0
     3
     0
     0
     0
     4
    32
    31
    94
   115
    49
    67
    32
    32
    23
    20
    15
    28
    14
    39
    75
    41
    56
    30
     0
     0
     0
     0
     2
     3
    20
    86
   264
   145
    38
    39
   190
    32
    43
    79
    69
    45
    21
    22
    76
    30
    35
    27
     2
     0
     0
     0
     8
     0
   118
   145
    95
   223
    88
    43
    33
    47
    37
   101
    50
   113
    38
    57
   116
   127
    71
    54
     0
     0
     3
     0
     2
     0
   144
   123
   325
    51
   119
    33
    92
    51
    17
    28
   188
    25
    18
    81
   120
   172
    39
    82
     8
     4
     4
     0
     0
     0
    68
    77
    46
   159
    56
    41
    22
    79
    32
     6
    33
    61
    39
   179
    64
   136
    37
    15
     0
     9
     0
     0
     0
     0
    70
    72
   260
   179
    20
   300
    56
    81
    42
    45
    14
    22
    67
    76
    30
     3
    34
    88
     6
     7
     2
     3
     2
     0
    44
   185
    70
   101
    41
    26
    40
    36
    36
    61
    28
    44
    22
    35
    75
    35
    57
    46
     0
     3
     3
     0
     0
     0
    59
   212
    76
   118
    33
    33
    36
    53
    52
   189
    44
    85
    26
    76
    13
   103
    37
    34
     3
     0
     1
     0
     3
     2
   118
    75
   363
    99
    17
    32
    44
    58
   154
    30
    45
    40
    48
   220
   213
    58
    30
    29
     0
     0
     2
     2
     0
     0
    83
   185
   315
   103
    29
    53
    62
    20
    34
    27
    22
    77
    41
    65
    89
    37
    95
    30
     0
     0
     6
     1
     5
     0
    79
   125
   198
   127
    33
    27
   197
    70
    34
    75
    41
    54
    20
    16
   127
   216
    67
    38
     0
     0
     3
     0
     0
     0
    25
   193
   138
   106
    39
    19
    17
    38
    45
    33
    43
    15
    27
    19
   104
    51
    89
    24
     0
     0
     4
     0
     7
     0
    35
   138
   170
    65
    35
    39
    22
   163
    69
   212
    34
   101
    35
    19
    29
    54
    32
    16
     0
     4
     1
     0
     1
     5
    43
   182
   113
    95
   153
    76
   105
    38
    11
   168
    30
    29
    28
    38
    33
    64
   109
    65
     3
     0
     0
     0
     0
     0
    76
   100
   157
   201
    41
    29
    48
    25
    43
    61
    24
    20
    49
    38
    77
    71
    19
    74
    10
     0
     0
     0
     0
     0
    47
   110
   291
   160
    27
    28
   192
    65
    20
    42
    20
    25
    59
    25
    38
    77
    26
    25
     7
     3
     0
     0
     2
     0
    73
    98
   231
   182
    80
    59
    77
    83
    13
    34
   114
    40
    47
    83
   125
    10
    28
   126
     0
     0
     0
    12
     0
     0
    39
   252
   163
    65
    44
    30
    38
     6
    30
   104
    73
    33
   184
   257
   102
    81
    69
    60
     2
     0
     0
     0
     7
     9
    40
    68
    90
    64
    26
    44
    84
    80
    36
    23
   111
    38
    42
    45
    24
   147
    15
    93
     0
     2
     0
     0
     0
     1
    16
   248
   237
    47
    29
    28
     5
    77
    81
    73
    30
   201
    41
    51
    59
    29
    32
    10
    13
     0
     3
     2
     0
     2
    84
    93
   140
   186
    36
    78
    40
    60
    18
    10
    13
    48
    33
    61
   173
   228
    79
     8
     0
     2
     3
     0
     9
     2
    45
    48
   157
   208
    44
    47
    47
    90
    39
    57
    78
    18
    89
    15
    48
    88
   124
   162
     0
     0
     0
     0
     4
     8
    45
    68
   120
   124
    40
    33
   176
   170
    21
    44
   193
    28
    65
    60
   208
   127
    27
   162
     0
     5
     2
     0
     0
     0
    30
   224
   166
   207
    30
    76
    50
   180
    58
    57
    53
    15
    59
    63
    70
   117
    34
   112
     7
     0
     0
    20
     0
     0
    48
   131
    32
   138
    98
    30
    28
    43
    71
    47
    56
    32
    40
   166
    90
    74
    55
    57
     3
     0
     0
     0
     0
     0
    69
    53
   104
    98
    27
    22
    48
    70
    80
    59
   174
    71
    58
    23
   124
   126
    44
    20
     2
     0
    11
     0
     0
     3
    36
    90
   290
    21
    62
    28
    26
    56
    39
    24
    22
    58
    28
    41
   148
   105
   193
    26
     5
     0
     0
     8
     4
     5
    58
   116
   232
   156
    21
   137
    28
   100
     4
    19
    19
    20
    47
    83
    70
   358
    13
    29
     0
     0
     5
     3
     0
     0
    82
    73
   137
    59
    61
    26
    65
    19
    36
    56
    23
    33
    31
    36
   110
    20
    63
    16
     0
     1
     0
     6
     0
     0
    77
   188
   297
   260
    38
    23
    38
    12
    21
    42
    13
     9
    55
    58
    58
    36
    18
    47
     1
     0
     7
    15
     4
     0
    47
   173
   166
    61
    47
    68
    69
    26
    18
    29
    69
    31
    58
    61
   162
    34
    46
    56
     0
     9
     4
     9
     8
    15
    25
   103
   161
   257
    88
    55
    26
    38
   187
   118
    63
    59
    60
    64
   261
    93
    30
    70
     0
     0
     0
     0
     0
     0
    73
   116
   218
    97
    15
    39
    33
    47
    15
   107
    86
    39
    87
    28
   274
    47
    26
    25
     0
     5
     1
     0
     0
     5
    35
    26
   345
    54
    17
    25
    57
    15
    40
    26
    30
    32
    44
    19
    60
    66
    45
   103
     0
     6
     0
    12
     0
     0
    18
   121
    88
    93
    24
    30
    22
    67
   175
    74
    94
    15
    89
   127
    18
    88
    20
    38
     2
     0
     1
     5
     0
     5
     0
    25
    79
   134
   158
    18
    32
    44
   178
    51
   169
    26
    13
    28
    60
    28
   183
    55
    48
     2
     0
     0
     0
     7
     0
    62
   119
   187
   256
    31
    89
    29
    33
    90
    52
    36
    58
    81
    59
    20
    77
    23
    55
     0
     0
    11
     4
     0
     1
    36
   213
   240
   224
    40
    31
    34
    44
    75
    49
   119
    39
   255
    24
    33
   127
    44
    30
     0
     7
     0
     0
     1
     7
    44
   152
   344
    48
    62
    78
    44
    42
    93
    44
    57
    57
    96
    50
   159
    70
    18
    41
     0
     2
    15
     5
     4
     0
    46
   136
   206
    63
    27
    27
    24
    64
    59
    34
    31
    59
    89
   151
    46
    74
    49
    48
     0
     0
     3
     0
     3
     0
    50
   161
   214
   145
    26
   103
   171
    43
    19
    45
    38
    45
    26
    26
    23
   100
    33
    52
     1
     3
     4
     0
     0
     0
    20
    72
   185
    61
    28
    69
    21
    78
    44
    38
    67
    21
    30
   200
   251
    59
    45
    41
     0
     3
     0
    11
     0
     1
     7
   208
   134
    66
    53
    45
    66
    76
    53
    29
    53
    73
    43
    45
   292
   103
    43
    97
     2
     1
     0
     0
     5
     0
    58
   105
   149
   125
    92
    73
    49
    49
    68
    44
    54
    33
    58
    26
    51
   131
    39
    31
     2
     0
     7
     0
    10
     5
    84
   110
   291
   144
    56
    65
    36
    63
    33
    72
    39
    38
    87
    87
    67
   242
    83
    33
     0
     0
     0
     0
     0
     0
    42
    76
   248
   210
    31
    31
    47
    35
    42
    35
    69
    93
    45
    77
   256
   232
     7
    27
     0
    11
     8
     0
     2
     0
   107
   165
   131
    76
    12
    43
    21
    63
    40
    62
   183
   188
    31
    28
    64
   138
    67
    29
     6
     8
     2
     0
     2
     0
    56
    75
   162
   148
    69
    20
    33
    16
    50
    22
    31
    54
    54
    50
   170
   145
    35
    13
     1
     1
     0
     0
     4
     3
    65
   147
    63
    71
    51
    40
    51
    18
    74
    54
    37
    32
    32
    33
    33
   122
    33
    25
     0
     1
     4
     0
     6
     0
   107
   248
    35
    47
    27
   123
    23
    30
    46
    41
    46
    32
    31
    71
    23
    63
    31
    65
     0
     0
     0
     0
     0
     0
    61
    14
   109
   127
    38
    23
    41
    32
    45
    24
    37
    71
    33
   109
    70
    24
    37
    28
     0
     1
     0
     4
     0
     0
    54
   189
   206
   245
    82
    64
    28
    84
    89
    44
    73
    45
    43
    26
    50
    48
    42
    68
     0
     0
    19
     0
     1
     2
    68
    91
    73
   118
    36
    34
    73
    68
    63
    68
   120
    60
    39
    38
    79
   178
    69
    34
     1
     1
     5
    12
     0
     0
    30
    90
    93
   112
    17
    22
    97
   187
    47
    69
    33
    22
   162
    30
    65
    36
    76
    73
     0
     0
     0
     5
     0
     0
    45
    66
   188
   253
    29
    81
    31
    98
    54
    40
    27
    30
    51
    45
    47
    31
    49
    36
     0
     4
    15
     9
     9
     0
    65
   169
   150
   230
    93
    24
    85
    68
    75
    82
    61
    84
    31
    78
   300
    52
    17
    41
     0
     3
     0
     0
     2
     0
    50
   139
    93
    77
    24
    32
    32
   176
    29
   151
    31
    17
    37
    53
    97
   239
    30
    68
     0
     0
     0
     0
     0
     6
    76
    74
   225
    82
    42
    24
    24
    34
    77
    55
    38
    49
    14
    31
    86
   265
    43
    45
     7
     1
     0
     0
     1
     1
    50
   284
   243
   107
    29
    36
    32
    95
    36
    25
   124
    41
    52
   106
   112
    59
    26
    85
     0
     6
     0
     1
     4
     0
    47
   117
   131
   178
    16
    61
    55
    85
    65
    84
   103
    31
    30
    37
   146
   181
    47
    54
     9
     0
     0
     4
     0
     5
    11
   102
   192
   270
    19
   178
    26
    27
    80
    62
    42
    30
    65
    24
    51
    62
    30
    27
     7
     0
     1
     6
     0
     0
    35
   214
   225
    32
    26
    30
    55
    30
    41
    41
    36
    81
    33
    67
   144
   124
    35
    39
     0
     0
     0
     6
     2
     0
    32
   100
   156
   143
    27
    37
   100
    42
    18
    72
   110
   118
    59
   130
    74
    59
    43
   104
     6
     0
     0
     0
     0
     2
    15
   111
   147
   156
    22
    56
    19
    38
    43
    27
    33
   179
    98
    45
    46
   113
    40
    45
     0
     0
     0
     0
     0
    14
    43
   111
    38
    84
    35
    26
    22
    14
    76
    26
    34
    35
    98
    90
    70
    80
    51
    27
     0
     0
     4
     8
     4
     3
    38
   235
    71
   105
    58
    47
    49
    96
   172
    21
   145
    97
    28
   184
    69
   180
    26
    89
     9
     0
     5
     0
     8
     0
   100
   314
   162
   160
    55
    65
    85
    60
    56
    41
    35
    22
   205
    84
   275
    43
    53
   110
     0
     0
     8
     0
     0
     0
   111
   125
   130
    81
    39
    30
   118
    34
    41
    81
    57
    28
    46
    83
    35
    92
    31
    23
     9
    15
     3
     0
     0
     5
    73
   260
   129
    42
    37
    37
    80
    20
    57
   128
    42
    39
    77
    28
    86
    28
   124
    35
     3
     0
     0
     0
     4
     0
    97
    65
   129
   112
    22
   110
    33
    43
    23
    54
    70
    64
    35
    24
    42
    30
    13
    45
     0
     0
     0
     0
     0
     0
    31
   224
   234
   205
    22
    36
   192
    16
    50
    17
    37
    30
    42
     9
    95
   109
    36
    48
     5
     7
     0
     1
     0
     0
    83
    77
   133
   112
    80
    40
    49
    22
    42
    86
    43
    19
    14
    26
    65
   223
    24
    21
     0
     0
    20
     0
     3
     0
    46
   264
   166
    65
    71
    51
    16
    56
    30
    33
    89
    51
    75
    48
   163
   116
    34
    32
     0
     0
     2
     0
     0
     0
    83
   137
   119
   147
    71
   177
    47
    68
    60
    50
    82
    33
    29
   127
    28
    94
    52
    43
     0
     0
     0
     4
     0
     0
    65
   192
   237
    77
    80
    38
    39
    63
   160
   102
    65
    58
    24
    18
   169
   336
    87
    61
     5
     0
     2
     2
     0
     0
    59
   105
   141
   137
    62
    37
    73
   205
    27
    72
   173
    30
    39
    31
   268
    43
    48
    67
     0
     0
     0
     0
     6
     7
    80
   119
   362
    24
    80
    35
    65
    71
    43
    37
    23
    35
    53
    80
    96
    26
   108
   117
     0
     0
     0
     3
     0
     9
    42
    46
   117
    89
    39
    37
   194
    83
   119
    60
    62
    51
    80
    34
    97
    99
    88
    14
     2
     0
     0
     0
     0
     5
    26
   121
    63
    83
    27
    15
   102
    40
    34
    34
   131
    32
    34
    26
   137
   172
    24
   182
     0
     0
     2
     9
     8
     8
   115
   180
   175
   186
    22
    24
    14
   156
   154
    47
    51
    44
    36
    32
   104
   181
    41
    61
     3
     0
     0
     0
    10
     0
    68
   112
   147
   155
    34
    44
    32
    54
    91
   216
    43
    12
    41
    84
    50
    92
    48
    75
     0
     0
     0
     6
     0
     6
    78
   190
   154
   111
    45
    25
    58
    98
    32
    29
    31
    74
    63
    32
    68
    65
    30
    42
     0
     4
     0
     0
     3
     2
    57
    60
    95
    97
    37
    46
    33
    66
   185
    39
    19
    37
    48
    47
   168
    80
    33
    33
     6
     0
     1
     0
     0
     0
    30
   184
   140
   182
    55
   131
    24
    91
   199
    56
    65
    27
    43
    97
   112
   123
    48
    47
     0
     7
     4
     0
     9
     1
   173
   194
    77
    11
    42
    77
    70
    11
    25
    49
    64
    31
    32
    56
   223
    53
    27
    30
     1
     0
     3
     4
     0
     7
    34
    34
   189
    43
    75
    25
    44
    22
    20
    45
    39
    75
   102
    87
   113
    60
    41
    58
     7
     1
     0
     0
     9
     0
    47
   179
   171
   115
    53
    97
    24
    19
    54
    44
    24
    98
    68
    92
    34
    34
    44
    26
     0
     0
     0
    12
     7
     0
    48
   152
   143
   163
    38
    58
    94
    52
    68
    66
    35
    24
    61
    58
   169
   115
    35
    77
     0
     1
     0
     0
     0
     7
    87
   276
   319
   189
    70
    81
    19
   202
     9
    42
    55
    72
    24
    33
    32
    85
    38
    72
     0
     0
     0
     2
    10
     0
    11
   331
   258
   116
    54
    28
     6
    40
    41
    35
    90
    27
    53
   171
    63
    25
    58
    37
     0
     0
     5
     0
     4
     0
    47
    69
    92
    68
    49
    86
    15
    51
    57
    26
    55
    48
    32
   164
    75
    89
    35
    32
     0
     0
     0
     0
     0
     0
    38
   186
   262
   111
    85
    24
    33
   172
    35
    34
    61
    63
    60
    29
    64
    61
    18
    64
     0
     0
     0
     0
     0
     0
    63
   208
   233
   182
    29
    26
    38
    43
    51
    36
    24
    42
    40
    57
    82
    94
   103
    67
    13
     0
     0
     0
    14
     6
    33
   156
   185
   105
    81
    86
    60
    48
    38
    37
    67
    57
   188
    32
   122
   129
    83
    37
     0
     3
     8
     3
     6
     0
   102
   170
   180
   193
    44
    28
    45
    73
    46
    27
    76
    60
    74
   185
    98
    27
    51
    55
     5
     0
     0
     7
     7
     3
    21
   108
   150
   154
    81
    66
    45
    31
    59
    16
    31
    26
    11
    37
    29
    88
    57
     0
     0
