    36
     0
     1
     0
     0
    29
    72
   212
   104
    70
    34
    10
    40
    57
    17
    34
    20
    28
   207
    29
    39
    56
    24
     0
     0
     0
     7
     0
     0
    23
    85
    90
    74
    37
    67
    70
    22
    38
    40
    19
    33
    44
    21
   152
   111
    43
    31
     0
     9
     0
     0
     2
     0
    58
    67
   188
   142
    51
    43
    52
    27
    35
    12
    38
    27
    22
    23
    35
    10
    58
    35
     0
     0
    12
     0
     4
     0
    66
   152
   142
    57
   149
    69
    32
    19
    44
    27
    16
   177
    27
    32
    78
    70
    18
    27
     0
     1
     0
     0
     0
     1
    89
   130
    71
    51
    62
    24
    53
    37
   102
    66
    25
    37
    19
    59
    87
   130
   171
    33
     0
     1
     0
    15
    12
     1
    51
    99
   105
   182
    38
    35
    67
     9
    11
    64
   159
    24
    17
    20
    62
    62
    31
    16
     0
     0
     8
     6
     0
     0
    72
   123
   123
    31
    47
    39
    46
    60
    21
    94
    20
    59
    30
    65
   345
    33
    29
   176
     1
     0
     1
     0
     0
     0
    31
   270
    21
    31
    33
   156
    13
    36
    14
    24
    35
     7
    25
    24
    20
   109
    12
    35
     0
     0
     1
     0
     0
     0
    49
    32
   151
    58
    51
    44
    21
    17
    13
    36
    61
    27
    59
   215
   195
   136
    43
     7
     0
     0
     0
     0
     0
     0
    29
    34
   218
   120
    20
   175
    52
    30
    39
    19
    17
    20
    87
    46
    66
    62
    33
    32
     0
     0
     0
     0
     3
     0
    35
    62
    31
    79
    30
    25
    22
    53
    93
    62
    18
    28
     7
     4
    97
    81
    98
    14
     3
     0
     0
     0
     0
     0
    23
    50
   165
   105
    41
    28
    29
    16
    43
    12
    19
    72
     0
    62
    65
   110
    74
    67
     3
     0
     3
     9
     0
     6
    63
    17
   228
   123
    72
    21
    38
   109
    46
    24
    40
   158
    33
    35
    32
    56
    70
    16
     0
     0
     0
     4
     3
     0
    84
   174
   155
    28
    84
    65
    38
    29
    44
    26
    63
    32
    46
   156
    66
   129
    21
    18
     0
     0
     2
     1
     0
     9
    24
    60
    21
    15
    36
    20
    71
    47
    26
    58
    26
    24
    28
    25
    12
   114
    31
    75
     3
     0
     0
     0
     0
     0
    26
   149
   169
   124
    54
   122
     7
    25
    78
    14
    34
    42
    16
   216
    26
   187
    32
    33
     3
    10
     0
     4
     0
     0
    38
   101
   186
   169
    20
    43
    31
    29
    51
    82
    18
    10
    11
    18
    25
    30
    25
    13
     6
     0
     3
     0
     0
     9
    32
    59
    28
   114
   112
    72
    20
    17
    69
   107
    24
    37
    17
    19
    77
   217
    62
    43
    10
     0
     4
     0
     2
     0
    12
   173
   294
   101
    26
    34
     6
    74
    51
    69
    33
    43
    21
    16
    33
    61
    33
    29
     0
     8
     0
     6
     0
     0
    49
    77
   281
    46
    88
    30
    41
   169
    41
    28
    29
    37
    87
    30
    38
    96
    36
    59
     0
     4
     0
     0
     0
     0
    37
    63
   106
   114
    36
   117
   332
    40
    44
    88
    83
    48
   195
    23
    15
    82
   123
    18
     3
     4
     0
     0
     0
     0
    43
   113
   160
   147
    17
    34
    25
    71
    85
    54
    59
    40
    13
    34
    53
    73
    41
    20
     0
     0
     0
     4
     0
     8
    36
    13
    72
   100
    31
    47
    55
    16
    70
    32
    35
    27
    19
    61
    28
    25
    46
    50
     5
     0
     0
     0
     0
     7
    39
   151
   168
   159
    14
    66
    52
    35
    11
    17
    19
    32
    11
   163
    86
    31
    58
    25
     0
    25
     6
     0
     0
     2
     9
    64
    80
    79
    27
    18
    28
    50
    22
    33
    50
    28
    34
    27
    46
    29
    22
   201
     0
     0
     0
    10
     9
     0
    24
   150
   180
   157
    22
    32
    29
     8
    30
    13
    42
    31
     4
    21
    26
    22
    18
    41
     1
     0
     0
     4
     0
     0
    66
   101
   142
   140
    21
    35
    28
    39
    38
    42
    74
    34
    13
    45
    21
    30
    33
   185
     5
     0
     0
     6
     0
     3
    62
    29
    98
    54
    51
    66
    29
     8
    33
    42
   185
    27
    38
    60
    87
    67
    26
    17
     9
     0
     2
     0
     0
     0
     6
   136
    57
    73
    26
    23
    14
    52
    18
    34
    29
    53
    51
    91
   250
    45
    10
    33
     6
     0
     0
     0
     0
     0
     9
   101
   149
    43
    39
    74
    10
    22
     7
    35
    18
    38
     5
    68
    33
    77
    42
    34
     0
     4
     0
     0
     1
     0
    49
   113
   152
   104
    55
    50
    30
    14
    24
    26
    30
    21
   110
    22
   383
    29
    16
    62
     5
     0
     0
     5
     0
     0
    33
   203
   318
   172
    35
    20
    15
    27
    73
    97
    71
    52
    15
    80
    77
   243
    71
    51
     0
     0
     0
     6
     2
     2
     8
   100
   103
    78
    36
    19
    46
    15
    23
    50
    14
    35
    15
    34
    76
    93
    18
    35
     0
     0
     5
     1
     3
     0
    66
   165
   172
   235
   102
    13
    30
    59
    43
    73
    42
    29
    35
    55
    26
    33
    57
    35
     0
     0
     0
     2
     0
     0
    45
   106
   101
   157
    30
    73
    78
    26
    40
    29
    32
    95
    35
    11
    68
   114
    21
    49
     0
     7
     0
     0
     0
     2
    59
   104
    74
   110
    30
    13
    84
   177
    24
    60
   187
    23
    35
    75
    98
    21
    46
    32
     5
     0
     0
     7
     0
     0
    48
    68
   108
    32
    17
    27
     4
    41
   200
    29
    26
    11
     8
    73
    52
    94
    58
    62
     0
     0
     7
     0
     1
     0
    22
    76
    87
   105
    76
    27
    20
    32
    19
    24
    37
   162
    16
    22
    84
    50
    39
    57
     5
     4
     0
     0
     1
     5
    23
    43
   124
    53
    23
    28
    58
    75
    33
    99
    36
    29
    40
    11
    82
    49
     8
    33
     5
     9
     4
     0
     0
     0
    47
     3
   110
    70
    34
    31
    41
    38
    24
    14
    17
     8
    66
    35
   190
   107
    10
    22
     0
     0
     6
     0
     0
     0
    20
    53
   155
    26
   176
    87
    29
    40
    23
    76
    38
    26
    65
    44
   143
    63
    28
    22
     0
     0
     2
     6
     8
     2
    27
   159
   103
   116
    29
   115
    46
    19
    21
    42
    73
    16
    24
    50
   119
    16
    28
     7
     2
     0
     0
     4
    10
     0
    66
    47
   157
    31
    10
    46
    58
    31
    32
     5
    24
    21
     7
    71
   163
    25
    28
    44
     2
     7
     0
     0
     2
    12
    27
   100
    95
    98
    26
    63
    30
    49
    27
    34
    33
    38
     8
    49
   229
   102
    32
    28
     3
     0
     0
     0
     5
     2
    50
    53
   141
    62
    68
    23
    33
    20
    64
    16
    29
    24
    36
    60
   176
    83
    21
    24
     0
     7
     0
     0
     7
     0
    42
    63
   138
    75
    41
    45
    29
    35
    24
   168
    34
    96
    14
   103
    54
    13
    27
     6
     4
     0
     0
     0
     0
     7
    29
   109
   120
   149
    24
   198
    17
    47
    85
    13
    63
    11
    30
    25
   366
   140
    33
    23
     0
     0
    18
     3
     0
     0
    75
    33
   134
    91
    18
    24
    40
    26
    99
    34
    55
    98
    37
    21
   155
    60
    49
    32
     0
    10
     2
     0
    13
     0
    48
    79
   204
   152
    66
    28
    20
    45
   177
    86
    45
    31
    40
    20
    51
    29
    14
    15
     1
     3
     4
     0
     4
     0
    42
   151
   143
    66
    31
    31
    16
    26
    41
    30
   184
    29
    58
    63
    66
   104
    20
    12
     0
     0
     7
     0
     5
     4
    27
    46
    66
   108
    18
    14
    18
    26
   127
    40
    36
    25
    17
    75
    21
    23
    27
    63
     5
     0
     2
     2
     8
     0
    66
    70
    58
   159
    37
    91
    59
    19
    28
    16
    39
    60
     9
   315
   186
    69
    44
    14
     0
     8
     0
     0
     0
     0
    37
    61
   135
    84
    52
    85
    27
    14
    13
    31
    27
    33
   165
    13
    30
    25
    53
    18
     0
     0
     0
     0
     0
     0
    18
    82
    81
   230
    35
    26
    26
    83
     8
    56
    36
    25
    24
    27
    82
    88
    17
    49
     0
     0
     0
     1
     1
     4
    22
   147
    33
   103
   172
     6
    37
    61
    18
    32
    55
    31
    26
    57
   101
    83
    43
    43
     0
     7
     7
     6
     0
     0
    34
   113
    80
   132
    37
    25
    26
    18
    64
    45
     7
    47
    29
   307
    19
    59
    28
    28
     5
     2
     4
     0
     0
     0
    34
    52
    47
    49
    40
    42
    27
    22
    15
    16
    24
    35
    29
    25
    32
    26
    31
    19
     0
     6
     0
     0
     2
     0
    19
    27
    87
   169
    26
    14
     7
    19
    22
    25
    15
    79
    32
    63
    44
    37
    86
   141
     0
     0
     0
     0
     0
     0
    20
   142
    71
    14
     0
    53
    12
   169
    41
    34
    40
    16
    33
   147
    87
    76
    33
   173
     0
     0
     0
     0
     1
     0
    87
   132
   312
    43
    57
    58
    31
    32
    47
    16
     9
   235
    12
    17
   156
    52
    13
    70
     0
     0
     0
     0
     1
     2
    50
    43
   139
    99
    42
    65
    12
    14
    29
    15
    36
    46
    14
    34
    23
    59
    15
    44
     1
     3
     6
    11
     0
     0
    32
    67
   173
   114
   122
    23
    47
    48
   204
    71
    40
   110
    25
    71
    81
   125
   198
    15
     0
     7
     0
     0
     3
     0
    13
   118
   153
   105
    37
    41
    18
    45
    82
    64
    25
    31
    41
    31
   116
    49
    37
    19
     0
     4
     0
     0
     0
     0
    25
   201
   111
    37
    42
    58
    73
    15
   222
     3
    71
    28
    32
    64
   202
    69
    18
    19
     0
     0
     1
     0
     0
     0
    41
   103
    53
    46
    30
    34
     5
    18
    19
    20
    30
    33
    24
    67
   239
    69
    19
     6
     0
     0
     0
     0
     0
     0
   109
    25
    70
    70
    25
    55
    43
    15
    29
    34
    59
    32
    15
    60
    31
   131
    12
    71
     3
     2
     0
     8
     4
     0
    17
   107
   163
   216
    32
    79
    33
    35
    14
    21
    59
    29
    22
    72
    54
    34
    48
    64
     0
     6
     0
     7
     0
     2
    15
    64
   113
    99
    13
    70
    24
    38
    63
    17
    63
     1
    51
    33
    69
    19
    21
    26
     0
     0
     0
     0
    14
     0
    90
   235
   126
   151
    32
    66
    69
    57
   100
    33
    50
    45
    42
    90
   156
    39
    98
    25
     0
     5
     0
     0
     0
     2
   128
   162
    80
   150
    67
    35
    15
    21
    56
    50
    56
    38
    49
    45
    21
    31
    86
    65
     0
     6
    12
     0
     0
     5
    31
   253
   255
    26
   147
    16
    36
    29
    18
    51
    61
    23
    47
     8
    31
   117
   184
    58
     0
     0
    10
     0
     9
     6
    55
   137
    36
    38
    62
    21
    71
    29
    28
    33
    35
    20
   166
    40
    98
    31
    18
    36
     5
     0
     4
     4
     0
     0
    26
    15
   119
   125
    25
    33
    24
    42
    22
    24
    41
    17
    35
    25
   224
    62
   142
    77
     0
    13
     0
     0
     0
     0
    18
    15
   252
    32
    69
    25
    27
    43
    14
    22
    30
    16
    10
    28
    91
   120
    36
    18
     0
     0
     0
     4
     0
     0
    51
    24
   140
   107
    25
    57
    20
    12
    65
    28
    30
    22
     8
   104
     3
    68
    45
    26
     2
     0
     4
     0
     4
     3
    79
    99
    92
    31
    34
    87
    19
    78
    39
    45
    59
    52
    44
   160
    47
    79
    39
   114
     0
     1
     2
     0
     3
     0
    51
   109
   201
    70
   104
    36
    15
    72
    73
    82
    90
    34
    42
    73
    44
    27
    31
    65
     0
     0
    13
     0
     2
     0
    58
    17
    16
    16
    44
    69
    42
    33
    26
    73
    27
   167
    31
    72
    25
    21
    72
    44
     0
     0
     0
     8
     4
     0
    14
    98
   145
   120
    31
    33
   104
    22
   144
   173
    24
    22
    39
    34
    41
    86
    67
    34
     0
     0
     0
     5
     0
     0
    37
    96
    62
    36
    42
    26
    20
    58
    22
    33
    79
    26
    18
    76
    75
    64
    85
    28
     2
     0
     2
     0
     5
     2
    28
   130
   103
    75
    18
    28
    66
    24
    52
    53
    12
    16
     9
    98
   218
    82
    30
    23
     0
     0
     0
     6
     0
     0
     7
    11
    43
    61
   192
    25
    14
    18
    47
    40
    63
    32
    35
    12
    31
    77
    50
    28
     2
     0
     0
     0
     1
     0
    71
    78
   141
   176
    80
    55
   120
    38
   172
    24
    58
    32
    18
    38
    18
    79
    24
    34
     0
     0
     4
     0
     2
    11
    65
   131
   108
   111
    42
    37
    43
   112
    29
    34
    15
    22
    56
   160
    52
    15
    28
    31
     3
     1
     3
     2
     0
     0
    11
    29
    69
    94
    33
    18
    46
    49
    48
    25
    58
    58
    18
    35
    71
    23
    36
    17
     2
     0
     0
     4
     0
     0
    76
    84
   133
   107
    44
    57
    35
    27
    70
    44
    19
    29
    35
     9
   174
    19
    88
    17
     0
     0
     0
     0
     0
     0
    23
   176
   159
    60
    36
    12
    51
     7
    37
   106
    19
   159
    27
   168
    75
    27
    19
    26
     0
     0
    10
     0
     0
     0
    46
    54
   282
   116
    88
    57
    63
    26
    39
    33
    40
    33
    33
    68
   161
    57
    24
    22
     0
     0
     2
     0
     0
    11
    66
    47
    43
    54
    43
     8
    23
    20
    81
    31
    37
     8
    31
   100
    31
    30
    32
    24
     0
     8
     0
     9
     0
     4
    74
   117
   187
   167
    37
    36
    20
    77
    19
    19
    38
    60
    46
    89
    59
    24
    67
    57
     0
     5
     0
     0
     2
    11
   158
   163
    49
    59
    24
    21
    78
    56
    28
    38
    46
    42
    64
   165
    32
    30
    37
     0
     2
     4
     0
     0
     0
    30
   118
   190
    19
    32
    73
    27
    38
    15
    76
    25
    17
    25
    43
    70
    52
    79
    69
     3
     1
     0
     0
     0
     0
    48
    59
    47
    39
    36
    42
    43
    29
    31
    25
    41
    23
    63
    72
    30
    18
    49
    28
     3
     0
     0
     0
     0
     3
    11
    84
   188
    55
    17
    32
     4
    17
    41
    20
    41
    54
    17
    45
   161
   115
    96
     4
     0
     0
     0
     1
     8
     0
    11
   160
   189
    56
    16
    28
    51
    19
    11
    32
   163
    32
    43
   186
    55
    53
    22
   204
     7
     0
     5
     3
     0
     0
    19
    31
   141
    71
    58
    22
   167
    30
    61
   105
    34
    23
    33
    24
   191
    24
    11
    21
     0
     2
     0
     0
     0
     0
    59
   111
   123
    60
    32
    26
     9
    70
    35
    20
     5
    15
    38
    24
    21
   180
    36
    21
     9
     5
     0
     0
     0
     0
   103
   129
   165
   129
    61
    62
    39
    21
   184
    67
    29
    53
    51
    65
    75
    15
    49
    16
     0
    11
     7
     0
     0
     0
    68
    60
   106
    41
    12
    14
    59
    81
    21
    63
    25
    30
    22
    13
   102
    75
    31
    14
     0
     0
     5
     0
     0
     2
    17
    92
   268
    22
    34
    24
    24
    27
    47
    73
    45
    21
    32
    11
   168
    84
    26
    34
     0
     0
     0
     0
     0
     0
    21
    74
   188
    17
    28
    30
    17
    19
    39
    76
    15
    26
    37
    20
    59
    82
    88
    46
     1
     4
     4
     5
     5
     0
    19
    28
   105
    73
    28
    77
    30
    26
    34
    47
    14
    79
    50
    15
    35
    57
    18
    29
     0
     6
     0
     0
     0
     0
     4
    76
   134
    32
    73
    25
    13
    43
   137
     6
    30
    47
    33
   181
   189
    28
    47
    75
     4
     6
    17
     5
     0
    16
    52
    73
   108
    62
    48
    33
    32
    21
    21
    36
    51
    41
    31
    12
    79
    11
     5
    37
     0
    20
     0
     0
     2
     0
    46
   152
   136
   150
    22
    39
    40
    30
    43
    44
    49
   168
    17
    29
    14
   104
    28
    37
     7
     0
     0
     4
     0
     3
     2
    89
    64
    61
    47
    47
    36
    23
    84
   166
    62
    30
    62
    31
   133
    25
    34
    72
     0
     0
     0
     6
     4
     0
    33
    45
    89
   142
    48
    99
    67
    36
    16
    23
    33
    35
    15
    49
    58
    71
    30
    33
     0
     0
     0
     0
     0
     0
    86
    32
    16
   104
    38
    22
    54
    24
     9
    58
    35
    57
    14
    24
    43
    64
    24
    24
     2
     6
     2
     0
     0
     0
    38
    87
    65
   190
    32
    36
    40
    37
    20
    19
    61
   166
    22
    17
    19
    21
    32
    27
     0
     0
     6
     4
     0
     0
     0
    59
    86
    19
    41
    36
    45
    17
    28
    27
    69
    30
    18
    21
    58
    80
    28
    20
     9
     0
     0
     1
     4
     0
    59
    15
   173
   137
    17
    47
    37
    69
    22
    25
    33
   158
    28
    36
    28
    53
    15
    43
     0
    11
     0
     0
     0
     0
    43
   134
   146
   119
    56
    24
    43
    47
    31
    44
    38
    72
    51
    19
    27
    72
    49
   213
     3
     7
     0
     0
     0
     0
    27
   100
   223
   258
    14
     5
    19
    63
    56
    28
    19
    39
    13
    22
   172
    11
    27
    29
     0
     0
     7
     0
     0
     0
    24
    57
   109
   104
    12
    60
    74
    29
    35
    11
     2
    54
    66
    11
   103
    63
    23
    25
     0
     0
     0
     0
     0
     0
   111
   102
    14
   147
    20
    18
    21
   159
    17
    35
    61
    35
    21
   196
    45
    49
    33
    54
     0
     0
     0
     0
     0
     0
   120
   180
   144
   106
    61
    43
    62
    33
    73
    61
     7
    18
    15
   252
    19
    51
    34
    19
     0
     7
     7
     3
     6
     0
    42
    66
   225
   133
    30
    40
    43
    58
    30
    77
    21
    29
    25
    29
    55
    12
    72
    27
     0
     0
     4
     0
     0
     2
    27
    61
   189
   108
    32
    36
    33
    53
    24
    69
    20
    62
    24
    34
   114
    35
   174
    24
     6
     0
     0
     0
     0
     0
    77
    97
    81
   102
    13
    56
    31
    16
    35
    21
    14
    28
   175
   164
   203
    68
     6
    10
     0
     0
     0
     0
     1
     8
    36
   109
    76
    63
    12
    20
     9
    37
    14
    55
    24
    86
     3
   157
    72
    67
    93
    36
     0
     0
     0
     0
     6
     0
    68
    86
    83
    26
    11
    14
    31
    55
    28
    23
     7
     6
    35
    50
    27
    81
    10
   159
     3
     3
     0
     6
     0
     0
    22
    94
    83
    96
    44
    37
    48
    53
    26
    77
    38
    19
    23
    74
    25
   100
    23
    28
     0
     0
     0
     0
     0
     0
    35
    65
   244
    11
    34
    15
    28
    12
    32
    41
    17
    30
    26
    26
    76
   211
    16
    52
     0
     0
     0
     1
     0
     0
    57
    17
   161
   148
    13
    23
    28
    15
     6
    51
   143
    29
    23
    28
    38
    47
    26
    25
    10
     0
     0
     0
     0
     0
    12
    64
    83
    98
    98
    21
    51
    62
    68
    19
    50
    58
    21
     8
    22
    11
    18
    43
     0
     2
     0
     0
     8
     0
    43
    56
   137
   240
    25
    63
    91
    21
    43
    70
    14
   159
    25
    30
    86
    74
    66
    22
     0
     0
     0
     1
     7
     0
    11
    23
    29
    13
    12
    23
    33
    13
    54
    54
    17
     7
    21
     7
    21
    19
    16
    22
     6
     2
     0
     0
     0
     0
    51
   140
   235
   152
    31
    24
    18
    29
    23
    61
    41
     8
    62
    69
    22
    33
    34
    44
     0
     5
     0
     0
     0
     1
    25
    54
   186
   117
    42
    28
    13
     4
    28
    42
    68
    29
    94
    19
    25
    64
    29
    55
     0
     0
     0
     0
     2
     0
    83
    90
   197
   102
    18
    24
    25
     6
    10
    24
    27
    26
    14
     5
     5
   219
    30
    25
     0
     4
     0
     0
     0
     0
     8
    62
   139
    72
    44
    29
    34
   199
    37
    22
    60
    16
    46
    70
    71
    22
     8
    84
     0
     0
     0
     0
     7
     0
    71
   108
   163
    51
    25
    43
    69
    25
    33
    29
    29
    15
    16
    39
   103
    88
    39
    76
     2
     2
     1
     0
     6
     0
   106
    53
   123
    65
    24
    15
    39
    23
    54
    13
    26
    62
    19
   266
    99
    53
    28
    31
     0
     0
     0
     6
     0
     0
    29
    63
   105
    56
    17
    66
    34
    29
    29
    32
    44
    38
    33
    21
    37
    49
    55
    28
     0
     0
     0
     0
     0
     0
     7
    29
    77
    94
    50
     6
    21
    60
    17
   162
    33
    33
    26
    12
    56
    29
    24
    25
     6
     0
     9
     0
     0
     0
    31
    65
    62
   156
    15
    64
    26
     8
    25
    20
    29
    36
    26
   196
   139
    95
    12
    31
    14
     6
     6
     3
     0
     0
    30
    52
   233
   209
    82
    58
    11
   148
    38
    29
    13
    10
   109
    21
    13
    30
    46
     0
     4
     1
     0
     4
     0
     0
    23
   108
    62
    68
    12
    31
    33
    24
    22
    29
    28
    12
    29
     7
    61
    51
    12
    38
     0
     2
     0
     0
     0
     0
    12
   137
   186
    86
    53
    41
    99
    69
    85
    22
    12
    19
    69
    72
    30
    38
    13
    13
     0
     0
     1
     0
     9
     6
   106
    28
    62
   154
    40
    68
    34
    50
    14
    35
    30
    23
    36
   110
    89
   166
    48
    20
     0
     0
     0
     0
     5
     0
    21
    23
   129
   147
    39
    72
    37
    18
    28
    26
    38
    23
    34
    22
    24
   146
    14
    24
     3
     0
     0
     0
     1
     0
    83
   186
   102
    27
    27
    21
     8
    54
    16
    24
    45
   154
    31
   118
    37
    19
    17
    23
     5
     0
     0
     5
     0
     0
    62
   101
    97
   117
    39
    18
    16
    35
    15
    25
    30
    24
    40
    96
    30
    46
    22
    17
     0
     0
     0
     0
     0
     0
    83
    65
   108
    52
    76
    74
     3
     6
    25
    39
    19
     4
    53
    34
    46
    18
    20
    46
     0
     0
     0
     0
     0
     8
     8
    27
   156
    67
    23
    53
    13
    42
    29
    48
    32
     3
    57
    19
    61
    29
    20
    22
     0
     2
     5
     1
     8
     0
    86
   201
    77
    25
    15
   158
    37
     9
    63
    21
    22
   124
    61
    69
    73
    65
    72
    25
     0
     0
    13
     7
     0
     1
    14
    71
    93
   164
    74
    14
    25
    17
    70
    44
    20
     5
    40
    29
   237
    85
    18
    27
     0
     0
     0
     0
     0
     0
    61
   138
   123
    99
    31
    41
    27
   113
    46
    69
     9
    82
   121
    38
    51
    69
    49
    29
     8
     0
     0
     0
     0
     1
    39
    86
   134
    88
    22
    35
    57
    18
    16
    23
     7
    55
    39
    24
    55
    28
    34
     6
     0
     0
     6
     0
     0
     0
    26
   178
   142
    75
    11
    19
    36
    66
    52
    22
    18
    32
    37
    29
   168
    56
    29
    16
     2
     8
     0
     0
     0
     0
    81
    14
   140
    32
    29
    25
    23
    18
    22
    23
     7
   147
    23
    26
    34
    58
    20
    19
     0
     0
     0
     6
     0
     0
    44
    57
    94
   137
    35
    28
    18
    36
    25
    62
    50
     6
    15
    23
     8
    30
    24
    63
     0
     0
     0
     0
     0
     0
    34
    19
   186
   134
    46
    47
    31
    57
    54
    20
    60
    55
    35
   161
   523
    23
    42
   118
     0
     0
     0
     0
     0
     0
    24
    70
    87
    39
    46
    27
    36
    86
    71
    31
    13
    16
    36
    83
    50
   102
    61
    38
     0
     0
     0
     6
     5
     0
    12
   229
    90
    10
    73
    27
    37
    18
    18
    13
    95
    28
    31
   169
    21
    71
    49
    20
     0
     0
     0
    13
     0
     0
    29
    58
    79
   139
    30
   163
    27
    22
    62
    64
     9
    45
    23
   216
    52
    53
    10
    57
     0
     0
     2
     0
     0
     0
    40
    53
   111
   113
    19
    24
    32
    85
    49
    28
    39
    43
    23
    32
    51
    33
    40
    66
     0
     0
     0
     0
     0
     0
    60
   149
    64
    56
    27
     7
    13
    36
    30
    10
    21
   184
    22
    60
    16
    54
    33
    29
     2
     0
     0
     0
     0
     1
    31
   153
   173
   103
     7
    65
    18
    26
    12
     7
     4
    19
    65
    28
    72
   170
    13
    17
     2
     6
     0
     0
     6
    17
    28
    65
    65
    85
    36
     6
    21
    34
    43
    29
    27
    18
    38
    27
    75
    63
    69
    34
     1
     0
     9
     8
     0
     0
    28
    34
   239
    76
    39
     9
    26
    34
    27
    27
    20
    57
    21
   201
    67
   211
    35
    34
     0
     0
     0
     0
     0
     1
    42
   140
    53
    27
     4
    22
    48
     8
    31
    41
    28
    24
    17
    13
    91
    51
    18
    38
     0
     5
     0
     0
     0
     0
    14
    57
    93
    61
    33
    31
    41
    86
    26
    59
     8
    24
    16
    10
   136
   163
    25
    11
     4
     3
     1
     0
     0
     0
    66
    92
    54
    75
    39
    61
    10
    13
    16
    58
    61
    38
    80
    29
    12
    11
    30
    32
     6
     0
     0
     3
     9
     0
    61
   209
    97
   119
    19
     9
    26
     7
    40
    22
    19
    18
    35
    30
    35
    16
     6
    25
     0
     0
     3
     0
     2
     1
    45
    73
    86
   139
    13
    19
    48
    73
     7
    26
   157
    12
    32
    38
   298
    19
    25
    73
     0
     0
     0
     0
     2
     0
    88
   200
    95
    94
    39
    43
    22
    71
    27
    26
    24
    60
    33
    16
   169
    91
     9
    17
     2
     0
     0
     0
     0
     0
    65
    18
   142
    73
    41
    28
    29
    17
    22
   160
   202
   177
    23
    21
    65
   151
    19
    42
     0
     0
     1
     5
     0
     0
    36
    53
    49
    56
    16
    47
    45
    19
    36
    31
    12
    14
    68
    43
   119
    98
    32
    30
     0
     3
     6
     0
     8
     0
    23
     6
   167
    36
    16
    43
    13
    52
    22
    34
    10
    15
    13
    17
    45
    69
    29
    51
     0
     5
     3
     0
     0
     4
    41
   234
   152
    75
   121
    35
    27
    19
    23
    63
    82
    45
    11
    14
    55
    14
    15
    23
     0
     0
     1
     0
     0
     1
     7
    14
    78
   150
    12
    29
    13
    11
     9
   195
     4
    31
     6
     7
    88
    60
    49
    24
     3
     0
     0
     1
     0
     0
    11
    65
   184
   118
    29
    18
    86
    23
    29
    63
    19
    27
    15
    38
    63
    28
     6
    18
     0
     0
     6
     0
     0
     0
    18
   209
    61
   108
    22
    58
    29
    66
    65
    65
    53
    35
    24
    38
   339
    77
    62
    71
     2
     1
     2
     0
     0
     0
    45
    87
    73
    76
    14
    51
    10
    16
    63
    32
    31
    27
    14
    84
    74
    81
    62
    21
     2
     0
    11
    10
    10
     0
    24
   187
    72
   109
    62
    19
    23
    21
    55
   188
    15
    11
    62
    71
    69
    14
    50
    14
     0
     1
     0
     0
     0
     0
    12
    22
   144
    98
    16
    67
    25
    39
    19
    14
     6
    56
    23
    34
    85
    61
    35
    66
     5
     0
     0
     8
     0
     0
    23
    39
   230
    16
    24
    21
    58
    14
    24
    91
    26
    88
    47
   155
     9
    47
    25
    25
     0
     6
     0
     0
     0
     1
    17
    60
   249
    28
    35
    16
    23
    27
    31
    25
    15
    75
    72
    24
   191
    21
    10
    31
     0
     0
     2
     0
     0
     1
    23
    32
    97
   112
    12
    13
     8
    28
    14
    36
    56
    20
    58
    93
   103
    61
    61
    39
     0
     5
     4
     0
     0
     6
    40
   203
    50
    17
    17
    35
    47
    35
    39
   171
    14
    64
    18
    94
   131
    38
    50
    19
     6
     1
     0
     0
     0
     0
    31
    86
    57
    36
    21
    30
    39
    46
    19
    18
    16
    54
    22
   172
    18
    34
    78
    62
     0
     4
    15
     0
     0
     2
    54
    67
    55
    53
    32
    23
    39
    35
    41
    45
    27
     9
    41
    71
    33
    14
    22
    14
     0
     6
     0
     5
     4
     5
    12
   145
    26
    10
    37
    26
    27
    72
     5
    42
    69
    17
    16
    18
    22
    97
    65
    35
     3
     0
     0
     0
     0
     0
    87
    42
   155
    64
    54
    21
    24
    47
    17
   236
    12
    20
    40
    86
    91
    85
    10
    37
     0
     9
     0
     0
     0
     0
    76
   101
    65
    70
    38
    37
    10
    16
    34
    14
    19
    41
    33
    62
   207
    57
     0
    24
     0
     0
     6
     0
     0
     0
    16
    84
    78
    54
     8
    23
    44
    75
    28
     3
    32
    21
    16
    14
   155
    87
    32
    21
     9
     0
     5
     0
     0
     0
    50
    53
   213
   116
    35
    22
    25
    84
    35
    17
    19
     2
     5
    81
    41
    28
    43
    77
     0
     0
     0
     0
     7
     0
    28
    19
   103
   167
    25
    15
    77
   160
    12
    43
    28
    28
    31
    59
    70
    46
    44
    24
     0
     0
     0
     0
     0
     0
    32
    92
   213
   109
    40
     3
    11
     8
    15
    16
    92
    20
    13
    24
    14
    16
    54
    24
     0
     3
     2
     0
     6
     0
    27
    41
    45
   108
    16
    16
    14
    19
    29
    27
    29
    15
    13
    28
    12
   199
    44
    10
     0
     5
     0
     0
     0
     0
    27
    47
   151
   173
    27
    38
    36
    29
    65
    22
    29
     4
    38
    16
   132
    38
    28
    30
     0
     0
     0
     0
     0
     0
    22
    96
    34
    24
    34
    25
    24
    26
    18
    80
    31
    39
    28
    87
   199
    15
     8
    21
     0
     4
     0
     0
     0
     0
    17
   109
    43
   175
    25
    62
    28
    18
    21
    26
    15
    27
    24
    12
    58
    53
    64
    21
    16
     4
     0
     0
     0
     0
    68
    71
   196
   179
     9
   115
    64
    27
    22
    67
    18
   181
    38
    30
    69
    45
    37
    20
     0
     0
     6
     0
    14
     0
    40
    97
   101
    27
    34
    29
    46
    57
    19
    16
    15
    31
    28
   242
   114
    70
   164
    38
     2
     0
     0
     0
     6
     0
    31
   105
   105
   121
    74
    21
    12
   209
    32
    26
    21
    22
    36
    72
   104
    22
    23
    21
     0
     4
     0
     0
    10
     0
    59
   174
   109
    47
    38
    19
    31
    37
    60
    68
    71
    22
    54
    36
   144
    37
    24
    25
     1
     0
     4
     4
     0
     0
    26
   127
    52
    67
    18
    37
    25
   145
    16
    45
    25
    18
   155
   103
    19
    70
    19
    13
     1
     4
     2
     9
     6
     0
     8
   124
   141
    24
    30
    29
    14
     3
    14
    22
    34
    81
    32
    21
     2
    22
    22
    14
     0
     0
     0
     3
     5
     2
    88
   150
   135
   112
   183
    10
    18
    29
     9
    43
    20
    10
     6
    42
    42
   197
    27
    35
     0
     4
     0
     0
     7
     3
    29
    72
   353
    67
    78
    50
    44
    31
    11
    69
    28
    26
    73
    32
    51
    12
    14
    11
     6
     0
     0
     0
     0
     0
     7
    21
    62
    60
    39
    41
    40
    72
    36
    64
    19
    31
    70
    51
   286
    32
    49
    31
     0
     3
     2
     0
     0
     0
    50
    16
   225
   128
    23
    19
    19
   234
    16
    32
    36
    45
    15
    11
    18
    53
    24
     6
     0
     6
     0
     0
     0
     0
    39
    25
    75
   211
   219
    49
     8
    59
    23
    26
    90
    15
     9
    30
    69
    59
    23
    37
     0
     0
     0
     0
     6
     0
     5
    12
    15
   130
    59
    20
    37
    10
    16
    12
    15
   123
    16
    12
   202
    62
    13
    32
     0
     0
    12
     6
     0
     9
    51
   123
    90
    69
    17
     8
    17
     9
    45
    23
    10
    29
     6
    30
   219
    15
    28
    24
     0
     1
     2
     3
     0
     0
    14
    77
    66
    63
    34
    47
    32
    40
    15
    48
    12
    14
     9
   138
   111
    22
    22
    35
     0
     0
     0
     0
     0
     0
    23
    42
    93
   155
    35
    31
    26
    31
    89
    24
    26
    17
    12
    27
    11
    35
    37
    44
     7
     8
     0
     0
     0
     0
    21
    71
   107
   143
    34
    16
    25
    32
    23
    99
    30
    32
    16
    60
    88
    20
    18
    21
     4
     0
     0
     0
     1
     0
    20
    66
   149
    77
    13
    23
    25
    16
    19
    44
    14
    27
    29
    23
    53
    18
    47
    22
     1
     0
    14
     0
     0
     0
   109
   150
   114
   193
    32
    38
    17
    17
    17
    10
    43
    58
    24
     8
   168
   129
     1
    36
     7
     0
     0
     0
     0
     0
     9
    28
    15
    70
    17
    36
    13
    65
    23
    25
    30
    26
    24
    14
   148
    31
    79
    14
     0
     4
     0
     0
     4
     4
     9
    50
    61
    56
    37
    22
    18
    31
    14
    28
    43
    20
    23
    29
    23
   246
    66
   183
     0
     0
     0
     3
     3
     0
    54
   107
   102
    33
    31
    64
    27
    21
     5
    28
     5
    15
    66
    17
    15
    64
    30
     7
     0
     0
     0
     0
     9
     0
    21
    76
   158
   106
    20
    34
    10
    47
    22
    18
   218
    71
    33
    47
   115
    73
     4
    31
     0
     0
     0
     1
     0
     4
    15
    30
   177
    84
    16
    58
    21
    20
    12
    21
    25
    11
    73
    76
    40
    21
    10
    41
    11
     0
     2
     6
     0
     5
    28
    69
   185
    50
    18
    25
    97
     8
    13
    38
    18
    17
    49
    40
    40
    50
    14
   152
     2
     0
     0
     0
     1
     0
    26
   107
    97
    25
    31
     7
    20
    16
    21
    17
    57
     7
     7
    62
   154
    27
   100
    67
     0
     0
     0
     0
     3
     0
    14
    56
    51
    60
    17
    15
    25
    28
    62
    21
    13
    33
    68
    32
    92
    10
    40
     6
     0
     0
     0
     0
     0
     0
    53
    47
    49
    91
    32
    28
   210
    33
    35
    31
     5
    31
   172
    65
    13
    72
     6
    13
     0
     0
     0
     0
     0
     0
    29
   122
   232
    66
    11
    39
    32
    16
    16
    61
    31
    82
    42
    14
    10
     6
    50
    19
     0
     0
     0
     0
     0
     1
    14
    71
   266
    80
     8
    22
    60
    40
    17
    62
    22
    57
     9
    22
   114
    90
    43
   129
     0
     0
     0
     0
     0
     0
   122
    38
    97
    72
    21
    35
    59
    75
    29
    11
    28
    44
    15
    61
    14
    31
    83
    22
     0
     0
     5
     4
     3
     0
    35
    32
    66
   107
    30
    19
    32
   156
    13
    16
     8
    16
    50
    18
   207
    17
    41
    45
     0
     0
     8
     1
     0
     7
    14
    98
    27
    22
    16
    45
    52
    19
    28
    15
    36
   203
    43
     9
    12
    46
    78
    20
     0
     0
     0
     0
     0
     0
    17
   109
    98
     2
    27
     9
    18
    20
    13
     0
    15
   158
     9
    56
    65
    42
    38
    32
     0
     5
     5
     0
     0
     0
    84
   103
    63
    89
     9
    40
    24
    14
    36
    41
    16
    15
    30
    35
   158
     1
    19
    29
     4
     0
     0
     0
     1
     3
    38
   127
   133
    11
    20
     7
    15
    11
    19
     0
    28
    22
    43
    21
    60
    16
    12
    56
     0
     7
     0
     0
     0
     3
    32
    15
    32
   108
    50
    90
    25
    29
    37
    36
    29
    40
    19
   149
   169
    16
    27
    43
     7
     4
     8
     0
     0
     0
    22
   113
   179
    63
    41
    26
    10
    25
    44
   158
    79
    78
    19
    29
    60
    39
    27
    11
     0
     0
     0
     0
     0
     0
    39
   161
    68
    90
    58
    34
    20
    18
    30
    43
    29
    33
    32
    54
    42
   114
    11
    14
     0
     0
     4
     2
    11
     0
    11
    49
   222
   143
     4
    31
    24
    72
    50
   166
    28
    26
    38
     7
    62
    41
   164
    19
     0
     0
     0
     0
     0
     0
    10
   116
    59
     6
    30
    24
    14
    60
    16
    18
    26
    26
   165
    21
   162
    32
    56
    11
     0
     0
     0
     0
     0
     0
    17
    11
    55
    44
    18
     2
    75
    19
    23
    62
    18
    36
    20
    13
   300
    79
    26
     9
     0
     0
     0
     6
     6
     0
    37
    45
   136
   104
    23
    72
    18
    29
    45
    11
    37
     4
    22
    29
    19
    22
    23
    13
     0
     0
     0
     5
     1
     0
    14
   184
    83
   142
    28
    57
    20
    40
    34
    38
    70
    40
    23
    79
    13
    20
    26
    20
     5
     0
     0
     0
     0
     0
    65
    64
   217
   177
    45
    42
    26
    34
    28
    77
    73
    56
    17
    24
   155
    19
    10
    34
     0
     0
     0
     0
     5
     0
    11
   141
    94
   138
    20
    35
    37
    49
    68
    47
    47
    26
    25
    18
    32
    30
    50
    62
     0
     0
     5
     0
     0
     0
    62
   230
     7
    67
    57
    12
    42
    21
    15
    12
    31
    27
    33
    11
   177
    19
    52
    21
     0
     4
     0
     0
     1
     0
   120
    68
   132
   263
    17
    48
    15
    21
    26
    37
    21
    38
    15
    30
    65
    17
    32
    16
     8
     8
     0
     0
     0
    10
    60
   124
   172
   219
    23
    28
    39
    46
    13
    32
    10
    31
    33
    20
    49
    16
    23
    17
     0
     0
     3
     0
     6
     0
     4
    58
   173
    71
     5
    24
    75
    40
    11
    66
    60
    24
    63
    19
   174
    93
    29
     8
     4
     7
     1
     5
     2
     0
   112
    57
   101
    90
    14
    25
    11
    68
    58
    23
    14
    31
    40
    20
    73
   156
    56
    37
     0
     0
     0
     0
     0
     5
    21
    47
   119
    13
    46
    22
    36
    33
    88
    36
    47
    38
    14
     5
    56
    67
    29
    29
     6
     7
     0
     6
     0
     0
    18
   111
   119
   124
    32
     9
    35
     8
     8
    22
    75
     8
    91
     8
    25
   115
   108
    27
     0
     3
     8
    15
     3
     0
     9
   124
   170
    56
     4
    21
    22
    13
    12
     7
     5
    15
    29
    21
    20
     3
     8
    58
     2
     0
     0
     0
     0
     0
    40
    63
    46
   111
    21
     9
    26
    35
    20
    26
    28
    56
     3
    36
    53
    57
    53
    18
     1
     0
     0
     2
     0
     0
     8
    87
    62
    67
    63
    31
    24
    65
    63
    15
    15
    30
    16
    24
   192
   209
    11
    10
     7
     0
     0
     0
     0
     7
    31
    26
   140
   101
    32
    21
    59
    23
    70
    59
    10
    13
    25
    43
    21
   106
    33
    42
     0
     0
     1
     0
     0
     0
    68
    31
   182
    27
    73
     6
    43
   121
    31
    60
    24
    45
    17
    29
    24
    23
    58
    25
     0
     1
     0
     0
     7
     8
    29
    70
   231
    21
    45
    50
    44
   107
    28
    49
    24
    43
     8
    21
    21
   106
    27
   120
     0
     0
     5
     0
     0
     1
    45
   156
   109
    25
    31
    32
    23
   168
    35
    20
    17
    24
    18
    12
   293
    23
    26
    35
     0
     0
     2
     0
     0
     0
    54
    97
   127
   196
    23
    34
    53
    28
    44
    29
    18
    37
    21
    30
    31
    55
    20
    11
     0
     0
     0
     0
    15
     0
    14
    14
   136
   150
    18
    18
    29
    20
    33
    57
    33
    59
    26
   290
    35
    33
    61
    77
     0
     0
     7
     8
     3
     1
    22
   171
    36
    66
    12
    94
    61
    13
    32
    15
    26
    50
    27
     9
   116
    53
    11
    18
     0
     0
     3
     0
     0
     0
    25
     8
    31
   136
    31
    23
    25
    23
    27
    57
   151
    56
    24
    55
   189
    65
    34
    25
     0
     4
     0
     0
     0
     0
    99
   114
   151
   221
    13
    19
   149
    88
    23
    31
   182
    32
    24
    25
    87
    71
    21
    12
     0
     2
     0
     0
     0
     1
    28
    37
   108
   126
    21
    21
    33
    39
    34
    31
    42
   113
    24
   223
   148
    20
    27
    21
     1
     0
     0
     0
     0
     0
     9
    58
   131
   116
    47
    39
    18
   166
   157
    27
     8
    23
    33
    21
    75
    14
    24
    30
     4
     0
     0
     7
     0
    18
    60
    18
   185
    56
    30
   157
    31
    30
    24
    25
    23
    60
    11
    39
    22
    48
    23
    17
     0
     0
     0
     0
     0
     6
    36
    22
    57
    61
    36
    19
    23
   164
    24
    11
    24
    78
    28
    15
    57
   148
    49
    13
     0
     1
     0
     2
     0
     0
    32
    17
    17
    68
    28
    14
    38
    26
    46
    62
    17
    19
    14
    68
    18
    71
    11
    45
     0
     0
     8
     0
     7
     0
    21
    61
    39
   145
    13
    44
    42
    33
    39
    22
    16
    15
    11
    12
   241
    65
    18
    35
     0
     0
     0
     0
     0
     0
    90
   175
   103
    78
    29
    37
    42
    22
   132
   155
    75
    22
    23
    94
    18
    21
    35
    34
     9
     5
     3
     0
     6
     2
    39
    95
   148
   106
    33
    55
    21
    75
    16
    51
    19
    22
    35
    38
    97
    55
    16
    62
     0
     0
     0
     9
     0
     4
    18
    74
     9
   117
    31
    33
    42
    64
     4
    40
    48
    15
    41
    21
    15
    13
    23
    58
     0
     0
     0
     0
     0
     0
   118
    43
   109
   144
    38
    27
    11
    27
    37
    11
    14
    35
    16
    14
    57
    83
    14
    21
     0
     0
     0
    11
     0
     7
    55
    82
   145
    27
     5
    72
    45
    11
    29
    17
    76
    21
    13
    22
    81
     9
    13
    53
     0
     0
     0
     0
     0
     7
    35
   185
    61
   223
    10
    31
    77
    18
     8
    24
    29
    27
    60
   198
    23
    38
    11
     7
     2
     3
     5
     2
     9
     0
    70
    82
   188
    37
    76
    86
    47
    21
   181
    55
    14
    37
    33
    65
    24
    58
    17
     5
     2
     0
     0
     0
     0
     0
    20
   105
   203
    25
    91
    19
    90
    15
    32
    44
    26
    15
    25
    76
    11
   199
    14
    15
     0
     0
     0
     9
     6
     2
    47
   132
    63
    16
    24
    41
    21
    42
    26
    27
    62
    34
    54
    22
   163
   107
    12
    73
     2
     0
     0
     6
     0
     0
    20
   105
    67
    57
    14
    23
    60
    17
    22
    22
    73
    21
     4
    45
   145
    32
     7
    37
     8
     0
     0
     0
     0
     0
    12
     6
    51
    57
    20
    36
    19
    58
    24
     7
    28
    25
    79
    31
   104
   107
    14
    26
     0
     0
     0
     0
     0
     0
    58
   111
    35
    56
    25
    22
    55
    44
    25
    21
    38
    48
    36
    20
    68
    52
    71
    15
     9
     0
     0
     0
     0
     0
    30
   109
    20
    84
    19
    17
   185
    30
    17
    24
     8
    14
    96
    14
   201
    18
    38
    18
     0
     0
     0
     0
     0
     0
    39
    73
   139
    52
    64
    15
    21
   148
   211
    17
    37
    20
    51
    53
    39
    72
    12
    16
     0
     0
     0
     0
     0
     0
    18
    99
    53
   103
    24
    12
    40
    21
    54
    34
    25
    17
    31
    40
    65
    77
    14
   115
     0
    12
     0
     0
     0
     0
    29
   114
   117
   160
    30
    42
    41
    42
    27
    31
    15
    17
    10
    17
    68
   283
    33
    14
     0
     0
     0
     0
     0
     0
    75
   102
   139
    11
    40
    55
    27
     6
    34
    44
    35
    21
    48
    15
   304
    54
    20
    13
     0
     9
     0
     4
     0
     0
    29
   100
    30
    71
    10
     5
    25
    16
    61
    38
    31
    26
    25
    75
   239
    55
    36
    66
     0
     1
     0
     0
     0
     2
    38
    56
    58
    22
    90
    14
    20
    25
    33
    57
    33
    12
    45
    45
   291
    27
    46
    11
     3
     0
     6
     3
     0
     0
    66
   118
    60
    12
    58
    25
     9
    24
    55
     9
    23
    38
    23
   108
    20
    76
    20
    27
     0
     0
     1
     0
     8
     2
    55
    79
   190
   164
    20
    32
    25
     9
     2
    22
    34
    17
     5
    77
   138
    25
    31
    11
     0
    13
     0
     0
    10
     0
    25
    72
   125
    44
    26
    32
    60
    33
    55
    18
   104
    64
    17
    31
    93
    83
    69
    85
     0
     4
     0
     0
     7
     0
    74
    22
   122
   192
    38
    17
    93
    44
    73
    29
    40
    10
    35
    28
    67
    33
    40
     8
     0
     3
     8
     0
     7
     0
    33
   113
   150
   103
    44
    65
    31
    29
    28
    27
    28
    59
     6
    17
    89
    10
    76
    90
     0
     0
     0
     0
     0
     0
    21
   140
   144
    86
    27
    25
     8
    14
    38
    43
    27
     5
    38
    16
    27
   102
    22
    38
     0
     0
     0
     0
     4
     0
    24
    39
    80
   115
    35
    15
    37
    16
    31
    30
    92
    21
    30
    25
    28
   168
    13
    72
     0
     1
     0
     0
     0
     0
    11
    38
   146
    85
   180
    70
    30
    15
    34
    26
    72
    38
    23
    23
   264
   147
    18
    24
     0
     0
     0
     0
     0
     0
    60
    92
   153
    37
    13
    71
     7
    21
    69
    17
    21
    14
    48
   141
    57
   116
    49
    48
     0
     5
     0
     7
     3
     0
    36
   145
   134
    56
    13
    36
    10
    29
    34
    29
    21
    49
    19
    72
    75
    13
    30
    29
     0
     0
     0
     0
     0
     6
    21
   105
    92
   115
    33
     9
    27
    20
    23
    59
    31
    17
    24
    47
   213
    85
    32
    33
     0
     0
    12
     5
     0
     0
    26
   119
   237
    19
    17
    15
    71
    83
    23
    43
    15
    40
    26
    27
    63
    28
    10
    74
     0
     1
     0
     6
     0
     0
    12
   153
    65
    94
    29
    27
    14
    24
     3
    80
   158
    48
    53
   174
     5
   108
    18
    32
     1
     0
     5
     1
     2
     3
    12
   115
    65
   141
    36
     8
    15
    25
    15
    56
    16
    26
    22
    41
    94
     2
    12
    15
     7
     0
     0
     0
     2
     0
    50
    78
   153
    30
    17
    14
    41
    13
    10
    53
    37
    31
    50
    28
   209
    22
    57
    12
     4
     3
     0
     0
     0
     0
    25
    58
    57
    25
   144
    28
    31
    72
    20
    18
    26
    42
    20
    18
    32
    76
    22
    10
     0
     0
     0
     0
     0
     0
    35
   130
   180
   172
    34
    16
    37
    39
    63
    25
   188
    47
    18
    54
   374
    23
    64
    28
     5
     0
     0
     0
     0
     0
    70
   107
   105
    50
    22
    37
    28
    35
     8
    32
    32
    20
    47
    33
   221
    85
    86
    54
     0
     0
     0
     0
     0
     0
     9
   137
    90
    67
    16
    27
    18
    33
    46
    26
    23
    25
   100
    22
    31
    40
    32
    41
     0
     0
     0
     7
     0
     0
    24
    96
   153
   108
    56
    25
    17
   159
    35
    31
    32
    44
    48
    11
    28
    46
    15
    11
     0
     0
     1
     4
     0
     0
    26
    11
    86
   134
   108
    90
    32
   116
    28
     4
     6
    34
    52
    24
   258
    19
    14
    46
     0
     3
     0
     0
     0
     0
     0
    28
   120
    94
    41
    35
     7
    29
    52
    18
    52
    36
    29
   166
    30
    26
   153
    32
    22
     0
     0
     0
     0
     0
     0
    41
    68
   208
    13
    19
    70
    33
    19
    31
    22
    33
     5
    10
    19
    23
    55
    21
    98
     0
     4
     0
     0
     5
     3
    13
   125
   226
    19
    27
    55
    33
   120
    38
    39
    36
    36
    40
    21
    36
    42
   184
    21
     2
     7
     7
     6
     0
     3
    33
    31
   307
    59
     9
    60
    30
    27
    73
    80
    34
    21
    56
   245
    55
    22
    41
    34
     0
     7
     0
     0
     0
     0
    15
    17
   118
   116
    64
    22
    30
    26
    38
    15
    13
    32
    29
     9
    13
    62
    22
    23
     0
     4
     0
     5
     0
     0
    18
    47
    90
    49
    17
    21
    16
    37
    62
    22
    12
    26
    17
    31
   145
    92
    38
     2
     0
     0
     0
     0
     0
     0
    23
   137
   120
   109
     7
    22
    28
    18
    27
    66
    28
    36
    14
    36
    59
    57
    37
    41
     0
     0
     0
     0
     0
     9
    16
   144
   150
   116
    67
    37
    24
    70
    13
    33
    11
    24
    22
    18
    37
    45
    18
    17
     0
     0
     0
     3
     2
     0
    25
    66
   118
    43
    10
    31
    67
    64
    39
     8
    13
    35
    28
    27
   128
    97
    25
    74
     9
     0
     1
     0
     0
     0
    30
   154
   196
    20
    21
    35
    32
    50
    22
   144
    28
    73
    44
    31
    21
    18
    32
    24
     0
     4
     6
     0
     0
    18
    79
   150
   150
    56
    25
    33
     8
    16
    29
    27
   102
    33
   156
    76
    66
   207
    62
    15
     5
     5
     0
     0
     0
     7
    87
   208
   238
   111
    22
    27
    32
    21
    48
    18
    15
    23
     6
    39
    62
    69
    31
   120
     0
     0
     0
     0
     5
     0
    25
   170
    68
    69
    19
    41
    10
    29
    27
    16
    39
    61
    61
    11
    25
    26
    11
    13
     0
     2
     2
     0
     8
     3
    27
   164
    81
    89
    16
    46
    21
    27
    16
    15
    72
    75
    15
   102
    77
    55
    20
    11
     0
     6
     0
     5
     0
     0
    78
    94
   148
    35
    36
    23
    26
   107
    24
    56
    18
   172
    11
    30
    67
    32
    56
    11
     0
     0
     0
     0
     3
     2
    19
    95
    95
    13
    66
    42
    79
    58
    28
    18
    26
    12
     9
    29
    28
    56
    25
    52
     0
     0
     0
     6
     0
     4
    41
    71
   376
    34
    19
    27
     5
    37
    26
    85
    22
    34
    30
   183
    26
    62
    21
    42
     4
     7
     0
     0
     3
     0
    21
    48
   142
    92
    16
    18
    40
    22
    44
    37
    47
     5
    46
    17
    16
    46
    75
    87
     0
     6
     0
     0
     3
     0
    85
   142
   313
   180
     7
    18
    64
    15
    26
    89
    58
    67
    19
    17
    27
     1
    11
    36
     4
     0
     0
     0
     0
     2
    68
    37
   146
   119
    24
    29
    14
    23
    18
    12
    26
    13
    57
    22
    19
    65
   106
    14
     0
     0
     5
     0
     0
     0
    26
    20
   184
   134
    60
    33
     5
    96
    15
    23
   153
   158
    30
    29
    45
    18
    19
    40
     0
    12
     0
     8
     0
     0
    15
    64
    64
   178
     9
    19
   166
    23
    29
    14
    33
    15
   207
   181
    78
    70
    22
    51
     0
     0
     0
     0
     2
     0
    55
    66
    82
    56
    56
    37
    31
    41
    31
    18
    60
   156
    24
    39
    84
    25
    13
    20
     5
     1
     5
     0
     0
     0
    45
    42
   198
   132
    26
    40
    91
    89
    42
    69
    33
    56
    25
    36
    60
   162
    35
    30
     2
     0
     0
     0
     0
     8
    17
    20
    54
    25
    18
    38
    36
    12
    72
    17
    12
    23
    44
    45
    60
    33
    14
    48
     0
     5
     0
     7
     0
     0
    26
   136
   148
     5
    57
   104
    65
    23
    21
    56
    20
    69
    72
    20
    68
    53
   113
    69
     0
     0
     2
     0
     0
     0
    71
   147
   218
   121
    38
    38
    44
    24
    19
    26
    10
    46
    11
    56
    34
    86
    44
    23
     4
     1
     0
     9
     0
     5
    77
   157
    26
    22
    38
    20
    46
    36
    27
    35
    28
   174
    27
   127
    16
    20
    20
    14
     0
     3
     0
     0
     9
     0
     8
    20
   159
   234
    24
    91
    24
    31
     8
    32
     4
     4
    37
    21
    14
    57
    15
    29
     3
     2
     0
     1
     0
     0
    50
    74
   129
    44
    17
    56
    25
    32
    90
     7
    31
    23
     8
    21
   101
   221
    27
    17
     3
     2
     0
     0
    11
     0
    12
   149
    87
   110
    76
    10
    91
    29
    89
    21
    50
    25
    69
   143
    26
    68
    14
    46
     0
     0
     0
     0
     0
     8
    84
   118
   195
   145
    48
    33
    15
    25
    27
    23
    37
    28
    35
    27
    23
    84
    19
    20
     0
     0
     3
     6
     9
     1
    18
    15
   112
   102
    43
    10
    33
    26
    41
    11
    14
    18
   179
    22
   170
    86
    38
    27
     0
     0
    13
     0
     0
     0
    23
    93
   218
   100
    21
    87
    10
    48
    68
    17
    15
    15
    90
   102
    24
    22
    43
    10
     2
     0
     0
     0
     0
     3
    29
    76
   103
    41
     8
    39
    17
    48
   157
    50
    26
    61
    48
    75
   106
   116
    14
    55
     4
     4
     1
     0
     7
     0
    31
    51
    94
    64
    33
    23
    11
    23
    42
    22
    12
    15
    23
    17
    56
    19
    21
    33
     0
     7
     5
     0
     0
     0
    40
   202
   140
    57
   159
    65
    37
    80
    85
    52
    28
    31
    27
    27
    84
    82
    23
     5
     0
     0
     0
     0
     0
     0
    27
   191
   202
    44
    23
    52
    48
    61
    27
    36
    46
    48
    24
    90
    12
    45
    48
    12
     0
     0
     0
     0
     0
     0
    60
    64
   149
    69
    27
    86
    67
    31
    27
    62
    82
    24
    13
    54
    80
    75
    26
    16
    11
     5
     9
     0
     0
     0
    54
    68
   101
    88
    20
    28
    33
    18
    22
    61
    31
    25
    42
   115
    68
    59
    32
    75
     0
     0
     0
     0
     0
     0
     9
    28
   204
    19
    16
    48
    73
    35
    38
    38
   181
    31
    29
    37
    88
   119
    31
    65
     0
     0
    12
     5
     1
     0
    23
    22
   104
    21
    37
    22
    81
    51
    10
    37
    25
    29
    39
    25
   121
    66
    29
    23
     0
     0
     0
     0
     0
     9
    13
    29
   326
    87
    28
    15
    30
    23
     7
    66
     2
    12
    31
    59
     9
    12
    78
    21
     0
    15
     1
     0
     0
     0
    20
    66
    71
   144
    26
    32
    73
    53
    56
    23
    79
    19
    38
    16
   116
    98
    57
    32
     0
     2
     0
     0
     0
     0
    42
   209
   114
    84
    52
    17
    49
    18
    61
    10
    87
    32
    30
   163
    69
    16
    77
    58
     0
    10
     0
     0
     0
     3
    44
   147
   119
    79
    32
    41
    30
    37
    33
    25
    57
    18
    38
    75
    82
    17
    99
    35
     0
    22
     0
     2
     0
     0
    18
   110
   171
   130
    27
    22
    35
    28
    20
    33
    60
    30
    35
   109
   134
    49
    25
    63
     0
     0
     0
     5
     7
     0
    68
    19
    54
   101
    37
    12
    33
    32
   107
    22
    11
    34
    42
    69
    21
    38
    25
    21
     0
     0
     0
     0
     0
     0
    25
    91
   212
   103
    68
    18
    69
    21
    19
    17
    23
    41
    30
    33
    76
   159
    69
    19
     0
     0
     0
     0
     0
     0
    26
   115
   171
    31
    16
    30
    14
    27
    91
    48
    57
    95
    40
    17
    94
   144
    26
    39
     0
     5
     0
     0
     1
     3
    64
    80
   153
    56
    27
    13
    28
    22
    10
    41
    24
    25
    22
    24
    31
   183
    27
    23
    12
     0
     1
     3
     1
     0
    28
    24
   310
   145
    29
    27
    75
    32
    34
    87
    71
    48
    58
    41
    33
    56
    44
    60
     1
     0
     0
     0
     1
     5
    67
   193
   175
   165
    17
    20
    57
    56
    48
    25
    86
    36
    31
    21
   119
   106
    83
    44
     2
     0
     0
     0
     0
     1
    23
    55
    67
    36
    23
    19
    13
    61
    51
    24
    47
    14
    18
    28
    52
    76
    33
    41
     8
     0
     0
     5
     6
     2
    32
   138
    60
    60
    29
    47
    24
    69
     6
    40
    16
    24
    27
    18
    59
     5
    64
    33
     0
     2
     0
     8
     0
     0
    20
    74
    34
   127
    16
    92
    12
    35
    28
    28
     5
    27
    96
    27
    72
    73
    51
    69
     0
     0
     0
     0
     0
     0
    71
    91
    94
    73
    21
    79
    74
     4
     5
    10
     6
    77
    32
    26
    78
    38
    46
    33
     7
     5
     0
     0
     0
    12
    42
    57
   105
    65
    25
    29
    33
    26
    27
    21
   177
    24
    35
    51
    62
    86
    10
    15
     0
     0
     3
     1
     5
     0
    76
   124
   203
    62
   162
    10
    31
    70
    12
    38
    28
    18
   115
    24
   119
    82
    33
    64
     2
     3
     0
     0
     8
     7
    63
   107
   367
   222
   172
    64
    45
    29
    22
    78
    31
    13
    31
    34
    28
   210
    27
    29
     0
     5
     0
     5
     0
     0
    79
   101
   186
    66
    44
    24
    34
    77
   155
    15
    22
    20
    22
    28
   205
   173
    74
     0
     0
