    50
     0
     0
     0
     7
   166
   102
   189
    50
    60
    56
    74
    65
    61
    57
   226
    57
    28
    49
    92
   133
    30
    33
     0
     0
     0
     0
    13
    10
    19
   125
   209
   115
    49
    34
    73
    21
    63
    65
    34
   192
    29
    30
    31
    59
    85
    96
     0
     0
     0
     0
     7
     0
    30
   110
   172
   147
    42
    52
    55
    26
    78
    29
    56
    72
    55
    21
    37
    70
    58
    39
     0
     0
    11
     0
     4
     0
    37
    69
   230
   111
    43
    74
    52
    49
    22
    25
    47
    43
   147
    86
    90
    80
    38
   115
     7
     0
     0
    13
     3
     0
    41
   109
   108
   140
    29
    90
    61
    12
    34
    97
    42
    54
    43
    38
    34
    98
   117
    51
    11
     4
     0
     2
     5
     0
    49
   118
   510
    55
    66
    44
    57
    67
    68
    52
    35
   127
    89
    44
   103
   186
    43
    86
     0
    10
     0
     3
     8
     0
   134
   147
   432
    82
    29
    33
    50
    38
    60
   176
    22
    85
    33
    38
   360
    72
    16
    35
     0
     0
    13
     3
     0
     0
    42
    87
   121
   146
    76
    92
    70
    29
    93
    41
    51
    70
    35
    33
   155
   202
    40
    40
     0
     0
     5
     0
     6
    10
    51
   111
   196
    50
   110
    49
    69
    22
    36
   102
    76
    26
    74
   178
   207
    37
    39
    13
     0
     0
     0
     7
    11
     0
    81
   121
   225
    94
    62
    31
    61
    93
    26
    27
    20
    41
    25
   164
    86
   114
    26
    93
     1
     5
     0
     0
     0
     0
    91
   173
   216
   102
    42
    56
    19
    81
    21
    38
    26
    42
    86
    19
    39
    28
    66
    74
     4
     0
     2
     0
     4
     0
    62
   212
   296
   139
    34
    42
    51
    87
    23
    59
    30
    52
    41
    54
    80
   127
    35
    74
     3
     0
     0
     9
     1
     8
   129
   144
   120
   175
    33
    75
    74
    57
    27
    71
    37
    41
    53
    70
   117
   245
    64
    88
     0
     5
     7
     0
     0
     0
    76
   146
   199
   198
    56
    69
    71
    26
   126
    62
   185
    70
    57
   101
    94
   154
    68
    55
     0
     9
     3
     4
     1
     0
    31
    85
   258
   190
    52
    87
    58
    55
    36
    68
    80
    56
    51
   222
    49
   115
    33
    67
     0
     0
     0
     7
     0
     1
    69
   116
   232
   247
   163
    38
    66
    60
    22
    30
    68
   108
   103
   169
    28
    57
    78
    27
     0
     1
     0
     0
     6
     7
    64
    49
   245
   177
    99
   159
    53
    74
    32
    39
    68
    38
    48
   360
   118
    40
    39
    55
     0
    10
     0
     0
     0
     0
    77
   101
   318
   247
    30
    92
    26
    51
    46
    30
    67
    28
    29
    80
    24
    71
    48
    20
     4
     2
     0
     0
     0
     0
   124
   104
   196
   124
    30
    19
    37
    72
    53
   148
   187
    41
    61
    57
    97
   227
    33
    31
     0
     6
     0
     5
     0
     2
   100
   109
   157
   144
    53
    37
   115
    45
   102
    31
    49
    39
    56
    45
   243
   227
   240
    61
     8
     6
     3
     0
     0
     0
   115
   179
   118
    89
    36
    49
   133
    54
    51
    36
    45
    72
    88
    31
   160
    68
    20
   118
     0
     8
     4
     8
     0
     0
    36
   115
   207
   158
    44
    33
    50
    65
    76
    93
   118
    61
    58
    78
    46
   179
    43
    38
     0
     3
     9
     1
     0
     5
    84
   174
   294
    74
    48
    67
   100
    54
    80
    38
    45
    44
    30
    34
   360
    58
    71
    93
     0
     1
     0
     4
     0
    11
    79
    36
    60
   167
    63
    47
    25
    52
    90
    24
    35
    34
    75
    53
   322
   406
    50
   175
     0
    13
     0
     0
     0
     0
    62
   156
    99
   153
    87
    52
    40
    44
    14
    27
    29
   101
    99
    26
    29
   275
    23
    24
     0
     3
     2
     2
     0
     0
    36
    28
   289
    60
    39
    78
    81
    22
    34
   165
   110
    23
   161
   187
    46
    87
    32
    44
     0
     4
     5
     0
     0
     5
   108
   182
   124
   224
    37
    93
    94
    40
    71
    51
    67
    37
   116
    52
   300
   115
   100
   187
     0
     6
     0
    16
     1
     7
    81
   243
   126
   184
    57
   283
    83
    62
    26
   104
   161
    46
    41
    37
   234
   132
    50
   105
     3
     2
     2
     9
     0
     0
    25
   195
   261
   150
    55
    15
    39
    61
    26
    55
   172
    80
    22
    60
    52
    76
    63
    29
     0
     0
     1
     0
     0
     0
    44
    70
    65
   163
    50
    96
    58
    80
    33
    38
    33
    46
    35
    44
   229
    98
    94
    61
     0
     2
     3
     0
     0
     0
    53
   178
   283
   110
   149
    39
    65
    61
    48
    76
    53
    49
    90
    70
    67
    32
    29
    91
     8
     6
     4
     0
     8
     3
    54
    91
   119
    32
    46
    39
    39
   133
    61
    72
    39
    12
    31
    32
   210
   167
    45
    98
    15
     0
    12
     1
     0
    10
    35
   242
   292
   218
    31
    86
   165
    42
    43
    78
    74
    43
    91
    58
   140
   115
    33
    42
     0
     0
     2
     0
     3
     0
    46
   245
   195
   213
    44
    60
    66
    37
    45
    81
   107
    66
    63
   313
   202
    55
    41
    51
     0
     0
     0
     6
    20
     6
    91
   164
   179
   388
    61
    80
    49
    47
    78
    73
   254
    99
    51
   176
    92
    46
    56
   100
     8
     4
     2
     0
     0
     0
    35
    92
   157
   113
    58
    55
    74
    43
    87
   144
    77
    83
    55
    38
   120
    84
    81
    60
     2
     0
     8
     0
     6
     3
   169
   122
   188
    87
    28
    68
   104
    39
    32
    61
    80
    19
    32
    64
   105
   108
    30
    56
     7
     6
     2
     0
     0
     1
    33
    98
   142
   155
    80
    44
    14
    69
    38
    81
    51
    64
    93
   237
   146
   160
    30
    38
     0
     1
     6
     0
     0
     0
    43
   122
   106
    55
    79
    15
    64
    47
    19
    27
    49
    57
    36
    32
   251
    58
    48
    28
     0
     5
     0
     4
     0
     0
    82
    97
   198
   202
    51
    81
    19
    64
    79
    73
    52
    81
    91
    73
   119
   138
    26
    87
     5
     5
     0
     0
     0
     0
    86
   146
   251
    23
    52
    61
    58
    39
    70
    80
    59
    47
    46
   389
    69
   175
    64
   111
     0
     4
     0
     3
    21
    15
   137
   111
   211
   128
    69
    86
    40
    93
    54
    64
    33
    28
    72
    85
   132
   251
    55
   181
     0
     9
     0
     0
     0
     3
    73
    93
   153
   167
    28
    69
    36
    29
   299
   209
   123
    68
    16
    46
   143
   105
    47
    29
     0
     0
     9
     3
     2
     1
   163
   260
   316
   180
    33
   109
    29
    37
    26
    84
    79
    60
    37
    95
    49
    75
   117
    36
     1
     0
     0
     0
     0
     0
    36
    69
   303
   166
    48
    88
    55
   109
    54
    18
    47
    56
   106
    58
    72
   113
    13
    27
     5
     0
     6
     8
     0
     1
    71
   183
   161
    42
    24
    55
    68
    73
    43
    53
    46
    57
    78
    50
    41
   102
    31
    54
     0
     0
     1
     1
     2
     0
    44
   153
   282
   180
    60
    91
   174
    47
    86
    52
    55
    42
    79
    45
   215
   138
    43
    61
     3
     5
     4
     0
     1
     1
    57
   100
   388
   159
   133
    48
    44
    29
    46
    76
    61
    26
   144
    38
    57
   156
   119
    83
     0
     0
     6
     0
    12
     9
   150
   213
   188
    99
    39
   208
    28
    38
    34
    51
    50
    37
    53
    38
    89
   128
   100
    52
     0
     0
     0
     0
     0
     5
    12
   204
   374
   148
    92
    66
    59
    30
    67
    34
    37
    27
    55
    46
    27
    33
    38
    37
     8
     6
     0
     6
     2
    13
    29
   214
   262
   152
    49
   199
    40
    46
    98
    54
    70
    55
    35
   105
   255
   122
    50
    81
     2
     5
     0
     0
     8
     0
    40
    64
   132
   158
    24
    57
    49
    40
    84
    31
    90
    42
    76
    72
    61
    51
    42
   104
    12
     0
     0
    13
     0
     1
    50
   120
   186
    62
    81
    91
    58
    39
    50
    35
    14
    14
    30
   119
   153
   152
    30
    68
     0
     0
     0
     9
    13
     0
    28
    32
   291
   120
    76
    58
   101
    47
    53
    35
    60
    49
    58
   142
   192
    70
    46
    91
     1
     0
     1
     0
     0
     0
    80
   120
   191
   185
    47
    50
    41
    87
    50
   211
    55
   119
    98
    92
   443
   127
    44
    68
     3
     0
     0
     0
     3
     8
    46
   113
    93
   258
    58
    61
    96
   199
    32
    76
    62
   200
    56
    61
   400
   227
    35
    62
     0
     1
     5
    15
     5
     0
    48
    36
   261
    92
    44
    28
   166
   177
    43
    40
    82
    76
    43
    51
    77
   107
    36
    53
     0
     4
     0
     0
     0
     0
    37
    90
   108
    45
    87
    34
    28
    69
   104
    55
    28
    17
    41
    82
   245
    41
    74
    60
     0
     0
     0
     1
     9
    10
    51
    80
   213
   192
     7
    71
    60
   101
   129
   184
    78
    93
    97
    32
    89
    84
    60
    81
     4
     0
     9
     3
     9
     0
    54
    62
   107
   134
    56
    39
    95
    63
    65
    55
    47
    91
    24
    31
    67
   182
    83
    56
     0
     7
     7
     0
     0
     8
    47
   201
   358
   282
    55
    44
    53
    55
    28
    47
   102
    31
    44
   116
   135
    95
    21
    61
     0
     0
     1
     7
     2
     0
    69
   298
   165
   135
    72
    61
    32
   100
    70
   449
    79
    23
    63
   237
   139
   156
   134
    66
     5
     0
     0
     9
     0
     1
    63
    39
   206
   126
    34
    37
    29
    50
   121
    72
    30
    48
   103
   188
   168
   141
    65
    53
    13
     0
     5
     0
     0
    10
    55
    64
   107
   199
    54
    65
    37
    21
    48
    35
    82
   123
    40
    66
    73
    69
    76
    32
     0
     0
     0
     1
     2
     0
    60
    93
   216
   110
    57
    94
   158
    60
    42
    25
    44
    82
   206
    68
   103
   102
   172
    78
     0
     1
     2
     1
     5
     0
    87
   107
   209
   107
    56
   102
    93
    70
    42
    30
    66
    47
   154
    62
   115
   194
    49
    52
     4
     0
    14
     0
     0
     0
    81
    75
   220
   218
    46
    18
    41
    99
    35
    46
    20
    54
   107
    11
   172
    29
    25
    37
     8
     3
    11
     2
     2
     0
   101
   118
   193
   117
     9
    36
    33
    33
    40
    29
    76
    45
    88
    46
    95
   165
    59
    34
    11
     6
     3
     5
     1
     0
    98
   244
   335
   258
    82
   106
    56
    54
    37
    29
    56
    50
    58
    94
    82
   176
    41
    85
     0
     2
     3
     4
     0
     0
    41
   200
   221
   225
    64
   245
    48
    71
    30
    53
    81
    32
    52
   147
   168
    31
    82
    82
    11
     0
    11
    12
     0
     1
    31
   152
    93
   164
    73
    45
    50
    79
   192
    38
   124
    71
    51
   171
    84
   120
    56
    44
     0
     9
     1
     0
     2
     0
    31
   194
   148
   119
    47
    42
    44
    33
    57
   172
    49
    67
    39
    53
    70
   100
    26
    60
     0
     0
     0
     0
     0
     2
    36
   122
    77
   117
    49
    30
    73
    88
    17
    67
    65
    64
    35
   165
   118
   117
    89
    50
     2
     0
     0
     8
     0
     0
    63
    62
   331
    58
    51
    80
   194
    43
    50
    42
   196
    79
   133
    34
    93
   118
    61
    33
     0
     0
     8
     0
     3
     4
    59
    45
   195
   322
    18
    28
    60
    83
   159
    86
    47
    53
    30
   214
    87
   194
    74
   181
     0
     1
     2
     7
     0
     7
    43
   133
   247
   202
    43
    42
    45
    42
    39
    77
    61
    73
    62
    41
    59
   175
    95
    53
     2
     7
     0
     7
     0
     0
   119
   173
    55
   123
    98
    69
    95
    92
    43
    24
    49
    87
   188
    88
    78
   103
    59
    70
     0
     0
     5
     0
     2
    10
    89
   143
   273
   146
    39
    25
    18
    92
    34
    98
    32
    62
    56
    56
   411
   137
    74
    53
     4
     4
    13
     4
     4
     0
    36
   118
   239
   196
    52
    66
    35
    65
   215
    53
    49
    54
    96
    45
    60
    57
   220
    89
     0
     3
     5
     6
     2
     0
    85
   179
    98
   256
    21
    32
    24
    53
    39
    84
   118
    69
    88
    36
   375
   158
   115
    29
     0
     0
     1
     1
     0
     0
    46
   130
   129
    92
    42
    39
    34
    44
    87
    46
    35
   106
    24
   180
    56
   100
   174
    32
     0
     3
     0
     0
     0
     2
    77
    85
   168
    44
    26
    46
    33
    24
    57
    81
    25
    58
   112
    85
    27
    73
    61
    39
     6
     4
     5
     0
     0
     6
    26
   101
   235
   341
    43
   100
    62
    53
    45
    40
    85
    34
    79
   213
   125
   157
    53
    81
     0
     0
     0
     0
     0
     1
    85
   312
   343
   277
    41
    83
    73
    59
   100
    80
    45
   242
    27
   120
   118
   135
    55
    54
     0
     6
     6
     0
     2
     0
    37
   127
   145
   127
    27
    26
    23
    48
    91
    30
    30
    71
    60
    73
    28
   112
    43
    82
     5
     8
     0
     7
     0
     7
    52
   213
   317
   219
    72
    25
    74
   120
    40
   107
    68
   244
    47
    78
    63
    45
    42
    94
     4
     0
     1
     0
     0
     1
    36
   102
   338
   102
    35
   193
    26
    60
    38
   187
    54
    41
    40
   196
   161
   268
    22
    49
     2
     0
     2
    12
     5
     1
    56
   163
   167
   131
   150
    67
    34
    64
    88
    49
    41
    19
   105
    31
   107
   121
    38
    69
     0
     5
     9
    11
     0
     4
    22
   241
   231
    30
    80
    65
    53
    46
    51
   155
    60
    42
    72
    40
   230
   100
    40
    48
     7
     0
    13
     0
     5
     0
   105
   256
   205
   149
    71
    68
    53
    44
    62
    73
    42
    76
    48
    53
   110
   114
    86
    68
     0
     0
     1
     0
    10
    62
   193
   175
   119
    33
    53
   183
    38
   115
   112
    42
    66
   108
    19
    79
   223
    54
   219
     7
     0
     6
     4
     7
     0
    93
   165
    81
    52
    38
    39
    27
    60
    89
    41
    55
    52
    85
    54
   185
    45
    55
    36
     8
     2
    15
     0
     6
     0
    53
    79
   323
    16
    22
    29
    74
    40
    38
    53
    64
    61
    42
    36
   110
    97
    59
    28
     0
     4
     0
     6
     0
    10
   131
    49
   435
    62
    95
    74
    65
    27
    73
    44
    41
    58
    76
    22
   159
   169
    91
    39
     7
     0
     0
     0
     6
     0
    90
    98
    55
   250
    63
    62
    45
    36
    72
    99
    47
    81
    25
   187
   108
   126
    42
    86
     0
     2
     0
     2
     0
     0
   158
    89
   278
   153
    37
    35
    48
    58
    52
    50
    29
    61
    25
    55
   250
   119
    69
    24
     0
     0
     0
     0
     0
    12
    41
   111
   290
   122
    79
    51
    45
    63
    54
    89
    69
    42
    72
   200
    33
   233
   130
    62
     6
     0
     4
     0
     0
     7
    53
   110
   460
   158
    52
    59
    52
   147
    84
   138
    61
    93
    52
   210
    94
   149
    46
   160
     0
     1
     0
     0
     0
     0
   127
   114
   335
   113
    25
    35
    54
    56
    80
    41
    81
   180
    59
    45
   268
    92
    31
    40
     3
     0
     6
     0
     9
     9
    36
   171
   281
   230
    88
    47
    46
    46
    32
    48
    47
    35
    60
    74
    66
    17
    37
    32
     7
     2
     1
     0
     6
     7
    44
    58
   254
    58
    73
    30
   243
    30
    26
    24
    71
    26
    54
    47
   325
    79
    38
    34
     0
     0
     2
     0
     0
     5
    39
    24
   237
   225
   106
   164
    39
    60
    24
    46
    44
    74
    41
    96
   206
   237
    52
    67
     0
     2
     0
     9
     9
     5
    64
    94
   238
   289
    23
    42
    73
    97
    25
    42
    61
    29
   105
     9
   113
   114
    48
    20
     7
     0
    11
     0
     0
     4
    77
   197
   228
   204
    41
    30
    40
   330
    52
    26
    41
   197
   218
    58
    75
   166
    93
    40
     0
     0
    10
     9
     0
     0
   123
   260
   494
   366
    22
    68
   114
    55
    51
    91
    86
    47
    37
    24
   304
   214
    95
    59
     0
     0
     8
     2
     7
     0
    74
   122
   307
   178
    59
    48
   221
    30
    87
    33
    95
    75
    35
    16
   406
    84
    39
    52
     0
     0
     0
     9
     5
     0
    27
    59
   243
   116
    87
    53
    54
    34
    60
    64
    60
    49
   182
    64
   206
    55
    48
    49
     0
     5
     0
     2
     0
     0
    45
   184
   185
    92
    50
   176
    37
    50
    88
    38
    16
    21
    92
    77
    98
    57
    45
    64
     0
     0
     3
     0
     0
     0
    83
   115
   173
    81
    27
    29
    35
    82
    31
    14
   168
    73
    62
   105
    69
    83
    54
    37
     0
     8
     0
     6
     0
     0
    84
    70
   154
   213
    48
    42
   134
    41
    25
    46
    82
    58
    35
    78
   135
    63
    22
    82
     2
     0
     0
     0
     0
     0
    50
   110
   191
   176
    87
    44
    80
   220
    92
    38
    64
    21
    38
    43
    85
   133
    41
    47
     4
     0
     0
    12
     0
    12
    49
   274
   115
   172
   101
    47
    55
    92
   208
    60
    55
   120
    25
    81
    94
   173
    33
    63
     4
     0
     0
     3
    12
     0
    24
   144
   243
   138
    28
    79
   170
    36
    59
    61
    20
    67
    61
    52
   127
    71
    35
    61
     0
     4
     2
     0
     9
     0
    47
    41
   235
   146
    49
   163
    92
   147
    47
    52
    36
    53
   188
    22
    38
    41
    32
    42
     0
     5
     2
     0
     0
     0
    38
   178
   309
   133
    67
    51
    24
   111
    41
    17
    47
    47
    38
   132
    78
    75
    44
    73
     8
     3
     0
     5
     6
     0
    32
   122
   197
   184
    60
    16
    60
    30
    33
    61
    60
    59
    32
    35
   120
   113
    36
    79
     2
     4
     0
     0
     0
     0
    40
    88
   200
    92
    73
    71
    72
    41
   152
    73
   173
    22
    58
    87
    95
    28
   132
    97
     6
     0
     7
     2
     3
     0
    83
   220
   481
   388
    67
    41
   116
    86
    78
    29
    36
    65
    73
    34
   118
    95
    90
    51
     6
     0
     0
     0
     6
     0
    77
   324
   257
    82
   117
   139
    53
   214
    61
   178
    85
    51
    21
    52
   260
   191
    22
    74
     0
     2
     2
     3
     3
     0
    73
   107
   335
    27
    74
    27
    29
    50
    25
   168
    43
   181
    81
    96
   121
    73
    43
    62
     0
     7
     0
     3
     6
     4
    74
   110
   233
   116
   136
    20
    38
    49
    48
   108
    39
    43
    41
    63
    77
    51
    26
    49
     0
     2
     0
     2
     0
     0
    56
   126
   268
   108
    45
    75
    64
    40
    39
    47
    40
    43
    83
    18
    48
   118
   185
    16
     0
     1
     0
     7
     3
     0
    46
    83
   140
   246
    36
    19
    25
    30
    79
    11
   112
    51
    65
   102
   128
   100
    25
    37
     3
     0
     0
     1
     0
     0
    27
    24
   258
   137
    33
    56
   106
    50
    56
    44
   107
    39
    47
    74
    85
   123
   102
    21
     0
     6
     0
     0
     2
     0
    49
   164
   223
   100
    62
    73
    67
    55
    54
    61
    61
    74
   111
    65
   190
   235
    85
    39
     9
    10
     2
     0
     4
    10
    56
   150
   308
   242
    69
   105
    59
    53
    83
    44
    92
    45
    39
    56
    70
    44
    69
    67
     0
    11
     7
     0
     0
    16
    23
   146
   261
   106
    69
    60
    49
    40
    37
    33
    30
   119
    57
   179
    57
    80
    37
    66
     0
     0
     0
     0
     0
     5
   118
   225
   276
   101
   140
    68
    49
    71
    25
    31
    28
    39
    61
    42
    97
   116
    86
    73
     0
     3
     9
     0
     3
     0
   178
   136
   219
   247
    21
    33
    97
   181
    70
    77
    37
    42
    41
    52
   388
   406
    38
   217
     0
     0
     0
     0
     3
     2
    56
   125
   267
    85
    91
    85
    60
    41
    76
    29
    32
    52
    91
    48
    63
    39
    16
    69
     0
     0
     0
     0
     0
     0
   109
   167
   229
    37
    85
    46
    25
    42
    62
    47
    58
    50
    94
    83
   198
   121
    39
    97
     0
     4
     0
     0
     0
    10
    28
   117
   287
   139
   105
    33
    32
    81
    59
    13
    51
    60
    51
    81
   261
   138
    55
    35
     9
     3
     0
     0
     0
     0
    78
   193
   157
   201
    61
    42
   132
    51
    44
    49
    36
    67
    44
    77
   230
    65
    11
    69
     0
     0
    10
    16
     4
     0
    66
   148
    63
   193
    24
    64
    62
    20
    45
    68
    39
    32
   179
     4
   204
   253
    27
    46
     9
     2
     0
     0
     6
     0
    42
   188
   151
   131
    29
    34
    63
    52
    34
    43
    33
    32
   171
    35
   169
    48
    23
    50
     0
     6
     1
     0
     0
     0
    73
    84
   242
   165
   110
    48
    51
    32
    51
    76
    34
    20
   126
    91
    78
    59
    18
    48
     0
    10
     0
     0
     1
     0
    84
    53
   285
    43
    75
    84
    18
    46
    76
     9
    50
    18
    36
    29
   128
    88
    23
    35
     0
     2
     0
     2
    14
     0
    29
   164
   225
    86
    51
    33
    46
    69
    42
    23
    23
    42
    40
    54
    29
   167
   103
    20
     2
    19
     4
     0
     0
     0
    53
   200
   187
   278
    69
    37
    40
    22
   207
    70
   121
    79
    29
    42
    92
    57
    46
    27
     6
     0
     0
     0
     0
     4
    40
   333
   167
   211
    30
    62
    74
    28
   126
    26
    48
    27
   195
    34
    90
    45
    51
   115
     2
     0
     0
     0
     0
     0
    77
    73
   274
   345
    16
    52
   193
    96
    18
    31
    11
    76
    40
    75
   109
    77
    39
    69
    11
     0
     0
     1
     0
     0
    10
   115
   285
    63
    74
    79
    98
    50
    34
    31
    23
    36
    28
   196
    70
    75
    50
    39
     0
     9
     0
     0
     2
     0
    29
    98
   150
   225
    79
   114
    92
    46
   115
    34
    12
    45
    36
    53
    89
    77
    62
    42
     0
     0
     0
    10
     2
     6
    25
    69
   145
   252
    45
    36
    81
    57
    80
    58
    96
   109
    40
    38
    38
    17
    89
    57
     0
     7
     0
     7
     0
    10
    87
    97
   200
    81
    39
    60
    37
    30
    32
    42
    40
    39
    58
    99
    33
    63
    41
    53
     0
    34
     8
     6
     1
     0
   141
   173
   331
   153
    87
    72
    84
    50
    48
    87
    51
    26
    92
    14
   103
   130
    33
    83
     0
     1
     7
     0
     0
     0
    75
    48
   194
   102
    50
    34
    22
    98
    59
    39
    66
    52
    60
   186
   208
    78
    56
    93
     6
     5
     0
     1
     0
    10
    80
    62
   103
   155
    28
    34
    43
    39
    26
    35
    40
    56
    48
    44
   193
    68
     8
    38
     8
     0
     4
     3
     2
     0
    29
   156
   267
   113
    36
    50
    24
   204
    95
    17
    29
    17
    35
    75
    59
   150
    50
    31
    11
     4
     0
     0
     3
     0
    52
   119
   174
    73
    52
    21
    66
    43
    77
    53
    26
    67
   232
    49
    43
    36
    74
    24
     0
     2
     2
     2
     1
     0
    33
   106
   208
   120
    32
    66
    41
    36
    24
    12
    36
    47
    42
   129
   112
   168
    42
    76
     0
    13
     0
     0
     0
     8
    20
    99
   168
   136
    19
    14
    32
    35
    57
    56
   179
   182
   210
    75
   169
    54
    31
    55
     0
     0
     7
     1
     2
     0
    23
   146
   215
   217
    31
    84
    30
    45
    50
    38
    47
    63
    43
    56
    71
    60
    32
    78
     0
     0
     3
     0
     0
     7
    53
   186
   264
   144
    39
    33
   104
   108
    29
    14
    83
    99
    48
    43
   176
    15
    47
    41
     0
     0
     4
     1
     0
     5
    62
   166
   275
   112
    94
    74
     3
    13
    33
    36
    33
    71
    61
    58
   267
    41
    40
    49
     0
     4
     0
     0
     0
     0
    74
   116
    97
   216
    34
   116
    47
    36
    24
   215
    13
    36
    43
    26
    24
    93
    81
   107
     3
     0
    10
     0
     0
     1
    28
    51
   172
   111
    53
    24
    32
   166
    67
    49
    29
    72
    53
    28
    77
    24
    30
   179
     0
     7
     7
     0
     2
     0
    82
   125
   189
    67
    25
   115
    41
    46
   196
    14
    70
    54
   120
   155
   152
   157
    49
    80
     0
     1
    17
     4
    11
     0
    24
    97
   185
   125
    35
    62
    71
    29
    59
    38
    76
    23
    41
    73
    11
   166
    51
    79
     2
     6
     2
     0
     9
     0
    49
   194
    48
   233
   111
    27
    98
    50
    80
    29
   131
    33
    92
    64
    31
   118
    34
    53
     0
     0
     0
     0
     0
     8
    52
    80
   137
   104
    41
    11
    54
    31
    86
    26
    64
    53
    99
    63
   246
    66
   105
    88
     0
     0
     0
     0
     0
     6
    35
   170
    12
    79
    38
    48
    35
    56
    59
    56
    35
    44
    72
    43
   116
   244
    24
    27
     2
     0
     0
     6
    13
     7
    48
   102
   228
   121
    33
    19
    31
    41
    33
    90
    55
    48
    29
    34
    75
    31
    17
    35
     8
     0
     4
     0
     1
     0
    99
   183
   219
    70
    31
    36
    48
    47
    17
   191
    48
    58
    19
    16
    57
    92
    99
    16
     7
     0
     6
     6
     0
     0
    71
   186
   285
    24
    27
    16
    45
    34
    22
    21
    36
    44
    55
    34
   127
    66
    91
    45
     0
     3
     0
     1
     0
     8
    50
   125
   291
   184
    25
    94
    37
    53
    12
    35
    36
    57
    37
    76
   215
   121
    27
    61
     0
     0
     0
     2
     0
     0
    34
    99
   206
   155
    45
    34
    17
    50
   101
   115
    70
    75
    52
    96
   103
   114
    39
    43
     3
     0
     0
     0
     7
     0
    29
    53
   151
   111
    73
   159
    37
   132
    34
    32
    57
   192
    48
    65
   409
   119
    38
    45
    12
     4
     0
     7
     7
     6
   108
    77
   280
   165
    30
    47
    53
    27
    34
    49
    61
    32
     6
    55
    51
   122
   116
    28
     0
     0
     0
     0
     1
     2
    69
   157
   202
    89
    66
    60
    30
    46
    19
    35
   103
   135
    94
    14
    88
   116
    42
    38
     0
     0
     3
     0
     0
     3
    84
   165
   223
   168
    73
    42
    36
    42
    65
    41
   164
    29
    82
    30
   100
    72
    50
    32
     0
     0
     6
     0
     2
     8
    49
    60
   133
   148
    59
    42
    23
    64
    56
    12
    37
    56
    30
   185
    59
    71
    24
    37
     0
     9
     0
     5
     0
     0
    82
   131
   245
   139
    58
    44
    85
    16
    44
    47
    25
    47
    25
   287
   240
   194
    12
     8
     0
     0
     6
     6
     7
     0
    36
   199
   149
   177
    87
    32
    69
    41
    80
    64
    50
    33
    57
    57
    33
   163
    96
    23
    12
     0
     0
     4
     0
     0
    80
   154
    75
   233
    28
    30
    44
    91
    38
    46
    44
    54
    53
    79
   313
   253
    37
    28
    19
     0
     0
     6
     0
     0
    44
   109
   270
   193
    29
    25
    38
    74
    75
    65
    51
    43
    41
    62
    18
   224
    36
    39
     0
     0
     0
     0
     0
     6
    29
   181
   132
    75
    56
    34
    56
    47
    40
    45
   110
    33
    28
    34
    39
    37
    18
    71
    10
     6
     6
     5
     3
     1
    92
   205
   203
    75
    53
    22
    34
    28
    19
    32
    81
    67
   120
    36
   287
    73
    40
    15
     0
     2
     0
     0
     0
     0
    39
   171
   183
   158
    47
   136
    37
    14
    44
    79
    57
    34
    24
   212
    26
    26
    23
    31
     0
     0
     1
     0
     0
     0
    49
    22
   146
   156
    59
    20
    15
    51
    53
    47
    24
    52
    87
    72
    28
   224
    52
    93
     3
     0
     0
     0
     6
     6
    24
   227
   137
   159
    31
    65
    98
    93
    50
    46
    78
   117
   101
    61
   297
   131
    24
   110
     4
    11
     5
     7
     1
     0
   117
    86
   230
    53
    17
    74
    79
    49
   181
    56
    47
    46
   202
   175
    77
   175
    66
    55
     0
     4
     0
     3
     0
     0
    78
    47
   149
    75
    26
    57
    46
    70
    57
    26
    99
    94
    28
    18
    90
    32
    23
    49
     6
     7
     0
     0
     0
     0
    69
    94
   297
   247
    47
    44
   106
   163
   187
    83
    21
    24
    71
    21
    77
    66
    33
    41
    11
     0
     2
     8
     7
     2
    55
    71
    99
   164
    42
    39
    71
    19
   178
    41
    13
    48
    67
   175
    52
    39
    34
    55
     3
     8
    14
     0
     5
     5
    18
    57
   147
   159
    57
    16
    23
    20
    25
    21
   198
    27
   116
    72
    70
   115
    39
    49
     4
     0
     0
     0
     8
     6
    21
   147
   122
   152
    24
    82
    56
    19
    72
    38
    13
    15
    34
    40
   107
    94
    46
    39
    11
     0
     0
    12
     0
     4
    56
   113
    95
    88
    49
    25
    36
    41
    99
    28
    31
    38
    41
    72
   380
   124
    25
    18
     0
     7
     5
     1
     0
     0
    96
   282
   123
    77
    43
    60
    29
    76
    76
    90
    85
    51
    39
    40
   148
   163
    38
    44
     2
     6
     0
     2
    11
     0
    52
    38
   200
    39
    29
    56
    40
    78
    28
    86
    33
   166
    35
    63
   132
   160
     7
   183
     0
     0
     5
     1
     7
     5
    87
    73
   260
    83
    45
    32
    66
    40
    90
    36
    32
    28
    62
   174
   291
    79
    35
    17
     0
     7
     8
     8
     0
     0
    45
    55
   184
   164
    59
    99
    30
   194
    66
    40
    36
    46
    63
    58
    26
    36
    81
    62
    10
    14
     1
     0
     5
     9
    50
   111
   171
   170
    55
    81
    68
    24
    30
    96
   128
    27
    25
   367
   168
   310
   121
    15
    10
     0
     7
     8
     0
     0
    28
    66
   194
    96
    15
    55
     8
    18
    16
    27
     5
    37
    37
    33
    78
    15
    31
    27
     0
     0
     0
     0
     5
     0
    41
   232
   151
    59
    94
    60
    81
    24
    60
    76
   122
    73
    88
    26
    46
    87
    50
    44
     0
     0
     0
     0
     3
     0
    60
   104
   155
   143
    83
    21
    35
    29
    26
    68
    61
    29
    75
   204
   272
    56
   101
    41
     4
     6
     2
     2
     0
     0
    77
    45
   216
   110
    47
    41
   182
    21
    41
    46
   121
    22
    45
   169
    62
   168
    71
    62
     0
     7
     0
    10
     5
     0
    96
   183
   188
   105
    46
    49
    37
    17
    11
    49
    47
    32
    38
    81
   253
    82
    26
    53
     0
     0
     0
     0
     0
     0
     9
   117
   333
   204
    22
    29
    67
    47
    32
    27
    81
    31
    33
    50
   183
    83
    33
    33
     0
     0
     0
     1
     0
     0
    64
   176
   173
    56
    69
    32
    17
   114
    66
    81
    83
    31
    35
   202
    29
   108
    16
    55
     0
     5
     0
    19
     5
     0
   144
    83
   184
    81
    22
    20
    39
    26
    23
    61
    25
    49
    28
    70
    27
    72
    53
   105
     8
     0
     1
     5
     5
     5
    24
    44
   212
   221
    51
    62
    20
   170
    28
    73
    74
    57
    41
    58
   111
    92
    90
    44
     0
     4
     0
     0
     0
     0
    27
   107
   324
    91
    40
    99
   118
   122
    47
    49
    29
    28
    17
   101
    34
    76
    60
    54
     0
     0
    20
     0
     0
     0
    37
   138
   216
   220
    25
    34
    18
    16
    18
    20
    73
    89
    12
    29
   188
   163
    35
    73
     0
    12
     6
     0
     0
     0
    20
    70
   178
   125
    30
    73
    29
    24
    44
    89
    55
    79
    40
    72
    71
    48
    31
    60
     8
     1
     0
     6
     0
    10
   115
    66
   180
    30
    32
    86
    67
    61
    29
    16
    40
   177
    47
   164
   170
   107
    71
    27
     0
     9
     2
     0
     0
     0
    63
    93
    70
    84
    82
    38
    30
    48
   112
    54
    30
    74
    76
    30
    46
    30
    40
    15
     8
     0
     9
    13
     0
     0
    30
   104
   246
    64
    72
    10
   174
    45
    15
    25
    26
    27
    47
    43
   185
   128
    35
    40
     0
     0
     4
     0
    11
     9
   133
   171
   287
   131
    53
    57
    39
    27
    42
    71
   114
    46
    51
    13
   125
   151
    35
    40
     6
     0
     0
     0
     0
     0
    81
   157
   149
   140
    37
    49
    32
    56
    51
    80
    65
    57
    18
    34
   146
   168
    44
    77
     2
     0
     0
     0
     0
     1
   104
   105
    77
   110
    82
    90
    69
    30
   190
    31
    25
    33
    22
    19
    58
    38
    69
    74
     1
     0
     3
    16
     9
     0
   128
   202
    78
   157
    38
    27
    22
    48
    31
    35
    15
    25
    25
    18
    60
    86
    44
    36
     0
     0
     5
     8
     5
     5
    41
   155
   130
   147
    35
    37
    37
    17
    35
    78
    31
   114
    34
    39
    70
   186
    28
    55
     0
    11
    14
     6
     0
     0
    74
    18
   289
   152
    61
    85
    35
    22
    49
     4
    41
    38
    40
    56
   228
    23
    32
    26
     0
     5
     0
     0
     0
     0
    27
    82
   137
   141
    79
    71
    23
    36
    30
    89
    43
    60
    20
    34
   174
   111
    28
    89
     0
     0
     5
     0
     0
     0
   237
    32
    75
   125
    18
    28
    72
    56
    98
    36
    37
    63
    95
    20
   255
   129
    59
    26
     9
     7
     5
    14
     0
     0
    37
   168
   162
   233
    49
    28
    27
    47
    79
    39
    51
    24
    68
    39
    33
   251
   229
    21
     0
     0
     4
     6
     1
     0
    34
   135
   128
    31
    36
    71
    62
     2
    22
    73
    20
    29
    72
    31
    32
   165
    35
    32
     7
     2
     0
     0
     4
     2
    20
    80
   233
   105
    19
    77
    35
    34
    39
    46
    29
    63
    51
   159
    88
    94
    24
    61
     0
     0
     0
     0
     7
     0
    51
    72
    65
   163
    27
    15
    22
    68
   161
    14
    39
    63
    63
    83
    84
   167
    52
    50
     0
     0
     0
     0
     1
     0
    73
   188
   165
    78
    31
    81
    31
    81
    34
    84
    44
    25
    72
    76
    63
    72
    41
    24
    11
     6
     0
     0
     4
     2
    36
   159
    81
    28
    44
    38
    45
    97
    37
    35
    31
    23
    53
    26
    57
   105
    31
    26
     0
     8
     1
     0
     8
     2
    22
   123
   119
   119
    45
    41
    51
     7
    82
    47
    30
    52
   110
     4
   221
   144
    75
    37
     0
     0
     0
     0
     2
     1
    41
    81
   142
   191
    37
    48
    44
    44
    89
    55
    60
    75
   103
    29
    79
   118
    31
   138
     0
     0
     0
     0
    10
     6
     8
    99
   106
   107
    57
    74
    30
    66
    71
    44
     8
    19
   156
    79
    32
    87
    19
    63
     0
     0
     1
     0
     1
     4
    37
   170
   181
    25
    27
    68
    38
    46
   104
    24
    59
    43
    21
    54
    84
   167
    23
    39
     1
     0
     6
     7
     0
     0
    58
    62
   106
   181
    52
    77
    70
    15
    33
    67
    21
    54
    13
    22
   113
   212
    45
    58
     0
    13
     2
     3
     0
     0
    54
   217
   121
   152
    36
    47
     9
    90
   138
     7
   167
    45
    48
    39
    84
    67
    84
    22
     0
     3
     4
     4
     0
     0
    18
   117
   142
    99
    53
    40
    84
    50
    46
    74
    44
    60
    25
    45
   211
   152
    46
    40
     0
     0
     4
     0
     0
     0
    34
   140
   143
   155
    87
    91
    37
    78
    72
    76
    65
    50
   171
   133
    84
    69
    51
    70
     0
     1
     0
     0
     0
     0
   102
    43
   243
   195
    16
    44
    19
    57
    30
    43
    64
    26
   104
    73
    83
   120
    89
   105
     0
     0
     1
     0
     0
     3
    22
   233
   118
   132
    52
    28
    55
    50
    25
    30
    10
     9
    38
    18
   172
    72
    49
   120
     0
     3
     7
     0
     3
     6
    84
   118
    33
    32
    71
    39
    63
    41
    19
    79
    26
    92
    27
    21
    62
   110
   102
    40
     0
     7
     0
     0
     8
     0
    52
   141
   164
   120
    21
    27
    36
    33
    78
    75
    66
   170
    43
    32
   314
    38
    53
    28
     8
     7
     8
     3
     0
     0
    27
   142
   199
   120
    68
    25
    29
    49
    26
    42
    40
    19
    94
   104
   122
    78
    20
    36
     2
     9
     0
     0
     0
     0
    72
   132
    87
    66
    45
    52
    57
    34
    66
    34
    69
    41
    35
    64
    24
   107
    83
    26
     2
     0
     7
     0
     0
     6
    48
   112
   162
   138
    45
    33
    88
    12
    63
    67
    29
    34
    32
    59
   254
    51
    25
    56
     0
     8
     7
     7
     0
     4
    62
   110
   214
   120
    39
    18
    45
    41
    88
    44
   181
    51
    39
    35
    42
   176
   119
    75
     0
     0
     0
     0
     0
     0
    61
   137
    93
    86
    32
    42
    44
    82
    66
    26
    63
    40
    71
    30
    57
   124
    30
    29
     0
     0
     5
     1
    10
     4
    72
    49
   150
   211
    78
    49
    30
    76
    40
    31
    35
    33
    63
     9
   156
    27
    50
    30
     0
     0
     0
     2
     0
     0
   110
   120
   232
   225
    76
     7
    38
   198
    68
    22
    51
   162
    38
    28
   188
   176
   228
    20
     0
     0
     0
     3
     8
     7
    60
    29
    63
    89
    33
    17
    38
   182
    27
    27
    70
    44
    20
    69
    56
    38
    58
    30
     7
     0
     0
     0
     0
     0
   116
    75
   155
    82
    33
    67
    47
    28
    40
    65
    19
    12
    60
    41
    28
   145
    43
    42
     0
     0
     2
     0
     0
     3
    33
   193
   186
   130
    56
    67
   168
    42
    38
    63
    41
    62
    33
    30
   108
    69
    66
    29
     4
     5
     0
    12
     0
     1
    86
   107
   317
   114
    47
    78
    40
    49
    96
    38
    46
   229
    81
    58
   187
    87
    38
    81
     1
     0
     0
     0
     7
     0
    58
     5
   180
   130
    28
    28
    36
    43
    28
    71
   163
    36
    17
   169
   199
    65
    15
    47
     0
     7
     5
     0
     0
     5
    27
    28
   314
    25
    32
    65
    33
   106
    73
    36
    41
   109
    34
   343
    64
   185
    47
    35
    22
     0
     0
     0
     0
     2
    72
   199
   224
    69
    78
    24
    23
    28
    40
   102
   220
    60
    65
   251
    64
   191
    79
    50
     2
     1
     7
     0
     0
     6
    23
   210
   157
   129
    57
    31
    56
    52
   103
    29
    45
    31
    14
    46
    27
    47
    21
    57
     0
     4
     1
     6
     7
     0
    86
   114
    73
    69
    28
    42
    27
    20
    55
    37
    33
    63
    49
   179
    47
   158
   213
    35
     0
     0
     9
     0
     0
     0
    91
    83
   286
   150
    27
    69
    70
   114
    73
    58
   183
   154
    49
    31
    44
   132
    37
    37
     0
     3
     8
     0
     0
     0
    85
    71
   343
   182
    44
    22
    54
    24
    30
    39
    32
   146
    44
    68
    93
    89
   117
    25
     0
     0
     0
     0
     3
    10
    26
   105
   171
   120
    17
    47
    62
    22
    35
    81
    38
    38
    36
    40
    40
    60
    69
    57
     2
     0
     3
     0
     0
     0
   132
   142
   122
    56
    73
    30
    67
    74
    67
   185
    27
    27
    58
    53
    37
   348
    15
    66
     0
     0
     0
     0
     1
     8
    58
   178
   274
   267
    39
    21
    50
    15
    85
   198
    42
    80
   102
    34
    65
    76
    31
    13
    10
     0
     0
     9
     0
     0
    96
    43
   188
   119
    16
    22
    50
    49
    61
   134
    53
    88
    27
    65
    88
    49
    60
    73
     0
     0
     0
     0
     4
     0
    32
    46
   170
   121
    70
    52
    32
    53
    54
    75
    47
    73
    42
    26
   107
   417
    62
    18
     0
     7
     7
     0
     0
    11
    42
   107
   246
    69
    61
    18
    72
    38
    58
    47
    10
    64
    51
    27
   214
   303
    41
   173
     0
     0
     0
     0
     0
     0
    66
   198
   151
   187
   121
    25
    81
    16
    32
    46
    59
    25
    89
   178
    38
    57
    73
    36
     9
     2
     7
     0
     0
     0
    72
    67
   224
   187
    26
    33
    82
    24
    63
    57
    83
    28
    49
    28
    90
    63
    26
    33
     0
     6
     0
     5
     0
     0
    40
   157
   135
   110
   114
    40
    25
    63
    50
    52
    34
    21
    33
    72
    71
    25
    43
    65
    10
     0
     0
     1
     2
     0
    56
    95
   115
   147
    64
     9
    21
    25
    33
   114
    33
    77
    15
    54
   216
   327
    81
    52
     0
     0
     1
     0
     2
     7
    45
   225
   287
    79
    98
    38
    45
    56
    39
    70
    25
   174
    81
   223
    59
   103
    84
    52
     9
     0
     3
     0
     0
     0
    15
    67
   154
    34
    32
    29
    83
    31
   181
    18
    47
    36
    79
    33
    59
   156
    56
    34
     0
     3
     0
     8
     6
     3
    52
    47
   133
   154
    36
    22
    51
    45
    54
    70
    82
    31
    84
    70
    66
   188
    25
    35
     6
     2
     0
     5
     3
     5
    40
   138
   194
    67
    42
    17
    77
    67
    79
   105
    26
    91
    69
    46
   121
   226
    94
    14
     0
     0
     0
     5
     2
     0
    31
   201
    97
   103
    81
    32
    22
    47
     7
    56
    72
    99
    26
    38
    41
    21
    61
    54
     0
     0
     4
     9
     0
     0
   138
    58
   259
    68
    66
    41
    50
   111
    47
    98
    26
     9
    28
    37
    21
    63
    19
    49
     0
     0
     3
     6
     2
     7
   122
    79
   199
   162
    11
    35
    80
   184
    38
    30
    46
    18
    60
    75
   304
   183
    25
    29
     0
     0
     7
     0
     0
     0
    31
   122
   131
   146
    44
    44
    84
    90
    54
    47
    29
    57
    64
    28
   167
   106
    20
    54
     9
     0
     3
     0
     0
     0
    13
    97
   264
    53
    33
    61
    55
    17
    26
    64
    52
    27
    43
   102
   100
    75
    15
    32
     0
     0
     0
     0
     0
     0
    22
   139
   189
   224
    35
    45
   127
    68
    36
   183
    47
    45
    49
    59
   118
    43
    46
    32
     8
     7
     0
     0
     0
     9
   126
   197
   246
   194
    21
    36
    65
    35
    30
   176
    35
    32
    41
    65
   512
   128
   100
    69
     0
     0
     0
     0
     0
     0
    36
   102
   100
   158
    36
    98
    33
    76
    54
    13
    60
    43
    89
    29
    14
   177
    61
    53
     0
     0
     1
     0
     0
     0
   108
    62
   293
    72
     5
    48
    55
    93
    45
    72
    31
    25
    18
    38
   300
    78
    40
    19
    15
     0
     0
     3
     0
     1
    84
   222
    69
   191
    28
    35
    42
    37
    28
   165
    53
    29
    80
    37
    53
    77
    32
    61
     0
     6
     0
     5
     4
     0
    68
    45
   157
   112
    11
    91
    25
    60
    91
    31
   165
    72
   167
    31
   225
   135
    46
    43
     7
     3
     0
     2
     3
     0
    34
   123
   142
    93
    47
    87
    71
    32
    60
    36
    30
   188
    66
    36
   209
    82
    49
    23
     0
     2
     0
     0
     0
     7
    15
   156
   212
   112
    42
    62
    57
    64
    52
    17
   100
   183
    74
    30
   236
   134
   185
    41
     3
     7
     0
     2
     0
     0
    17
   114
   234
   145
    69
    45
    49
   124
    63
    26
   244
    18
    58
   208
    87
    79
    52
    82
     9
     0
     1
     0
     0
     3
    82
    97
   340
   180
    56
    45
    70
    30
   217
    18
   165
    38
    39
    23
   102
    27
    37
    67
    11
     1
     0
     1
     3
     8
    24
   220
    59
   210
    25
    49
    41
    33
    93
    61
    64
    66
    74
   101
    43
    63
    31
    26
     0
     7
     0
     0
     1
     3
    19
   115
   178
   240
   116
    30
    56
    36
    33
    50
    37
    54
    47
    21
   105
   166
   119
    45
     6
     0
     0
     0
     2
     2
    63
    82
   100
    17
    63
    63
   110
    39
   176
    26
    73
    17
    31
    33
    62
    72
    37
    38
     0
     0
     0
     8
     0
     0
    72
    96
   170
   163
    39
    55
    37
    48
    44
    83
    85
    39
    29
    25
   153
    71
    46
    45
     0
     0
     0
     3
     7
     6
    52
   143
   209
   208
    80
    44
    47
    40
    79
    82
    30
    35
    59
    61
   123
   301
    33
    58
    16
     0
    10
     0
     2
     7
    29
   254
   211
   157
   104
    79
    21
    47
   139
    82
   174
    92
    88
    91
    74
    66
    40
    51
     0
     0
     1
    14
     7
    10
    48
    33
   150
   137
    25
    22
    66
    35
    35
    37
    18
    28
   169
   101
    58
   107
    33
   117
     3
     0
     0
     8
     0
     0
    40
    81
   157
   106
    73
    38
    48
    43
    35
   245
    46
    71
    45
    43
    42
    35
    46
    60
     0
     2
     0
     7
     0
     0
    51
   125
   183
    71
    15
    45
    54
    63
    37
    32
    22
    36
    28
    54
   171
    12
    86
    17
     0
     0
     0
     0
     0
    11
    36
   157
   187
   158
   103
    44
    41
    61
    21
    53
    48
    59
    33
    76
   250
   192
    72
   107
     7
     1
     0
     0
     6
     1
    35
   128
    93
   185
    40
    27
   102
    45
    73
    37
    74
    41
    37
    79
    38
    74
    69
    45
     0
     7
     7
     5
     0
     8
   101
   176
   172
   139
    45
    88
    66
    79
    53
    93
    30
    37
    86
   165
    85
    59
    78
    46
     2
     0
     0
     2
     0
     1
    32
   203
   317
   103
    38
    51
    33
    30
    62
    79
    36
    52
    55
    15
   191
    76
    36
    62
     7
     0
    10
     0
     0
     0
    38
   233
   273
   112
    45
   159
    46
    34
   191
    83
    66
    41
    29
    78
   175
   306
    28
    81
     0
     6
     0
     0
     2
     0
    76
   124
   172
    94
    27
   114
    17
    77
   166
    63
    49
    40
    28
    10
    73
    94
   105
    64
     0
     0
     2
     4
     0
     0
    24
    78
   162
    27
    90
    52
    84
    87
    78
    61
   153
   164
    56
    51
    95
   172
    31
    27
     2
     0
     2
     5
     0
     2
    38
    75
    55
   119
    12
    30
    19
    17
    76
    57
    23
    66
    50
    64
   109
    88
    50
    44
     0
     2
    11
     4
     0
     0
    64
   155
   185
    24
    28
    32
    35
    38
    44
    47
    35
    90
    24
    96
   318
   200
    29
    34
     3
     1
     0
     2
     4
     7
    85
   133
   378
    99
    74
    36
    42
    88
    50
    41
    49
     6
    44
   339
    45
   207
    81
    29
     0
     2
     0
     0
     3
     0
    34
   156
   183
   220
   104
    48
   258
    10
    53
    68
    26
   183
   115
    31
   286
   117
    18
    49
     6
     0
     0
     8
     0
     2
   112
    77
   318
    71
    27
    88
    68
    38
    24
    18
    18
   103
    22
    38
    79
    25
    43
    36
     0
     4
     0
     0
     3
     4
    90
   246
   214
   162
    50
    32
   110
    21
    86
    22
    31
    16
    55
    83
   100
     6
    54
    33
     0
     0
     2
     0
     0
     0
    32
    61
   311
   213
    39
    42
    48
    41
    48
    36
   100
    40
    40
    54
   105
    58
    32
    33
     7
    11
     0
     0
     9
     0
     7
    24
    56
   184
    94
    81
    89
    53
    47
    15
    70
    55
    57
    38
    83
   495
    30
    60
    31
     6
     8
     9
     0
     0
     5
    56
   140
   154
   136
    34
    36
    57
    20
    34
    42
    59
    68
    33
    42
   124
    23
    59
   165
     6
     0
    16
     1
     0
     9
     6
   218
   237
   121
    42
    40
    59
    50
   129
    46
    49
    65
    64
    52
    57
    58
    65
    80
     2
    17
     6
     1
     0
     5
    43
   154
   217
   257
    45
    69
    81
   149
    29
    49
    76
   180
    19
    54
    85
   182
    12
   103
     0
    11
     0
     2
     2
    23
    47
   229
   190
    88
    89
    72
    76
    51
    54
    64
    75
    19
    66
    19
   131
    97
    40
    17
     0
     0
     0
     2
     0
     0
    92
    83
   288
    49
    62
    51
    72
    55
    84
    67
    31
    38
    84
    66
    92
   129
    46
    27
     1
     1
     1
     0
     6
     0
   104
   134
   320
   123
    25
    40
    61
    40
    71
    38
    28
    33
    43
    33
    97
    79
    13
    38
     6
     0
    10
     4
     0
     0
    96
   259
   173
    78
    35
    67
    45
    84
    64
    87
    27
    73
    38
    45
    60
    68
    35
    44
     1
     0
     6
     0
     0
     0
    28
    90
   332
   197
    65
    39
    37
   122
    49
    57
    52
    42
    57
    46
   194
   100
    96
    44
     0
    10
     0
     0
     0
     8
    66
   168
   215
    63
    54
    66
    87
    77
    61
    43
    77
    33
    45
    71
    65
    50
   142
    43
     8
     0
     5
     0
     4
     0
    39
   159
   184
    87
    53
    36
    52
    54
    39
    95
    63
    29
    75
   121
    38
    79
    45
    77
     0
     1
     3
     0
     4
     5
    28
    73
   215
   130
    99
    28
    36
    73
    37
    72
    77
    45
    33
    56
   148
    44
    27
    32
     3
     0
     0
     0
     8
     0
   151
   150
   181
   153
    58
    41
    16
    34
    27
    34
    24
    20
    73
    41
    71
    27
    38
    97
     0
     3
     0
     5
     5
     0
    41
   143
   119
   113
    53
    30
    82
    94
    55
    84
    47
    24
    80
    76
    75
    45
    48
    46
     7
     4
     7
     0
     0
     1
    43
    56
   332
   163
    42
    22
    49
    36
    30
    47
   193
    71
   152
    75
   230
    79
    51
    65
     6
     0
     9
     7
     6
     6
    65
   181
   224
    51
    57
    69
    60
   160
    51
   186
    41
    36
    76
    33
   114
   101
   175
    30
     0
     9
    13
     6
     6
     0
    59
   329
   308
    85
    43
    80
    58
    38
    63
    56
    30
    17
    63
   168
   162
   156
    23
    62
     0
     2
     0
     0
     3
     0
    96
   125
   191
   138
   109
   192
    76
   120
    46
    92
    57
    31
    58
   108
   167
    19
    59
    28
     0
     0
     0
     1
     4
     4
   100
    18
   104
   272
    89
    39
    40
    63
    40
    17
    24
    58
    38
    61
    64
   100
    88
    56
     0
     0
     8
     4
     0
     8
    49
    37
   270
   231
    55
   120
    61
    49
   217
    94
    49
    51
    78
   214
    72
    72
   113
   142
     0
     0
     0
     0
     0
     2
    23
    44
   173
   143
    54
    73
    59
    77
    73
   170
    30
    65
    41
    25
   331
    33
    37
    30
     0
     1
    15
     0
     2
     0
    54
   186
   125
    98
    63
    39
    73
    32
    36
    47
    82
    63
    37
    84
   156
   120
   104
    43
     0
    11
     0
    12
     0
     0
    67
   167
   120
   162
    78
    57
    72
    81
    44
   114
   165
    69
    34
    90
   131
    63
    65
    80
     0
     0
     0
     0
     7
     0
    79
   196
   178
   220
    52
    66
   200
    33
   110
    99
   108
    58
    51
    28
    53
   284
    78
    82
     5
     0
     0
     0
     2
     8
    35
   212
   429
   144
    72
   106
    31
    34
   165
    59
   126
    14
    73
    95
   359
    53
    75
    51
     4
     0
     0
     0
     0
     0
    60
   228
   301
   152
    48
   108
    42
    49
    29
    38
    15
    37
    25
    91
    88
    98
    40
    63
     3
     0
     9
     6
     0
     0
    55
    81
   233
    72
    48
   204
   116
    74
    77
    59
    15
    59
    77
    67
    94
   135
    50
   138
     0
     1
     0
     8
     0
     0
    39
   120
   143
    88
    58
    57
    43
    37
    53
    35
    46
    32
    63
   243
   189
   154
    35
    77
     5
     0
     6
     2
     0
     6
    90
    89
    25
   153
    25
    92
    28
   104
    34
    91
    26
    67
    17
   272
    70
   112
    54
    17
     6
     0
     0
     0
     2
     0
    45
   117
   186
   183
    70
    44
    38
    23
    31
    51
    58
    69
    21
    44
    94
    31
    22
    68
     0
     0
     0
     0
     0
     6
    47
   187
   141
   124
    73
    68
    40
    53
    59
    26
    85
    37
    27
    25
   227
    83
    56
    76
     6
    13
    14
     5
     0
     0
    65
    68
   270
   159
    43
    40
    72
    90
    83
    51
    58
    48
   173
    47
   265
    61
    90
   103
     7
     0
     2
     0
     2
    10
    37
   156
   251
   130
    47
    48
    65
    90
    29
    21
   128
    75
    57
    38
    49
   152
    56
    32
     0
     0
     0
     0
     0
     3
    19
    86
   219
   189
    43
    42
    51
    57
    32
    79
    30
   169
    25
    92
   154
    98
    32
    43
     3
     2
     9
     5
     5
     0
    31
   127
   138
    78
    76
    78
    63
    41
    24
    51
   169
    31
    59
   209
    34
    78
   204
    73
     0
    10
     9
     0
     2
     0
    58
   130
   111
   257
    33
    26
    66
    35
    21
    46
    33
    72
    50
   101
   159
    53
   182
    40
     0
     0
    13
     0
     1
     0
    22
   171
   191
   156
    33
    70
    31
    75
    52
    61
    34
    54
    31
    46
   101
    58
   149
    45
     9
    12
     3
     4
     4
     0
    61
   188
   331
   123
    74
   241
    43
    99
   198
    22
    71
    64
    71
    51
   123
   102
    58
   112
     1
     0
     0
     0
    12
     0
    34
   247
   198
   166
   106
   191
    50
    22
    69
   104
   102
    25
    27
    56
   204
   100
    47
   174
     4
     0
     0
     0
    12
     7
    49
   146
   233
   169
    83
    28
    30
    60
    32
    20
    42
   100
    48
    22
    24
    82
    57
    58
     6
     7
     4
     0
     1
     2
    32
   131
   136
    38
    61
     7
    44
   103
    37
   111
    14
    34
    85
   103
   114
   172
   107
    35
     0
     2
     0
     2
     5
     1
    65
   138
   139
   130
    24
   114
    70
    28
    55
    45
    37
    43
    45
    59
    83
   109
    43
    74
     0
     6
    12
    11
     5
     0
    19
   223
   149
   232
    28
    63
    48
   186
    33
    25
    41
    54
    68
    18
   100
    71
   101
    25
    10
     0
     8
     0
     0
     6
    62
   113
   131
   140
    43
    38
    29
    33
   175
    95
    90
    13
    24
    14
    68
    32
    95
    91
     7
     5
     8
     0
     7
     8
    50
   114
   412
   159
    35
    48
    49
    83
   233
    47
    25
    51
    59
    74
   379
    92
    33
    64
     5
     0
    14
     3
     0
     3
    40
   230
   293
   288
    25
    74
    70
    43
    77
    45
    59
    71
    52
    50
    77
   144
    64
    37
     5
     0
     0
     4
     5
     5
    79
   121
   130
    55
    34
    36
    43
    24
    25
    44
    50
    28
    31
    62
   164
    81
    38
    77
     2
     0
     0
     7
     5
     8
    34
   194
   279
    71
    72
    37
    48
    11
    24
    74
   174
    43
    45
    30
   134
    58
    25
    64
     0
     0
     0
     0
     7
     9
    40
   189
    79
    83
    38
    35
    17
    61
    40
    42
   113
    98
    89
    33
   256
   254
    35
    80
     8
     6
    12
     3
     9
    13
    12
   100
   199
    98
    88
    68
    23
    73
    27
    74
    55
    52
    37
    78
    37
    47
    71
    95
     3
     4
     0
     4
     0
     0
    58
    85
   299
   171
    48
    33
    26
    35
    37
   108
    43
    47
    47
    47
   379
    94
    37
    52
     7
     0
     9
     0
     0
    15
    95
   148
   240
   128
    47
    86
   104
    25
    37
    55
   137
    85
    83
   194
   448
   124
    87
    78
     3
     3
     0
     7
     6
     6
   125
   212
   124
    97
    58
    70
    59
    43
    84
    77
    54
   103
    64
    31
    87
   153
    74
    24
     0
     0
     9
     0
     0
     5
    30
   162
   149
   125
    71
    80
    19
    38
    93
    67
    23
    27
    26
    54
   107
    19
    44
    59
     0
     0
     0
     3
    13
     0
    79
   193
   161
   318
    20
    48
    37
    52
    61
    41
   136
    28
   121
   165
   227
   136
    40
    75
     0
     4
     0
     0
     0
     8
    30
    62
   223
   181
    69
    55
    53
    28
    38
    40
    79
   118
   267
    44
     4
   160
   169
    49
    11
     3
     3
     6
     7
     0
    65
   164
   465
    96
   113
    40
    21
    43
    52
    83
    35
    67
   209
    41
    26
   129
    86
    38
    10
     0
     0
     4
     0
     1
    44
   177
   135
    63
    37
   154
    49
    88
    80
   118
    88
    37
    97
   197
   129
    69
    47
    19
     4
     9
     0
     0
    12
     8
   117
   244
   318
   300
    31
    53
    56
    92
    75
    55
    77
    48
    33
    74
   162
   132
    76
    59
     5
     0
     0
     0
     0
     0
    72
   123
   172
   309
    70
    36
    70
    69
    26
   188
    67
    58
    75
    53
   111
   248
    92
    28
     0
     0
     0
     0
     0
     3
    84
   193
   248
   111
    15
   183
    27
    26
    48
    18
    28
    34
    37
   370
   463
   435
    31
     0
     0
