    66
    14
     0
    10
     2
    52
   213
   301
   237
   127
    82
    40
    79
    91
    54
    37
    77
   213
   206
   128
   272
    34
    32
     0
     0
     4
     0
     0
     8
    76
   261
   385
   303
    86
    89
    58
    86
   203
   197
    67
   167
    87
   178
   106
   125
   105
    68
     0
     8
     0
    11
     1
     3
    22
   212
   195
    97
    32
   125
   104
    59
    80
    47
   186
    60
   111
   103
   361
   109
    82
   109
     1
     0
     2
    15
     0
     6
    96
   151
    71
    52
   121
    55
    93
    83
   192
    58
    80
    35
    82
    79
   272
   134
    56
    46
     6
     2
     6
    12
     1
     0
    89
    62
   241
   138
    43
    30
    42
    66
   186
   179
    81
    42
    45
    41
   145
    77
    69
    84
     4
     1
     4
     6
     6
    18
    95
   248
   274
   187
    62
   234
    67
    71
   207
    52
    92
    84
    94
   113
   284
   219
    60
    40
    10
     2
     4
     4
     0
     1
    59
   165
   147
   144
    64
   103
    86
    32
    55
    60
    51
   101
    75
   122
   106
   288
    58
    56
     2
     0
     0
     9
     2
     0
    55
   317
   237
    88
    60
    56
    33
    36
   136
    45
    41
   159
    41
    55
    43
    99
    59
    67
     6
     0
     0
     2
     0
     4
    78
   252
   137
    60
    45
    48
    43
   145
    87
    64
    81
    59
    88
    51
   431
   424
    24
    42
     3
     0
     0
     3
     3
     0
    60
   132
   266
   160
   118
   100
    65
    91
    30
    89
    46
    48
    60
    37
   143
   195
    98
   101
     0
     5
     0
     5
     0
     8
   154
   292
   327
    84
   239
    85
   108
    68
    57
   186
    65
    47
    30
    41
    87
    93
    63
    64
     0
     0
     1
    20
     2
     1
    69
   186
   436
   125
    89
    48
    45
    93
    22
    55
   101
    72
    43
    36
   104
    88
    36
   123
     0
     9
     2
     3
     9
     2
   157
   152
   329
   325
    56
   267
    69
    52
    67
    87
    96
    79
   249
   312
    95
   269
    81
    57
     0
     0
     0
     7
     9
     0
   165
   186
   381
   411
    69
    91
    94
   124
    56
    89
   104
    67
    46
    70
   385
   164
   153
    52
     7
     0
     0
     0
     3
     0
   142
   196
   320
   207
    77
    55
    43
    83
    48
    75
    61
    45
    92
    41
   181
    91
    29
    58
     0
     5
    14
     6
    10
     0
    56
   168
   272
   134
    42
    49
    43
    73
   139
    99
   105
    76
   100
   147
   209
    84
    70
    60
     9
     0
     2
     5
     0
     0
    62
   127
   282
   127
    87
    56
    57
    91
    56
   190
    74
    50
    87
   355
   125
    90
    50
    43
     4
     0
     5
     0
     0
     5
   142
   210
   179
    52
   101
    33
    75
    59
   105
   258
    71
   211
   152
   346
    89
   102
   222
   146
     3
     0
     1
     3
     2
     0
   102
   193
   325
   184
    98
    85
    34
    49
    60
   139
    30
    85
    48
    79
   148
   152
    35
    34
     0
     1
     7
     9
     0
     0
    43
   142
   225
   162
    95
    58
    76
    74
    91
    55
    57
    48
    60
   192
   137
   122
   151
    63
     5
     5
    15
     0
     0
     0
    88
   336
   395
   323
   114
    62
   116
   121
    43
   204
    70
   157
    85
   151
   171
   101
   139
    93
     0
     0
    11
     6
     5
     0
    88
   187
   121
   161
    94
   144
    59
    37
    53
    63
   101
   195
    40
    87
   101
   143
   208
    54
     1
     0
     0
     0
     1
     0
    66
   185
   161
   248
   267
    59
    53
   223
    76
   120
    88
    30
    86
    47
    91
    41
    62
    37
     0
     0
     3
     0
     0
     0
    70
   180
   247
   134
   192
    86
   125
    46
    48
    95
   107
    29
    69
   204
    55
    90
    46
    67
     6
     0
     4
     0
     9
     6
    80
   227
   152
   195
    49
   124
    49
    33
    87
    82
    82
    24
    94
   177
    89
   152
    46
    63
     2
     4
     2
     0
     0
     6
    75
    61
   352
   144
    75
    60
    52
    81
    31
    97
    59
    71
    57
   238
   237
   162
   137
   165
     1
     0
     3
     0
     0
     7
    62
   290
   318
   174
   110
    90
   100
   115
    91
    97
   176
    76
    83
   130
   104
   295
    30
    69
     3
     4
     6
     0
     7
     8
   107
   357
   240
   277
   102
    80
    84
    73
   104
   107
   265
   141
    58
    91
    29
    45
   168
    70
     0
     4
     1
     0
     0
    13
    30
    96
   256
   131
   112
    83
    64
   108
    86
    94
    92
     6
    37
   123
   164
    73
    70
    44
     0
     0
     0
     1
     8
    10
    65
   117
   361
   189
    69
    40
   239
    52
   123
    34
   237
   101
    61
    40
    80
   155
    83
    52
     5
     5
     3
     0
     2
     1
    67
   181
   266
   154
    68
    34
    64
    59
   123
   357
    36
    33
    74
    72
    97
    83
    83
    56
     1
     0
     0
     0
     0
     0
    98
   194
   302
    32
   111
    46
    26
    50
    50
   198
   150
    70
    88
   470
   314
   402
    37
    77
     0
     4
     6
     0
     7
     0
    87
   124
   512
   313
    36
   110
    70
   126
    34
    46
    48
   215
    60
    57
   130
   207
    74
    91
     0
     0
     6
     7
    12
     0
    47
   280
   235
   184
   157
    89
    60
    55
    74
   105
   100
    63
    89
    97
    62
   179
    49
   125
     2
     8
     0
     1
     0
     0
    74
   214
   446
   207
    77
    76
    69
    87
    48
    85
    63
    54
    78
   129
   382
   212
   173
   262
     0
     5
     5
     0
     6
     0
    36
   170
   301
   248
    38
    43
    53
    52
    59
   189
   185
    63
    58
    45
   180
   189
    43
   106
     8
     0
     4
     0
     2
    10
    84
   265
   286
   389
    44
    40
    59
    63
    47
    52
    94
    59
    40
   100
    73
    47
    95
    28
     0
     0
    10
     9
     4
     3
   178
   108
   219
   100
    34
    51
    44
    62
   242
    61
   115
    26
    27
   232
   151
   106
    56
    89
    18
     8
     0
     0
     0
     4
    55
   178
    69
   250
    55
    47
    55
    32
    97
   181
    70
    76
    58
   250
   436
    30
    44
    60
     0
     2
     7
     5
     8
     0
    75
   129
   268
    62
    98
    74
    60
    43
    80
    49
   255
    60
    67
    72
   172
   139
   209
    23
     3
     9
     9
     2
    15
     6
    56
   252
   198
   122
    95
    75
   108
    97
    85
    76
    34
    56
   100
    52
   221
   128
    48
   122
    16
    10
     0
    10
     8
    12
   123
   259
   408
   162
    46
   187
    69
   272
    92
    84
    93
   168
    46
   185
   145
    88
    94
    79
     0
     0
     8
     0
    10
     6
    47
   194
   188
   214
    44
    52
    38
   145
    66
    33
    49
    74
    42
    57
   262
   185
    58
   106
     0
    10
     7
    12
     1
     5
    55
    42
   111
   178
   142
   112
    72
    66
    76
   211
    41
    41
    58
   186
    79
    52
    50
    26
    19
     9
     0
     2
     0
     0
   123
   224
   135
   110
    56
    51
    60
   139
   169
    51
    55
    77
    77
   115
   115
    96
    89
    45
     4
     0
     1
     0
     0
     3
    50
   184
   136
   141
    88
   109
    40
    63
    52
    69
    32
    91
   133
   235
   208
   191
   191
    59
     1
    11
     1
     0
     7
    11
    85
   167
   345
   160
   109
    29
    54
    66
   206
    58
    50
   201
    87
    82
   219
   123
    79
    21
    13
     0
     0
     0
    15
     6
    86
   279
   256
   233
    74
    70
   179
    45
    68
   102
   134
    29
   103
   103
   139
   140
    63
   236
     3
     2
     0
     0
     5
     3
   122
   294
   304
   277
    83
    44
    36
   131
    66
    51
    45
    70
    45
   127
    99
   247
    34
    93
     0
     3
     0
     0
     8
     0
    77
   134
   353
   172
    25
    37
    42
    45
    42
   120
    82
   111
    48
    37
   162
   198
    78
    35
    10
     0
     0
     0
     1
     2
    68
   141
   170
   166
    65
    42
    53
   159
    76
    70
    82
    83
    68
    74
   240
   124
    51
    59
     0
     0
     0
     5
     7
     3
    48
   169
   378
   192
   128
    65
    54
    37
    33
   194
    75
    65
    84
   115
   216
    86
    97
    48
     0
     0
     0
     8
     0
     6
   193
   204
   139
   252
    54
    75
   103
    70
    32
    48
    56
   107
    33
    79
   241
    69
    42
    37
     0
     0
     2
     8
     3
     5
    53
   191
   181
   250
    54
    83
    74
    88
    64
    86
    56
    82
   234
   152
   119
   207
    48
   184
     1
     8
     1
     0
     2
     8
   117
   238
   336
   108
    62
    68
   101
    88
    72
    46
    69
    31
    87
   106
   292
   126
   144
   115
     0
     8
     3
     3
     0
     0
   104
   223
   191
   181
   136
    68
    61
    55
    82
   155
    86
    45
   104
    40
   176
   237
   100
    72
     5
     9
     0
     5
     0
     0
    35
   213
   203
   221
    88
    31
    56
    97
    82
    61
   109
    56
    57
    69
    35
   114
   105
    61
     5
     6
     0
     6
     5
     4
    95
   153
   243
    36
    78
    28
   133
   100
    76
    77
    46
    80
   111
   197
   451
   189
    34
    52
     0
     6
     6
     4
     0
     0
    72
   140
   249
   127
    55
   107
   114
    57
    55
    49
    54
   191
   229
   200
   212
   370
    45
    43
     0
     0
     0
     0
     4
     7
   103
    73
   326
   169
   101
    46
    92
    52
    37
    79
    99
    47
   111
    53
    50
    41
    86
    57
     0
     0
    14
     8
     0
     0
    58
   107
   384
   266
    67
   109
   263
   110
    53
    99
   217
   111
    91
    90
   192
    93
    66
    91
     0
     4
     0
     0
     0
     7
    58
   240
   391
   161
   145
    73
    83
    75
    40
    82
    96
    96
   141
   231
   146
   187
    61
   110
     7
     0
     4
     0
     0
     2
    88
   292
   352
   172
   105
    69
   153
   105
    88
    59
    61
   105
    91
    71
   274
   225
    46
   119
     0
     5
     5
     0
     6
    14
    37
   207
   174
   161
   106
    30
    39
    91
    42
    97
    51
    45
    65
   186
    27
   371
    52
    58
     7
     2
     0
    12
     1
     0
   119
   131
   215
   102
    99
    53
    50
   271
    46
    73
    81
   125
    83
   233
    58
   108
    39
   106
     0
     0
     5
     4
     1
     2
    73
    90
    99
   257
    40
    68
    57
    32
    53
    46
    37
    35
    73
    93
   100
   101
    56
    61
     6
     3
     0
    14
     5
     1
    48
   287
   213
   249
    62
    82
   112
    97
    85
   151
    75
    88
    15
   155
   136
    73
    94
    65
     0
     0
     6
     1
     0
     3
    42
   180
   282
   107
   124
    36
    37
    42
    64
    49
    77
    79
   100
    48
   186
    54
    18
    76
     0
     0
     2
     0
     0
     0
   158
   163
   204
   218
   110
    93
   195
    37
   125
    57
    71
   110
    96
   432
   462
   101
    63
    68
     9
     0
     2
     9
     6
    13
   169
   177
   346
   193
    54
   285
    60
    57
    73
    81
    51
    23
    93
    98
   169
   277
    82
    58
     0
     0
     0
     6
     0
     3
    31
   161
   255
   246
    67
   162
    60
    79
    58
   111
    47
    42
   132
   102
   238
   125
    41
    36
     1
     2
     3
     5
     7
     7
   116
   237
   416
   297
   142
    49
    96
    62
    59
   167
    45
    36
    83
   234
   130
   101
    53
   100
     3
     0
     6
     8
     0
     0
    71
   163
   120
   390
    68
   138
    88
    30
    33
    45
    52
    78
    77
    46
   120
    85
    65
    45
     5
    10
     0
     8
     0
     0
    42
   227
   296
   139
   133
    46
    80
    36
    37
   136
   114
    21
    62
    61
   195
    45
    70
    73
     7
     8
     6
     2
     0
     1
   161
   225
   310
   270
    26
    68
   245
    56
    82
    26
    72
    32
   124
    49
    89
    43
    36
    34
     1
     9
     5
     2
     1
     0
    84
   252
   434
   150
   182
    46
    53
   151
    27
   210
   187
    57
    48
   256
   106
   162
    64
    71
     7
     0
     1
    13
     0
     6
    25
   240
   365
   530
    72
    65
   160
   125
    84
    95
    37
    72
   110
   353
   257
   147
   140
    75
     0
    10
    12
     8
     7
    10
    61
   112
   249
   136
    30
    52
    99
    59
    46
    40
    14
   105
    51
    81
    93
   208
    92
   119
    15
     2
     0
     0
     0
     2
    56
   106
   214
   170
    26
    43
    75
    42
    91
    52
   118
    53
    42
    66
    98
    46
    41
    73
     7
     7
     0
     3
     7
     3
    62
   197
   169
    93
    78
    84
   216
    39
   120
    60
    56
    85
    43
    93
   226
   121
    91
    73
     0
     7
     6
     7
     0
     0
    81
    61
   131
   156
    66
    48
    29
    80
    50
   229
    83
    62
   166
    66
    60
    62
    41
    89
     4
     7
     2
     0
     5
     0
    34
   154
   200
   131
    88
    63
    52
    89
    97
    71
    84
    42
    48
   117
   113
    66
    31
    65
     6
    11
     2
     0
     7
     9
    58
   154
   274
   181
    67
    45
    84
    47
    33
    63
    80
    91
    93
    70
   150
   170
    52
   134
     0
     2
     3
    11
     7
     0
    89
   258
   298
   212
   120
   124
    72
    61
    72
   181
    55
   148
    62
    85
   145
    73
    41
    67
     2
     0
     9
     3
     0
     0
    72
   232
   262
    82
   191
    59
    83
   118
    38
   184
   104
    70
    70
    59
   122
   117
    52
    57
     0
     6
     2
     2
     0
     0
   133
   292
   215
   145
    76
   212
    20
    32
    50
   144
    84
    62
    83
    27
   127
    86
    58
    66
     4
     4
     9
     0
     0
     0
   104
   169
   325
   242
   115
    76
    87
   101
    47
    30
    62
    87
    64
   235
    75
   127
    39
   103
     6
     1
     4
     0
     4
     0
   107
   161
   507
   173
    25
   103
    59
   146
   120
    52
   162
   130
   141
    44
    87
   150
    47
    39
     0
     0
     8
     1
     0
     3
    53
   301
   176
   166
   125
    64
    59
   205
   112
    46
   216
   144
    84
    95
    49
    96
   182
    49
     3
     5
     0
     3
     2
    13
    78
   296
   302
   221
    67
    72
   122
   119
    54
    91
    76
    65
    96
   115
   286
   109
    69
   164
     2
     3
     0
     1
     9
    85
   141
   186
   263
    95
    37
   144
    47
    54
   106
    92
    58
   109
    60
   249
    72
   114
   112
     0
     0
     6
     2
     0
     1
   109
   246
   227
   137
    37
   102
    73
   113
   223
    69
   111
    39
    58
    79
   102
    49
    42
    78
     4
     0
     0
     2
     0
     3
   105
   169
   242
   120
    63
    48
   202
    83
    51
    42
    72
    58
   102
    41
   162
    86
    87
    93
     0
     0
     0
     0
     0
    15
    82
   180
   276
   197
    41
   147
   203
    45
   115
   104
    70
    71
    82
   132
   234
   308
    63
    48
     0
     4
     9
     0
     2
     7
    75
   172
   298
    45
    44
    57
    51
    51
    43
    40
    94
    49
    61
   266
   277
    98
    54
    62
     0
     7
     0
     5
     0
     3
   124
    93
   347
   214
    44
   111
    27
    51
    74
   215
    45
    46
    51
   114
   300
    61
    86
    62
     6
     0
     8
     3
     0
    11
    28
   169
   347
   126
    51
    88
    84
    46
   274
   214
    66
    49
   132
    61
   216
   119
    70
    94
     6
    16
    10
     0
    11
     0
    76
   105
   140
   172
    77
   107
    57
   131
    76
    68
   113
   154
    60
    71
   252
   122
    42
    81
     5
     9
     0
     0
     3
     0
    38
    83
   197
    70
   118
    39
    56
    85
    92
    78
    47
   224
    46
    63
    32
    80
    56
    50
     2
     0
     0
     7
     0
     0
    72
   212
   273
   238
    39
    50
    44
    55
    70
    71
   103
    80
   112
    80
   118
    15
    78
    71
     0
     2
    16
     0
     0
     0
    63
   297
   273
   276
   222
    41
    82
    96
    85
    31
    90
    38
    48
    60
    94
    63
   138
    49
     1
     0
     5
     0
     1
     3
    44
   143
    98
   218
    67
    98
   101
    89
    82
    78
   240
    52
    92
    52
   360
   275
    71
    45
     7
     0
     0
     0
     0
     6
    56
    94
   178
   126
    54
    25
    47
    97
    52
   123
    47
    63
    93
    89
    85
    57
    50
    42
     5
     5
     0
    14
     0
     0
    79
   212
   531
   166
    66
    33
    70
    70
   119
    47
   193
   130
   105
    47
   103
   109
    61
    55
    13
     3
     8
    10
     3
     0
   155
   326
   258
   275
    80
    74
    67
    87
    58
    43
   105
   101
    77
    47
   194
   124
    68
    79
     0
     9
     0
     2
     0
    12
    87
   217
   196
   188
   105
    83
    44
    80
    75
    49
    56
    63
    42
    40
    34
    81
    57
    91
     3
    18
     0
     0
     6
     1
   130
   195
   335
   226
    90
    42
   194
    81
    90
   141
    47
    41
    43
    46
   191
   304
   108
   125
     0
     7
     2
     2
     0
     4
    56
   272
   167
   194
   100
    41
    35
    39
    56
    16
    92
    29
    57
    89
   112
   137
    82
    61
     9
     1
     0
     6
     0
     0
    76
    75
   198
   207
    36
    89
    63
   116
    49
    75
    75
    98
    37
   125
   118
    97
    82
    77
     5
     2
    14
     6
     0
     0
    51
   349
    24
   225
    66
    64
    44
    41
    32
    32
    92
    37
    38
    28
   129
    50
   104
    73
     8
     2
     0
     0
     2
     0
    62
   260
   391
   195
   209
   112
    64
    66
    56
   267
    60
   125
    69
    50
   281
   343
    79
   117
     9
     4
    13
     6
    15
     4
    42
   423
   286
   169
    74
   114
    84
    72
    39
    79
    72
    53
    98
   190
   230
    85
    75
    61
     0
     3
     8
    10
     1
     0
    53
    84
   287
   110
    72
    41
   174
    38
   103
    69
    74
    56
   227
    53
   160
   135
   238
   114
    14
     0
     0
     1
     0
     5
    41
   114
   314
   141
    33
    45
   100
    44
    38
    57
    36
    31
    74
    29
   116
   118
    79
    60
    10
     0
    13
     1
     0
     0
   118
   158
   169
    97
    61
    55
    37
    30
    60
    73
    84
    33
    48
   133
   162
   197
    43
    97
     0
     7
     0
    14
     9
    10
    65
   188
   260
   252
    94
    51
    52
   199
    58
    36
    26
    65
    66
    94
   206
    59
    51
   108
     5
     1
     7
    11
     7
     0
    53
   164
   229
    53
    73
    54
    56
   121
   243
    31
    25
    36
   101
   189
    43
   117
   124
    54
     5
     8
     0
     6
     1
     2
   157
   356
   336
   176
   106
    55
    53
    38
    58
   102
    79
    57
    37
   174
   223
    92
   207
    52
     7
     8
     0
     5
     5
     8
   133
   120
   281
   238
    38
    67
    40
    78
    97
    41
   175
    35
    29
    47
   274
   284
   117
    68
     6
     0
     0
     0
     4
     0
    47
   169
   361
   198
    57
    30
    30
    77
    19
   114
    70
    73
    60
    30
   123
   174
    65
   113
     7
     0
     5
     0
     1
     0
    34
   126
   198
   373
    47
    50
    99
    40
    60
    98
   118
    71
    46
    83
   175
    43
    36
    68
     8
     2
     0
     0
     0
     0
   100
   217
   324
   102
    44
   101
    47
    96
    85
    96
    24
    83
   117
    68
    38
   141
    29
   138
     0
     0
    15
     3
     6
     3
    89
   200
   394
   131
    25
    57
    46
    34
    34
    76
   121
   203
    95
   173
    34
   230
    34
    86
     9
     0
     9
     4
     0
     5
    30
   124
   184
   122
    50
    59
   107
   111
   111
   346
    32
   231
    63
    23
    84
   195
    56
    42
     0
     0
     0
     6
     8
     8
    68
   210
   206
   118
    43
    62
    43
   129
    74
    87
    80
    44
    73
    63
   110
   135
    74
   112
     0
    15
     0
     1
     0
     9
   132
    99
    80
   193
    61
    74
   120
    93
    53
    56
   109
    65
    63
    78
   123
   136
    34
    58
     0
     6
     0
     0
     2
     0
    31
    73
   236
   177
    72
   232
    46
    32
    22
    65
    72
    40
    65
    57
    95
   189
    24
    44
     6
     1
     3
     0
     0
     4
    40
   195
   168
   132
    76
    50
    81
    23
    27
   219
    89
    82
   234
    88
    41
   198
    44
   148
     2
     2
    15
     0
     3
     0
    45
    95
   264
    96
    55
    44
   137
    34
    26
   111
    95
   112
    87
    58
   264
    23
    98
    29
     0
     0
     3
     0
     0
     3
   109
   276
   272
   192
    37
   144
    65
    85
    93
    49
    55
    81
    88
   205
   145
   110
    44
    49
     0
    16
     0
     0
     0
     2
    44
   250
   286
    60
    34
    94
    87
    57
    35
    50
    62
    45
   178
    80
   143
   243
    42
    80
     2
     8
     7
     0
    10
     0
    76
   179
   337
   239
    60
    76
   113
    85
    91
    44
   190
    68
    57
   342
   138
   134
    54
    76
     0
     3
     6
     5
     2
     5
   139
   372
   302
    53
    40
    54
    54
    94
   112
    79
    85
   134
    54
    66
   101
    86
    72
    52
     4
     8
     0
     0
     0
     4
    78
    63
   498
    59
    95
    44
    92
    78
    42
    98
    39
    77
    41
    61
   222
   233
   113
    48
     3
     0
     3
     0
     0
     0
   124
   200
   251
   150
    38
    32
    59
    56
    43
   171
    43
    64
    35
    36
   106
   116
    84
    57
     1
     0
     3
     0
     2
     0
   122
   168
   147
   163
    45
    42
    34
    94
    31
    68
    57
    83
    49
    78
   152
   187
    66
    55
     5
     0
     1
     0
     6
     1
   104
    89
   139
   119
   115
    80
    76
    65
    32
   122
    42
   147
    54
    46
    69
   186
    82
   107
     4
     7
     0
     0
     0
     0
    39
   178
   259
   232
   115
    74
    27
    70
    46
    48
    57
    81
    78
   126
    78
   219
    55
    78
     7
     0
     2
     0
     9
     9
    64
   299
   201
   240
    76
   118
   112
    80
    74
    78
    44
    54
    43
   115
   122
    97
   151
    59
     3
     0
     0
     0
     0
     0
    82
   126
   139
   310
    63
    80
    62
    62
    84
    66
    54
    61
    41
   285
   255
    50
    36
    76
     2
     1
     0
     5
     6
     2
    27
   173
   179
   294
    73
    63
   102
    30
   102
    72
    32
    44
    64
    85
    80
    70
    52
    81
     0
     8
     5
     1
     0
     0
    53
    70
   237
   219
    19
    39
    57
    43
    65
   169
    51
    76
    62
    53
   237
   149
    58
    68
     0
     2
     3
     2
     0
     0
   120
    76
   141
   310
    69
   105
    51
    40
   196
   127
    78
    47
    37
    76
    73
   126
    37
    42
     6
     6
     4
     4
     6
     6
    69
    87
   352
   122
    43
   127
    36
    46
    32
    43
    87
    54
   124
    19
    85
   144
    45
    39
     1
     0
     0
     5
     0
     0
    94
   224
   288
    73
    61
    94
   113
   234
    71
    81
    76
    59
    40
    73
   127
   139
    62
    39
     4
     3
     0
     4
     0
     0
   127
   106
   335
   175
    59
   111
    64
    60
    71
   102
    73
    37
    72
   226
   224
   231
    68
    46
     8
     9
    11
     1
     0
     0
   133
   335
   313
   225
    32
    39
   111
   204
    89
    88
   122
   106
    78
   198
   163
    15
    60
    79
     6
     0
     0
     1
     4
     0
    62
   259
   191
   171
    60
    37
    73
    66
   127
   172
    62
    98
    48
   113
    77
   221
    35
    55
     0
     1
     0
     0
    11
     3
    43
   169
   473
   217
    52
    30
    93
    88
    67
    78
   124
    82
    26
    59
   150
    90
   104
    45
     0
     0
     0
     0
     4
     0
    82
    64
   101
   253
    56
   139
    37
   116
    35
    69
    41
    39
    33
    96
   217
    73
    51
    44
    11
     0
     8
     0
     0
     2
   152
   121
   318
   184
    73
    79
    96
   170
    92
    91
   180
    20
    57
    43
   110
    86
   197
    59
     2
     0
     4
     0
     0
    11
    40
   178
   166
   123
    48
    39
    35
    80
    49
   185
    48
    47
    29
   213
   433
   100
    65
    36
     5
    13
     0
    10
     0
     3
    96
   122
   245
   125
    66
    96
   103
    68
    81
    71
   106
    92
    32
    80
    55
   264
    65
   103
     0
     5
     5
     0
     0
    12
   112
   240
   357
   189
   112
    79
    32
    55
   110
    57
    34
    78
    70
   102
   242
    88
    59
    82
     6
     0
    16
     8
     0
     7
   148
   257
   345
    93
   114
    99
   253
    36
   103
    62
    78
    37
    68
    75
    58
   107
    46
    93
     9
     0
    10
    11
     3
     0
   115
   255
   331
   223
    39
    21
    45
    90
    30
   116
    56
    44
   142
    37
   100
   224
    90
    71
    11
     0
     0
     6
     0
     0
    72
   127
   117
   235
    47
    60
    96
    49
    31
    34
    69
    56
    65
   106
   244
    92
    97
    41
     6
    11
     0
     0
     6
     0
    80
   116
   135
   313
    92
   142
    45
    40
   101
    46
    59
    59
    50
    54
    84
   115
    66
    25
     8
     0
     6
     0
     2
     0
    94
   212
   250
    92
    87
    14
    48
    22
    50
    80
    39
    74
    51
    67
    74
    23
    51
    95
     4
     4
     3
     0
     0
    11
   105
   142
   208
   332
    49
    86
    67
   199
   188
    99
    57
    59
    88
   136
   103
   216
    96
    84
     0
     2
     0
     6
     2
    13
   130
    82
   239
   231
    67
    65
    64
    92
    55
    92
    92
   220
    65
    91
    74
   120
    47
    31
     0
     5
     0
    12
     0
     0
    41
   109
   182
   165
    90
    66
    32
    75
    71
    79
    40
    72
    45
   105
   253
   115
    50
    54
     2
     7
     0
     0
     3
     0
    36
    97
   124
   135
    85
    66
    59
    53
    57
    50
    51
   141
    54
   166
    86
   289
   108
    88
     4
     9
     7
     0
     1
     8
   117
    79
   116
   170
    85
    47
    37
    33
   133
    40
    81
    52
    59
    27
    80
    78
    63
    39
     0
     0
     0
     7
     3
     3
    43
    36
   135
    95
   101
    58
    23
    44
    74
    86
    34
    31
    52
    27
    91
   402
    55
    48
    17
     0
     4
     0
     6
     0
    38
   132
    65
   158
    73
    59
    28
    34
    38
    60
    89
    51
    31
    35
    78
    39
    57
    73
     9
     7
     2
     0
     0
     0
   143
   173
   109
   256
    41
    63
    47
    95
    81
    78
   159
    93
    57
   176
   100
   107
    69
    38
     0
     0
     0
     9
     0
     0
    65
    79
   325
   243
    47
    66
    56
    55
    39
    96
   205
    34
    92
   109
   134
   289
    91
    89
     3
     3
     6
     0
     0
     3
    88
    77
   235
   177
    34
    35
    74
    27
    60
    35
    91
    43
    66
    94
   198
    79
    37
    33
     0
     0
     0
     0
     0
     6
    85
   120
   260
   187
    31
    91
    37
    93
    69
    85
    71
    63
    60
   220
    84
    26
    16
    40
     0
     1
     0
     2
     4
     9
    31
   139
   525
   154
    68
    37
    47
    39
   129
    61
    34
   140
    32
    53
   102
    42
    49
    47
     0
     2
     0
     3
     6
     0
   130
    38
   118
   133
    80
    34
    27
    93
    80
    48
    49
    46
    90
    47
   204
   225
    26
    33
     0
     0
     0
     0
     0
     0
    46
    55
   285
   222
    59
    77
    59
    17
    51
    59
    62
    82
    26
    51
   154
    85
    53
    68
     0
     4
    10
     3
     5
     0
    51
   184
   199
   263
   109
    76
    73
    38
    45
    62
   153
    50
    51
   178
   233
    47
    92
    85
     3
     9
     3
     0
     0
     2
   149
   269
   200
    80
    31
   225
    90
    41
    63
    94
   107
    78
    67
   109
    80
   130
   109
    72
    16
     0
     0
     0
     0
     0
    77
   225
   179
   244
    58
    43
    44
   128
    61
    39
    72
    57
    39
    20
   102
   238
    61
    77
     7
     3
     0
     2
     2
     4
    24
    98
   318
    85
    50
    50
    59
   194
   115
    49
    42
    83
    41
    41
   111
   210
    34
    63
    11
     7
    14
     8
     0
     7
    54
   209
   135
   172
    59
    82
    57
    47
   145
    41
    26
   226
    16
    40
   136
    90
    49
   193
     7
     4
     0
     0
     0
     0
   119
   175
   483
   112
    45
    42
    39
    58
    43
    91
   195
    96
   126
    37
   100
   114
    52
    52
    12
     8
     0
     0
     3
     8
    56
   142
   230
    77
    23
    44
    46
   188
    32
    36
    58
    37
    56
   129
    79
   169
   139
    34
    16
     1
     0
    10
     1
     3
   111
   114
   284
   275
    60
    36
    26
   221
    40
    76
    48
    38
    60
   229
   108
    82
    43
    98
     0
     0
     0
     0
     9
     0
    98
    91
   264
   166
   104
    48
    63
    72
    52
   167
   180
    48
    98
    99
    74
   104
    25
    78
     4
     0
    16
    20
     0
     0
    92
   244
   242
   169
    29
    54
    37
    80
    23
    46
    65
    47
    64
    35
   198
    73
    48
    79
     4
     0
     0
     5
     8
     7
    57
   141
   187
   120
    87
    41
    17
    58
    40
   165
    63
   220
    72
    38
   277
    40
    77
    27
     9
     2
     4
     6
     3
    11
    61
    92
   297
   153
   130
    49
    21
    58
    37
    37
    99
    35
    41
    59
   136
   209
    33
   161
     0
     1
     0
     7
     6
     0
   136
   186
   322
   186
   109
    33
    27
   181
    23
    74
   100
    67
    88
    30
    38
    65
    47
    51
     4
     0
     2
     1
     3
     0
   121
   113
   332
   144
    35
    40
    77
    68
    56
    78
    59
   100
    43
    19
   210
    60
    49
    80
     8
     0
     5
    11
     8
     3
    79
   138
   271
   131
   145
    47
    62
    75
    42
   128
    54
    72
    63
    41
   179
   101
    40
    66
     3
     0
     0
     6
     8
    10
    45
   121
   277
   128
    92
    58
    36
    51
    69
    38
    38
    72
    43
   126
   271
   358
    66
    89
     0
     2
    10
     6
     0
     6
    71
   140
   241
   132
    28
   116
    35
    45
    42
    23
    42
    71
    80
    43
   101
    86
    80
    56
     1
     0
     0
     6
     2
     3
    27
   103
   136
   103
    44
    57
   105
   142
    47
    41
   102
    44
    25
    23
    28
    48
    50
    85
     1
     1
     2
     8
     0
     0
    84
   119
   210
   154
    79
    36
    30
    51
    96
   102
    20
    63
    20
    33
   282
   106
    59
    78
     0
     2
     0
     1
     3
     6
    37
   202
   180
   208
    60
    59
    51
    48
    38
    48
   224
    43
    34
    60
   142
    76
    52
    48
     6
     3
     0
     4
     4
     5
   119
   144
   297
   129
    44
    53
    51
    73
    60
    79
    44
    74
   102
    23
    68
   136
    71
    39
     3
     4
    10
     0
     9
     0
   102
   240
   233
   187
   177
   110
   117
    75
   119
    37
    60
    25
    25
   100
   453
    54
    85
    35
     0
     0
     3
     0
     4
     2
   140
   102
   152
   201
    28
    84
   138
    79
    83
    23
    36
   153
   242
   108
   261
   169
    26
   107
     0
     3
     0
     0
     0
     5
   103
   124
   325
    53
    36
    52
    54
    36
    37
    19
    70
    17
    45
    65
    69
    30
    56
    20
     4
     0
    14
     5
     5
     0
   112
   195
   230
   175
    68
    87
    16
    76
    51
    25
    36
    79
    37
    87
    63
   101
    47
    17
     0
     0
     2
     0
    12
     3
    56
   178
   282
   178
   208
    52
    19
    65
    89
   201
    47
    30
    52
    33
    44
   104
    66
    44
     0
     0
     9
     7
     0
     3
    51
   172
   194
   169
    59
    46
    23
    32
    58
    54
    92
    66
    71
    69
   148
    77
    71
    48
     0
     0
     8
     5
     0
     2
    54
    70
   119
   122
    95
    35
   209
    51
    75
    56
    55
    53
    39
    61
    82
   308
    50
    46
     0
     1
     4
     0
     7
     0
    40
   132
   170
   123
    80
    65
    37
   102
    82
    76
    52
    82
    69
    48
   116
   143
    58
    61
     0
     5
     4
     0
     3
     7
    63
   131
   181
   189
    60
    46
   205
    77
    80
    30
    61
   108
    87
    78
   184
   312
   132
    42
     0
     0
     2
     0
     5
     0
    57
   168
   174
   214
    44
    29
    80
   204
    45
    45
   207
    41
   201
    37
   122
   127
    32
    42
     5
     7
     0
     9
     8
     0
    66
   123
   228
   204
   111
    29
    42
   102
    72
    33
    65
   133
    36
    55
    62
   162
    98
    29
     0
     0
     9
     4
     0
     9
    80
   155
   235
   214
    69
    27
    16
    63
    78
    73
    58
    54
    72
    38
   180
    89
    29
    82
     0
     0
    17
    11
     1
     0
    99
    68
   256
   385
   116
    22
    27
    88
    75
    20
   227
   200
    42
    59
    99
   152
    58
   115
     0
     6
     5
     4
     0
     7
    64
   148
   317
   148
    38
    57
    30
    35
    26
    73
    67
    43
    20
    70
   141
    86
    92
    67
     2
     2
     0
     0
     8
    13
    39
   249
   415
   158
    47
   116
    61
    75
    60
   118
    76
    37
    32
    38
   243
    70
    50
    75
     6
     9
     5
    15
     2
     9
   122
   188
   477
   221
    44
    44
    61
    93
   415
    78
    78
   115
    62
   235
   316
   103
    25
    79
     4
     0
     0
     0
     3
     0
    89
   209
   189
   413
    42
    54
    21
    41
    66
    55
    47
    18
   177
   208
    54
    34
    37
    49
     0
     0
     2
     0
     0
     0
   117
   297
   180
   196
   162
    28
    73
    54
    38
    94
    34
    47
    80
    49
    56
    62
    74
    35
     2
     5
     0
     0
     3
     0
    57
   129
   198
    73
    34
    31
    60
    86
    65
    53
   166
    39
    95
    35
    49
    36
    50
    70
     1
     8
     1
     0
     1
     5
    92
    97
   234
   201
   230
   171
    24
    48
    42
   107
    38
    52
    34
    81
    76
   348
    24
    40
     1
     0
     0
     9
     0
     0
    42
   132
   194
    77
    92
    37
   113
    90
    42
   147
    67
    72
    71
    74
   232
   187
    85
    35
     0
     2
     0
     0
     0
     2
    39
   304
   165
   211
    32
    35
    41
   101
    77
   120
    52
    39
    33
    36
    44
   192
    49
    42
     5
     7
     0
     0
     0
     0
    49
   111
   209
   163
    40
    55
    65
    56
   117
    72
   137
    62
    63
   115
    89
    90
    29
    39
     2
     2
     5
     0
     4
     7
   107
    77
   246
   152
    90
    51
    81
    60
    58
   202
    84
    29
    32
    90
    99
   117
    74
    30
     3
     5
     1
     0
     0
    19
    73
   103
   212
   200
    31
    47
    47
   116
    79
    59
    26
   106
    26
    74
   198
   160
    42
    45
     1
     0
     9
     9
     0
     0
    48
   118
   122
   153
    96
    43
    45
    97
    47
    69
    32
    29
    46
    55
   128
   133
    24
    68
     0
     3
     0
     2
     5
     0
    95
   102
   108
    72
    89
    87
    40
    46
    75
    39
    19
    22
    55
   164
    64
   149
    80
    56
     0
     5
     0
     0
     4
     3
   145
   111
   171
   237
    66
    48
   236
    33
    36
    84
    45
    41
    63
    81
   346
   114
    78
    32
     0
    16
     5
     0
     0
     6
    41
   167
   218
   205
    23
   163
    40
    83
    60
   237
    71
   129
    76
   146
   158
   154
   113
    43
     0
     0
     0
     3
     9
     2
    31
   186
   225
   333
    45
   129
    38
    88
   146
    45
   113
    31
   215
    33
    88
   102
    53
   156
     1
     2
     6
     0
     0
     7
    56
    37
    79
   113
    32
    43
   203
    22
   110
    61
    33
    39
    57
    32
    63
   166
    27
    24
     0
     7
     0
     6
     0
    15
    12
   135
   121
    77
    73
    45
    41
   186
    63
    60
   104
    36
    70
   306
    40
    82
    62
    50
     0
     0
    10
     0
     9
     6
    50
   166
   210
   257
    58
    37
    25
    86
    83
    17
   166
    21
    45
    60
    79
    39
    26
    50
     0
     8
     0
     5
     0
    14
    82
   109
   322
   115
    53
    21
    59
    29
    54
    88
    63
    30
    43
    21
   248
   185
    34
   170
     5
     5
     0
     0
     0
     0
    63
    75
   141
   272
    64
    39
    64
    80
    26
    96
   220
   215
    52
    41
    80
   172
    37
    59
     0
     2
     4
     4
     2
     0
    97
   110
   244
   168
   124
    45
   128
    57
    36
    79
    48
   102
    93
   127
   114
   216
    40
    52
     5
     5
     2
     0
     8
     1
    96
   163
   225
   152
   192
    49
   199
   217
    33
    97
    50
    70
   102
    59
   276
   471
   126
    27
     4
     2
    18
     3
     0
     5
   102
   212
   149
   160
    22
    64
    51
    56
    70
    30
    54
    29
    94
    56
    92
    86
   161
    38
     8
     0
     7
     0
     5
     0
    23
    86
    95
   145
    65
    34
    42
    53
    32
    31
    43
    27
    40
    50
   109
    41
    58
    77
     0
     7
     0
     5
     0
     8
    76
   287
   323
   226
    89
    34
   110
   347
    59
    90
    21
    31
    91
   118
    70
   207
    35
    68
     0
     0
     0
    15
     3
     9
    62
   182
   230
   170
    38
    42
    87
   100
    92
   179
   174
    36
    90
    26
   153
    68
    43
    39
     0
     9
     0
     0
    13
     0
    54
   158
   245
   100
    33
    67
    17
   109
    74
    59
    35
   157
    53
    82
    77
    50
    45
    37
     0
     0
     0
     2
     0
     0
   170
   248
   387
   205
    51
    36
    61
    58
   178
    84
    77
    68
    85
    78
   209
    98
    73
    40
     0
     0
     5
     0
     0
     0
    77
   195
   233
   110
    92
   107
   295
    44
    77
    32
    61
    53
    70
    42
   149
   227
    73
    66
     2
     0
     0
     1
     0
     0
    76
    81
   149
   129
    82
    44
   190
    28
    74
    24
    39
    58
    52
    76
    17
    72
    30
    34
    12
     5
     4
     7
     0
     9
    49
   168
   185
   120
    51
    29
    74
    40
    45
    40
   270
   153
    46
    51
   486
   191
    51
    44
     0
     0
     0
     0
    10
    12
    44
   153
   288
    79
    54
    34
    30
    47
    34
    68
    59
    66
    68
   119
    83
   126
    48
   101
     0
     0
     0
     5
     0
     5
    59
    51
    67
   117
    73
    33
    65
    33
    39
    58
    79
   131
    55
    32
    47
   152
    23
    72
     0
     5
     0
     0
     0
     0
    33
   133
   353
   139
   140
   171
    54
    37
    53
    67
    49
    39
    82
   131
   114
    71
    85
    62
     0
    10
     0
     0
     0
     0
    61
    50
   156
   165
    80
    83
    60
    47
    54
    56
    48
    51
    83
    85
   105
   474
    89
    71
     0
     2
     0
     0
     0
     0
   183
   338
   101
   122
    33
    58
    37
    85
    53
    92
    42
   180
    37
    38
    42
    78
    66
   100
     1
     0
     1
     3
     0
    12
    76
   115
   195
   171
    61
    46
    94
   179
    19
    60
    50
    69
    23
    32
    98
   121
    86
   156
     5
     2
     0
     0
     1
     0
    39
   437
   158
   159
    31
    54
    47
    20
    71
    50
    35
    56
    36
   108
    65
   136
    41
   140
     0
     0
     0
     0
     7
     2
    77
   151
   244
   135
    72
    37
    17
    72
    73
    21
   100
   140
    37
    78
    84
    77
    33
    77
     0
     1
     5
     8
     0
     4
    46
   227
   287
   117
    70
   127
    26
    39
   129
    44
    42
    89
   124
   130
   163
    30
    88
    28
     8
     0
     6
     0
    14
    15
   136
   103
   208
   299
    42
    82
    68
    79
    92
    81
    46
    39
    36
    73
   147
   146
   184
    74
     6
     5
     0
     0
     0
     0
    29
   121
   252
   185
    38
   142
    49
    56
    90
    32
    57
    99
    46
    51
   207
   343
    32
    68
     0
     2
     6
     0
     0
    11
    74
   324
   271
   137
    61
   114
    61
   100
    58
    45
    57
    57
    86
   242
   258
   124
    71
    21
     0
     5
     4
    12
     7
    13
    98
   110
    94
    87
    42
    67
    46
    76
   150
    65
    21
    40
    24
   110
    66
    80
    26
    29
     3
     8
     8
     0
     6
     0
     9
   167
   107
    78
    76
    61
    61
    45
    69
    72
    29
    50
   116
   177
   279
    32
   113
    68
    13
     2
     0
     0
     0
     0
    23
    82
   182
   217
   116
    98
    17
    29
   219
    45
    68
    40
    64
   233
   146
   206
    92
    73
     1
    15
    13
     0
     0
     0
    10
   354
   170
   201
    45
    58
    42
    51
    38
    38
    64
    33
    91
   104
   125
    54
    60
    60
     0
     0
     0
     1
     5
     8
    83
   115
    85
    47
    51
    64
    33
    96
    89
    89
    31
    49
    86
    96
   216
    75
    25
    52
     0
     1
     0
     0
     9
     6
   180
    86
   172
   302
   182
    42
    60
   106
    59
    46
    99
    96
    35
    65
   125
    36
    34
    89
     7
     1
     0
     4
     7
     1
    51
   235
   248
   223
   107
    88
    83
    99
    97
    41
    95
    41
    75
    50
    81
   204
    32
   109
     0
     2
     0
     4
     8
     4
   100
   130
   270
   132
    33
    40
   329
    51
    74
    45
    89
   180
    42
    40
   212
   100
    30
    24
     0
     3
     5
     2
     4
     8
    28
   407
   159
   111
    39
    58
    65
    40
    42
   116
    53
    84
    42
   103
    34
   304
    32
   120
     0
     1
     0
     3
    10
     0
    77
    86
   212
   279
    63
    52
    61
    47
    38
    32
    48
    53
    22
   156
   214
   190
    44
   100
     2
     6
     0
     0
     3
     0
    41
   155
   315
   203
    57
    36
    61
    23
    74
   179
    72
    35
    55
    53
   235
   135
   101
    70
     7
     9
     1
     3
     0
     0
    58
   147
   312
    84
    30
    24
    32
    50
    30
    66
    37
    46
    23
    52
   159
    27
    49
    36
     3
     1
    12
     9
     3
     0
   126
   193
   239
   109
    92
   125
    61
    48
    63
    68
    71
    51
    57
    82
   242
   145
   122
    51
     7
     1
     7
     0
     0
     0
    50
   191
   282
   175
    53
    50
    48
    45
    28
    84
    54
   102
    53
   108
   177
   332
    50
    48
    15
     0
     8
     0
     5
     0
    76
    60
   371
   192
   150
   104
    48
    56
    31
   179
    58
    45
   119
    77
    90
    74
    69
    52
     3
     0
     0
     9
     8
     0
    65
   124
   164
   300
    60
    57
    26
   316
    58
    85
    60
    79
    33
   186
   184
   126
    51
    36
     0
     1
     0
     0
     3
     0
    28
   125
   445
   208
    33
    66
   168
    40
    71
    98
    26
    53
    45
    52
   149
    93
    32
    72
     2
     0
     0
     0
     0
     2
    55
   217
   202
   245
    21
    83
    54
   182
    34
    86
    10
    37
   131
   321
    19
   188
    47
    82
     0
     0
     0
     3
     0
     0
    30
   146
   222
   196
    76
    58
    50
    30
    64
    59
    94
    42
    39
   128
   147
    86
    40
    25
    10
     0
     0
     0
     0
     4
    61
   199
   309
   129
    88
   180
    44
    48
   205
    77
    76
    48
   118
   189
   211
    50
   334
    51
     2
     0
    15
     8
     6
     0
    52
   151
   155
   251
    13
    41
    39
   223
    78
    83
    53
    42
    80
    81
   197
   133
    78
    47
     0
     0
     1
     0
     5
     5
    51
   157
    87
   165
    39
    37
    84
   105
    51
    62
   150
    41
    82
    52
    40
    90
    50
    30
     0
    10
     0
     0
     0
     0
    76
    81
   145
   247
    38
    58
    56
    50
    60
    43
    59
    35
    96
    26
   229
    45
    38
   113
     3
     0
     2
    17
     0
     0
    56
   119
   291
   298
    86
    58
    58
   112
    54
    40
    43
   120
    52
   274
   300
   233
    80
    40
     7
     7
     5
     2
     0
     1
    52
   247
   307
   197
   126
    91
    42
    33
    72
    58
    83
    45
    75
    87
    73
    58
    29
    40
     2
    14
     1
     8
     0
     0
    42
    84
   118
    67
    63
    65
    33
    65
   236
   135
    46
    50
    72
    63
   115
    94
    25
   274
     4
     8
     5
    11
     2
     0
    96
   143
   362
   122
    59
    79
    47
    28
    64
    59
    27
    39
    83
    51
   367
   127
    83
    19
     7
     6
     0
     0
     5
    13
    95
   242
   483
   230
   116
    30
    64
    95
    54
    74
   368
   112
    64
    34
   336
   115
    38
   196
     0
     6
     6
     0
     1
     0
   102
   197
   215
    64
    42
    32
    50
   107
    69
    23
    88
    38
    64
   193
    95
   208
    58
    52
    17
     1
     0
     4
     0
     0
    73
   270
   288
   271
    64
    92
    54
    40
    46
    95
   160
    80
    16
    38
    47
    92
    54
    89
     2
     0
     2
     0
     1
    11
    97
   221
   311
   182
    60
    23
    79
    51
    44
    74
    88
   112
    39
    81
   198
    86
    90
    83
     8
     2
     0
     1
     7
     2
    31
   176
   305
   132
    44
    17
    58
    40
    27
    20
    61
    59
   197
   107
   212
    83
    47
    79
     0
     0
     1
     5
     0
     0
    47
   191
    45
   148
    32
    31
   103
    19
    41
    31
    71
    60
    53
    33
    42
    81
    66
    68
     0
     8
     3
     7
     1
     0
    44
    84
   361
   123
    45
   215
    83
    97
    90
    50
    95
    92
    66
   183
    53
   141
    41
    49
     7
     0
     0
     0
     1
    10
    52
   236
   168
   225
    76
    57
    64
    59
   196
    62
    34
   105
    65
   101
   196
   297
   115
    42
     6
     0
     0
     1
     0
     5
    66
   196
   252
    82
    70
    47
   105
    98
    18
    51
    56
    95
    57
    59
   302
   170
    97
    39
     2
     4
     4
     0
     2
     0
    48
    79
   190
   162
    80
    89
   123
    50
    30
    29
    20
    36
    50
    60
   201
   146
    32
    87
     0
     0
     0
     0
     0
    11
   107
   116
   290
   316
    30
   176
    60
    84
    63
    74
    45
    34
    46
    34
   208
   238
   116
    34
     0
     0
     6
     5
     2
     0
    83
   102
   209
   231
    54
   177
   242
    37
    53
   182
    35
    43
   124
    74
   179
    84
    41
    50
     4
     5
     0
     0
     1
     0
    25
   169
   185
   131
    34
    48
    79
    49
    57
    35
    32
    78
    31
    63
   148
    86
   118
    57
     0
     0
     7
     0
     0
     0
    73
    93
   166
   144
    71
    40
   127
    44
    97
    62
   119
   162
   105
   133
   248
   275
   238
    41
     7
    11
     0
     0
     5
     2
   114
   213
   263
   124
    69
    92
    75
    75
    39
    81
    46
    76
    54
    73
   326
   135
   217
   113
    10
     0
    10
     0
     7
     6
    28
   124
    94
   251
    85
   116
    42
    21
    92
    56
    40
    77
    36
    24
    88
   118
   121
    31
     1
     0
     5
     0
     6
     0
    34
   116
   143
   237
    31
   108
    81
    59
    82
    47
    59
   196
    56
    47
    66
    87
    65
    61
     0
     5
     0
    11
     0
     5
    80
   200
   274
    78
    47
   162
   137
    19
    81
   181
    31
    56
    48
    97
   114
   209
   118
    95
     3
     0
     0
    11
     0
    14
     9
   153
   169
   216
    38
    38
    66
    43
    58
    67
    36
    21
   153
   242
    44
   105
    51
    30
     2
     3
     6
     5
    12
     2
    33
   236
   202
   209
   168
    52
    97
    41
    95
    46
    34
    38
    50
   263
    85
   237
   101
    49
     0
     9
     0
     0
     0
     2
   133
   165
   234
   289
    41
    60
    86
    77
    93
    57
    45
   163
    78
    52
   104
   154
    62
   106
     2
     0
     0
     0
     5
     0
   118
   194
   225
   282
    33
   104
    59
   162
    62
    69
   179
    33
   200
    60
   214
   108
    44
   125
     0
     7
     0
     0
     4
     3
   102
   146
    35
   146
   134
   117
    52
    60
    30
    87
    85
    58
    80
    89
   231
    74
    41
    31
     8
     0
     2
     5
     4
     5
    49
    86
   263
   167
    36
   121
    89
    40
    31
   118
    33
    30
    69
    73
   109
   189
    34
    62
    16
     0
     0
     4
    10
     0
    53
    80
   122
   219
    36
    83
    60
    72
   230
   103
    96
    63
    92
    30
    64
   140
   113
    23
     8
     0
     6
     0
     2
     0
     3
    52
   247
   201
    98
    50
    45
    71
   123
   125
    36
    52
    90
    67
    59
   129
    98
    16
    91
     0
    14
     3
     0
     0
     0
    48
   199
   292
   166
    80
    63
    84
    57
    97
    36
   182
    48
   102
    64
   151
    64
    35
    77
     1
     0
     2
     0
     0
     2
   101
   221
   217
   131
    29
   124
    42
    49
    73
   149
    88
    34
   103
   283
   291
   136
   148
    49
     3
     8
     0
     0
     0
     7
    65
   303
   329
   262
   111
    75
    87
    92
    57
    67
   227
    60
    60
   105
   265
   123
    42
   146
     0
     0
     6
     0
     4
    15
    45
   236
   450
   319
    41
   124
    96
   240
    69
    45
    51
    48
    33
    62
    41
   134
    69
    28
     6
     0
     9
     1
    12
     0
    52
   128
    31
   122
    47
    35
    59
    48
    54
    48
    34
    47
    44
    55
   318
   172
    84
    27
     0
     4
     3
     0
     0
     0
    22
   168
   344
   184
    51
    44
    81
    57
    10
    38
   133
    76
   253
    62
   194
    71
    42
    55
     7
     0
     0
     1
     0
     0
    76
   132
   226
   178
    44
    79
    84
   264
    56
    37
    57
    39
    44
    66
   105
    55
   221
    75
     6
     1
     0
    10
     0
     0
    43
   255
   216
   124
    45
    44
    45
    31
    43
    79
    29
    55
   183
    88
   225
   209
    53
    67
     8
     1
    13
    12
     0
     0
    86
   105
   288
   174
    34
    29
    81
   106
    61
    64
    50
    41
    54
    47
   267
   179
    72
    71
     0
     8
     0
     7
     8
     0
    62
    66
   267
   277
    47
    40
   102
    59
   140
   254
    34
    63
    95
    45
   288
   188
    58
    86
     2
     0
     0
     3
     5
     3
    37
   116
   294
   193
   200
   125
    57
    87
    91
    63
    35
    64
    72
   202
    58
   166
    40
    43
     0
     9
     8
     0
     0
     3
    70
   171
   163
   222
    81
    89
    32
    83
    80
    36
   234
   167
    24
    32
   166
    44
    68
    36
     0
     2
     8
     3
     4
     7
    88
   157
   345
    34
    48
    39
    78
    54
    96
    59
   305
    44
   104
    78
    38
    57
    33
    59
     1
     0
     7
     5
     0
     7
    45
   264
   219
   403
    99
    41
    57
    58
    41
    41
    36
    67
    52
    80
   187
    92
    35
    44
     8
     0
     3
     0
     0
     2
    38
   210
   260
   263
   241
   109
   160
    54
    77
    30
    73
    63
    66
    67
   145
   197
    31
    79
     1
     0
    11
     0
     7
     0
    46
   191
   256
    50
    55
    88
    51
    42
    85
    43
   275
   185
    94
    89
    65
   101
    58
   132
     6
     6
     4
     4
     8
     2
   108
   310
   206
   127
   105
    75
    61
   100
    72
   139
    61
    38
    44
    84
    45
   121
    52
    52
     0
     3
    17
     0
     2
     5
    82
   129
   137
   270
    49
    30
    38
    42
    54
   164
    59
    46
    70
    38
   132
   209
    26
    54
     2
     0
     0
     0
     0
     0
    29
   166
   202
   296
    54
    94
    36
    24
    81
    62
    72
    46
    69
    48
   100
    35
    56
    51
     0
     0
     0
    10
     0
     0
    29
   112
   239
   144
    83
    46
    51
    33
    47
    58
    39
    33
    87
    74
   301
    52
    35
    29
     0
     0
     6
    15
     0
     0
    82
   169
   122
   145
    49
    62
    30
    35
   178
    45
    52
    14
    85
   216
   295
   160
   100
    81
     0
     1
    16
     0
     0
     0
    32
   281
   236
   283
    44
   120
    87
    94
    30
    47
    84
    70
    57
    56
   174
   125
    50
    66
     4
    14
     0
     3
     6
     1
    70
   260
   324
   117
    67
    81
    65
    81
    58
    61
    56
    64
    82
    17
   123
   180
    73
   131
     0
    16
     0
     2
     5
     0
    38
   133
   310
    56
    51
    35
   104
   203
    64
    46
    70
    40
    37
   508
    71
   385
    55
    59
     0
     0
     5
     5
     3
     0
    89
   176
   128
   168
    26
    85
    50
    49
    55
    83
    33
    51
    96
    33
   184
   220
    37
    42
     0
     0
     9
    17
     8
     1
    35
   129
   207
   134
    40
    56
    72
    68
    92
   104
   171
    27
    99
    78
   107
   128
    93
    76
     9
     9
     0
     0
    16
     0
    41
   312
   273
   100
    54
    56
    43
    49
    63
    41
    52
    32
    72
    74
    43
   153
    49
    65
     0
     0
     0
     0
     0
     6
    53
   373
   291
   204
   146
    42
   195
    38
    55
   124
    57
    98
    46
    57
   126
    98
   135
    95
     6
     7
     1
     0
     2
     3
    65
   165
   222
   133
   122
    55
    21
    41
    37
    40
    55
    92
    51
    54
    40
    88
    52
    50
     2
     1
     0
     0
     9
    14
   104
   112
   278
   251
    36
    69
   136
    95
   144
   119
   111
   191
   110
    68
   253
    43
   159
    69
     1
     5
     2
     4
     2
     0
   121
   164
   204
   295
    48
   212
   102
    62
   169
    55
    75
   198
    98
    55
    52
   190
    73
   104
     0
     6
     0
     0
     7
     6
    76
   185
   304
   224
    88
    53
   101
    61
   123
    55
    51
    51
    59
   104
   110
    47
    45
   123
     2
     7
     8
     0
     0
     8
   124
   194
    68
   194
   139
   134
    97
    49
    83
    87
   200
    88
    71
    65
   138
   110
    60
    46
     0
    13
     0
    15
     4
    11
    44
   136
   426
   120
    31
    81
    74
   209
   250
   115
    56
    34
    66
    46
   372
    63
    18
    95
     0
    15
     7
     0
     0
     9
    69
    43
   352
    86
    22
    57
    46
    66
   200
    63
   189
    51
    36
    99
    27
   111
    47
    92
     0
     4
     4
     0
     1
     0
    47
    80
   185
   207
   129
    46
    45
    38
    55
    87
    54
    29
    57
   101
    77
    68
    96
    40
    17
     3
     1
     2
     2
     0
   128
   109
   315
   241
    51
    61
    68
    69
    90
    78
   129
   177
    68
   130
   274
    85
    77
   102
     6
     0
     9
     7
     9
     0
   130
   141
   210
    22
   109
    37
    99
   189
   130
   168
    68
    61
    68
   169
    33
   231
   127
    77
     3
     0
     5
     0
     0
     6
    99
    87
   207
   214
    53
    60
    73
   128
    65
    87
    70
    39
   135
    61
    57
   124
   216
    78
     0
     3
     0
     5
     4
     3
    85
   148
   258
   128
    74
    48
    27
    41
    50
    37
    64
    22
    64
    65
   120
   105
    39
    89
     9
     0
     0
     6
     8
     7
    48
    99
   401
   164
    91
    43
    96
    47
    42
    41
    33
    49
    66
    36
   165
   144
   102
    34
     0
     0
     0
     0
     7
     0
    57
   131
   350
   235
    42
    67
    90
    31
    85
    58
    33
   139
   131
    69
   344
   131
    55
    85
     7
     0
     0
     5
     0
     5
   110
    84
   254
   217
    53
    60
    58
    36
    93
    37
   103
    63
    69
    39
    76
   142
    54
    67
     4
    10
     4
     0
    12
     7
   117
   368
   365
   260
    53
   105
    43
    40
   108
    51
    56
    73
    58
    32
   146
   192
   286
    54
     0
     3
    16
    12
     0
     0
    37
   243
   425
   157
    66
    84
    98
   299
   122
    39
    57
   211
    55
   127
   233
   171
    35
   105
     0
     7
     0
     0
     0
     5
    43
   108
   349
   205
    40
    64
    42
    44
   103
   105
    45
   142
    37
   290
   112
    67
    59
    41
     0
     2
     2
     6
     1
     0
   112
   106
   253
   166
    50
    90
    36
    94
    84
   196
    43
    50
    28
   247
   130
   267
    74
    68
     5
     4
    15
     8
     2
     6
    29
   200
   277
   213
    90
    81
    46
    60
    48
    74
    84
    56
    51
    36
   109
   133
    89
    68
    10
     0
     0
     9
     6
     4
   121
   153
   170
   136
    50
    52
    92
    71
    88
   118
    97
    53
    80
    34
   268
    51
    94
    57
     5
     4
     0
     3
     0
     8
    54
   143
   219
    70
    28
    71
    79
   126
    53
    33
    41
    46
    61
    68
   144
   143
    51
    62
     0
    11
     0
     6
    14
     2
    94
   109
   547
   243
    75
   213
   181
   353
   237
   136
    72
   105
    50
   115
   103
   283
    55
   123
     8
     0
     0
    18
    13
    10
    85
   226
   507
   254
    54
    76
    65
    97
    69
   148
   228
    89
   107
   201
   203
    68
    21
    71
     2
     2
     4
    11
     0
     0
   168
   132
   180
   204
    95
    69
    45
    97
    47
    66
    60
    24
    97
   152
   320
    91
    33
    99
     0
     2
     0
     3
     9
     6
    53
   271
   221
   323
    52
    90
    86
   100
    47
    41
    59
   216
   192
    69
   240
   119
    47
    86
     2
     6
     0
     2
     0
     6
    76
   388
   182
   114
    60
   173
    51
   240
    58
    42
    58
    97
    56
    31
    70
   223
    82
    67
     0
     0
     0
    10
    17
     3
    72
   117
   353
    71
    70
    51
    34
    89
    44
    47
    39
   104
    42
    71
    67
   102
   128
    26
     0
     0
     5
     7
     6
     8
    77
   197
   295
   350
    45
    56
   127
   185
    55
    97
    67
    70
    26
   205
    37
    88
    65
    39
     5
     0
     2
     6
     0
    12
   127
   361
   468
   148
   120
    65
    68
    45
    72
    67
    87
    43
   101
    79
   227
   167
    67
   113
    12
    10
     8
    17
     0
     2
    61
   151
   108
   220
    38
    72
    62
   119
    80
   227
    67
    68
    69
    80
   302
   248
    89
    70
     1
     8
     0
     0
     1
     0
    84
   190
   233
   220
    39
    48
    61
    33
    50
   126
    25
    36
   186
    30
   220
   130
   168
     0
     0
