    65
     0
     0
     0
     0
    20
   104
   101
    15
    13
    12
    11
     8
     5
     1
    17
    13
     3
    13
    28
    13
     3
    33
     0
     0
     0
     1
     6
     0
     3
    67
    23
    60
    24
    18
    14
    13
     5
    49
    11
    10
    12
     7
     2
     0
     4
     3
     5
     0
     0
     0
     8
     0
    13
    42
    49
    13
    10
    13
    67
    32
     5
    18
    54
    15
    44
    25
    94
   202
    10
     0
     0
     0
     4
     0
     0
     9
    24
    86
    44
    65
    33
     8
     2
    14
    18
    11
    21
    13
    13
    15
     6
     7
     2
     9
     0
     0
     2
     0
     0
     0
     9
    48
    44
    41
    53
    21
     3
    15
    13
    59
    15
    16
    37
    22
    10
    12
     8
    16
     0
     0
     0
     1
     0
     0
    48
    53
    10
    85
    10
    13
    22
    12
    13
    15
     3
    23
    15
     6
    15
    10
    15
     4
     0
     0
     0
     2
     1
     0
    27
    83
    67
    28
    18
     6
    14
    14
    26
    64
     0
    10
    41
    19
    61
    26
    15
     8
    11
     0
     1
     0
     0
     0
    64
    14
   180
    14
    21
    30
    10
    16
     5
    10
     5
     7
    10
     0
     0
    53
    18
     5
     0
     0
     0
     0
     0
     0
    16
    65
    91
    12
     8
    16
     2
    20
    20
    19
    52
    30
     8
     3
     9
    19
     3
     5
     0
     0
     2
     0
     0
     5
    18
    45
    83
    81
    28
    15
    27
    13
    14
    22
    10
     9
    11
     2
    61
    32
     6
    24
     0
     0
     6
     0
     0
     0
     8
    52
     8
     7
    17
    25
    34
    21
    20
    14
     2
    12
    18
    16
    54
    41
    53
    11
    10
     0
     0
     8
     0
    11
     6
   168
    57
     9
    15
    10
     8
    15
    12
    28
    22
    10
    10
    46
    19
     7
    20
    27
     3
     0
     8
     0
     0
     0
     8
     4
   153
    42
    53
    17
    17
    15
     1
    32
    49
    17
     9
    14
     7
    60
    20
     4
     3
     0
     0
     1
     0
     7
    52
    14
    72
   144
    27
     9
    16
    14
    15
     6
    17
    19
    25
    13
    13
     9
     2
     5
     0
     6
     0
     0
     0
     0
     6
    54
    94
    11
    33
     8
     5
     0
     2
     1
     3
    22
    15
     0
    55
     6
    36
     3
     6
     0
     0
     0
     0
     5
    43
    83
    42
    51
     7
    14
    54
    14
    15
     1
    13
    18
     9
    25
    17
    10
     4
    35
     0
     0
     0
     0
     0
     0
    24
    43
   131
     9
     1
    16
    10
    53
    23
    25
    65
    11
    19
    17
    18
    54
    12
    19
     0
     0
     0
     1
     0
     0
    15
   102
    96
    67
    18
    10
   143
    22
    51
     2
    16
    17
    17
     8
    17
     7
   155
    12
     0
     6
     0
     0
     0
     2
    10
     0
    47
    81
     3
     1
    37
    14
     6
     8
     5
     0
     0
     3
    21
     5
    18
    22
     0
     0
     0
     4
     0
     0
     6
    24
    14
     6
     2
    31
     8
    21
    17
    13
     4
    26
    15
    13
   146
    15
    48
    28
     0
     0
     0
     1
     0
     0
    41
    27
    13
   188
    19
    34
    14
    26
    11
    22
     5
     6
     6
    25
    50
    61
    67
    56
     0
     0
     0
     0
     0
     0
     4
     6
    49
    17
     7
     4
    36
    15
     5
    10
    40
    15
    30
    10
    13
    14
    15
    47
    10
     0
     0
     0
     0
     0
    11
     9
    87
    90
     6
     5
    20
    28
    23
     8
     6
     6
    17
    52
    86
    25
    19
    22
     0
     0
     0
     5
     0
     0
     8
     3
   129
    59
    10
    41
     2
     0
    22
     5
    15
     5
    31
     2
    20
    57
     2
    12
     0
     6
     0
     0
     0
     0
    55
    16
    98
    22
    10
     9
    12
    11
   163
    14
    13
    61
    13
    19
     1
    53
     3
     7
     0
     0
     0
     0
     0
     0
    12
    60
    86
    53
    19
    27
    22
    22
    17
     4
     3
    34
     1
    13
    57
    45
    11
    65
     2
     0
     0
     0
     0
     0
     7
    76
   131
    21
    10
    16
    20
    29
   102
    13
     9
    19
     5
    26
    16
    14
    28
    14
     0
     0
     0
     0
     0
     0
    13
    69
    43
    52
    29
    11
   155
    37
    18
    12
    11
    36
    48
    14
    10
    75
    27
     8
     0
     0
     7
     0
     0
     0
     0
   105
     8
     8
    14
    51
    29
    18
    10
    11
    16
    17
     7
    12
    48
     3
     3
     4
     0
     0
     0
     0
     0
     0
    56
    22
     5
    17
    26
     8
    12
    47
     9
    15
    18
    10
    11
     5
   209
    23
     7
     4
     0
     0
     0
     0
     6
     0
    17
    52
    56
     6
    22
    44
   141
    31
     7
    15
     3
    47
    23
    46
    20
    16
    44
    14
     7
     0
     0
     0
     4
     0
     6
    56
    46
    52
     5
    11
    20
    16
    63
    12
     8
    16
    16
     6
    41
    69
    10
     6
     4
     0
     0
     0
     0
     0
    11
    16
    99
    91
    46
    11
     5
     8
    41
    15
     8
     7
    20
    18
    49
    25
    10
     8
     4
     0
     0
     0
     0
     0
    46
    46
   177
     6
    15
     9
     0
    15
     6
     3
   233
    13
    26
    13
    21
    19
    29
     4
     0
     0
     0
     0
     0
     0
    18
   106
     8
    56
    22
    10
     5
    28
    14
    28
    37
    65
    29
    55
    26
    61
     8
     7
     0
     3
     2
     0
     1
     0
    17
    46
     9
    42
    35
     0
     4
    11
     5
     3
     3
    11
     8
     0
     7
    21
    20
     7
     0
     7
     0
     5
     0
     3
    49
    52
    48
    53
    15
     7
     6
    16
    16
     2
     2
    22
    12
     0
    17
    13
     3
    12
     0
     0
     0
     0
     0
    18
    13
     6
   124
    10
    17
    13
     8
    25
    12
   147
    15
     7
     2
     3
     6
    10
    10
     9
     0
     0
     0
     0
     0
     8
     6
    77
    14
    44
    12
    13
    29
     6
    12
     2
    13
    20
    15
    40
    18
    47
     6
    11
     0
     0
     0
     0
     0
     1
    47
    52
    59
     1
    14
     0
     1
     8
     6
    20
     3
     7
    30
    15
     9
    10
    16
    70
     2
     0
     0
     0
     0
     0
    63
    77
     5
    20
    10
    26
     4
     6
    10
    39
    65
     5
    15
    20
    14
    50
    61
    45
     0
     0
     0
     0
     0
     2
    24
    18
    66
    57
    23
     9
     7
    25
    29
    87
    11
     7
    44
    26
    29
    23
    22
     8
     0
     0
     0
     0
     0
     0
     2
    52
    54
     8
    10
     4
    17
    22
    12
     9
     7
    10
    18
    20
    23
    71
    45
    13
     0
     0
     0
     0
     0
     7
     2
    86
     7
    15
     0
    14
    20
     1
    17
    17
     5
   154
    12
    15
    18
     2
    32
     7
     0
     0
     0
     0
     5
     0
    19
     4
    46
    48
    18
    20
     4
     4
    19
    14
    13
    55
    19
     8
     7
     9
    20
    17
     0
     0
     2
     0
     0
     0
     8
    62
    15
    12
     4
    15
    11
     9
    12
     3
     8
    19
    12
     8
   105
    10
     5
    29
     0
     0
     0
     0
     0
     0
    14
     8
     6
    44
    45
    21
    10
    13
    10
    31
    17
    13
     7
    23
    80
    10
     5
     4
     0
     0
     0
     2
     0
     0
     3
    12
    72
    15
    18
    57
    27
    31
    24
    13
    71
     5
    17
    21
    64
    10
     0
    28
     0
     0
     0
     0
     0
     0
    61
    39
    22
    55
    12
    19
    17
    43
    11
    15
    51
    18
    27
    10
   152
    18
    33
    10
     0
     0
     0
     6
     0
     7
    10
    54
     9
    45
    19
     2
     5
    46
     0
    19
    44
    29
    33
     6
    19
    24
    17
    57
     0
     3
     0
     0
     0
     0
    22
    71
    19
    13
    27
    14
     2
    15
   146
    47
    25
   161
     6
     4
   373
    49
    20
    12
     0
     0
     0
     0
     0
     0
    16
    46
    13
    11
    17
     5
    14
    20
     0
    11
    11
    13
    12
    34
     5
    14
    58
    28
     0
     0
     0
     0
     0
     0
    43
    58
    88
     0
    10
    14
    33
    46
    20
     9
    45
    10
    17
     5
    12
    11
     9
    21
     0
     0
     0
     2
     6
     0
    22
    19
    28
    60
    20
    17
    19
    20
    15
     0
     8
    32
    13
    10
    26
    18
    15
     4
     0
     0
     0
     5
     0
     0
    23
    17
   181
     1
    37
    32
    41
    35
    17
    27
    45
    13
    12
    12
    57
    57
    60
    19
     0
     0
     0
     0
     0
     0
    58
    69
   128
    76
     1
    28
     3
    15
    24
    13
    67
     9
     5
    21
     0
    11
     8
    14
     8
     0
     0
     0
     0
     0
    13
    49
    66
     5
    26
     3
    13
    12
    27
     8
    20
    49
    17
     4
     9
     6
     6
    18
     2
     0
     0
     0
     0
     9
    39
    22
    60
    11
     2
    19
     9
     0
    10
   152
    10
     1
     8
     7
     6
    26
     8
    51
     6
     0
     0
     0
     0
     0
    67
     9
     8
     2
     0
    16
    10
    16
    16
    16
    37
    18
    40
    12
    55
    88
    11
    21
     0
     0
     0
     0
     0
     0
     0
   110
    21
    64
    15
    16
    10
    34
    47
    61
    16
    27
   144
    15
     7
     2
    14
    11
     0
     0
     5
     0
     0
     9
    17
     0
    64
    50
     8
     7
   144
    14
     7
    22
    13
     0
     7
    21
    57
    87
    21
     4
     0
     0
     0
     0
     3
     0
    47
    67
    44
    47
    28
    20
    15
    16
     8
    22
    30
     7
    36
    10
    64
    15
     5
     0
     0
     0
     0
     0
     0
     0
    21
    59
   129
    22
     7
    19
    18
    12
     5
    24
     7
     4
    11
     9
    28
    88
     6
    56
     0
     3
     0
     0
     0
     0
    23
    20
    95
    37
    11
    25
    14
    46
    27
    15
     2
    32
    10
    19
    10
    53
    55
    14
     0
     0
     0
     0
     0
     0
     4
    16
    96
    22
     8
    14
    34
     5
     7
    21
     5
    27
    18
     8
     6
    91
    18
    54
     0
     0
     0
     0
     0
     0
     0
    20
   101
    57
     9
    43
    12
     6
    16
    11
    14
    11
    10
    16
     5
    63
    34
    17
     3
     0
     0
     0
     0
     0
    32
    15
   137
     6
    11
     9
     1
    21
    13
    54
     3
     8
    15
     7
    11
    14
    13
    13
     0
     0
     0
     0
     6
     4
    17
    21
     8
    20
     2
     7
     7
    17
    12
    11
    22
     9
    72
    11
     9
    56
     0
     8
     1
     0
     0
     0
     0
     0
    60
    15
    43
   116
    25
    19
    19
    24
     2
    19
     6
    14
     9
    13
    17
    45
     8
    13
     0
     0
     0
     0
     8
     0
    39
    21
    19
    52
    16
     6
    17
     5
    10
    16
     6
    24
    24
    44
    56
    20
    18
    22
     0
     0
    14
    11
     0
     0
    31
    63
     4
    54
    16
    14
     7
     5
    16
    50
    23
    16
    42
    18
    51
    17
    20
     7
     0
     0
     0
     0
     0
     0
     7
    13
     9
    20
    20
    12
    11
    22
    18
     2
    17
    20
    14
    19
    41
     7
     9
     2
     0
     6
     0
     0
     0
     0
    18
    22
   143
    92
    16
    11
    19
    45
     0
    13
    16
    57
     6
    60
    27
    61
     2
     0
     0
     0
     0
     2
     4
     1
    20
    51
    69
     0
    76
    13
    45
    18
    25
   145
    27
    14
     9
    12
    42
    16
    22
     6
     0
     0
     0
     0
     0
     0
    52
    74
   171
    10
    12
    25
     6
    61
     8
     9
     9
    26
     9
     2
     0
    20
    14
     8
     0
     0
     0
     0
     9
     0
    11
    15
   108
     7
    17
    27
    62
    14
    12
    34
     0
    24
    17
    12
    10
    19
    31
     6
     0
     0
     3
     0
     0
     0
     0
     7
    59
    20
     5
     2
     6
    18
    21
     5
    11
    10
    21
    11
    15
    98
     6
    11
     0
     0
     0
     4
     0
     0
    10
    87
   103
    17
     3
    23
    31
    18
    39
     1
    12
    10
    19
    19
     5
     7
    42
    10
     0
     0
     0
     4
     0
     0
     0
    47
    10
     1
     4
    12
    19
    14
    13
     4
    14
     7
    15
     3
    10
   238
    18
    11
     5
     0
     3
     0
     0
     7
     6
    22
    78
    21
     6
     1
    21
    21
    12
    26
     5
     9
    11
    33
    55
     9
    12
     7
     0
     0
     0
     0
     0
     0
    15
    90
    10
    15
    10
    35
    13
    11
    52
    21
     3
    18
    75
    12
    85
    16
    18
    20
     0
     0
     0
     0
     1
     0
    29
    14
    62
    25
   154
    15
     0
     9
     6
    57
    12
     8
    15
     0
    39
   120
     6
    36
     6
     0
     0
     0
     0
     0
     9
   120
    57
    47
     3
    24
     5
    15
     0
    24
    10
     3
    11
    64
    11
    98
     1
    15
     2
     0
     0
     0
     0
     8
    17
   103
    99
   129
    14
    17
     0
    13
    18
    24
    22
    11
    10
    66
    36
    76
    10
    42
     0
     0
     0
     0
     0
     0
    18
    88
    73
    44
    16
    16
    57
     0
    30
     8
     8
    20
    14
    67
    12
    12
    13
    12
     0
     0
     0
     0
     7
     0
    27
    97
    47
    19
    11
    12
     8
     8
     1
    21
     5
    21
     4
    15
    25
     0
    13
     6
     3
     0
     0
     0
     0
     0
    17
    45
   126
    12
     6
     8
    10
    13
    28
    26
     5
     5
    16
    11
    12
   158
    14
    19
     0
     0
     0
     0
     1
     7
    19
    20
    82
    53
    14
    17
     1
    20
    13
    24
    23
     8
    22
    11
    64
    82
    19
     5
     0
     0
     0
     8
     3
     0
    21
    11
    13
    50
    15
     9
    15
    18
     7
    19
     7
     6
     8
   164
    12
     2
    66
     7
     0
     0
     0
     0
     0
     0
     3
    55
    30
   111
    42
    17
     4
    27
     5
     9
     5
    17
    62
   143
    47
    15
    23
    18
     0
     0
     9
     4
     0
    12
    55
    93
    60
    23
   142
    28
    21
    26
     4
    30
    16
    13
     7
     6
     7
    15
    12
     0
     0
     0
     0
     6
     5
     6
    13
    45
    52
    13
     6
    44
    15
     0
    17
    28
    51
    51
     4
    12
    46
    24
    30
     0
     0
     0
     0
     0
     0
    12
    18
    58
    43
    18
    33
     3
    53
     8
     5
    15
    21
    15
    17
    56
    11
    13
    24
     6
     0
     0
     0
     0
     6
    17
    39
     0
     2
     8
     4
    16
    13
   144
    10
    58
     1
    23
    15
    66
     0
     5
    32
     0
     0
     0
     0
     0
     0
    15
    62
    47
    46
    14
    20
     5
    18
     4
    16
     0
     0
     1
    18
     0
    21
    32
    25
     7
     0
     0
     8
     0
     0
    49
    59
    51
    53
    14
    50
    16
    39
    23
    24
    23
    21
     3
     6
     3
     3
    10
     1
     0
     0
     0
     0
     0
     0
    13
    56
    22
    61
    12
    30
    12
    26
    17
     7
    12
    21
     2
     6
    22
    80
    15
    30
     0
     0
     0
     0
     0
     0
    34
    87
    69
   145
    17
    27
    22
     6
    10
    10
    14
    35
    21
    27
    42
    65
    26
    10
     0
     0
     0
     0
     0
     0
    19
    47
     6
    45
     8
     0
    15
    14
    12
    30
    12
     5
    17
    12
    15
    18
    28
    14
     0
     0
     0
     0
     0
     0
     6
    59
    51
    86
    14
   144
    20
    13
     7
     1
    13
    17
     1
    16
     3
     1
     8
    24
     0
     0
     0
     4
     1
     0
    48
    39
    18
    52
    10
     9
    12
    21
     0
    10
    35
     5
    24
     9
    13
    33
    22
    50
     0
     0
     0
     0
     5
     0
    69
    96
    53
    18
    23
     0
    29
    15
     6
    13
    17
    10
    31
     7
    79
    32
     8
     8
     0
     0
     0
     0
     0
     0
     5
    59
   135
    55
    21
    21
    53
    12
     6
     8
     8
    23
    23
    15
    15
    26
    16
    38
     0
     0
     0
     0
     0
     0
    43
    54
    15
    31
    28
    28
    13
    19
    10
    59
    65
    22
     1
     1
    67
     0
    22
    36
     2
     0
     0
     0
     0
     0
    16
   102
    80
    19
    28
     3
    17
    25
     5
     6
    16
    24
     0
     0
    84
    13
    20
    21
     0
    11
     7
     0
     0
     1
    27
    61
    92
    12
    13
     1
     0
    14
    31
    16
     6
    23
     4
    11
    18
    57
    47
    22
     0
     1
     5
     0
     0
     3
    13
    60
    94
    19
    13
    25
    22
    10
    15
    18
    27
    17
    11
     9
     0
    10
    25
    19
     0
     0
     0
     7
     3
     0
     7
    65
   178
   134
     1
    45
    34
     9
    18
    31
    57
     6
    10
     4
    68
    10
    47
    55
     0
     0
     0
     0
     6
     0
     0
    68
    57
     4
     4
     1
     0
    16
    21
    32
     5
     7
    17
    52
    11
   149
    12
    10
     0
     0
     4
     0
     0
     7
    14
    94
    21
    46
    11
     7
     4
    18
    13
    11
    14
    50
    10
    21
    55
    59
    17
    15
     0
     0
     0
     0
     8
     0
    11
    97
    32
    19
    11
    28
     1
    11
    10
     3
    29
   150
    27
    23
    73
    59
    54
     9
     0
     0
     0
     0
     7
     0
    18
    23
    71
   153
    49
    22
    27
     6
     4
    17
    32
    16
     8
    25
    14
    51
    11
    56
     0
     1
     5
     0
     0
     0
     5
    56
    57
    55
    19
     8
    16
    17
     8
   144
    20
    45
    27
    14
    54
     9
    22
    19
     0
     2
     0
     0
     0
     0
    13
   120
    70
    66
     4
    19
    16
     3
     0
     6
    19
     6
    11
    21
    24
     8
    37
    14
     0
     3
    15
     7
     0
     0
     8
    51
    42
    45
    23
     4
    12
    53
     0
    18
    32
    10
    51
    21
    52
     8
     6
    13
     2
     0
     3
     0
     0
     0
     6
   175
    54
    48
    19
     7
    22
     8
     3
     7
     1
     9
    15
    19
     0
    17
    12
    11
     0
     9
     0
     0
     0
     0
     8
    58
   138
    20
     6
     5
     8
    11
     3
     5
     0
     0
     6
    45
     2
    46
    15
     3
     0
     0
     0
     1
     0
     0
    62
    30
    46
    14
     0
     2
    50
     4
     5
     5
    15
     4
     7
    29
    29
    66
     0
     7
     0
     0
     0
     0
     5
     0
     9
    55
    80
     3
     5
     6
    12
    10
    17
    14
    25
    12
    20
    37
   166
    12
    18
     7
     0
     0
     0
     0
     0
     3
    45
    55
   244
    57
    10
     3
     4
     0
    18
    23
    30
     7
    57
    56
    81
     0
    12
    50
     0
     5
     0
     0
     0
     0
    31
    61
    97
     3
     9
    10
    15
     7
    12
    17
     9
    18
     7
     2
   196
    18
    18
    24
     0
     7
     0
     0
     0
     0
    14
    47
    41
     3
    26
    16
     6
     3
    11
    16
     7
    11
    14
    12
    49
    14
    18
    12
     0
     0
     0
     0
     2
     0
    15
    43
   134
    19
    12
    10
    20
    12
    13
     3
    21
     8
    15
    22
     5
    10
     3
    18
     0
     0
     3
     0
     3
     0
     1
    19
   110
   133
     7
    23
    24
   162
     2
    21
     1
    16
   157
    40
    27
    43
    10
    11
     0
     0
     0
     0
     0
     0
     6
   112
    45
    93
     7
    21
     8
     0
     7
    10
    12
     3
    35
    10
    15
    12
     1
     9
     0
     0
     0
     0
     0
     0
    45
    10
    82
    97
    15
     3
    11
     8
     5
     3
    18
    45
    23
    25
    22
     8
    46
    10
     0
     2
     0
     3
     0
     0
    13
    20
    83
     2
    13
    13
    20
    18
    13
    15
    14
   211
    26
    24
    54
    62
    19
    44
     0
     0
     0
     0
     6
     0
    16
    11
    55
    48
    48
    18
    13
     5
     8
   144
    29
     0
     8
   187
   197
    79
     4
    10
     0
     1
     0
     0
     5
     0
    10
    36
    52
     7
    22
     3
    23
    25
     9
    22
     4
     9
    18
    48
    34
   194
    11
     5
     0
     0
     0
     0
     0
     0
     4
     5
   160
    37
     8
     0
     6
    18
    19
     0
     5
    22
     2
    17
     2
     0
    10
     9
     0
     0
     0
     3
     2
    10
     9
     1
   141
    56
    12
    13
    43
    21
    10
    11
     9
     9
    16
    96
     7
     0
    20
     9
     0
     0
     0
     0
    10
     0
    10
    17
    41
    11
     2
     9
    22
    68
     9
    80
    40
     4
     5
     1
    64
   156
    30
    25
     3
     7
     3
     0
     0
     0
    14
    36
    90
    45
    11
     9
     7
    64
    61
    29
    19
     9
    19
    42
    28
    13
     4
    26
     0
     0
     0
     0
     0
     0
     7
    10
    69
    21
     3
    46
    11
    15
    11
    24
    10
     7
    48
   180
     8
    88
    17
     5
     0
     2
     7
     0
     0
     0
    11
    24
    87
    61
     4
     7
     8
     9
     9
    13
     2
    49
    19
    15
     4
     0
    26
     0
     0
     0
     0
     0
     0
     0
    12
    69
   136
    13
    14
     8
    15
    11
     9
     4
    25
    15
    11
    14
    17
    14
    42
     4
     0
     0
     0
     0
     0
     0
     7
    90
    58
    55
    11
    19
    23
     9
    18
    58
    12
     3
     0
    18
     2
    18
     3
    13
     0
     0
     0
     0
     0
     0
     3
     8
    45
     4
    12
     1
    22
     2
     8
    11
     8
     8
    13
    21
    51
     3
     4
     2
     0
     0
     3
     0
     0
     0
    15
    37
    26
    69
    20
     3
     7
     4
    25
    17
     7
     6
     6
    48
    60
    25
    11
    18
     0
     0
     0
     0
     0
     0
    19
    15
    45
   151
    21
    17
    14
    11
    32
    25
     0
    33
    14
    26
    24
    10
    13
     3
     0
     0
     2
     0
     0
     0
     5
    82
    45
   127
    11
    19
    10
    29
    16
    16
    67
    22
    21
    54
    18
     5
    15
     8
     0
     0
     0
     0
     0
     0
    29
    83
    55
    10
    10
    14
    28
    12
     8
    16
    15
    19
    33
    24
    14
    17
     4
    15
     2
     0
     0
     0
     0
     0
    12
    10
    62
    49
    10
    10
    29
     8
     8
    13
    59
    12
    14
    19
     9
    55
     6
     0
     0
     0
     0
     0
     0
     0
     2
    13
   138
    49
    23
    76
     9
     5
    42
    12
    16
    13
    24
    10
    17
    34
    14
    20
     0
     0
     0
     4
     0
     0
     6
    19
    59
    13
    12
     6
    22
     5
    12
    29
    12
    12
     6
    44
    31
     1
    30
     4
     0
     0
     0
     0
     3
     0
     1
    57
   126
    31
    17
     5
    59
    14
    13
    11
    20
     0
    44
     3
    61
    90
     9
    36
     0
     0
     0
     0
     0
     0
    88
    12
    11
    92
     2
    62
     6
    10
     5
    13
    11
     5
    22
     6
    12
   105
     8
    62
     0
     0
     1
     0
     0
     0
    48
   101
     8
    13
    13
    21
     7
     3
    22
    21
     1
     8
     3
    60
    71
    59
    17
    11
     0
     6
     0
     6
     0
     0
    11
    49
    87
   120
     6
     6
    23
    17
   140
    14
     4
    16
    10
     3
    14
    54
    12
    23
     0
     0
     1
     0
     1
     0
     9
     9
    23
    14
     0
    11
    32
    13
    12
     1
     4
    28
    14
    77
   180
    11
    10
    22
     0
     0
     5
     0
     0
     5
    16
     2
     6
    57
     1
    10
     8
    14
    11
    21
    20
    10
    14
     7
    44
   136
    42
    14
     4
     0
     1
     0
     0
     0
    15
    19
    50
    96
    11
    12
    11
     8
     4
    10
     8
    12
    14
    20
    25
     1
    18
    55
     0
     0
     1
     0
     0
     0
    12
   127
    11
    39
    63
    29
     4
     0
    10
     6
    11
    16
     8
    14
     9
    31
    17
     4
     0
     0
     0
     0
     0
     0
    21
    94
    15
    87
    16
    11
    14
     9
    12
     7
     7
    21
    27
     0
    83
    92
     7
    15
     1
     0
     0
     0
     0
     0
     0
    87
   142
    12
    14
    11
     9
     5
    64
    14
    22
     2
    13
    17
    41
    24
    26
     4
     1
     0
     0
     0
     0
     2
    16
    18
   120
    43
    21
    15
    14
    16
     5
    43
    20
     2
     3
    44
    57
    15
     8
    48
     0
     0
     3
     0
     0
     0
    91
    69
    98
     7
    17
    47
     4
    16
     6
    18
    23
     5
     4
    10
    13
    58
    49
     9
     2
     0
     0
     0
     0
     0
    18
    10
   100
     9
    24
     0
    21
    10
     8
    19
    20
    10
    14
    40
    19
    20
     4
    40
     0
     0
     0
     0
     0
     0
     2
    23
    47
    14
    16
     0
     6
    12
    37
    55
    85
    10
    10
    15
     2
    52
    12
     3
     0
     0
     0
     2
     0
     0
     3
    55
   106
    88
    16
    24
    26
    17
    13
    29
     4
     6
    23
    19
    11
    66
    12
    28
     0
     0
     0
     0
     0
     0
    13
    81
    20
    81
    21
    17
     3
    33
    27
    14
    99
    13
    17
     5
    10
   123
    12
    14
     0
     0
     0
     0
     0
     0
    40
    89
    99
    11
     7
     7
    52
    15
     0
     0
     4
     5
     8
     0
    18
     7
    29
     1
     0
     0
     0
     0
     0
     0
    10
    44
   103
    43
    10
     9
    34
    20
   152
    30
     9
    15
     8
    18
    18
     3
     0
    50
     0
     0
     0
     6
     8
     0
    62
    39
    68
    65
    10
     9
    16
    13
     5
     9
    21
     5
    15
   184
     2
    41
    11
    17
     0
     1
     0
     0
     0
     0
    10
    48
    44
    10
    13
    13
    69
    19
     8
    13
     0
     7
    12
   142
    15
     6
     1
    50
     0
     0
     1
     0
     0
     0
     4
    44
    18
     8
    19
    14
     2
    12
    22
    16
     6
     0
     0
   141
     7
    14
     7
     4
     0
     0
     8
    10
     0
     0
     7
    39
    65
    44
    22
    17
    11
    19
    13
    16
    13
    16
    23
    12
    17
    15
     5
    19
     0
     0
     0
     0
     2
     0
    11
    52
    89
    39
    19
     9
     8
    25
    15
    59
     8
    17
    14
    10
   131
   106
    13
    16
     0
     0
     0
     0
     0
     0
    16
     7
    96
     2
     3
    16
     6
     5
     2
    25
     6
    16
     0
    10
    20
     5
    24
    21
     0
     0
     0
     0
     0
     0
    18
    25
    56
    10
     8
    12
    20
    18
    18
     6
     3
    13
     4
    17
     0
    13
    15
     9
     0
     0
     4
     0
     0
     0
    21
     0
    55
    53
    10
     5
    20
    15
    11
    10
    36
     6
    15
    67
    11
    24
    13
   160
     0
     5
     0
     0
     0
     0
    25
    59
    84
    41
     2
    11
     3
    10
     6
     5
     8
    13
     0
    24
     6
    14
    24
    16
     0
     0
     0
     0
     0
     0
    47
     6
    51
     8
    19
     0
     3
     5
    14
     0
    20
    17
     6
     7
     7
    48
    26
    13
     0
     0
     0
     1
     0
     4
    20
    56
    55
    48
    21
    20
    59
    11
    14
     5
    26
    11
     8
    11
    18
    33
    10
    40
     0
     0
     0
     0
     0
     0
     6
    21
    38
    60
     3
    15
    31
     5
    11
     9
    12
     3
    20
    59
   205
    20
    10
    13
     8
     0
     0
     0
     0
     0
    13
    21
   100
    16
     5
     5
    18
     2
    15
    19
    27
    16
     5
    16
   149
    59
    11
    16
     3
     0
     6
     0
     0
     0
    23
    50
     0
    34
     1
    13
     1
    44
     9
    10
     8
     7
   153
    46
     6
    36
    15
    23
     0
     0
     0
     3
     0
     5
    11
     7
     1
   193
     7
     0
     1
     0
    22
    19
     7
     9
     9
    58
    54
    47
    56
     6
     0
     0
     0
     0
     0
     0
    16
    22
    60
     6
     6
    22
    15
    11
    12
     2
    18
     9
    19
    19
    53
    16
     6
    16
     0
     0
     0
     0
     0
     0
     4
    62
    16
     3
     2
    10
    16
     6
     0
     0
    10
    15
    15
     1
     4
    45
     3
     3
     0
     0
     0
     0
     0
     0
    23
    38
    77
    96
     8
    18
    24
    34
    26
     8
    11
     2
    36
    10
     8
   245
     1
    15
     3
     0
     4
     0
     8
     0
     2
     1
   172
    37
    12
    19
     9
    12
     8
     5
    14
     4
     9
    13
   151
    56
    53
     4
     4
     0
     0
     0
     0
     0
     7
    15
    14
    12
    45
     4
    52
    20
    11
    15
    14
     2
     0
    81
    46
    30
     9
    21
     0
     0
     0
     0
     0
     1
    59
    87
    10
    58
     1
     8
     6
    14
     9
    11
    13
    30
     9
    16
     0
    52
     0
    17
     0
     3
     0
     0
     0
     0
    13
    69
    54
    55
     5
    11
     7
   150
     8
    19
    19
     1
     5
    18
    17
     6
     7
    11
     4
     0
     0
     5
     0
     0
    12
    79
   101
    12
     7
     3
    13
    15
     9
     5
    46
    18
     4
    21
   193
   197
    15
     8
     0
     0
     3
     0
     0
     0
    10
    14
    12
    84
     0
    16
    11
    14
    16
     8
    10
     4
    12
    16
     4
    13
     9
     3
     0
     0
     0
     0
     0
     0
     5
   133
    58
    18
    17
     7
    48
     3
    50
    12
     6
    14
     7
    26
     1
    13
    15
    14
     0
     0
     0
     6
     0
     0
    28
    23
     8
    15
    15
    19
     9
    12
    10
     7
    31
    33
    17
    24
    56
     1
     2
    23
     0
     0
     0
     0
     4
     0
    55
    11
    14
     2
     2
     7
    20
     8
    17
     0
     0
    11
    12
   152
    10
    47
    19
     5
     0
     0
     0
     0
     0
     0
     8
    44
   134
    97
     0
    11
     5
    14
    11
    14
    98
    12
    22
   140
    76
   103
     5
    10
     0
     0
     0
     0
     0
     0
     0
    14
    44
    15
    16
    20
     8
     8
    12
     5
    16
     9
    25
     7
    59
    58
    14
     0
     0
     0
     0
     0
     0
     0
    16
     0
     5
     4
    13
    21
    21
     6
     0
     9
    43
     0
     4
    12
    18
    63
     5
    15
     0
     0
     0
     1
     0
     0
     8
    12
    49
    50
    18
     9
    11
    30
     6
    19
   160
    14
     8
    33
     6
    13
    14
    19
     0
     0
     0
     0
     0
     1
    13
   103
    11
    57
     8
     9
    19
     0
   160
   100
     7
    13
    13
     6
     9
    19
    14
     8
     0
     4
     0
     0
     0
     3
     0
    12
   152
    12
     5
     5
     6
     0
    22
    43
    10
    24
    22
     9
    22
    14
    16
    12
     0
     0
     0
     0
     0
     0
    25
    10
   100
    56
     6
     5
    10
     0
    24
    12
    10
    18
   149
    24
   163
    52
    16
    16
     0
     0
     0
     0
     0
     0
    18
     5
   151
    51
     9
     7
     0
     8
     2
     7
     7
    10
     5
    16
    10
    13
    17
    18
     0
     0
     0
     0
     0
     0
    14
    48
    10
    88
     2
    14
     6
    10
     2
     5
    14
    22
     9
    24
    46
     9
     6
    50
     0
     0
     0
     0
     0
     0
    63
    12
    18
    13
    10
    19
    34
    19
    13
    18
    14
    25
     5
    10
     3
    54
     2
     3
     0
     0
     0
     0
     0
     0
    22
     6
    88
    28
     2
     7
    13
     0
     0
    17
    12
     1
     9
    56
    12
     4
    18
     5
     0
     0
     0
     0
     0
     0
    52
    64
    14
    54
    15
    33
     8
     8
    31
    63
     7
     8
    11
    22
   150
    46
    50
    52
     5
     0
     0
     0
     0
     8
    13
     9
    90
    83
     9
    27
     6
    20
   158
    15
    20
    24
    11
    14
    78
     9
    22
    28
     0
     0
     0
     0
     5
     0
    34
    79
    42
    14
     4
     3
    14
     9
    10
    17
    24
     6
    17
    14
    16
    52
    11
     8
     0
     0
     0
     0
     0
     0
    40
    18
    44
    46
    11
    11
    27
     7
    12
     1
    12
     3
    10
     9
     7
     7
     6
     2
     0
     0
     0
     0
     0
     0
    42
     8
    43
    53
     6
     0
    21
    20
    50
     7
     4
    13
     5
    45
    15
     1
     2
    47
     0
     0
     0
     0
     4
     2
     7
    40
    47
    44
     5
    22
    15
    20
    15
    19
     0
    47
     2
   166
    48
    52
     7
    14
     0
     0
     0
     4
     0
     3
     1
    75
    51
    10
    10
     2
     1
     5
    13
     7
     2
     0
     2
     2
     7
    11
    16
     0
     0
     0
     0
     0
     0
     0
     5
     7
   225
     1
    11
    60
    16
     9
     7
     5
    49
     8
    20
    10
    20
    65
    12
    19
     0
     0
     0
     0
     0
     0
    14
     2
   104
    25
    18
    10
    49
    60
    16
    18
    16
    59
    12
    43
    52
     5
    35
    20
     0
     0
     0
     0
     0
     0
    22
    49
    93
    24
    17
    10
    58
    12
    18
     7
     0
    17
    12
    17
    13
    53
     9
     6
     0
     0
     0
     0
     0
     0
     4
     7
    15
    37
    45
     1
    14
    19
     7
     3
    20
     7
    19
     6
     5
    24
    15
   153
     0
    10
     0
     0
     5
     0
     9
    11
   205
     3
     3
    22
    20
    28
     1
     8
    13
     4
    12
     6
     6
   149
     0
    11
     0
     0
     0
     0
     0
     1
    16
    60
   144
     0
     1
    20
    10
    11
    10
    13
    17
    11
    22
    15
    22
    19
   197
    13
     0
     0
     0
     0
     0
     0
    19
    50
   105
    81
    10
    51
     4
    58
     1
     5
     6
    55
    13
    14
    63
     3
     0
    10
     0
     0
     0
     0
     0
     0
     6
   128
    57
    19
    19
     1
     0
     9
    16
    30
    17
    18
    37
     6
    19
     8
     6
    13
     0
     0
     2
     3
     0
     0
    12
    13
    87
     5
     8
    18
    17
    14
     6
    15
    41
     8
    56
     9
    46
    40
    16
     6
     0
     0
     0
    10
     0
     0
     7
   100
    21
     0
    11
    13
    23
    14
    52
    13
    11
    15
    17
    13
    53
     9
     0
     4
     0
     0
     2
     0
     0
     0
    16
    14
    51
    49
    17
     3
     1
    10
    79
    15
    13
     9
     4
    13
   122
    19
    11
     8
     0
     0
     0
     0
     0
     0
     4
    16
    95
    47
     4
    28
     3
    14
     0
    41
     4
    10
    18
     3
     9
    11
     8
     2
     0
     0
     0
     7
     0
     0
     8
    18
    17
    42
     9
     2
    26
    19
    12
    11
     1
     2
    25
    51
     3
    56
     7
     7
     0
     1
     0
     0
     0
     6
    45
    93
    18
    92
    29
    14
     8
     2
    25
     0
     7
     8
     8
    14
     3
     5
     3
    51
     0
     0
     0
     0
     0
     3
    17
    45
    10
    49
     6
    14
     4
    22
    18
    11
     8
    14
    15
    38
     0
    24
    15
    20
     0
     0
     0
     0
     0
     0
    12
    67
   108
     6
    23
    16
     3
    68
     0
    17
    11
     0
    18
     7
    50
    10
   204
    31
     0
     2
     0
     0
     5
     4
     3
     9
   128
    12
    48
     9
     0
    14
    22
     7
     9
    10
    23
     9
    43
     0
     8
     1
     0
     0
     0
     0
     0
     9
    33
     9
    41
    43
    14
     1
     9
     2
    15
     1
     5
    22
     3
     3
    13
    15
     2
    16
     0
     0
     0
     0
     0
     8
    13
     3
   129
     7
     7
     5
     4
    57
    18
    24
     8
    41
     0
     3
     8
     4
    22
    37
     0
     0
     0
     0
     0
     0
    48
     5
    91
     7
    10
   143
     7
    24
     6
    15
     5
    22
     0
    69
     7
     9
    13
    14
     0
     0
     0
     0
     0
     0
     9
    33
    48
     7
     5
     3
     8
    21
    19
    53
    10
    11
    12
     4
    11
    73
     1
    26
     6
     0
     0
     0
     0
     0
    18
    22
    96
   168
    11
    14
    27
    55
    20
    53
    19
    21
     6
    14
    43
    21
    16
    13
     0
     0
     0
     0
     4
     0
     6
    62
   136
    92
    19
    36
    26
    18
     7
    54
    18
     5
    12
   152
    28
    22
    34
     9
     0
     4
     0
     0
     0
     0
     2
    88
     7
    49
    14
     0
     6
     5
     2
    10
    16
    15
    11
     8
     7
    17
    13
     9
     0
     0
     0
     0
     0
     2
    47
    63
    48
    55
     8
     1
     9
    21
    31
    14
     8
    23
     7
    13
    24
   127
    11
    11
     0
     1
     0
     0
     4
     0
    16
    47
    46
    49
    16
    24
    66
    23
     8
     9
    28
     0
   143
    16
    24
    16
     1
     8
     0
     0
     7
     0
     0
     0
    54
    12
    66
     7
   155
    18
     5
     5
     7
    19
    24
    18
    13
    69
    47
     5
    11
    21
     0
     0
     3
     4
     0
     0
    19
    96
    24
    18
     1
     4
    54
    27
    12
    12
    11
     7
     2
    21
     5
    18
     0
    18
     0
     0
     0
     0
     0
     0
    60
     4
     8
    13
    18
    17
    41
    13
   144
    19
    35
    59
     0
    15
     3
   187
    16
    10
     0
     0
     0
     0
     7
     0
     6
    10
    60
    70
    22
    12
     3
    18
    23
    31
    10
    17
    11
     4
    10
     5
     0
    22
     0
     0
     0
     0
     0
     0
     4
    52
   136
    60
    13
     0
     8
     6
    41
   157
    25
     0
     6
    15
    52
    15
    13
     5
     0
     0
     0
     0
     0
     0
     6
     6
    38
     6
     5
     6
    60
    14
    54
    11
    54
    12
    12
    34
     8
   138
     3
     4
     6
     0
     0
     0
     0
     0
     4
    62
     8
     1
    16
     0
    16
    47
    10
     4
    13
    10
    18
    19
    22
    24
     6
     0
     0
     5
     0
     0
     5
     0
    12
    87
     7
    61
    14
     3
     9
     9
    15
     9
    21
    12
     0
    47
     9
    14
     1
    33
     0
     0
     0
     0
     0
     0
    18
     1
    83
     9
     2
     9
     8
    38
     5
    20
     1
     2
   154
     6
    15
    66
    49
    15
     0
     0
     0
     0
     9
     7
    56
    17
   182
    91
     5
     2
   149
     8
     7
    19
    20
    12
    12
     4
     8
    65
    55
    66
     0
     0
     0
     0
     6
     2
     7
     2
   179
    55
     8
    18
    17
    17
    19
     0
    45
     9
     1
    28
    18
    63
    49
    47
     0
     0
     5
     0
     0
     0
    18
    10
    14
    87
     0
    15
    14
     2
     6
     0
    21
    11
     0
    46
    18
    18
    21
     7
     0
     0
     0
     0
     0
     2
    14
    41
    48
    86
    24
     8
    12
     8
    14
    18
     7
     8
    21
    55
    12
    12
    14
     8
     6
     0
     0
     0
     0
     0
    17
    46
   124
    63
    10
     7
     6
     6
    55
     8
     3
     7
    16
     5
    14
     5
     0
     5
     0
     0
     0
     0
     0
     0
    13
    53
    16
     5
     8
     3
     8
    18
    10
    16
    59
    21
     4
    13
    17
    62
    18
    17
     0
     0
     0
     5
     0
     0
    27
    56
   105
    16
    18
    11
     0
    27
     0
     4
    16
     5
    17
    50
    11
     0
    13
     7
     0
     0
     0
     0
     0
     0
    12
    13
   128
     9
     9
     4
     7
     3
   154
     0
    16
     9
    22
    44
    15
    16
     3
    10
     2
     0
     0
     0
     0
     0
    12
   103
   102
    66
   182
    16
     8
     4
    45
    22
     9
     9
    39
     2
    29
   154
    11
     8
     0
     0
     3
     1
     0
     0
     8
     4
    11
    18
     6
     0
    53
     5
     3
    10
     8
    13
     5
    40
     9
    87
    22
     5
     0
     0
     0
     0
     0
     0
     8
    56
   115
    47
     8
    15
     4
     5
     6
    21
     8
     7
     8
    53
   154
    56
     5
    16
     0
     0
     0
     0
     0
     0
    14
    66
   134
     6
    23
     0
    17
    13
     7
    13
    42
    56
     8
     4
    56
    41
    20
     0
     0
     0
     6
     0
     0
     0
     1
    51
    94
    71
     8
     5
    23
    21
     9
     8
     7
    14
    20
     4
    38
    46
     4
     6
     0
     0
     0
     0
     6
     0
    17
   119
    19
    18
    18
    19
     9
     6
     7
    13
    10
     8
    29
    16
    25
    52
     5
    30
     0
     0
     0
     0
     0
     1
    49
    39
    51
    23
    27
     2
     9
    22
     4
     8
    23
    18
   142
     2
     9
    10
     5
    23
     0
     0
     0
     8
     0
     0
    18
    61
    87
    51
    93
   169
     4
    18
    23
     9
    13
     8
    15
     4
    12
     7
    18
    23
     3
     2
     0
     0
     0
     0
     3
     9
     6
    50
     7
     8
    17
    11
    16
     1
     8
    16
     5
    11
     5
     0
    23
    44
     0
     0
     0
     0
     0
     0
    15
    25
    95
    41
   147
    12
     0
    13
    10
     4
    19
    17
     0
     8
    59
    18
    12
     4
     0
     0
     0
     0
     0
     1
    41
    14
    68
    14
    12
    15
    28
    20
     0
     9
     5
     0
    11
    23
    11
    15
    10
     0
     5
     6
     0
     0
     0
     0
    52
    54
    14
    94
    31
     9
     9
     6
     1
    15
    12
     3
     4
    14
     4
    11
     0
     3
     0
     0
     0
     0
     0
     0
     8
     8
     7
     5
    22
    13
     6
     2
    23
    41
     8
     2
     1
     5
    14
    11
    23
    10
     0
     0
     0
     0
     0
     0
    54
    53
    51
    47
    14
    15
     4
    26
    27
     4
    14
    51
     6
   143
    14
     9
     5
     8
     0
     0
     0
     0
     0
     0
    20
    59
    62
    48
    38
     5
    29
     9
     6
    31
    24
    23
     9
     2
   184
   194
    59
    28
     0
     4
     0
     0
     9
     0
    10
     1
    49
    22
    57
     7
    15
     9
    24
    11
    15
     1
    20
     0
    16
    48
    25
    55
     0
     0
     0
     0
     0
     0
    45
    59
    64
    15
    14
     2
    50
     5
     9
    10
    22
    14
    15
    21
     9
     4
     7
    24
     0
     0
     0
     2
     0
     0
     5
     6
    87
     8
    10
     9
     7
    13
     7
     5
    46
     5
    16
     8
    10
   152
     0
     6
     0
     0
     0
     0
     0
     0
    19
    15
    82
    52
    11
    18
     6
    13
    19
   145
     8
     9
    10
    17
    25
     2
    21
    26
     0
     0
     0
     4
     3
     1
    15
   102
    75
    61
    51
     5
    22
    25
    20
     7
    17
   150
     8
     0
    17
    46
     7
     1
     0
     0
     2
     0
     0
     0
     7
    12
    86
    45
    12
    12
    14
    26
    21
     7
     4
    10
    16
    32
    16
    19
    13
    49
     0
     4
     0
     0
     0
     0
    32
    24
    90
    21
    20
    29
    25
    25
    20
    60
    29
    15
    58
    19
    13
   103
     7
    11
     0
     0
     0
     0
     0
     3
     0
    44
    87
    42
    10
     7
     0
    11
     8
    10
    21
    15
     8
     3
    58
    58
    23
    17
     0
     0
     0
     0
     0
     0
    13
    84
    43
    69
    51
     2
    16
    12
    10
    29
    10
    22
    34
    47
    11
    82
    27
    16
     0
     0
     0
     0
     0
     0
     9
     5
    45
    28
    25
     1
     3
    13
     0
     0
    20
    16
    12
     5
     9
    56
    10
    21
     0
     0
     0
     0
     0
     0
    17
    28
     2
    86
    13
    11
    22
     5
     8
    40
    10
     2
     9
    12
    11
    41
    23
    11
     0
     5
     0
     0
     0
     0
     0
     1
    12
     0
    17
    22
    15
    44
     5
     1
    17
     8
     4
    53
    19
    10
    16
    19
     0
     1
     1
     0
     0
     0
     9
    14
    67
   139
    26
    10
    33
     5
    22
     8
    15
     7
    15
    16
    51
    28
    17
    15
     0
     6
     3
     0
     0
     0
     0
    17
    84
     5
    48
    10
    26
    43
    27
    18
     0
     9
     3
     5
    10
     8
    47
    32
     0
     0
     0
     0
     0
     0
    44
    19
    31
    22
     8
    29
     7
     9
    11
     6
     6
    12
     4
    10
     6
    86
    12
    18
     0
     0
     0
     3
     0
     0
    12
    44
     9
    14
     7
    17
    11
    28
    21
     5
    13
    51
    12
    49
    50
    16
    25
    14
     0
     0
     6
     2
     0
     0
     8
    43
    11
    89
     7
    27
    10
     4
    11
     8
    12
     0
    48
    41
     9
    39
     3
     7
     0
     0
     0
     0
     0
     0
     0
    20
    60
     6
     3
    12
     0
     0
    17
     6
    24
    24
    55
     7
    13
    48
    17
     2
     0
     0
     1
     0
     2
     0
    12
    95
     7
    25
    41
    14
    18
    23
    10
    10
    17
    20
     0
     9
    12
    23
     7
     8
     0
     0
     0
     0
     0
     0
    20
    14
    63
    49
     9
    24
    13
    20
    12
    13
    43
    17
    46
    28
    70
    71
     3
    10
     0
     0
     0
     0
     0
     0
    30
     3
    64
    19
    12
    44
    11
    13
     7
    20
     9
     7
    63
     8
    16
    26
    17
    20
     0
     0
     8
     0
     5
     0
     4
    43
    40
    14
     0
     9
    11
    11
    12
    14
    22
    11
    17
     4
     7
     9
     9
    29
     0
     0
     0
     0
     0
     0
    16
    14
    93
     3
     9
     6
    16
     8
    17
     2
     6
     0
     7
     6
    50
     5
     5
    17
     0
     0
     0
     2
     0
     7
     8
    20
   167
     5
    51
    14
    30
     3
    26
     0
    15
     6
     7
    14
    76
    38
    15
     3
     0
     0
     0
     0
     0
     0
    52
    16
    27
   278
     5
    11
    14
    13
    42
     3
     5
    45
    10
    10
    12
     1
     1
    11
     0
     0
     0
     0
     0
     3
    16
    41
    10
    23
    12
    21
     7
    11
     1
     5
     0
    20
     5
     7
     7
    61
    16
    19
     2
     0
     0
     0
     0
     0
    11
    32
    86
    86
    23
     4
     7
    15
    12
    15
     9
    23
     9
   166
    46
     4
     3
    22
     0
     4
     0
     2
     4
     0
    92
     5
    95
    40
    13
    11
    46
     8
     2
     7
    20
    24
    15
     0
    30
    12
    16
    12
     0
     0
     0
     0
     0
     0
     0
    53
    75
     7
    58
    20
    14
     4
     9
    18
   149
    50
     9
     5
    17
    20
     7
    16
     9
     0
     0
     0
     0
     0
    18
    20
     0
    27
    10
    17
    11
    18
     2
    10
    14
     6
     2
     3
   156
    57
    40
     0
     0
     4
     0
     0
     0
     0
     5
    11
   142
    58
   153
    30
     6
    10
     9
    10
     7
     6
    13
     9
    72
     8
     5
     9
     0
     0
     0
     0
     3
     0
    11
     8
    88
    78
    26
    42
    14
     8
    46
    10
     3
    19
    14
     4
    52
   158
    10
    16
     0
     0
     0
     0
     2
     0
    27
    52
    11
    57
    45
    18
     3
    12
    10
     5
    10
    29
     3
     8
     0
    12
    18
    11
     0
     0
     6
     0
     1
     0
    78
    48
   114
   123
    18
    22
    21
    10
    14
    12
    12
     8
     8
     7
    10
    46
    17
    19
     0
     0
     0
     0
     1
     0
    12
    50
   115
    62
     4
     5
    10
     6
    10
    15
     1
     5
    17
     3
    40
    82
    10
    12
     0
     0
     0
     0
     0
     0
    19
    12
   116
    52
     4
     9
    59
    25
    26
    15
    30
   145
    21
     7
     5
     7
    51
    13
     2
     0
     0
     0
     0
     5
    16
    62
    50
    95
     3
    65
    21
    12
     7
    11
    45
   143
    16
     8
     7
     9
    58
     1
     0
     0
     0
     0
     0
     0
     9
    53
    47
    50
    12
    11
    12
    13
     8
    18
     2
     6
    23
    16
    23
    10
     2
    63
     0
     0
     0
     0
     0
     0
     0
     5
   142
    41
    56
     0
    20
     1
     6
    21
     1
     7
    12
    47
    24
    46
    44
    38
     2
     0
     0
     0
     0
     0
     0
     7
    26
    45
    88
     9
    19
     5
    10
     2
    23
     0
    18
     6
     5
    15
    32
    16
     5
     0
     0
     0
     6
     0
     6
     0
   142
    57
    46
     1
     7
    16
    13
    10
    27
    13
    23
    19
   163
     6
    40
    15
    11
     0
     5
     0
     0
     0
     0
     4
   135
   180
    58
     8
    23
    13
    10
    55
    55
    51
     9
     6
    30
    16
    54
    11
     1
     0
     0
     2
     0
     0
     0
     9
    92
    17
     2
    26
    20
    12
     1
    16
     9
    14
    21
    24
     5
   142
    46
    12
    16
     0
     0
     0
     2
     0
     0
     0
    82
    63
    25
     6
     2
     1
    17
    11
    14
    12
    10
    17
     4
    12
    53
    20
    14
     1
     0
     0
     0
     0
     0
    20
    50
    96
     9
     4
     2
    41
    10
    10
    13
    48
    10
     1
    13
    14
     5
     3
     8
     0
     2
     0
     0
     2
     0
     1
    17
    98
    40
    12
    16
    19
    19
    12
    18
   142
     8
    50
     5
    57
     2
    52
     6
     0
     0
     0
     0
     1
     0
    15
     5
     3
     8
   157
     5
     4
     2
     2
     9
    15
    32
     8
     0
    15
    21
    15
    17
     1
     0
     0
     0
     0
     0
    10
    58
    51
   137
    20
    44
    14
     7
    52
    32
    12
    16
     4
    17
    48
     6
    46
    15
     0
     1
     0
     0
     0
     0
    12
    45
   186
    50
     8
     7
    16
    21
    16
    10
    12
    17
    22
     0
    11
    26
    51
    17
     0
     2
     0
     0
     0
     0
    10
     6
    19
     4
     6
    41
    15
    19
    22
     7
    13
    31
    11
    19
     6
    50
    18
    25
     0
     0
     3
     1
     0
     0
     8
    45
   244
    58
    11
    12
    11
    20
     5
    23
    12
     0
    18
    44
    22
    21
     7
    20
     0
     0
     0
     0
     0
     0
    48
    12
    11
    11
    20
    38
     0
    22
     7
    18
    10
     7
    36
    43
    54
    29
    14
     8
     0
     0
     0
     0
     0
     0
     1
     4
    37
    12
     5
    16
    22
     0
    23
     7
    10
    13
    11
    24
    62
    56
    30
    15
     0
     1
     0
     0
     0
     0
    17
    62
    17
    15
    46
    58
     0
    14
     6
     9
     8
     4
    18
    27
    63
    58
    20
    14
     0
     0
     6
     4
     0
     0
     6
    42
     4
    98
    31
    15
    45
    19
    47
    20
    23
    18
    12
    19
   135
     7
    17
    16
     0
     0
     0
     4
     0
     0
    28
    89
    90
     5
    65
    21
    10
     4
    14
    28
    30
     8
    16
    14
     5
    76
    22
    25
     0
     0
     0
     0
     0
     5
     0
    87
    16
    16
     5
    65
    19
     4
   148
     6
    13
    18
    15
     0
    51
     5
    17
    11
     0
     0
     7
     0
     0
     0
    19
    12
    40
    17
     9
     1
     7
    12
    15
     5
     7
     2
     0
    13
   147
    66
    13
    11
     5
     0
     3
     0
     0
     0
    60
    17
    25
    51
     0
    25
    65
    17
    29
    54
    11
    51
     3
    51
    69
    12
     6
    15
    10
     0
     0
     4
     0
     0
     7
    40
    16
   138
     3
    17
   107
    13
    10
   145
    56
     3
     8
     7
    19
     3
     5
    11
     8
     0
     0
     0
     0
     0
     0
    82
    72
    43
     2
    25
     9
    12
    33
     5
    25
    18
    17
    19
     6
    15
    24
    24
     0
     0
     8
     0
     0
     0
    47
    48
    91
    45
    12
    23
    52
    21
    10
     1
    17
    17
   161
    13
    18
     6
    18
    33
     9
     0
     0
     0
     0
     0
    20
    16
   148
    95
    15
     2
     0
     8
    84
     7
   147
    27
    14
    61
    21
     8
    15
    32
     0
     0
    10
     0
     0
     0
    24
    38
   138
    57
     9
    14
     6
     4
    11
    46
     2
    13
     2
    12
     5
   142
    15
    15
     0
     0
     0
     0
     0
     0
     8
    87
    54
     1
     8
     9
     9
    23
    46
    14
    16
     9
     5
     6
    11
   104
    20
    51
     0
     0
     0
     0
     0
     0
     8
    16
    45
     4
     8
    47
    29
    17
     8
     2
    18
    16
     4
     8
    20
     2
    19
     6
     6
     0
     0
     0
     0
     0
    22
    51
    51
    11
    12
    40
    16
     4
     1
    10
     6
     7
     0
    42
     2
     7
    23
     1
     0
     0
     0
     0
     8
     0
     6
     8
    28
    21
     0
     0
    13
     6
    41
     9
     9
    15
    20
    10
     6
    28
    13
    17
     0
     0
     4
     1
     0
     0
     1
    57
    44
    38
     8
    47
    16
    19
    11
    32
    33
     0
     8
    47
   110
    47
    10
    19
     0
     0
     2
     0
     0
     0
    20
    49
    85
    73
    33
    19
    22
    29
    61
     9
    33
    12
    12
     2
    47
    15
    46
    14
     0
     0
     0
     0
     0
     0
    44
    10
    62
    17
     0
    50
     4
    13
    31
     8
     2
    17
     4
    49
   194
     5
    27
    17
     0
     0
    16
     0
     0
     0
    11
    16
    50
     5
     2
     0
    16
     9
     2
    30
     2
     0
     6
     0
    13
    58
    26
     2
     8
     0
     0
     0
     0
     1
    48
    38
     5
    20
    11
    19
     8
    29
    16
     6
    13
    19
    12
    11
     8
    24
    13
     7
     0
     0
     0
     0
     0
     3
    44
    48
    67
    13
    14
    15
    25
    12
    15
    45
     4
    12
    26
     7
    53
    12
    11
     7
     6
     0
     0
     0
     0
     6
    45
    14
     3
    88
     3
    17
    35
    22
    18
    21
    20
    19
    14
    31
    10
     7
    12
    23
     0
     0
     0
     0
     0
     0
    27
    85
   145
    22
    31
    36
     6
    24
    11
    12
    15
    32
    65
    51
    15
     8
     2
    20
     0
     0
     2
     0
     2
     0
    19
    86
     0
    60
    11
    25
    13
     7
     3
    23
    12
    15
    39
    11
    19
     9
    43
    15
     0
     0
     0
     0
     0
     0
    42
    25
    53
    53
    42
     0
     8
    15
     3
    15
    15
     2
     5
    19
     0
     3
    18
    14
     1
     0
     0
    10
     0
    12
     6
     2
    47
    62
    20
     0
    21
    57
     5
    11
    51
     0
    13
    11
     0
    46
    11
    31
     0
     0
     0
     0
     0
     0
    14
    33
    10
    85
     1
     7
     7
     9
    10
    18
    28
    14
    23
     0
    17
     5
     5
    21
     6
     0
     0
     0
     4
     0
    47
    94
    10
    71
    25
     6
     0
     4
    57
     3
    11
     1
    61
    40
    18
    57
     0
    12
     0
     0
     0
     0
     0
     0
    40
    56
    97
     2
     2
    12
    26
     2
     4
     6
    17
     3
     4
    11
     7
    14
     3
    17
     0
     0
     2
     0
     0
     0
    15
    47
    67
    47
    14
    13
    10
    13
    19
     0
    17
    52
    19
    14
    56
    15
     7
    24
     0
     0
     0
     0
     0
     0
     3
    13
    46
     5
    19
    14
     6
    15
    21
    10
    19
    30
    21
   170
    47
    17
    11
     0
     1
     0
     0
     2
     2
     0
    10
    12
    53
    70
     0
     7
     5
    54
    33
    10
    12
    11
    17
     2
     9
   124
     0
     4
     0
     0
     0
     0
     0
     0
    18
    53
    64
    61
    10
    16
    18
    17
    10
     6
    48
    25
    58
    31
    21
     0
    12
     4
     0
     0
     0
     5
     0
     0
     9
    83
    13
    46
    11
    15
    11
    15
     7
     6
     9
     5
    52
    22
     9
   198
    21
     2
     0
     0
     2
     0
     0
     0
    25
    17
   200
    90
    24
     1
     8
    24
    10
     5
     6
     3
    14
     4
    16
    95
     3
    22
     0
     0
     0
     0
     0
     0
    47
     8
   102
   104
    17
    50
    14
    13
     2
    10
    11
    13
    10
    11
     3
    56
    22
    41
     0
     3
     0
     0
     8
     0
    22
    26
    52
    63
    24
    32
     6
     0
    37
    34
    33
    23
    29
     6
    44
    56
    37
    13
     0
     0
     0
     0
     0
     0
    19
    45
    47
    54
    25
    17
    19
    15
    14
    17
    25
     6
    13
     8
    13
    59
    10
    19
     0
     0
     0
     0
     1
     0
     8
    96
    97
    48
     1
    49
    20
     4
    55
    63
     6
    27
     5
    17
    10
    10
    13
    12
     1
     0
     0
     2
     8
     0
     8
    15
    19
    65
     6
     0
    10
     9
    19
     5
    19
    62
    27
    16
     6
    15
    28
    16
     3
     0
     2
     0
     0
     0
     0
   154
    75
     5
    28
    11
    20
    29
     8
     5
    18
     8
   153
   218
    49
    44
    16
    18
     0
     0
     0
     0
     0
     0
    13
    50
    61
    15
     8
    51
     9
    25
     1
    11
     2
    13
    14
    37
    54
     8
    15
    19
     0
     0
     0
     0
     8
     0
     0
     8
    16
    54
    13
     3
    12
     9
     8
     3
    50
    12
    11
     4
    22
    55
    11
    29
     0
     3
     4
     3
     0
     0
     5
    23
   100
    17
     8
    11
    27
    28
    10
     7
    18
    42
    12
    46
    27
    10
     4
    14
     0
     0
     4
     0
     0
     4
    14
    14
    55
    15
    18
   164
    22
    16
    60
    37
    48
     0
    18
     1
    58
     8
     2
    11
     1
     0
     0
     0
     0
     0
     0
    62
    50
    47
    15
    14
    29
     8
    42
    57
    27
     7
     1
    11
     5
    19
    17
     0
     0
