    41
     2
     2
     0
     7
    49
   249
   155
    60
    31
    54
    33
    61
   111
    72
    37
    48
    68
    35
   203
   173
    33
    55
     2
     0
     0
     7
     6
     0
    48
   270
   226
   255
    44
    40
    22
    39
    96
    65
   107
    96
    94
    75
   234
   129
    57
    71
    10
     8
     2
     0
     1
     0
    31
   162
   234
   143
    33
    90
    59
    55
    57
    45
    53
    82
    58
    48
   154
   218
    22
    35
     1
     6
     2
     3
    12
     0
    70
   228
   348
   177
    75
    22
    74
    81
    45
    34
    72
    46
    72
    67
   119
    58
    23
    69
     7
     1
     0
     0
     4
     6
    54
   130
   192
   272
    54
    50
    62
    26
    30
    88
   197
    46
    35
   211
   128
    46
    34
    79
     0
     2
     5
     6
     0
     6
   131
   216
   304
   216
    38
    50
    70
    90
    43
   104
   123
    33
    60
    69
   158
   197
    80
    28
     0
     0
     4
     8
     0
     3
    54
   121
   262
   170
   112
    56
    72
   105
    67
   118
   107
    58
   177
    48
   134
   127
    15
    81
     0
     8
     6
     0
     0
     0
    56
   122
   176
    96
   104
    29
    10
    61
    43
    77
   183
    80
    43
    73
   140
    66
    40
    50
     9
     0
     7
     0
     1
     0
    68
   199
   360
    45
   186
    29
    42
    77
    32
    33
    16
    82
    82
    40
   225
   120
    82
   122
     0
     8
     0
     0
     0
     0
    10
   225
   181
   193
    33
    34
   110
    43
   101
    38
    46
    65
    39
    69
   134
    93
    38
    72
     0
     4
     0
     1
     0
     0
    48
   310
   133
   190
    58
    88
    75
    73
    44
   184
   166
    43
   223
    33
    84
   112
   203
    13
     0
     0
     0
    15
     0
     0
   196
   142
   180
   250
    79
    36
    41
    39
   207
    64
    54
    27
   223
    30
    32
   205
    87
    60
    15
     0
     0
     0
    12
     0
   114
   187
   211
   113
   117
    70
    22
    42
    76
    51
    35
   152
    81
    74
   124
   156
    61
    31
     8
     0
     0
     0
     0
     0
    84
   218
   235
   181
    67
    90
    26
    91
    41
    47
    90
   216
    58
    58
   198
   150
    93
    47
     9
     2
     4
     0
     1
     5
    37
   112
   317
   172
    99
    57
    45
    58
   177
    41
    83
    43
    30
    34
   163
   275
    35
    41
     0
     1
    10
     0
     0
    12
    60
   145
   251
   205
    41
    62
    27
    37
    43
    73
    52
    65
    97
    45
    83
    24
    77
    61
     5
     0
     8
     0
     0
     5
    48
   124
   260
   112
    61
    38
    38
    61
    72
   102
   224
    65
    66
    95
    80
   107
    41
    92
    13
     0
     0
     2
     0
     0
   117
    63
   161
   130
    72
    76
    40
    61
    44
    98
    25
    34
    48
   194
    38
   308
    35
    45
     0
     3
     0
     6
     2
     0
    59
   209
   417
    94
   133
    90
    58
    47
    42
    50
    50
    47
   112
    49
   163
    65
    53
    18
     0
     0
     0
     3
     0
     0
    55
    45
   215
   139
    41
    94
    62
    90
    56
   144
    45
   120
    82
   193
   338
    36
    64
   116
     0
     3
     2
     5
     0
     6
    57
   127
   443
   223
   130
    87
    61
    75
    56
    58
    92
   112
   187
   230
    67
    59
    48
   161
     5
     3
     0
     0
    11
     7
    37
    94
   190
   212
    42
    60
    73
    85
    45
   134
    68
    54
   219
    89
   186
    83
    30
    72
     6
     0
     1
    14
    14
     0
    39
   258
   144
   250
    39
    69
    37
    89
    78
   254
    58
    88
    46
    38
    43
    76
    66
    41
     3
     7
     1
     1
     0
     0
    77
   116
   237
   248
    98
    76
   118
   108
    66
   201
   119
    26
    81
     4
    71
   103
    28
    65
     0
     8
     5
     4
     0
     0
    71
    49
   219
   239
    39
    22
    40
   215
    39
   184
    64
    49
    68
   108
   183
   234
    48
    76
     2
     9
     0
     6
     6
     6
    41
   223
   292
   172
    66
    61
    68
    14
    50
    33
    73
    41
    33
   254
   212
   140
    80
    20
     0
     5
     6
     0
     0
     0
    48
   118
   371
   171
   115
   112
    52
   147
    77
    33
    68
    34
    62
    58
    68
   262
    58
    49
     0
     0
     9
     0
     0
     3
    65
   208
   150
   249
    75
    53
    33
    73
    38
    62
    60
    54
   150
   168
    96
    97
   115
    36
     6
     0
    18
     2
     1
     0
   129
   148
   124
   162
    67
    41
    66
    56
    27
    30
    71
    84
    63
   129
    24
   181
    81
   106
     1
     2
     2
    11
     0
     0
   102
    46
   224
   111
    59
    74
    38
    45
    58
   166
    40
    80
    37
    44
    21
   101
    44
    36
     0
     0
    11
     0
     1
     0
    39
    39
   247
    41
    49
    96
    62
    69
    75
   124
    52
    84
    65
   332
   278
    58
    60
   108
    11
     0
     6
     2
     4
     6
    35
    79
   146
    43
    67
    69
    45
    76
    98
    72
   105
    75
    27
    47
    59
    89
    42
    96
     3
     0
     0
     0
     3
     2
   108
   100
   127
   136
    45
    22
    30
   172
    90
    86
    76
    72
    90
    84
   114
    30
    32
    38
     4
     6
    13
     0
     6
     0
    42
   197
   218
   155
    64
    57
   121
    65
   197
    81
   188
   316
    40
    90
   123
    62
   180
    58
     8
     0
     3
    16
     1
    18
    98
   228
   355
   180
    51
    71
    46
    87
    92
    62
    88
    41
    68
   164
   107
    80
    83
    40
     4
     0
     7
     0
     0
     0
    43
   200
   263
    76
   115
    43
    55
    18
   109
    35
    40
    69
    32
   200
    64
    88
    25
    52
     0
     0
    13
     0
    11
    13
   184
   261
   163
   206
    42
    35
    40
    36
    94
    29
    49
    36
    47
    21
   209
   122
    51
    48
     2
     2
     2
     3
     5
     0
   125
   187
   267
   191
   198
    63
    37
    38
    50
    59
    80
    60
    67
    34
    46
    56
    41
    83
     0
     1
     1
    16
     3
     8
    36
   124
   145
   176
    76
    66
    37
    45
    37
    25
    60
    29
   202
    59
   164
   142
    84
   100
     9
    18
     3
     1
     2
     5
    31
   221
   406
   114
    98
    71
    83
    48
    62
    68
   152
    50
   108
    76
   105
   122
   111
    56
     4
     0
     0
    20
     0
     3
    71
   141
   344
   217
    61
    53
    43
    66
   141
    50
    68
    45
    72
    25
   284
   282
    74
    49
     1
     9
     4
     9
     0
     3
    74
   247
   390
   179
    84
    86
    65
    47
    43
   219
    70
    46
    97
    51
    85
   197
    38
    91
     1
     0
    11
     7
     0
     0
    58
   199
   132
    85
    49
    28
   168
    86
   206
    51
   192
    57
    65
    70
   225
   104
    30
    87
     4
     2
     0
     5
     0
     5
    17
   182
   211
    94
    50
    70
    70
    69
   106
    53
    26
    79
    63
    67
   169
    28
    38
    34
     0
     0
     0
     0
    10
     9
    54
   163
   141
   192
    21
    67
    55
   149
    55
    35
    92
    91
    87
   110
    69
   265
    42
    34
     0
     3
     0
     4
     0
     0
    89
   222
   252
   148
    60
    44
    44
    58
    14
    40
    51
    35
    36
    48
    49
   105
    63
    69
     0
     0
     6
     7
     0
     0
   106
   223
   173
   182
    57
    51
    78
    60
   179
    95
   198
    31
    40
    49
   130
    33
    66
    23
     0
     0
    12
     6
     1
     3
    87
   146
   191
   229
    52
   116
    74
    50
   104
    56
    70
    96
    64
    62
   274
   132
    48
    66
    11
     0
     7
     2
     7
     1
    59
   223
   371
    85
    92
    46
    35
    55
   105
    64
    57
   146
   117
    60
   107
    80
   110
    46
    10
     0
     7
     3
    10
     0
    65
   171
   103
    28
    19
    48
    27
    54
    51
    42
    40
   269
    54
    39
    60
    32
    97
    35
     0
     0
     0
     0
     5
     1
   105
   267
   219
   122
    92
    86
    37
    47
   186
   191
   103
   253
    75
    87
   198
   166
    47
   139
     7
     7
     0
     3
     0
     5
    42
    90
   250
   207
    56
    73
    99
    65
   114
    93
    38
    26
    31
    90
   175
   155
    30
    47
     0
     0
     0
     0
     0
     0
    34
   148
   295
   248
    44
    51
    98
    45
    45
    74
    71
    64
    24
   220
   152
   194
    55
    28
     0
     0
     0
     3
     1
     0
    76
   103
   188
   229
    36
    47
    46
    36
    27
    61
    66
    62
    78
   105
   125
    94
    32
    56
     8
     0
     7
    15
     3
     0
   162
   165
   360
   114
    96
   102
    76
    93
    47
    31
   264
    56
    34
   193
   258
   228
    99
    42
     1
    14
     5
     5
     0
     0
   133
   342
   484
   209
    47
    48
    66
    64
    53
    85
   245
    58
   131
    78
   113
    53
    82
    81
     0
     0
     0
     1
     7
     0
    48
   100
   185
   225
   123
    32
   110
    52
    54
    66
   168
    68
    19
    74
   200
   218
    41
    68
     0
     0
     7
     0
     0
     0
    46
   139
   201
   101
    32
    28
   103
    55
    52
    61
    30
    39
    71
   201
   214
   258
    66
    47
     4
    12
     9
     3
     0
     0
    54
   142
   177
    78
    48
    33
    92
    54
    67
    38
    77
   135
    75
    75
    50
    68
    57
    80
     0
     7
     0
     0
     0
     0
    41
    64
   222
   150
    99
    70
    61
    39
   137
    70
    21
    23
    44
   258
   198
   227
    76
   226
     0
     0
     0
    12
     0
     0
    69
   197
   282
   225
    32
    46
    52
    48
    69
    85
    64
    32
    35
    31
    45
   120
    51
    67
     0
     0
     0
     2
     0
     0
    14
   146
   448
   160
    81
    65
    62
    73
    66
    39
   100
   117
    65
   111
   157
   100
    18
    48
     0
     1
     0
     0
     6
     8
    96
   124
   142
   232
    49
    45
    90
    92
   219
   194
   134
    40
    77
   250
   136
   115
    42
    64
     0
     1
     5
     0
     0
     6
    38
   128
   295
   199
    76
    29
    38
    44
    34
    39
   113
    79
    94
    19
    88
   102
    36
    60
     0
     9
     0
     2
     0
     2
    42
    68
   363
    68
    46
   192
    46
   112
    46
    63
    53
    75
    50
    79
   125
   294
    27
    25
     0
     0
     0
     0
     0
     1
   113
   266
   151
   231
    75
    53
    71
   108
    62
    87
    63
    54
    36
   216
   112
   227
    54
    51
     2
     5
     0
     0
     0
     0
   124
   111
   314
   173
   119
    28
   105
    42
    48
    67
   210
    42
    97
    52
   189
    98
    26
    43
     4
     8
     4
     0
     2
     5
    64
   323
   184
   106
    45
    47
    43
    77
    49
    45
    29
    69
    35
    95
    42
    87
    31
   101
     7
     0
     3
     0
     7
    15
    36
   125
   161
   230
    70
   110
   106
    44
    62
    87
    84
    59
    85
    39
    97
    46
    52
    66
     0
    11
    22
     8
     0
     5
   104
   167
   390
   143
    67
    68
    83
    71
    82
    39
    64
   105
   111
    54
   201
   232
    57
    65
     0
     0
     5
     0
     0
     0
    33
   137
   323
   169
   116
   151
    47
    33
    45
    54
    43
    21
    48
   116
   201
   215
    74
    59
     6
     4
     2
     0
     1
    11
   132
    93
   168
   153
    46
   105
    22
    47
    62
    39
    68
    84
    53
   349
   102
    82
   103
    61
     7
    10
     0
     0
     8
     0
   113
   190
   182
   250
    56
    41
    38
    75
    80
   229
    41
    73
    54
    78
   122
   100
    31
    46
     0
     0
     0
     0
     0
     2
    51
   110
   282
    88
    38
    61
    41
   122
   240
    97
    57
    37
    24
   252
   260
    68
    28
    32
     3
     2
     1
     1
     0
     0
    72
   124
   144
    77
    80
   100
    94
    34
    78
    28
    56
   286
   102
    58
   116
   138
   142
    58
     4
     0
     0
     0
     8
     0
    96
   297
    86
   140
    63
    55
    90
   110
    41
    41
   146
    38
    95
   139
   229
   169
    39
    39
     0
     6
     0
     6
     0
     0
    72
   239
   414
   120
    91
   121
    61
    72
   114
    53
    51
    96
    52
   258
   509
   133
    33
   119
     0
     0
     4
     3
     0
     0
    93
   138
   249
   160
    42
    78
    45
    33
    56
    68
   110
    44
    40
    80
    57
   182
   137
    35
     0
     7
    11
     0
     0
     0
    75
   201
    77
   157
    24
    28
    44
    50
    42
    54
    53
    49
    38
    79
    35
   229
   248
    49
     0
     3
     1
     0
     0
     6
    95
   180
   185
   103
    31
    30
    22
    80
    50
    58
    83
   136
    36
    52
   105
   115
    73
    56
    10
     6
     0
     0
     9
     2
    41
    80
   177
   106
   100
    33
    68
    30
    54
    93
    33
    40
    26
    87
    88
    50
    73
    29
     0
     0
     0
     1
     3
     0
    36
   135
   205
   252
    93
    35
    57
   118
    69
    45
    27
    31
    75
    78
    76
    53
    28
    50
    10
     0
     5
     6
     2
     0
    51
    96
   319
   267
    45
    29
    71
   114
   204
   116
    40
    64
    35
    39
   223
    68
   124
    18
     3
     3
     0
    10
     7
    10
   115
   149
   291
   187
    42
    59
    37
    28
    69
    88
    70
    59
    37
   177
    50
    95
    34
    39
     7
     0
     0
     2
     0
     2
    70
   208
   111
   127
    49
   113
    51
    48
    89
    56
    71
   181
    43
    21
    57
   278
    90
    48
     0
     0
     5
     7
     5
     0
   128
   243
   280
   131
    55
    53
   188
    36
    20
   109
    86
    37
    28
    54
   343
   103
    43
    28
     0
     0
     0
     0
     0
     0
    51
    74
   220
    83
    61
    46
    40
    49
    10
    54
    24
   178
    89
   115
   111
   223
   147
    19
     0
     4
     0
     0
     2
     0
    43
   161
   184
    39
    67
    98
    59
    33
    44
    66
    63
   107
    56
    28
   194
    48
    42
    38
    12
     5
     0
     0
     0
     0
    78
    97
    91
   207
    55
    76
    69
    86
   114
    71
   122
    32
    67
    79
   131
   134
    33
    76
     9
     0
     0
     0
     0
     0
   118
   203
   370
   217
    57
    97
    55
    57
   194
    73
   197
    61
   205
   230
   124
   118
    73
   107
     3
    12
     3
     4
     5
    38
   131
   333
    52
    46
    37
    40
    38
    58
   342
    35
   138
    84
    34
    65
   115
   104
    48
     2
     0
     0
     0
     0
     0
    28
   140
   229
   169
    42
    42
    38
    34
   238
    32
   202
    98
    18
    67
    66
   166
   106
    84
     0
     1
     0
     3
    21
     0
    92
    91
   165
    73
    31
    33
    69
    65
    29
   141
    41
   176
    52
    47
    54
    94
    27
    48
     0
     0
     0
     0
     5
    10
    78
    91
   192
   100
    20
    51
    64
    48
    58
    80
   102
   117
    29
    32
   269
    32
    72
    41
     0
     0
     9
     0
     0
     0
    67
    76
   323
   143
    51
    42
    37
    94
    53
    55
    80
   160
    50
   184
    50
   122
    66
    32
     0
     5
     0
     0
     0
     1
    62
   153
   318
   160
    33
    66
    99
    91
    42
    70
    27
   178
    28
   195
   105
    86
    27
    68
     9
     4
     8
     6
     6
     5
    85
   175
   235
    40
   158
    60
   245
    53
    41
    71
    94
    37
   112
    85
   121
   148
    42
   120
     9
     0
     0
     0
     2
     3
    83
   184
   236
   104
    99
    52
    33
    49
    32
    54
   120
    53
    49
    44
   130
   185
    59
   153
     0
     0
     0
     5
     1
     0
    61
   158
   120
   269
    26
    34
    38
    59
    53
    48
   193
    13
    35
    72
    93
    84
   135
    19
     0
     0
     7
     0
     4
     4
    48
   144
   149
    95
    25
    23
    74
    48
    87
    82
    35
    23
   108
    72
    92
   141
    36
    53
     0
     5
     0
     7
     0
     0
    40
   155
   124
   105
    36
    37
    55
    91
    30
   161
    52
    28
    78
    27
    21
   226
    44
   115
     3
     5
     2
     5
    11
     0
    23
   166
   245
   196
    74
    51
    48
    74
   228
    34
    69
    36
    42
    32
    58
   164
   124
    29
     4
     8
     0
     0
     0
     0
    69
   193
   183
   395
    47
    51
    37
    55
    41
    32
    54
    55
    40
   126
   117
    79
    31
    24
     4
     0
     1
     0
    13
     4
    42
   164
   291
    98
    27
    90
    50
   241
    55
    53
    79
    41
    80
    54
   101
    62
    54
    50
     2
     0
     6
     2
     3
     0
   106
   133
   251
   171
    78
    53
   189
    43
    66
    41
    65
    85
    36
   124
   218
   147
    28
    97
     5
     6
     8
    10
     5
     0
    39
   203
   143
   168
    90
    36
    43
    73
    32
    49
    43
   140
    40
    19
    85
    28
    36
    48
     0
     0
     0
     0
    11
     1
    68
    98
   158
   305
    35
   128
    66
    40
     6
    93
    46
    58
    32
    32
   235
   204
    46
    17
     0
     0
     9
     3
     1
     4
   110
   281
   247
   147
    87
    74
    34
    44
    69
    51
    50
    42
    72
    37
   181
    90
    31
    72
     1
     0
     0
     0
     0
     0
    84
   204
   249
   128
    44
    51
    56
    21
   192
    54
    51
    69
    15
    84
   114
   222
    43
    40
     0
     2
     6
     0
     2
     0
    56
   150
   173
   203
    52
    23
    85
   109
    68
    62
   101
    45
    76
    67
   184
   162
   191
    53
     0
     5
     0
     3
    24
     1
    69
    68
   251
   311
    98
    50
    58
    37
    87
    16
    46
    45
    81
   146
    87
   128
    47
    40
     0
     0
     0
     0
     0
     2
    64
   142
   270
   184
    42
    81
    91
    54
    78
    53
    32
    40
    29
    86
   209
   144
    53
    46
     9
     6
     0
     3
     5
     4
    26
    77
   115
   200
   156
    17
    57
    53
    41
    65
    45
    37
    50
    72
    36
    58
   185
    98
     1
     7
    12
     0
     1
     1
    74
   112
   253
   221
    35
    65
    32
    44
    26
    53
    34
    95
    62
    96
   430
   123
    71
    51
     0
     6
     0
     4
     0
     0
    92
    54
   410
    44
    32
    45
   126
    32
    39
   166
    53
    44
    49
    62
   110
   212
    18
    36
     0
     5
     2
     0
     0
     5
    35
   176
   310
   138
    48
    39
    77
    66
   135
    29
   109
    37
    35
    77
   160
   310
    41
    39
     0
    11
     4
     0
     0
    13
    44
    85
   314
    70
   206
    61
   117
   178
    20
    72
   159
    39
    43
    85
   172
   126
    20
    66
     1
     5
     0
     6
     0
     0
    60
   166
   301
   188
   154
    74
    33
   180
    45
   101
    90
    68
    43
    83
   165
   216
    77
    72
     0
     8
     0
     1
     0
     0
   133
   112
   282
   198
    77
    97
    45
    70
    40
    44
    44
    33
    69
    62
   127
   101
    35
    78
     1
     3
     0
     0
     2
     0
    74
   251
   243
    53
    94
    51
    46
    65
    27
    96
    53
   118
   227
    77
    51
   151
    84
    43
     0
     3
     0
     3
     0
     0
    77
   207
   211
   206
    28
    51
   103
    36
    44
    26
    55
   194
    72
    46
   252
   198
   100
   100
     0
    10
     3
     0
     8
     7
    28
   104
   222
   303
    22
    20
    25
    59
    10
    66
    78
    74
    47
    26
    29
   117
    52
    23
     0
     0
     0
    19
     3
     0
    49
   340
   214
    93
    75
    30
    33
    45
    32
    28
    32
    31
   195
    43
   220
    71
    34
    40
     0
     0
     0
     0
     4
     0
    36
   109
   167
   199
    18
    40
    72
    35
    41
    85
   101
    75
    35
    26
   116
    62
    39
    41
     0
    11
     0
     7
     1
     0
    51
    73
   269
   112
    53
    90
     9
    56
    91
   109
    62
    90
    42
   197
   133
   269
    34
    53
     0
     0
     0
     0
     2
     0
   177
   142
   180
   249
    29
   155
    92
    72
    45
    72
    84
    30
    52
    65
   135
   202
    38
    80
     0
     0
     6
     0
     6
     0
    40
   112
    78
    84
    42
    18
    52
   167
    42
    23
    59
    52
    93
    69
   104
    30
    22
    69
     0
     0
     2
     0
     0
     2
    77
   140
   122
    71
    46
    67
    58
    86
    62
    41
    24
    63
   102
    40
   313
   163
    35
    39
     8
     0
    12
     0
     7
     0
    61
   159
   143
   160
    27
     8
    55
    44
    59
    29
   128
    39
   114
    72
   100
    37
    46
    57
     0
     0
     0
     1
     0
     0
    75
    23
   132
   213
    65
    48
    32
    48
    30
    58
    66
    42
    22
    76
    73
   234
    40
    43
     0
     5
     0
     0
     0
     1
    43
   146
   169
   105
    65
    91
    92
    81
    41
    20
    35
    83
    47
    51
    91
   127
    47
    50
     0
     0
     7
     2
     7
     0
    95
   146
   189
   245
    66
    34
    63
    64
    74
    90
    75
   117
    50
    46
   150
    43
    56
    51
     8
     0
     1
     4
     6
     0
    67
   130
   306
   213
    38
    55
    32
   114
    94
    57
    60
    74
    37
    37
   233
   124
    85
   101
     4
     0
     0
     7
     0
     0
    36
    58
   402
    65
    61
    93
    53
    26
    60
    48
    45
    25
    36
   110
    89
    31
    24
    64
     6
     7
     0
     1
     1
     0
   108
    88
   138
    46
    10
    31
   127
    44
    66
    27
    59
    65
    63
   117
   432
    56
    20
    62
     6
     0
     2
     2
     0
     4
    25
    42
   124
   226
    39
    70
    49
    67
    46
    33
   205
   183
    62
    89
    86
   104
    47
   104
     5
     0
     0
     6
     0
     0
   143
   169
   253
   140
    76
   104
    69
    23
     5
    20
    87
    97
    97
    35
   167
    82
    54
    70
     0
     0
     0
     0
     6
     0
    43
   150
   130
    99
    25
    36
    13
    89
   220
    56
    41
    39
    43
    88
   129
    86
    42
    31
     6
     6
     0
     0
     0
     0
   124
   249
   333
   126
    51
    73
    69
    56
    62
   128
   102
    23
    82
    69
   173
    35
    72
    39
     0
     6
     0
     7
     1
    10
    48
   306
   435
   147
   113
    45
   109
    63
    98
    42
    28
    45
    69
    40
   191
   205
    64
    65
     8
     0
     0
     0
     0
     2
   123
   179
   290
   252
    45
    36
    40
    35
   107
    23
    36
    29
    43
    34
    44
    39
    33
    39
     0
     5
     4
     5
     2
     0
    71
   193
   167
   129
    54
    51
    77
    43
    51
   291
    49
    36
    83
   169
   156
   200
    29
    43
     0
     9
     0
     9
     0
     0
    82
   119
   280
   207
    61
    51
   208
    36
    72
    43
    35
    55
    60
    91
   155
    85
    54
    41
     0
     1
     0
     0
     1
     0
    77
   100
   266
   199
    48
    57
    55
   188
    38
   141
    48
    29
    28
    48
   162
   222
   198
    48
     0
     2
     0
     0
     0
     0
    36
   158
    78
   169
    24
    51
    48
    38
    77
    32
    37
    47
    18
   197
    71
    58
    53
    81
     1
     6
    15
     0
     0
     0
   100
   170
   174
   119
    85
    48
    99
    90
    80
    38
    54
    22
   217
   101
    84
   140
    26
    62
     7
     5
    23
     3
    19
     1
    49
   169
   314
   292
   235
    55
    61
    35
    65
    46
    48
    95
    71
    64
   139
   251
    26
    85
     4
     4
     0
     5
     0
     0
    37
   244
   227
   157
    51
    64
    34
    24
    99
    22
    49
    50
    16
    57
   199
    78
    22
    54
     6
     2
     6
     0
     6
     9
    11
   130
   249
    85
    20
    74
    22
    42
    27
    42
    50
    36
    59
    77
    26
    78
    25
    47
     0
     0
     0
     0
    10
     0
    38
   144
   215
   103
   100
    39
    27
    33
    46
    38
    80
    17
    58
    34
   167
    42
    27
    24
     2
     0
     7
     1
     8
     0
    88
   202
   131
   132
    24
    22
    53
    47
    46
   152
    20
    58
    34
   179
    47
    88
    48
    27
     6
     4
     9
     0
     3
     0
    29
   124
   153
    58
    88
    56
    85
    61
    93
    69
    21
     7
    82
    19
   244
    32
    15
    44
     2
     0
     5
     0
     3
     5
   136
   121
   329
   146
   132
   127
    92
    63
    61
    86
    42
    42
    56
    21
   114
    41
    50
    63
    12
     0
    18
     0
     0
     2
    46
   287
   244
    84
    54
    94
    51
    32
    60
    44
    51
    37
    34
   179
   104
   111
    40
    53
     2
     3
    14
     0
     0
     6
    44
   171
   178
    98
    70
    40
    27
   228
    41
    25
    48
    34
    13
    31
   127
   248
    20
    76
     3
     0
     0
     0
     0
     0
    36
    40
   169
    23
    31
    67
    27
   190
    38
    40
   134
    29
    81
    73
    39
    84
    21
    36
     8
    15
     2
     0
     0
     0
    40
   120
   173
   130
    47
    52
    43
    46
    78
   157
    33
    20
    48
    28
    72
   255
    58
    34
    13
     0
     0
     0
    10
     0
    68
   145
   106
   208
    65
    34
    84
   181
    83
    30
    73
    71
    54
    36
   111
    29
    41
    52
     6
     0
     1
     0
     0
     2
   106
   201
   162
    50
    90
    36
    64
    14
    79
    41
    50
   187
    45
    82
   311
   136
    27
    61
     0
     9
     0
     7
     0
     0
    53
   122
   437
   212
   130
   224
   104
    44
    38
   107
    38
    85
    47
    57
    76
   127
    32
    70
     6
     0
     0
     0
     0
     0
    38
   148
   298
   117
    55
    52
    66
    42
    36
    36
    78
   176
    21
   117
    62
   149
    79
    91
     0
     0
     6
    11
     0
     2
    20
    69
   147
    36
    44
    88
   126
   154
    59
    51
    16
    35
    75
   303
    57
   150
    30
    20
     0
     0
     0
     0
     1
     0
    74
    79
   227
   132
    68
    45
    36
    13
    52
   192
   188
   149
    61
    17
    31
    24
    18
    41
     6
     0
     0
     1
    13
     0
    84
   114
   178
    63
    75
    41
    38
    63
    60
    23
    41
    71
    33
    34
    33
    26
    38
    21
     0
     3
     5
     0
     0
     0
    66
   143
   188
   133
    34
    57
    47
    68
    70
    38
    39
    44
    32
    43
   183
    29
    30
    37
     0
     0
     0
     0
     0
     0
    29
   114
    77
   153
    37
    44
    30
    32
    57
   326
    61
    33
    66
   108
   343
   198
    43
    44
    12
     0
     0
     1
     0
     0
    66
    40
   317
   198
    75
    36
    53
    61
    96
    84
    36
    91
   125
    28
   150
   182
    69
    64
     6
     9
     0
     2
     3
     6
    77
   250
   656
    62
    42
   192
    38
    58
    90
    33
   112
    47
    97
   188
    34
   207
    92
   107
     9
     0
     0
     7
     5
    11
   103
   189
   226
    87
    57
    72
    31
    58
    46
    90
    16
   168
   169
   101
    78
    49
    31
    53
     9
     9
     0
     3
     0
     3
    63
   194
    42
   139
    81
    35
   124
    30
    55
    76
    72
    24
   168
   101
   134
    10
    34
    76
     0
     0
     9
     0
     0
     2
    25
    88
   201
   104
   108
    24
    39
    62
    30
    20
    49
    36
    34
   192
   183
   311
    24
    37
     0
     9
     3
     6
     9
     0
   124
   123
    84
    24
    26
    33
    57
    82
    40
    32
    34
    76
    60
   116
    26
   157
    22
   120
     0
     0
     1
     5
     3
     2
    23
    91
   145
   101
    69
    36
   150
    24
    35
    66
    79
    30
    46
    27
   182
   200
    89
    72
     1
     2
     2
    11
     0
    19
    36
   161
   321
   136
    35
    82
    51
    37
    42
    61
   199
    42
    40
    50
    57
   164
    33
    48
     3
     1
     6
     7
     6
     0
    95
   137
   176
    26
    39
    63
   176
    30
    42
   123
    42
    98
    58
    74
   186
    61
   124
    70
     0
     0
     7
     0
     0
     0
    33
   200
   164
   201
    27
    31
    90
    55
    14
    29
    27
   168
    60
    72
   174
   199
    54
   101
     0
     0
     0
     0
     0
     0
    70
   188
   231
    83
    28
    58
    59
    38
    33
    39
    31
    62
    73
   101
    86
    11
    39
    46
     0
     8
     0
     3
     0
     0
    29
    79
   105
   273
    43
    42
    60
    28
    40
    99
   245
    38
    35
    42
    42
   110
    54
    53
     0
     0
     9
     3
     0
     1
    61
   187
   272
   154
    45
    36
    13
    88
    49
   104
    31
   113
    61
    32
    94
    34
    42
    85
     9
     4
     8
     0
     0
     2
    75
    49
   344
   269
    18
    42
   221
   195
    45
    52
    54
    48
    64
   115
    65
   113
    67
    38
     1
     0
     0
     3
     0
     4
   174
   228
   117
   138
    97
    72
    55
    59
    78
    29
    56
    44
    47
   207
   293
    26
    82
    71
     2
     5
     8
     0
     0
     1
    45
   121
   217
   290
    50
    53
    46
    86
    42
    90
    31
    45
    88
    59
    66
   232
    86
    85
     5
     0
     0
     3
     0
     0
    33
    46
   145
    80
    43
    47
   169
    76
    54
    28
    54
    38
    68
    56
   280
   178
    48
    66
     0
     0
     0
     0
     5
     7
   147
   157
   152
    24
    21
    37
    59
    42
    31
     9
    36
    20
    21
   103
    61
    79
    83
    29
     0
     0
     0
     0
     0
     3
    50
    62
   107
    92
    36
    46
   117
    28
    70
    31
    19
    70
    35
   116
    42
    12
    26
    50
     0
    11
     0
     4
     0
     0
    19
   129
   223
   158
    29
   121
    25
    17
    33
    54
   113
    30
    16
    31
    32
   146
    34
    39
     5
     0
     0
     0
     0
     0
    15
   132
   158
   145
   118
    30
    98
    44
    17
    77
    25
    30
    35
    89
   266
    75
    42
    18
     6
     4
    10
     1
     0
     5
    56
   199
   237
   151
    19
    81
    16
    35
    21
    48
    76
    45
    52
    39
   108
    35
    35
    76
     0
     0
     0
     0
     0
     0
    38
    88
   322
   165
    64
    68
    62
    77
   164
    46
    38
    35
    40
    60
    99
    81
    76
    52
     8
     6
     6
     0
     0
     0
    65
   190
   274
   197
    72
    19
    49
   177
    73
    55
    50
    96
    37
    59
    63
   146
     8
    64
     0
     4
     0
     8
     0
     0
    51
   159
    99
   123
    31
    69
    83
    39
    27
   180
    58
    56
    20
    23
   108
    88
    39
    65
     9
     0
     7
     0
     0
     5
    85
    94
    73
    78
    40
    11
    45
    55
    68
    20
    75
    37
   114
    18
   233
   254
    63
   105
     5
     0
     8
     6
     0
     0
    36
   186
   152
   142
    59
    81
    58
    38
    21
    43
    37
    38
    29
    18
   188
    24
    30
    27
     0
     6
     9
    10
     0
    11
    87
   106
   228
   188
    42
    50
    49
    19
    42
    50
    25
    16
    81
    22
    36
    64
    35
    38
     0
     0
    16
     0
     8
     3
    55
   122
   161
   164
    44
    53
    44
   117
    94
    96
    87
    16
    41
    66
   253
   162
    17
    62
     0
     4
    13
     1
     0
     0
    30
   120
   243
   361
    33
   129
    43
    55
    49
    16
    54
    41
    34
    55
   162
    44
    66
    45
     0
     0
     0
     0
     8
     0
    74
   109
    27
    96
    36
    28
    65
    21
    60
    62
    67
    69
    70
   196
   239
    99
    63
    27
     0
     6
     9
     0
     0
     0
    39
   121
   272
   179
    40
    45
   106
    26
    22
    41
    86
    27
    44
    27
    74
   162
    51
    49
     1
    18
     0
     0
     0
     0
    75
   226
   249
   114
    27
    30
    81
    35
    87
    81
    62
    38
    45
    26
    71
   126
    38
    21
     0
     0
     0
     1
     0
     8
    33
   156
   190
   114
    30
    66
    52
    42
    23
    20
    40
    86
    11
    33
   211
    76
    36
    53
     0
     0
     5
     4
     9
     3
    10
    42
   156
   247
    64
    58
    41
    30
   107
    32
    19
    34
    15
    53
   153
    59
    62
     8
     1
     0
     0
     7
     0
     6
    74
   123
    64
    71
   172
    54
    98
    51
    62
   136
    59
   347
    55
    58
   126
   123
    42
    50
     2
    10
    12
     5
     9
     6
    56
   150
   405
   127
    39
    21
   101
    79
    40
    68
    57
    36
   184
   294
    27
   142
    67
    23
     0
     0
     7
     3
    11
     7
    56
   119
   181
   186
    46
    66
    51
   317
    61
    52
    34
    19
    39
    19
   114
   133
    52
    46
     2
     8
     0
     0
     0
     6
    48
   247
   141
    31
    35
    75
    46
    55
    55
    63
    21
    34
    27
    44
    27
    61
    43
    62
     2
     5
     0
     0
     3
     2
    33
   147
    47
   138
    61
    18
    39
    66
    26
    92
    22
    43
    28
    61
    83
   124
    48
    44
     0
    10
     0
     5
     0
     0
    81
   147
   201
   178
    49
    10
    94
    65
    24
    39
    63
    46
    32
   130
   125
   168
    29
    73
     0
     2
     0
     0
    16
     4
   103
    95
   148
   150
    72
    55
    11
    43
   118
    43
    38
   184
    47
    28
     8
   120
    47
    42
     0
     1
     5
     2
    12
     4
    64
    73
    73
    85
    95
    71
   239
    65
    47
    32
    16
    46
    23
    70
    38
    88
    61
    21
     0
     7
     0
     0
     0
     1
    60
   129
   218
   106
    45
    80
    69
    40
   238
    66
    46
    18
    70
    19
   227
   269
    56
    27
     6
     0
     0
     8
     0
     5
    38
    73
   249
   171
    20
    15
    55
    30
    28
    27
    17
    20
    23
    45
   207
   210
    59
   104
     5
     0
     0
     2
     0
     0
    17
   128
   126
   140
    19
    37
    58
    28
    28
    55
    65
    55
    52
    70
   104
   122
    53
    66
     1
     0
     2
     0
     0
     1
    81
   171
   275
    32
    39
    34
   107
    45
    36
    76
    35
    48
    33
   223
   217
   134
    83
    65
     0
     0
     0
     9
     2
     5
    39
    88
   108
    76
    81
    65
    73
    58
    29
    35
     8
    24
    44
    32
   114
    37
    84
    35
     8
     8
     8
     0
     0
     0
    97
    72
   247
    94
    83
    52
    81
   167
    70
   136
    44
    32
    43
   123
   224
   116
    27
    29
     0
     0
     0
     6
     4
     0
    47
   171
   234
   289
    42
   111
    24
    34
    30
    70
    53
    99
    25
    54
    68
    52
    23
    24
     4
     4
    10
     0
     0
     7
    48
    89
   203
   208
    39
    74
    52
    31
    20
    36
    32
    77
    44
    53
    75
    59
    83
    58
     0
     8
     4
     0
     0
     0
    66
    63
   186
   120
    18
    59
    45
    93
    22
    26
    44
    41
    28
    27
    50
    70
    29
    39
     2
     0
     0
     0
     0
     2
    20
   245
    69
    40
    64
    59
    40
   133
    45
    52
    34
   230
    36
    62
   153
    39
     9
    34
    14
     0
     0
     0
     2
     0
    18
   140
   315
   135
    12
    53
    46
    56
    75
    66
    34
    37
    42
   173
   293
   125
    34
    29
     0
     3
     3
     0
     6
     0
    75
   139
   171
    77
    16
    26
    48
    54
    13
    43
    93
   161
     6
   186
    36
    89
    44
    56
     0
     0
     0
     7
     0
    13
    45
   102
   185
   108
   190
    77
    26
   139
    48
    30
    38
    27
    49
    31
    30
    69
    32
    34
    12
     0
     1
     0
     0
     4
    82
   157
   217
   152
    57
    20
    48
   232
    24
    40
    36
    54
   144
    53
   217
    80
    41
    28
     0
     0
     3
     0
     0
    10
   110
   127
   173
    66
    29
    42
    41
    25
    69
    57
    81
    75
   107
    66
   204
    26
    49
    12
     0
     5
     1
     4
    11
     0
    57
   105
   157
   220
    29
    18
    87
    31
   137
    22
    90
    46
    56
    54
    19
    25
    33
    56
     7
     0
    11
     2
     1
     0
    81
    67
   272
    19
    42
    49
    44
    34
   227
    41
   160
   219
   113
    85
    56
   141
    49
    46
     4
     0
     0
     0
     1
     0
    92
   112
   241
    77
    26
    37
    58
   102
    18
    21
    80
    69
    24
    46
    99
    72
    67
   117
    10
     0
     0
     6
     1
     0
    76
   230
   121
   107
    50
    43
    58
    33
    47
    53
   175
    49
    14
    42
   162
   109
    94
    44
     0
     0
     0
     0
     4
     8
    31
   181
   163
   177
    89
    43
    10
    74
    38
    29
    28
    94
    80
   395
   150
   187
    85
    27
    11
     2
     0
     0
     0
     2
    76
    47
   185
   196
    24
   118
    86
    35
    67
    51
    55
   118
   175
    63
   107
    34
    40
    48
     0
     0
     7
     0
     0
     3
    28
   261
   125
    76
    69
    58
    44
    58
   107
    81
    59
    34
    88
    82
    54
    52
    38
    55
     2
     7
     0
     0
     0
     0
    31
   163
   152
   148
    47
    31
    55
    28
    53
    47
    38
    42
    15
    38
    34
   195
    26
    69
     3
     4
     0
     0
     7
     6
    25
   192
   199
    53
    45
    63
    57
    65
    36
    28
    19
    31
    90
    78
   245
    89
    34
    53
     2
     4
     0
     9
     0
     0
    78
   172
   254
    67
    21
   108
    34
    40
    29
    48
   113
    64
    56
    96
   123
   117
    78
    68
     0
     0
     2
     2
     0
     9
    67
   156
   204
    37
    60
    33
    76
    33
    49
   168
    89
    54
    16
    54
    59
   205
    54
    38
     0
     0
     0
     0
     0
    10
    72
   183
   194
    79
    52
    43
    32
    57
    50
    15
    25
    64
    17
   197
    37
   167
    46
    41
     7
     0
     2
     3
     1
     0
   125
   235
   196
   307
    87
    86
   116
    47
    20
    47
    61
    45
    37
   178
   209
   167
    38
   137
     0
     0
     6
     0
     0
     5
    83
   158
   374
   132
    89
    39
    63
    96
    86
    57
    32
    87
    53
    50
   136
    49
    50
    85
     4
     0
     0
     0
     0
     9
    64
   128
   211
   323
    11
    50
    41
    46
    53
    71
    55
    21
    52
    36
    59
   133
     9
    49
     0
     3
     5
     0
     7
     7
    46
    90
    76
    33
    48
    31
    29
    51
    28
    65
    59
    12
    98
    34
   279
   243
    77
    84
     0
     0
     0
     0
     0
     8
    38
   141
   125
   202
    65
    20
    68
    61
    46
    32
   111
    34
   176
   202
    86
   114
    67
    48
     7
     4
     4
     1
     0
     0
    77
   216
   110
   107
    97
    30
    26
    19
    83
    94
    44
    38
   154
    73
    77
   123
    34
   113
    13
     0
     2
     3
     0
     6
    30
    46
    63
   136
    28
    35
    76
    57
    52
    51
    16
    15
    25
    20
    63
   127
    39
     1
     9
     0
     0
    12
     2
     0
    17
   139
   157
   118
    62
    63
    60
    57
    25
    36
    97
    35
    15
    75
   199
    42
    54
   120
     0
     3
     0
     0
     0
     0
    39
   279
   149
   248
    44
    48
    36
    90
   123
    40
    35
    94
    16
    53
    22
    77
    76
    39
     0
     0
     7
    13
     0
     0
    31
   193
   262
    46
    54
    47
    66
    64
    52
    44
    27
    39
    82
    68
    37
   194
    42
    37
     0
     0
     0
     4
     0
     0
    37
   280
    83
    18
    32
    83
    43
    22
    37
    53
    27
    41
    17
   345
   167
   108
    34
    34
     7
     0
     2
     2
     4
     0
   123
    54
   132
   159
    33
    95
    60
    24
    59
    56
    62
    81
   228
    41
    59
    57
    25
    44
     5
     0
     4
     4
     5
     9
    66
    76
   327
   126
    43
    82
    21
    51
   101
    52
    84
    50
    75
    82
    57
    32
   101
    82
     0
     5
     5
     0
     0
     0
    56
   120
   118
    18
    51
    46
    23
    49
    51
    25
    28
   101
    26
    65
    20
    34
    64
    19
     0
     0
     7
     2
     6
     0
   130
   145
   384
   170
    97
    40
    32
    28
    74
    32
    59
   184
    37
    74
   141
   201
    35
    88
     0
     3
     0
     0
     0
    10
    87
    92
   235
   164
    54
   102
    16
    84
    35
    91
    44
    79
    60
   204
   123
   118
    26
   114
     0
     0
     0
     0
    18
     0
    74
   120
   165
    30
    28
    34
    28
    30
    40
    39
    71
    28
    32
    56
   235
    87
    62
    43
     0
     4
     0
     0
    17
     0
    38
    86
   104
    97
    25
    17
    31
    70
    45
    57
    34
    36
    81
    65
   107
   329
    85
    97
     7
     0
     0
     0
     7
     0
    27
   120
    73
   154
    31
    47
    28
    38
    38
    37
    68
    32
    25
    36
   168
    80
    83
    39
     0
     1
     0
     8
     3
     0
    32
   129
   121
    96
    47
    97
    44
    18
    33
   148
    57
    46
    36
    87
   102
    60
    48
    98
     2
     0
     0
     1
     1
     1
    21
   128
   279
    27
    61
    37
   188
   172
     8
    39
    66
    19
    43
    17
   219
   134
    44
    87
     0
     6
     5
    11
    11
     1
   113
    48
   224
   154
    38
    81
    40
    48
    66
   173
    54
   119
    48
    96
   347
    52
    45
    71
     7
     0
     0
     1
     0
     0
    45
    88
   179
    72
    24
    51
    37
    69
    54
    38
    17
    25
    46
   114
   154
    47
    55
   108
     0
     2
     0
     0
     3
     1
    34
   110
   155
    77
    47
    66
    32
    31
    32
    29
    31
    29
    32
    78
    52
    50
    24
    79
     0
     0
     3
    10
    14
     5
    19
   122
   246
   189
    55
    35
    80
    40
    47
    33
    75
    72
    43
    28
    74
   146
    72
    41
     2
     2
     5
     0
     0
     0
    49
   107
   285
   105
    44
    51
    64
   110
    53
    32
    17
    41
    47
    69
   110
    30
    40
    31
     3
     0
     4
     3
     1
     0
    63
   113
   148
    89
    51
    20
    72
    20
    56
    50
    34
    40
   154
    56
    89
    96
    48
    47
     0
     0
     0
     0
     6
     0
   136
   122
   241
    88
    79
    31
    24
    35
    19
    30
    97
    44
    31
    60
   265
    76
    38
    56
     1
    16
    10
     0
     3
     7
    57
   131
   122
   124
    58
    29
    98
   116
    43
    64
   126
   126
    43
   127
    52
   113
    25
    49
     5
     6
     7
     8
     0
     5
    78
   295
    33
   151
    48
    69
    45
    55
   109
    83
    47
    34
    80
   118
   164
   128
    73
    36
     0
    22
     0
     0
     0
     0
    42
   143
   185
   118
    40
    86
    98
    31
    56
    29
    52
    45
    34
    41
   182
    32
    17
    31
     0
     5
     1
     7
     0
     7
   129
   162
   208
   167
    30
    64
    79
    71
    95
    84
    32
    80
    51
   220
   108
    56
    34
    43
     4
     3
     0
     4
     0
     2
   103
   176
   127
   180
    30
    53
    45
    51
    24
    37
    75
    53
    43
    40
    70
    70
    48
    25
     4
     0
     0
     0
     3
     0
    45
    81
   203
   163
    34
   349
    67
    80
    62
    79
    57
   192
    55
    40
   195
    38
    67
    53
     5
     0
     0
     0
     2
     0
    54
    34
   208
   104
    31
    58
    32
    59
    54
    34
    70
    23
    76
    25
    79
   240
    40
    83
     5
     0
     0
     0
     3
     0
    47
   285
   165
   201
    93
    43
     9
    55
    31
    73
    63
    90
    69
   219
   342
    68
    29
    30
     4
     0
     0
     5
     0
     0
    71
   185
   201
   107
    66
    94
    77
    63
    28
    42
    75
    33
    78
   214
    85
   140
   105
    75
     0
     0
     0
     3
     8
     1
    83
   187
   159
   199
    38
    54
    41
    31
   124
    29
    59
    79
    46
    80
    55
    84
    24
    35
     7
     0
     0
     0
     1
     8
    30
   184
   167
    92
    36
    59
    37
    55
    31
    80
    73
    39
    11
    33
    21
   159
   122
   101
    10
     0
     1
     0
     5
     1
    49
    64
   269
    99
    33
   196
    50
    76
    67
    55
    69
    40
    29
    58
   222
   252
   126
   138
    16
     3
     0
     2
     0
     6
    79
   163
   164
   167
    37
    39
    31
    37
    49
    34
    83
    35
    52
    86
   326
    97
    90
    39
     0
     0
     0
     1
     4
     0
    31
   228
   147
   148
    25
    27
    82
   168
    89
   123
   101
   188
   131
    67
    79
   104
    36
    32
     2
     0
     4
    15
     0
     0
   125
   134
   172
   206
    58
    45
    41
    37
    39
    77
    54
    20
    15
    90
   180
    49
    57
    82
    11
     1
     1
     4
     6
     0
    64
    39
   350
   224
    29
    70
    57
   110
    95
    43
    83
    53
    92
   131
    63
   238
    40
    70
     6
     9
     0
     0
     9
     5
   131
   206
   138
   274
    45
    52
    36
    95
    43
    30
    47
    29
    56
   175
    96
   138
   177
    65
     3
     0
    13
     0
     0
     4
    69
   103
   246
   114
    90
    63
    44
    51
    38
    54
    38
    22
    28
   167
   160
    27
    58
    14
     3
     8
     0
     0
     0
     0
   100
   144
   226
   171
    33
    79
    81
    35
    47
    46
    34
    36
    47
    21
   119
   163
    61
    45
     3
     5
     0
     8
     0
     0
   113
    22
   234
   113
   124
    34
    47
    38
    19
    46
    45
    27
   231
    13
   151
    73
   161
    89
     0
     0
     0
     6
     7
     0
    78
    30
   152
    71
    43
    51
    24
    44
    41
    49
    80
   177
    36
   205
   178
   113
    43
    28
     5
     0
     1
     8
     0
     0
    89
   122
   178
   189
    13
    51
   101
    57
   180
    19
    57
    62
    67
    59
    92
    53
    91
    32
     5
     0
     9
     0
     2
     0
    76
   174
   275
   159
    55
    64
    40
    32
    62
    48
    44
    53
   120
   151
    47
   206
    79
    39
     0
     0
     2
     0
     0
     0
    79
   100
   279
   107
    58
    38
   185
    78
    24
    65
    45
    46
    37
    18
   117
   503
    29
    53
     0
     0
     7
     7
     0
     1
    84
    97
    95
    38
    35
   117
    65
    38
    22
   161
    37
    30
   123
    34
    78
   197
    44
    47
     0
     4
     0
     0
     0
     0
    26
   128
    95
   101
    49
    91
    66
    21
    68
    64
   112
    29
    25
    42
   127
   133
    42
    21
     6
     0
     0
     6
     0
     7
    89
   168
   256
    80
    62
    25
    89
    53
    30
    48
    40
    47
    41
    29
    69
    80
    39
    32
     0
     0
     8
     0
     3
     0
    68
    97
   193
   180
    69
    73
    34
    18
    87
    47
    31
    65
    44
    57
   409
    45
    34
    26
     0
     3
    12
     1
    11
     6
    35
   134
   286
    74
    56
    66
    96
    37
    57
    24
    56
    82
     9
   110
   164
    68
    76
    88
     2
     5
    15
     0
     2
     4
    57
    72
   162
   216
    37
    69
    42
    88
    50
    47
    61
   121
    19
   116
    98
    33
    38
    37
     0
    12
     4
     0
     6
     3
    76
   146
   124
   125
    68
    33
    13
    81
    31
    19
    70
    72
   264
    29
   116
    90
    72
    26
     4
     8
     5
    11
     1
     0
   102
   157
   121
    80
    42
    56
    71
    37
    46
    99
    33
    72
    46
    32
   184
   144
    25
    48
     0
     0
     4
     0
     2
     0
   127
    30
   285
   195
    86
    14
    68
    46
    28
    52
    66
    32
    38
    29
   241
   117
    58
    90
     0
     0
     0
     0
     0
     5
    27
    98
   300
    81
    70
    13
    40
    46
    62
    88
   195
    37
    33
    19
    98
    26
    32
    38
     0
     5
     0
     9
     2
     4
    70
    35
   241
   236
    33
    37
    50
    10
    65
    55
    53
   163
    30
    42
   112
    67
    42
    48
    16
     0
     0
     8
     1
    11
    87
   253
   255
   126
    77
    64
    28
    68
    44
    63
    59
    16
    43
    96
   180
    93
    47
   124
     0
     0
     1
     0
     0
     0
    51
   242
   290
    96
    53
    46
    76
   129
    69
   151
    72
    32
   123
    77
   156
   207
    39
   169
     0
     0
     1
     9
     0
     2
    46
   166
   207
   199
    50
    19
    75
    31
    59
   192
    10
   192
    78
    41
   131
   244
    69
    59
     0
     0
     0
     0
     0
     1
    32
   227
   108
   190
    28
    43
    74
    73
    67
    64
    20
    27
    77
   119
    51
    48
    56
    31
     0
     8
    11
     4
     0
     0
    48
   112
   145
    67
    85
    90
    80
    21
    25
    40
    38
    38
    99
   198
    26
    62
    44
    25
     0
     0
     6
     7
     1
     0
     0
    19
   126
   153
    51
    42
    40
    42
    47
    38
    66
    88
    76
    26
    43
    27
    85
    61
    38
     0
     5
     0
     0
     0
     0
    59
   135
   282
    70
    40
    83
    84
    21
    71
    39
   109
    84
    51
    91
    68
   119
    63
    65
     0
     3
     0
     0
     3
     6
    78
   101
   292
   121
    58
   212
   102
    76
    47
   321
    44
    79
    54
    26
    48
    71
    75
    39
     0
     4
     2
     0
     0
     2
   103
   143
   167
    53
    54
    93
    35
    48
    76
    54
   215
    80
   130
    61
    90
   110
    58
    82
     7
     1
     0
     0
     1
     0
    38
    71
   214
   100
    41
    57
    53
    28
   179
    31
    38
    74
    31
    52
   140
    27
    56
    56
     0
     0
     0
     0
     4
     0
    38
   222
   142
    66
    77
    59
    57
   181
    48
    48
    31
    41
    59
    27
   121
    50
    76
    72
     0
     8
     0
     0
     0
     0
    43
    34
   251
   200
    56
    33
    27
    35
    45
   151
    34
   193
    22
    35
    91
    48
    20
    28
     0
     0
     5
     0
    12
     0
    40
    26
   218
   186
    18
    43
    46
    26
    33
    27
    32
    31
   260
    46
   231
    42
    81
    46
     0
     0
     2
     9
     0
     3
    77
    76
   105
   166
    75
    61
    37
    47
    57
    38
   115
    51
    54
    77
   172
   101
    72
    36
     1
     0
    19
    16
     5
    14
    43
   378
   314
   264
    66
    39
    47
    30
    88
    92
    64
   212
    56
   366
   172
   192
    80
    59
     0
    13
     1
     6
     1
     4
    41
   113
   216
    95
    30
   100
   122
    77
    52
    45
    43
   146
   151
    87
   129
   129
    54
    50
    13
     0
     7
     1
     4
     0
    54
    45
   225
   246
    85
    39
    38
    80
    64
   169
    34
    36
   124
    49
    64
    94
    90
    65
     5
     0
     4
     0
     0
     3
    70
   240
   275
   119
    50
    36
    42
    32
    73
    56
   212
    19
    72
    94
    70
   105
    73
    46
     3
     0
     4
     0
     4
     0
   100
   225
   149
   108
    63
    65
    35
    56
    49
   108
   209
    63
    72
   115
    22
    89
    62
    73
     0
     9
     0
     6
     5
     0
   119
   126
   287
   241
    57
    50
    39
    40
    69
    82
    73
    33
    70
    35
   222
    91
    96
    54
     0
     3
     0
    12
     0
     2
   115
   162
   164
   253
    93
    39
    26
    25
    32
    32
    61
    26
    48
    41
    95
   111
    63
    28
     0
     1
     0
     0
     2
     0
    46
   164
   311
    50
    62
    88
   105
    67
    23
    59
   107
    39
    50
   218
   180
   423
    19
    72
     4
     9
    11
     5
     2
     0
   119
    98
   277
    83
   183
    33
   128
    46
    85
    56
   220
    73
    35
    34
   113
   275
    67
    26
     5
     4
     2
     0
     0
     0
    25
   128
   153
   160
    38
   197
    51
    99
    98
    51
    47
    64
    33
    95
    42
   131
    41
    44
     8
     0
     0
    16
     4
    11
    41
   125
   194
   106
    64
    37
    35
    42
   105
    29
    64
    56
    52
    64
    73
    98
    61
    16
     0
     2
     4
     0
     0
     0
   110
   115
   132
   140
    90
    44
    83
    82
    45
    25
   110
    62
   190
   183
   124
    98
    27
    45
     0
     0
     0
     0
     8
     7
    49
   165
   193
    85
    54
    41
    33
    58
   126
    49
    25
   110
    77
    56
   288
    33
    47
    20
    10
     0
     0
     0
     7
    10
    66
   118
   189
    97
    37
    51
    17
    46
   214
    72
    40
    74
    73
   122
   122
   212
    87
    57
     9
    18
     0
     0
     0
     7
    55
   397
   197
   136
    30
    82
    89
    65
    69
    69
    33
    35
   109
    98
   230
   130
    43
    98
     0
     4
    25
     6
     0
     4
    73
   197
   340
   289
    80
   105
   115
    41
    52
   104
    55
    46
   267
   132
   140
   182
    52
    46
     2
     4
     0
    10
     3
     5
   114
   192
   167
   211
    38
    54
    22
    61
    61
    73
    62
    71
    15
   275
   105
    33
    55
    52
     1
     4
     0
     0
     0
     3
    56
   240
   210
    49
    15
    93
    39
    54
    53
    61
    76
    35
    86
    22
    21
   217
    52
   104
     0
     0
     4
     0
     1
     3
    84
    82
   412
   354
    46
    68
    52
    45
    88
    21
    31
    18
    72
    28
    18
   131
    31
    27
     1
     0
     2
     0
     3
     0
    49
   138
   185
    80
    42
    42
    14
    75
    91
    46
   106
    32
    40
   175
    92
   146
    55
    44
     0
     0
     0
     9
     4
    14
    27
    74
   171
    74
    71
    68
    57
    71
    50
    59
    48
    34
    46
    58
    76
    42
    15
    51
     0
     0
     3
     7
     1
    12
    48
   250
   391
   199
    63
    91
    68
    33
   186
    40
   103
    42
    46
    57
    88
   104
   342
    80
     9
     4
     0
     7
     0
     3
    56
   151
   268
   149
    39
    61
    78
    62
   197
   217
    37
    38
    61
    71
   133
    72
    40
   114
     0
     0
     2
     0
     0
     0
    34
   184
   164
   131
    37
    30
    46
    82
   234
    51
    90
    38
    60
    65
   303
   275
   180
   205
     0
     5
     1
     0
     2
     0
    65
   104
   160
   266
    81
    43
    85
    33
    44
    49
    40
    35
   101
    48
   164
   134
    34
    40
     8
     4
    11
     5
    12
     0
   121
    30
   358
   134
    96
    53
    34
   103
    75
    27
    52
    19
    26
    37
   100
   302
    32
    43
     3
     0
     1
     0
     0
     3
    63
   115
   299
   180
    47
    88
    61
    96
    45
    57
    37
    72
    57
   111
    54
   111
    26
    56
     9
     5
     2
     7
     6
     4
    63
   104
   249
   165
    23
    48
    24
   125
    28
    86
    75
    26
    47
    73
   351
    45
    31
   103
     2
     0
     5
     2
     0
     0
   174
   183
   581
   207
   102
    49
    52
    32
    50
   173
   262
    52
    93
    76
   245
   117
    54
    46
     6
     0
     0
    15
     7
     0
    81
   219
   287
   280
   108
    87
    53
    93
    48
    58
    81
    64
    61
    94
   270
   198
    31
    72
     4
     0
    13
     0
     0
     0
    63
   133
    82
   137
    56
    76
   164
    32
    44
   105
    44
    56
    89
    39
    68
   337
    77
    68
     0
     0
     0
     0
     0
     3
    67
   175
   121
   137
   122
    52
    24
    55
    87
    38
   211
    81
    32
   111
    87
    77
    26
    51
     1
     3
     4
     0
     0
     0
    71
    59
   220
   142
    62
    47
    20
    90
    40
    33
    33
   116
    49
    24
   107
    90
    77
    29
     1
     3
     0
     5
     0
     0
    46
   120
   158
    98
    50
    48
   140
   180
   129
    35
    42
    51
    71
    27
   113
   116
    21
    38
     0
     0
     4
     4
     0
     0
   153
   189
   206
   128
    38
   198
   153
    57
    53
    35
    55
    76
    74
   100
   302
    69
    41
    88
     0
     0
     4
     4
     0
     0
    74
   111
   250
   236
    35
    25
    60
    69
    52
    66
   201
    88
    81
    72
    40
   213
    48
   110
     3
     0
     0
     0
     4
     0
    67
   109
   262
   135
    48
   109
   109
    35
    69
    30
    48
   253
   106
    70
    71
   138
    73
    61
     0
     0
     0
     6
     5
     0
    38
   163
   263
    87
    26
    62
    90
    40
    21
    24
    38
    67
    29
   241
   129
   191
    53
    32
     8
    11
     0
     0
     0
     5
    41
   273
   492
    30
    46
    63
    22
    15
    42
    50
    45
    42
    70
   195
   302
   127
   199
    30
     6
     1
     0
     3
     6
     2
   111
   171
   213
   142
    31
    41
    60
   116
   209
    35
    74
    70
    44
   278
    50
   174
    79
    60
    14
     0
    10
     6
     2
     2
    43
   131
   252
    80
    75
   104
    48
    29
    64
    39
    48
    39
   109
   266
    90
   130
    67
    68
     3
     1
    14
     0
     7
     7
    32
   137
   268
   117
    55
    46
    26
   124
    34
    53
    38
    42
    29
    57
   275
    68
    47
    96
     0
     0
     0
     0
     2
     0
   101
   113
   414
   188
   121
    64
   236
    71
    51
    48
    44
    17
    88
    92
   133
   354
    94
    73
     0
     1
     0
     0
     0
     0
    65
   170
   138
   160
    46
    64
    64
    46
    33
    77
    36
    93
    39
    91
   108
   103
    61
    48
     7
     4
     3
     0
     0
     0
    90
   140
   230
    59
    61
    21
    71
   113
    76
    93
    47
    43
   102
    38
   136
   454
    70
     9
     0
     0
     1
     6
     0
     8
   104
   143
   289
    85
    39
   175
    53
    45
    64
    36
    38
    52
    63
    17
    61
    31
    61
    60
     0
     7
     7
     0
     0
     4
    62
    47
   244
   381
    48
    26
   124
    73
    57
    71
    29
    43
    15
   116
   104
   103
    49
    86
     6
     0
    10
     0
     0
    13
    14
    85
    36
   256
    39
    96
    73
    67
    84
    99
    28
    54
    24
    68
   263
    84
    69
    39
     2
     0
     0
     4
     0
     0
    44
    81
   218
    83
    22
   108
    53
    60
   124
    48
    79
    43
    94
   108
   205
    29
    71
    90
     6
     0
     9
     9
     0
     0
    99
   137
   275
   153
    77
    35
    37
   133
   163
    67
    34
    42
    43
   102
    67
   124
    53
    48
     0
     4
     6
     0
    11
     3
   119
    86
   116
   163
   129
    56
   248
    20
    93
    58
    59
    39
    62
    70
    97
   199
   101
    81
    13
     0
     0
     3
     2
     0
    52
   126
   277
   260
    76
   110
    65
    47
   129
    50
    88
    42
    44
    72
    72
    80
   137
     0
     0
