    81
     0
     0
     5
     0
    72
    35
   156
    63
    97
    34
    55
    83
   110
    88
    62
    23
    42
    26
    65
   154
    70
    67
     0
     0
     5
     3
     2
     4
    68
   135
   187
   117
   116
    34
    51
    42
    57
    71
    71
    38
    63
    65
    96
   248
    29
    50
     8
     6
     1
     0
     9
     0
    26
    71
   135
   255
   123
    46
   195
    60
    37
    49
    28
    42
    43
   225
    88
   100
   185
    95
     0
     0
     6
     0
     0
     7
    91
   240
   329
   267
   115
    34
    37
    94
    44
    35
    66
   271
    42
    66
   102
   276
    55
    61
     0
     4
     5
     0
     0
     0
    35
   221
   136
   120
    55
    43
    51
    36
    55
   102
    87
    63
    42
   197
   343
   100
   189
   115
     0
     0
     4
     0
    13
     0
    53
   267
   224
   209
    89
    47
    62
    74
    70
    60
   277
    69
    45
    52
   159
    92
    58
    45
     2
     1
     0
     8
    10
     0
    67
   184
   325
   168
    39
    83
    57
   128
   147
   237
   199
    59
    70
   109
   119
   206
   118
   110
     0
    14
     7
     0
     4
     0
    47
   248
   154
   139
    32
   108
    55
    24
   188
   114
    59
    26
    49
   185
   232
    93
   109
    84
     2
     2
     0
     7
     1
     0
   101
   197
   191
    40
    75
    56
    47
    67
    40
    46
    58
    84
    33
   135
   211
   113
    80
    38
     0
     7
     0
     0
    17
     0
    50
   107
   106
    94
    31
    52
    44
    37
    91
    57
   101
    47
    81
    34
    74
   329
    91
    33
     0
     2
    10
     0
     7
     8
    27
   202
   230
    72
    51
    32
   165
    39
   101
    48
    96
    55
    86
    72
    57
   127
    30
    40
     5
     3
     1
     0
     8
    13
    46
    49
   120
   281
    36
    80
    57
   100
    60
    37
    61
    47
    60
   111
   143
   217
    40
    39
     8
    16
    13
     5
     0
     0
    54
   264
   249
   143
    48
   107
    49
   242
    46
    88
    20
    80
    36
   204
   204
   177
    41
    57
     1
     0
     0
     0
    10
     0
    78
   257
   343
   130
    50
    45
    95
    43
   132
    58
    94
    17
    54
   104
   160
    64
    36
    37
     0
     0
     0
     3
     0
     0
    35
   232
   233
   150
    88
    41
    89
   172
    45
    60
   113
    33
    33
    45
   296
    92
    30
    44
     1
     9
     4
     5
     6
     0
    45
    81
   217
   239
    33
    61
    89
    75
    22
    12
    84
   350
    26
    51
    25
    46
   214
    51
     0
     0
     4
     3
     1
     5
    59
   104
   318
   141
    44
    43
    39
   124
    54
   100
   201
    81
    59
   180
   283
    36
    32
    99
     3
     4
     8
     5
     0
     7
    56
   148
   184
    92
    87
    36
    53
    81
    49
   136
    88
    71
    84
    88
   136
   219
    36
    44
     0
     1
     3
     0
     0
     6
   102
   220
   183
   152
   374
    52
    37
    42
    50
    66
    66
    39
    43
    49
   257
   140
    46
    75
     7
     7
     3
     4
     0
     6
   174
   270
   226
   129
    44
    37
    81
   198
    59
    64
   256
   105
    94
    82
   148
   190
    86
    86
    11
     0
     0
     0
     0
     0
   104
   141
   174
    88
    48
    35
    65
   153
    81
    51
    40
   123
    67
    52
   231
   173
    64
    57
     9
    16
     1
     4
    10
     0
   111
   186
   171
   270
    86
    52
   113
    69
    96
    83
   166
    85
    28
   224
   139
   142
    42
   116
    15
     0
    13
    10
    11
     0
    95
    50
   329
   199
    81
    54
    42
    47
   108
    66
    88
    65
    40
   197
   146
    55
    81
   100
     0
     2
     1
     6
     3
    15
    96
   132
   245
   199
    89
    71
    56
    61
    48
    48
    38
    64
    46
    98
   336
   194
    50
    32
     5
     0
     0
     9
     8
     0
    47
   151
    88
   111
    40
    45
   112
    45
   183
    98
    42
    54
   104
    57
    44
   209
   164
    55
     0
     9
     0
     0
     0
     2
   131
   119
   261
    98
    18
    28
   264
    23
    63
    47
    47
    95
    48
    56
    84
    92
    83
   106
     0
     0
    16
     0
     0
     0
    95
   190
   245
   196
    68
    59
    75
    75
    93
    33
    82
   107
    47
    98
   172
   189
    70
    62
     1
     0
     6
     7
     0
     7
    61
   245
   336
   311
    64
   111
    84
    36
    83
    58
    38
    65
   135
   111
   199
   254
    83
    34
     0
     0
     0
     1
     5
     0
    83
   203
   332
   151
   124
    67
    77
    75
    50
    49
    57
    31
   178
    25
    89
   168
   126
    78
     8
     5
     0
     4
     0
     4
    54
   203
   199
    72
    51
    52
    32
    84
    19
    39
    55
    64
   100
   238
   308
   172
    64
    33
     0
     6
     6
     3
     0
     2
    62
    57
   242
   190
    32
    50
    53
    39
    57
    33
    33
    32
    82
   163
    77
   275
    29
   202
     0
     0
     0
     8
     0
     0
   137
   166
   260
   202
    33
    55
    33
   173
    58
   115
    37
   376
    43
    94
    40
    43
    92
    58
     0
     0
     9
     5
     0
     0
    99
    46
   418
    81
    65
    27
    59
   131
    50
    62
    85
    53
    89
    47
   149
   246
    91
    89
    10
     0
     5
     0
     8
     5
    99
   262
   377
   158
    51
    64
    81
   154
    82
    80
   128
    60
    85
   146
   185
   196
    99
    83
     0
     0
     6
    12
    22
     0
   123
   206
   251
   199
    45
    41
    45
    38
    39
    74
    92
    55
    72
    36
   267
   190
    91
    93
     3
     0
     0
     0
     0
     0
    62
   260
   353
    40
    53
    71
    83
    16
    88
    61
    51
    43
    16
    99
    12
   114
    57
    44
    13
     0
     2
     0
     1
     3
    52
    91
   101
   155
    49
    73
    52
   103
    87
    30
    28
    51
    67
    47
   113
    89
    29
    33
     7
     8
     0
     4
     0
     3
   100
   133
   251
   144
    24
    39
    59
   227
    62
    63
    94
    18
    85
   117
    79
   110
    22
    99
     6
     0
     8
     1
     4
     0
    58
   255
   222
   174
   136
    40
    53
    29
    94
    51
    88
   120
    74
    95
    62
   160
    59
    39
     0
     2
     6
     0
     0
     1
   127
    94
   220
   116
    50
    39
    77
    87
    66
    34
   105
    74
    57
    40
    55
   176
    31
    43
     0
     0
     0
     7
    16
    12
   184
    41
   320
   181
    80
   118
   285
    54
   278
   111
   157
    85
    38
   146
   167
   277
    33
    57
     8
     0
     0
     9
     0
     0
   143
   198
   239
   208
   108
   118
    42
    98
    99
    56
   137
    77
    63
   212
   294
   135
    52
    87
     9
     0
     1
     0
     7
     8
    32
    98
    78
   179
   211
    93
    19
    41
    79
    79
    63
    48
    28
    96
    74
   116
    72
    78
     0
     0
     0
     0
     1
     2
    39
   247
   230
    31
   194
    86
    49
    42
   102
    53
    70
    96
    76
   190
   112
    89
   144
    59
     0
     0
     0
     9
     0
     0
   101
   195
   294
   119
    78
    48
   114
    71
    71
   116
    36
    32
   247
    70
   137
    95
    35
    96
    10
     0
     0
     0
     7
     0
    25
    67
   367
   251
    84
    98
    34
    51
    46
    58
   183
   104
    92
    91
   249
   113
    32
    24
     0
     0
     7
     5
     0
     5
   115
   257
   422
    97
    49
    44
    26
    99
    61
    36
    48
    62
    54
    90
   236
   116
    74
    53
    11
     0
     0
     0
     0
     2
    54
   176
   356
   178
    63
    93
    44
   191
    76
   122
    35
    53
    58
   152
   342
   251
    53
    44
     9
     8
     6
     5
     0
    12
    56
    30
   140
   172
    75
    32
   128
    32
   111
    85
   190
    53
    96
   196
   139
   149
    98
    23
     7
     3
     0
     0
     0
     0
    48
   160
   330
    46
    37
    55
    67
    33
   122
    37
    54
    67
    65
    79
   321
   112
    89
    43
     4
     5
     3
     2
     1
    17
    74
   228
   232
   124
    94
    62
   112
    43
    38
    76
    63
    96
    89
    61
    60
   101
    28
    44
     0
     0
     0
     3
     0
     1
    80
   220
   197
    57
   123
    46
    73
    63
    48
    37
    33
    30
    49
   177
   104
   408
    65
    60
     0
     2
     4
    11
     9
     0
    94
   211
   183
    48
    83
    32
    40
    74
    27
    44
    47
   136
    38
    63
   278
   361
    62
    72
     0
     0
     5
     0
     0
     0
    91
   225
   242
    67
    68
    46
   227
    39
    93
    43
    37
    47
   205
   112
    77
    49
   104
    16
    15
     0
    16
     5
     4
     0
    59
   165
   228
   312
    70
    68
    46
    72
    48
    62
   104
   172
   103
    88
    57
   127
    92
    46
     1
     1
     0
     0
     0
     7
    72
   288
   140
   102
    47
    25
    20
    91
    36
   236
    37
    42
    26
   173
    52
    85
    33
    83
     8
     0
     0
     1
     2
     0
   105
   297
   260
   115
    53
    71
    84
   121
   137
    65
    81
    21
    22
   319
   238
   156
    47
    93
     6
     1
     0
     0
     0
     4
    85
   114
   315
   119
    57
    59
    48
    40
    35
   173
    25
    67
    40
    49
   177
   215
    41
    60
     0
     5
    11
     0
     0
     0
    67
   242
   299
   198
    72
    59
    63
    32
   134
    20
    42
    61
    90
    71
   129
   223
    79
    66
     1
     7
     4
     0
     3
     0
    47
   188
   279
    79
    51
    26
    73
    53
    65
    62
    56
    56
    49
   351
    79
   252
    70
    70
     0
     0
     0
     0
     6
     2
    76
   145
   171
   124
    89
    42
    67
    78
    65
    74
   189
   102
   116
    56
    72
    94
    66
    63
     0
     2
     0
    10
     0
     2
    59
   113
    59
   142
    81
   135
    91
    95
    46
   134
   107
    49
    50
   223
   332
    40
    49
    85
     7
     3
     0
     0
     0
     0
   112
   110
   346
   239
    61
    77
    85
   201
    76
    45
    26
   103
    59
    72
   205
   159
    62
    49
     2
     2
     0
     0
    12
     0
    77
   197
   306
   152
    44
    39
    36
    44
    53
    69
    56
    72
    47
   185
    88
   265
    89
    96
     0
     0
     0
     0
     8
     0
   105
   171
   159
   238
    74
    23
    64
    26
    51
   184
   221
    25
    34
   208
   304
   260
    42
    45
    14
     0
     0
     5
     0
     0
   111
    60
   205
   138
    48
    54
   182
    83
    59
    54
    87
    40
   129
    96
   106
    25
    79
    52
     7
     1
     1
     4
     1
     0
    98
   207
   164
    73
    45
   101
    45
    61
    33
    58
   110
    78
    76
   222
   278
    44
    23
    79
     0
     3
     8
     0
     0
     8
    51
   191
   159
   211
    88
    37
    59
    93
    73
    64
    35
    63
   185
    20
   132
    61
    49
    68
     3
     2
     3
     0
     0
     0
    42
   261
   189
   115
   204
    91
    96
    20
    90
    41
   137
    60
    57
   211
   333
   135
   116
    43
     0
     6
     3
     0
     0
     0
    94
   160
   231
   195
    82
    82
    80
   246
    86
    72
    48
    82
    42
   101
   267
   250
    37
   120
     0
     2
     0
     0
     2
     6
    82
   213
   202
   267
    72
   103
    92
    46
    32
    85
    59
   122
    21
   174
   182
    89
    53
    23
     7
     0
     6
     0
     8
     5
    92
   275
    53
   381
    97
    90
    48
    83
    50
   105
    57
    33
   196
    40
   101
    81
    45
   124
     0
     1
     0
     0
     7
     0
   138
   199
   216
   204
    94
    38
    45
   119
    76
   103
    33
    65
    76
    45
   152
    77
    47
    22
    10
     5
     1
     3
     2
     6
    87
   171
   316
   214
   114
    40
    63
    44
    66
   100
    83
   143
    59
    91
   110
    41
    44
    97
    17
     0
     0
     0
     0
     8
    43
   157
   330
   217
    46
    66
    57
   180
    40
   267
    31
   107
    71
   124
   125
    41
    70
    22
     6
     0
     0
     0
     0
     0
    97
   120
   179
   286
    54
   127
    72
    93
   112
   150
    70
    71
    59
   146
   114
   171
    42
    56
     3
    22
     0
     0
     3
     7
    47
   151
   162
   117
    45
    71
   113
    48
    77
    78
    59
    45
    79
    94
   224
   110
   106
    71
     0
     0
     0
     9
     0
     0
    60
   117
   331
    54
   170
    45
   101
    46
    49
    70
    71
    50
    40
    93
   206
   104
    80
    53
     2
     2
     0
     0
     0
    16
   107
   294
   318
   120
   113
    40
    75
    40
    62
    45
    24
   221
   188
   103
   181
   127
    48
    24
     6
     0
     1
     1
     0
     0
    80
   108
   189
   190
    66
    69
    68
    36
    25
    83
    94
    63
    44
    55
   191
   316
    37
   121
     0
     0
     0
     0
     1
     0
    64
   171
   472
   204
    55
    47
    89
    86
    44
    32
   244
    49
    81
    73
   118
   162
    38
   106
     4
     8
     1
     0
     4
     5
   167
    53
   212
   145
    53
    76
    65
    35
    36
    27
    86
    25
    68
    35
   352
   167
    47
    60
     1
     4
     0
     0
     0
     6
    81
   164
   187
   140
    66
    49
    90
   159
    55
    83
    53
    59
    44
    32
   103
   150
    50
    19
     3
     0
     0
     6
     0
     6
    90
   224
   228
   168
    45
   232
    46
    78
    70
    28
    69
    43
    73
    72
    93
   129
   185
    78
     0
     0
    19
     0
     7
     4
   115
   157
   279
    98
    73
    60
    59
    69
    32
    49
    38
   135
   169
   123
   110
   307
    31
    15
     7
     0
    11
     0
     2
     6
    50
   210
   153
   127
   118
    68
    25
    64
    39
   124
   102
   113
    69
    45
    49
    33
    62
    78
     9
     0
     9
     6
     0
     3
    71
   209
   138
    25
   100
    95
    39
   109
    84
    80
    69
    92
   227
    22
    19
    99
    41
    93
    11
     9
     1
     1
    12
     0
    53
   251
    70
    83
    51
    73
    61
    48
    57
   132
    30
    26
    43
    42
   364
   131
    46
    40
     3
     1
     9
     3
     0
    12
   137
   146
   159
    29
   101
    38
    73
   128
    61
    65
    72
    62
    93
   234
   107
    27
    34
    44
     4
     8
     0
     0
    18
     0
   152
   116
   205
   188
    33
    58
   102
    71
    23
    64
   139
    55
    48
   118
   115
   109
    28
    69
    12
     0
     7
     5
     0
   121
   238
   228
   153
    99
    65
   140
    43
    34
    87
    92
    63
   219
    48
   148
   157
   125
   103
     7
     6
     0
     0
     5
     8
   148
   172
   177
    45
    41
    67
    40
    34
    90
    54
    56
   227
    76
    60
    59
   149
    60
   102
    11
     0
     4
     8
     8
    12
    84
    71
   102
   165
    77
    87
    45
   103
   196
    87
    59
    40
    51
   117
    91
   129
    29
    42
     4
     0
     4
     0
     0
     0
   102
   227
    49
    48
    36
    56
    50
    92
   165
    22
    43
   113
    39
   140
   467
    20
    42
    28
     9
     0
     5
     2
     0
     0
    95
   124
   294
   155
    47
    13
    64
    41
    56
    40
    48
    43
    43
    51
   318
   186
    29
    64
     0
     0
     0
     1
     0
     7
    99
    35
   251
   249
   170
    63
   219
   110
   144
    75
    21
    38
    79
    12
    84
    92
    54
    83
     0
     3
     0
    13
     0
     2
   134
   134
   265
   179
    72
    72
   120
    65
    46
    89
    35
   106
    45
   116
   195
   149
   133
    92
     4
     4
     2
     0
     0
     5
   131
   148
   317
   266
    74
   102
    39
    28
    49
    56
    49
   104
    75
    28
   330
   131
    94
    59
     0
     0
     0
     1
     0
     3
   123
   233
   172
   210
    52
   179
    38
    97
    63
    44
    96
    31
    93
    30
   172
    70
   134
    49
     0
     0
     2
     0
     1
     0
   127
   115
   272
    27
    91
    24
    69
    27
    69
    52
    38
    53
    50
    93
   123
    72
   171
    34
     0
     0
     0
    13
     0
     0
    87
   285
   234
    39
    62
    52
    44
    38
    95
    85
    37
    35
    18
    50
   113
    92
   116
    67
     0
     0
     0
    10
     6
     5
    80
   151
   198
   129
    45
    97
    26
    38
    21
   174
    26
   110
    43
   123
   153
   128
   199
    71
     0
    10
    16
     0
     0
     0
    76
   285
   236
    70
    81
    94
    34
    65
    21
    94
    64
    28
    37
    31
    78
   130
    39
    19
     6
     9
     6
     2
     2
     5
    87
    75
   172
    75
    57
   116
    41
    88
    88
    53
   239
    41
    57
   220
    93
    94
    50
    51
     0
     0
     0
    16
     0
     1
    27
   164
   191
   169
    59
   131
    54
   120
   142
    77
    58
    55
    49
   114
   163
   278
    82
    63
     2
     0
     6
     1
     0
     0
    59
   250
   363
   197
    43
    37
   134
    60
    60
    57
    58
    70
    63
    59
   222
   140
   142
    45
     0
     4
     0
     3
     6
     0
    25
   179
   226
   191
    18
    70
    94
   248
    53
   166
    16
    33
    72
    98
    58
   240
    75
    64
     3
     1
     0
    12
     0
     4
    69
   135
   357
   302
    47
    56
    43
    86
    86
   112
    19
    59
    52
    83
    67
    51
   133
    63
     3
     0
     1
     1
     7
     0
    33
    98
   209
   195
    18
    28
    55
    71
    50
    20
   184
   116
    35
    63
    66
    77
    32
    80
     0
     0
     0
     0
     7
     1
   132
   211
   181
   238
    66
    65
    37
    55
    57
    35
    84
    25
    76
    68
   223
    26
    85
    37
     0
     0
     0
     5
     0
     2
    64
   165
   170
   147
    82
    69
    61
    62
    51
    68
    56
    31
    27
   217
   162
   131
    70
    68
     3
     6
     0
     5
     3
     3
   111
   201
   474
   317
    66
    79
   121
   199
    64
    56
    60
    55
    90
    67
    73
    51
   143
    65
    10
     4
     2
     0
     1
     7
    34
   269
   161
   226
    45
    33
    92
    42
    32
    85
    28
    47
    65
   291
    74
    38
    61
    83
     0
     0
     0
     0
     0
     0
    28
   187
   174
   276
    36
    85
   119
    63
    62
   183
    33
    44
   108
   117
   220
   127
    52
    70
     5
     0
     4
     0
     0
     0
   128
   284
   222
   190
    58
    52
    18
    79
    51
   146
   214
    49
    25
    81
   138
    81
    72
    47
     0
     0
     0
     0
     0
     7
    26
   185
   295
   178
    31
    32
    24
    15
    45
    70
    51
    56
   107
    90
   222
   248
    49
    54
     0
     2
     0
    17
     7
     4
   116
   209
   207
   316
    39
    65
    42
    26
    47
    97
    62
    66
    57
    68
   387
    48
    54
    43
     0
     7
     0
     0
     8
     4
    76
   273
   221
   152
   122
   251
    82
    40
    49
    32
    68
    85
    35
    44
    93
    62
    94
    78
     0
    10
     0
     0
     0
     0
    91
   106
   245
   204
    67
    53
   210
   110
    40
    65
    81
   107
    47
    51
   183
   111
   100
    73
     0
     6
     3
     6
     8
     0
   123
    97
   349
   121
    63
    39
    31
    79
    34
   161
   181
    35
    56
   212
   151
    62
    18
    43
     6
     1
     0
     1
     0
     0
    67
   150
   190
    61
   175
    80
    93
    24
    63
    54
    46
   164
    40
    87
   165
   167
    35
    70
     0
     4
     0
     5
     0
     5
    81
    83
   361
   145
    59
    50
    77
    38
    44
    58
    54
    78
    96
    81
   164
   133
   115
    64
     6
     0
     0
     0
     1
     6
    43
   232
   148
   196
    58
    55
    54
    30
    22
    49
   116
    91
    23
    64
    65
    79
   111
    18
     0
     8
     1
     8
     7
     5
    60
   129
   421
    51
    37
    83
   105
   295
    55
    25
    65
    64
    44
   256
   156
   253
    38
    32
     9
    16
     0
     4
     3
     0
   104
   137
   365
   172
    88
    58
    74
    76
    59
    53
    51
    64
    67
    82
   260
   110
    56
   105
     2
     0
     1
     5
     7
     1
    75
   139
   215
   274
    81
   106
    96
    50
   103
    69
    61
    66
   124
   208
   127
    99
    48
   106
     0
     0
     0
     0
     0
     0
    70
   174
   144
    97
    94
    46
    72
    59
    62
    31
    51
    64
   110
    59
    58
   118
    27
    27
     3
     2
     9
     0
     0
     4
    56
   104
   229
   203
   102
   100
    45
    50
   171
    31
    90
   106
    55
    30
    39
    42
    29
    49
     0
     0
     6
     0
     0
     0
    50
   259
   259
   206
    50
    75
    75
    40
    53
    25
    89
    32
    41
    80
    66
    96
    75
    60
     0
     0
     3
     9
     3
     5
    63
   257
   242
   100
    69
    82
    95
    34
    50
    97
    92
    52
    38
   107
    49
    89
    67
    46
    10
     0
     0
    24
     8
     4
    95
   281
    58
   171
    31
    58
   127
    75
    38
    12
    42
    55
    47
   197
    90
    42
    32
   118
     7
     0
     6
     6
     0
     6
    73
   328
   281
   144
    75
   122
    73
    84
   104
   113
   131
    53
    51
   202
    75
   124
    97
    76
     1
     1
     0
     4
     2
     0
    69
    49
   251
   251
    90
   109
    38
   111
    79
    29
    48
    71
    40
   102
   278
   103
    90
    72
     1
     0
     0
     3
     6
     6
   116
   139
   167
   131
    45
    68
    75
    72
    37
    45
   193
   180
    66
    17
   209
    75
    65
    80
     8
     0
     0
     1
     9
     6
   123
    45
    87
   154
    22
    44
    39
    44
    59
    38
   189
    46
    60
    61
   168
   123
    45
    44
     4
     1
     1
     2
    17
     0
    31
   193
   305
   118
    49
    72
    54
    34
    65
    65
    98
    51
    40
   139
   123
    80
    61
    80
     0
     2
     5
     6
     2
     8
    37
   201
   403
   320
    66
    38
    44
    41
    46
    43
    40
    59
    20
    72
   169
   137
    42
    51
     0
    12
     4
     0
     0
     1
    50
   134
   261
   135
    53
   238
    12
    55
    50
   124
   135
    76
    46
    29
    34
    27
   101
    41
     0
     0
     5
     6
     3
     0
    50
    70
   175
   293
   123
    42
   244
    40
    76
    59
    43
    57
    24
   104
   200
    53
    41
    42
     0
     1
     8
     0
     7
     0
    80
   135
   135
   183
    47
    94
    81
   116
    71
    68
   195
    37
   115
   117
   118
    89
    75
    57
     5
     0
     6
     0
     0
     0
    68
    80
   169
   142
    62
    84
    75
    75
    39
    46
   194
    48
    17
   228
   244
   151
    63
    52
     6
     7
     5
     2
     0
     0
    92
   169
   250
   157
    98
   116
    76
    39
   104
   110
    23
    53
    50
   217
   114
   248
    51
    44
     7
     6
     0
     0
     0
     0
    74
   189
   202
   147
    68
    87
    85
    43
   103
    27
    24
    36
    69
    48
   101
    36
   105
    53
     0
     2
     8
     0
     2
     2
    50
   259
   219
   134
    26
    63
    71
    37
    20
    39
    34
    47
    35
    41
    56
    39
    41
    30
     1
     0
     0
     0
     0
     4
    41
   153
   356
   110
    31
   104
    60
   222
    79
    46
    75
    55
    35
   122
    73
   199
    23
    30
     0
     0
     5
     4
     0
    17
    62
   150
   311
   193
    56
    47
    65
    60
    79
    58
   193
    87
    78
    62
    83
   164
   185
    42
     0
     7
     0
     7
     6
     7
    38
    96
   238
   218
    63
    97
    58
    45
    52
    34
    39
   100
    84
    53
   176
    36
    89
    49
     0
     0
     5
     0
     0
     1
    50
   155
   301
    66
    53
    28
    81
    88
    41
    72
    37
    81
    43
   224
   195
   113
    73
    35
     0
     9
     7
     5
     0
     7
    42
   142
   274
    87
    21
    64
    48
   170
   100
    87
   175
    42
    40
    18
   105
    74
    25
    38
     6
     0
     0
     0
     8
     0
   114
   111
    95
    82
   111
    51
    58
    33
   272
    34
    72
    75
    91
   288
    59
    30
    39
    52
     0
     0
     2
     0
     0
     0
    53
   223
   272
   109
    56
   168
    38
    98
    65
    49
   163
    35
    90
    13
   298
   178
    35
    26
     0
     3
     6
     0
     1
     0
    48
   148
   162
   226
    42
    43
    79
    60
    43
    65
    48
    63
    50
   115
   354
    96
    69
    62
     3
    11
     0
     1
     0
    19
    82
   278
   165
   314
    76
    76
    67
    39
   124
    30
    66
    35
    85
    51
   169
    81
    75
    50
     0
     5
     1
    10
     0
     2
    35
   154
   200
    35
   140
    30
    70
    41
    93
    38
    85
    64
    62
    24
    20
   141
    46
    82
     0
     0
     0
     7
     1
     0
    36
   109
   159
    76
    10
    36
    85
    35
    43
    11
    77
    64
    91
   254
    30
   157
    56
    37
     0
     0
     0
     0
     0
     2
    59
   159
   151
    69
    89
    29
    72
    83
    48
    43
    39
    23
    40
    79
   153
   106
    69
    32
     3
     0
     6
     2
    10
     3
    31
   186
   108
   118
    41
    25
    53
    34
    60
    54
    90
    16
    41
    52
   204
    74
    76
   103
     0
    10
     0
     0
    17
     0
    48
   234
   208
   184
    79
    77
    81
    74
    60
    71
   103
    89
    59
   112
    66
   162
    79
    74
     3
     6
     0
     0
     0
     0
    65
   197
   261
   190
    57
    35
    43
    27
    29
    41
   185
    85
    20
    40
    54
   210
    45
    35
     0
     0
     0
     0
     0
     9
    56
   102
   155
   189
    83
    88
    60
    52
   105
    81
   187
    55
    59
    75
   108
   158
    30
    74
     0
     1
     0
     3
     9
     0
    91
   195
   123
    52
    60
    41
   270
   202
    64
    93
    79
    32
   158
   167
   112
   170
   141
    59
     8
     0
     0
     0
     4
     0
    29
   108
   211
   146
    82
    58
    29
   189
   188
    50
    71
    36
    75
    53
    42
   128
    36
    37
     0
     1
     0
     4
     0
     0
    55
   211
   143
   126
    66
    44
    42
   123
    58
    50
    32
    88
    20
    77
   149
   172
    49
   102
     0
     0
     0
     0
     0
     1
    52
   256
   242
   118
    98
    57
    68
    28
    91
   171
    33
    37
    35
   101
   163
    80
   192
   116
     7
     0
     3
     0
     9
     1
    54
    32
   358
    51
    57
   101
    31
    80
    28
   210
    63
    64
    62
    86
   422
    99
    55
    71
     4
     2
     0
     7
     0
     1
   118
   195
   129
    26
    69
    51
    21
    74
    25
    27
    59
    70
    84
   122
   125
    99
    31
    43
     2
    11
     0
    19
     4
     6
    54
   165
   185
   152
    46
    70
    39
    51
    50
    99
    88
    94
    27
    48
   157
    58
    63
    47
     0
     0
    12
     7
     9
    13
    97
   124
   258
    90
    37
    71
    95
   101
    38
    65
    72
    82
    96
    78
   221
   279
    34
    67
     0
     1
     0
     0
     0
     0
    82
   241
   158
   309
    38
    70
    30
    44
    34
    42
    38
    72
    12
    89
    59
    57
    22
    38
     1
     4
     3
     0
     5
     4
    67
   230
    31
   241
    24
    81
    86
    95
    21
    61
    74
    74
   195
   103
   124
    93
    63
    78
    10
     5
     2
     0
     7
     0
    65
   181
   206
   117
    73
    82
    51
    73
   138
    50
    60
    23
    68
    46
   127
   214
    45
    93
     8
     3
     0
     7
     0
     0
   106
   121
   404
   157
    58
    66
    47
    21
    14
    42
    45
    91
    42
    51
   146
   125
    93
    38
     0
     6
     2
     9
     4
     0
    38
   219
    61
    56
    39
    37
   178
    50
    47
    54
    28
   102
    39
    32
    74
   321
   195
    41
     3
     5
     7
     3
     0
     0
    62
   228
   166
    42
    61
   102
   174
    65
    61
   105
    59
    24
    24
    98
   132
    53
    71
    98
     2
     3
     0
     0
     8
     0
    40
   296
   262
    53
    63
    89
    25
   105
    60
    35
    60
    83
    31
   362
   225
   168
    40
    37
     0
     8
     0
     3
     0
     0
    34
   185
   108
   111
   115
    27
    47
    18
    18
    31
   105
    12
    53
   179
   108
    13
    44
    46
     0
     0
     5
     8
     9
     0
   126
    29
   232
   206
    52
    80
    42
   106
    48
    42
    17
   126
    75
   197
   338
   113
    62
    34
     0
     7
     0
     0
     7
     0
    65
   219
   179
   179
    32
    42
    41
   201
    81
    36
    44
    33
    44
    75
   115
   187
    41
    43
    14
     0
     0
     0
     7
     0
    48
   316
   203
   152
    17
    17
    28
    54
    32
    59
   185
    23
   138
    91
   112
   266
    44
    55
     0
     4
     0
     1
     5
    16
    76
    81
   461
    57
    81
    34
    24
    21
    49
    55
   220
    75
    58
    25
   327
    85
    98
    65
     0
     7
     0
     8
     0
     4
    48
   126
   198
    78
    55
    43
    30
    35
   125
    51
    43
   127
    86
   199
   144
   182
    57
    66
     0
     2
     0
     0
     3
     4
    45
   195
   157
   105
   167
   105
    59
    26
    23
    67
   114
    49
    43
   117
   195
   198
    96
    33
     5
     8
     0
     0
     0
     0
    41
   120
   215
    84
    29
    56
    29
    32
    31
    33
    50
   134
    36
    63
    36
    45
    90
    44
     0
    12
     3
     3
     0
     1
    48
   162
   159
   158
    87
    54
    22
    67
    30
    29
    78
    88
    12
    45
   166
   129
    42
    51
     1
     3
     0
     0
     0
     0
   136
   157
   332
   188
    52
    91
    41
   172
    40
    36
    88
    34
    39
    58
    16
    61
    26
    21
     7
     0
     6
     8
     0
     0
    29
    87
    69
   117
    54
    30
   191
    48
    30
    37
    29
    56
    33
    33
   200
   209
    28
    44
     0
     0
     5
     2
     0
     8
    48
    78
   141
   116
    73
    85
    51
    79
    48
   170
    41
    26
    57
    53
   201
    98
    47
    71
     4
     0
     3
     0
     2
     4
    43
   202
   280
   165
    37
    37
    69
    43
    87
    29
    50
    36
   137
    48
   352
   264
    78
    57
     0
     0
     0
     8
     5
     0
    54
   146
   371
   171
    43
    28
    89
   223
    62
   196
   128
    47
    32
    52
   131
   298
    73
    73
     0
     0
     5
     7
     0
     2
   124
   216
   179
   110
    78
    96
    73
    55
    50
    49
    66
    38
    41
   125
    50
    73
   106
    68
     0
     5
     0
     8
     6
     0
    40
    88
   203
   251
    59
    40
    33
   110
   103
    72
   102
    56
   225
   310
   137
    53
    73
    23
     4
     0
     0
     0
    15
     1
    46
   232
   198
    93
    49
   134
    24
    30
    41
   172
    21
    36
    81
    33
   117
    56
    47
    61
     0
     0
     2
     0
     0
     2
    22
    85
   270
   129
    50
    47
   102
    86
    57
    27
    57
    44
    39
    25
    25
   120
    32
    46
     0
     0
     0
     0
     0
     9
    93
   237
   169
   155
    28
    88
    41
   153
    22
    37
    48
    69
    27
    63
   201
   110
    35
    58
     0
     0
     1
     0
     0
     8
    31
   211
   464
   135
    42
    85
    70
    39
    40
    38
   186
    49
    47
    39
   163
   205
    97
    44
     2
     9
     1
     0
     0
     0
    33
   165
   180
   116
   107
    52
    81
    26
   119
    88
    51
    77
   114
    53
    28
   110
    71
    95
     4
     3
     0
     0
     0
     9
    15
   119
   163
   215
    33
    44
    49
    17
   210
    19
    98
    68
    59
    59
    30
   318
    30
    71
     6
     0
     0
     0
     1
     0
    35
   124
   118
    31
   111
    51
    50
    40
    80
    32
    36
    24
    43
    38
   118
    66
    65
    69
     2
     0
    11
     0
     0
     0
   104
   143
   196
    80
    18
    57
    56
    47
    35
    60
    17
    84
    73
    26
    78
   171
   109
    43
     9
    10
     6
     0
     6
     0
    49
   101
   125
   105
    54
    71
    91
   141
    50
    27
    40
    28
    52
    94
   133
   192
    26
    79
     1
     0
     0
     0
     2
     4
   125
    66
   153
    22
    23
    34
    39
    18
    24
    28
    45
    44
    45
   186
    42
   226
    23
    20
     1
     0
     1
     0
     0
     0
    78
   246
   206
   135
    52
    50
    56
   137
    31
   179
    42
    75
    61
   164
   421
    93
    65
    88
     5
     0
     0
    11
     0
     0
    42
   124
   235
   103
    48
    38
    76
    76
    45
   196
    64
    71
    17
    45
    88
   424
    39
   111
     0
     6
     4
     0
     2
     4
    22
    56
   110
   144
    40
    39
    36
    48
    49
    36
    29
    78
    21
    61
    84
    83
    15
    47
     0
     0
     0
     0
     4
     0
    55
    31
   262
    76
   107
    46
    17
    20
    37
    44
    77
    45
    23
    70
    53
   233
   195
    90
     4
     0
     6
    10
     0
     0
    81
   195
    85
   107
    81
   105
    72
    81
    47
    44
    29
    73
    36
    68
    95
    75
   126
    43
     7
     0
     0
     3
     0
     0
    21
   144
    98
   118
    41
    32
     9
    36
    21
    63
    76
    19
   160
    89
   268
   110
    40
   130
     6
     6
     0
     5
     6
     2
   143
   202
   192
    87
    49
    48
    40
    44
    50
   105
    40
    33
    39
    30
    82
    55
    68
    58
     7
    10
     6
     0
     0
     0
    47
   112
   273
   134
    51
    35
    46
   188
    75
    51
    67
    69
    98
    74
    70
    53
    28
    41
     0
     1
     0
     0
     0
     0
    79
   140
   193
   188
    70
    29
   114
    22
    65
    95
    74
    43
   171
    62
   378
    97
    50
    36
    14
     0
     0
     0
     4
     4
    38
   219
   250
    88
   101
    35
    86
    21
   112
    54
   333
    48
    34
    71
   232
   241
    45
    33
     3
     4
     1
     5
    10
     1
    22
   141
   325
   221
    19
    32
    25
    32
    90
    49
    34
    69
    53
   124
   152
    41
    46
   116
     1
     1
     0
     0
     0
     0
   100
   100
   140
   130
    54
    54
    50
   121
    30
    71
   257
    28
    10
   142
   126
    39
    39
    50
     1
     6
    15
     1
     0
     6
    52
    53
   131
    71
    73
    41
    48
    37
    14
    46
    42
    27
    40
    95
    83
   125
    24
    47
     0
     0
     0
     0
     0
     0
    26
   175
   254
    31
    34
    90
    70
    89
    70
    37
    25
    30
    23
    84
    85
   143
    46
    96
     7
     1
     6
     0
     0
     6
    74
   168
   132
   194
    52
    48
    67
    81
    30
    74
    91
   186
    42
    78
    28
    64
    49
    42
     0
     3
     1
     0
     4
     2
    91
   314
   258
   241
    38
    49
    88
    85
   193
   198
    50
    65
    45
    51
   104
   182
    57
    35
     8
     8
     0
     1
     7
     3
    27
   186
   232
    61
    39
    38
   194
    24
    61
    46
    38
    29
    36
    48
   208
   277
    85
    50
     0
     0
     0
     0
     9
     0
    72
    90
   127
   295
    31
    23
    33
    52
    54
    64
    57
    85
    41
    71
   105
    55
    46
    46
     9
     0
     0
     0
     6
     0
    88
   153
   242
   163
    65
    32
    34
    46
    39
    32
    74
    32
    49
    45
   111
    61
    40
    27
     7
     0
     8
     0
     0
     0
    34
   250
   167
    50
    98
    24
    29
    58
   135
   102
   100
    30
    31
   111
   106
    58
    47
    92
     1
     0
     2
     0
     0
    12
    81
    64
   108
   174
    33
    48
    38
    47
    41
    45
    26
    40
    30
    84
   269
   103
    14
    48
     2
     4
     0
     0
     7
     4
    66
   209
   251
   117
    45
   103
    43
    99
    50
    96
    71
    56
   195
    42
   252
    63
    40
    73
     0
     0
     0
     0
     0
     9
    46
   366
   303
    87
    68
    67
    46
    26
    90
    59
    27
   104
    56
    80
    86
    98
    71
    88
     5
     0
     4
     0
     3
     0
    71
   160
   337
   191
   128
    26
    73
    97
    85
    14
    29
    33
    49
    24
    54
    83
    70
    64
     0
     5
     0
     0
     6
     0
   161
    82
   189
   176
    51
    24
    70
    39
    78
    62
    12
    51
    36
    33
    96
   129
    35
    31
     0
     2
     3
     6
     0
     2
    46
    97
   139
    19
    45
    41
   118
    82
    44
    36
    55
    31
    45
   129
   226
   168
    32
    63
     5
     0
     0
    13
     6
     0
   109
   210
   139
   169
    74
    68
    11
    57
    44
    89
    37
    48
    37
    26
    69
   135
    31
    40
     9
     0
     6
     6
     7
     0
    67
    90
   139
    96
    31
    74
   108
    16
    29
    63
    61
    24
    76
    13
    43
   124
    66
    70
     6
     5
     0
     0
     0
     5
    96
   260
   152
   226
    43
   233
   166
    47
    89
    31
    93
    53
    75
    71
   276
    79
    54
    55
     0
     6
     0
     4
     0
     8
    80
    86
   343
    65
    30
   187
   134
    53
    90
    46
    88
   107
    43
    84
   427
   111
    79
    39
     0
     5
    10
     7
     0
    14
    48
   100
    83
   232
    54
    29
    30
    39
    22
    60
    32
    39
    44
   176
   113
    91
    49
   118
     0
     0
     0
     3
     0
     0
    77
   160
   281
   169
    47
    37
    56
    19
    18
   192
    58
    39
    82
    18
   233
    87
    49
    35
     3
     0
     6
     0
     0
     0
    51
    21
   233
   311
    23
    41
    68
    50
    36
    26
    35
    70
    52
    30
    41
   121
    27
    53
     2
     1
     0
     6
     5
     0
    18
    77
   143
   133
    38
    28
    59
    42
    40
    72
    46
    65
    54
    38
   117
   165
    24
    50
     0
     0
     2
     0
     1
     0
    44
    34
   342
   123
    37
    84
    31
    32
    13
    99
    34
    80
    52
   197
    31
   118
    27
    20
     0
     2
     2
     0
    14
    15
    84
   110
   214
    63
    34
    66
    85
    47
    93
    30
    96
    82
   176
    63
   105
    31
    51
    33
     0
     0
     0
    10
     0
     9
   108
    83
   264
    94
   208
   159
    43
   130
    74
    58
    24
    74
    39
    55
    29
   104
    71
   167
     3
     0
     1
     8
     0
     0
    56
   118
   284
    31
    69
    68
    85
    41
    31
    78
   105
    35
    65
    23
   246
    44
    35
    37
     5
     0
     4
     1
     6
     0
    79
   193
    90
    75
    13
    82
   107
    88
    52
   110
    39
    33
    75
    51
    80
   194
    48
    37
     0
     0
     0
     0
     0
     8
    94
   236
   225
    50
    37
    53
    36
    34
    41
    39
    55
    32
    25
    86
    60
    45
    43
    87
     0
     0
     6
     4
     3
     7
    36
    33
   197
   195
    72
    66
   103
    47
    56
    77
    19
    52
    26
    30
    63
    81
    54
    89
     0
     1
     0
     0
     2
     0
    31
   172
   196
    56
    47
    35
    38
   173
    26
    50
    36
    74
    75
    54
    66
   121
    38
    49
    12
     0
     0
     0
     0
     1
   154
   157
   260
   177
    58
    42
    43
   169
   184
    99
    48
    61
    28
    79
    68
   233
    55
    96
     0
     0
     0
     0
     0
     1
   172
   213
   210
   118
    67
    40
    74
    45
    47
    87
    52
    19
    75
    65
    54
    82
   203
   109
     7
     2
     0
     4
     0
     6
    39
   101
   224
   129
    71
    29
    48
    65
    29
    48
    63
    68
    49
    50
    56
    64
    30
    29
     0
     2
     5
     5
     5
     0
    33
   120
   120
   222
    37
    47
    43
   132
    92
    75
    52
    46
    35
   134
    58
   192
    69
    49
     0
     0
    11
     0
     3
     0
    40
   173
   150
   123
    39
    79
    34
    99
    54
    39
    32
    31
    80
    47
   502
   121
    54
    91
     3
     3
    14
     0
    11
     0
    44
   151
   208
   120
    33
    39
    75
    39
    27
    61
    58
    83
    56
    81
    72
    38
    29
    77
     4
     0
     6
     7
     0
     0
    39
   194
   133
   173
    77
    49
    59
    83
    50
    88
    98
    70
    26
    22
    66
   128
    65
    29
     3
     0
     0
     5
     0
    12
    60
   152
   234
   142
    47
    40
    44
    72
    52
    27
    56
    82
    64
    42
    82
   310
    44
    40
    10
     0
     3
     0
     0
     0
    29
   131
   295
   123
    31
    35
    87
   179
    90
    35
    56
    49
    35
   143
   178
   259
    68
    99
     0
     8
     2
     1
     0
     0
    47
    86
   265
    76
    70
    80
    36
    45
    70
    42
    34
    63
    57
    43
    29
    84
    42
    91
     9
     0
     1
     0
     0
     9
    26
   196
   228
   139
    48
    65
   149
   163
    28
    36
    87
   118
    58
    32
   119
    65
    62
    88
     4
     0
     0
     0
     5
     0
    53
   122
    95
    86
    17
    16
    34
    42
    12
    27
   229
   276
    46
     9
    83
   113
    34
    49
     0
     3
     8
     4
     0
     0
    50
   184
    90
   172
    73
    75
    46
    29
    50
    37
    59
    45
    82
    22
   295
    54
    29
    29
     0
     3
     1
     0
     7
     0
   119
    48
   107
   107
   231
    41
    48
    54
    31
    80
   163
    66
    24
    66
   117
   112
    47
    67
     0
    19
     0
     7
     0
     0
   122
   144
   118
    63
    65
    76
    90
    53
    44
   190
   145
    47
    37
    30
   217
   166
    58
    26
     0
     5
     4
     0
     0
     9
    42
   138
   379
   145
    59
    35
    62
    63
    75
    37
    37
    57
   177
    50
   184
   127
    90
    35
     0
     4
     0
     0
     0
     1
    71
   169
   214
    86
    28
    84
    41
   136
    47
    92
    57
   183
    47
    46
   110
   132
    64
   121
     0
     9
     0
     0
     0
     2
    55
   113
   372
    11
    87
    58
    36
    55
    33
    46
   112
    99
   185
    45
    81
   104
    55
   105
     0
     3
     3
     2
     5
     0
    68
   211
    61
   250
    40
    21
    16
    39
    49
    49
    15
    24
   186
    42
   118
    75
    53
    77
     0
     0
     0
     0
     5
     0
    37
   133
   193
    96
    27
   160
    68
    55
    57
    34
    36
    42
   208
    83
   243
   122
    30
    32
     2
     0
     3
     3
     2
     4
    34
    77
   125
    63
    48
    48
    37
    33
    47
    28
    62
    58
    85
    63
    71
    87
    19
    16
     0
     3
     0
     5
     8
     0
    69
   248
   259
    74
    55
    22
    43
   138
    26
   188
    70
   101
    56
   110
   174
   175
    63
    48
     3
     4
     0
     0
     7
     0
    72
   106
   191
   172
    27
    57
    67
   135
    57
    46
    57
    40
    87
    91
   172
   100
    64
    59
     1
     0
     5
     0
     0
     7
    41
   152
   193
   127
    44
    37
    38
    34
   193
    48
    42
    62
    47
    32
   210
   160
    23
    59
    12
     6
     1
     0
     0
     8
    66
   188
   185
    84
    49
    27
    36
    39
    18
    96
    79
    59
    63
    42
   146
    55
    53
    41
     0
     0
     7
     0
     9
     0
    99
   259
   103
    84
    23
    56
    40
    90
    34
    63
   102
    42
    66
    42
    39
   195
    91
    26
     9
     0
     0
     4
     2
     0
    80
    78
    56
   117
    95
    27
    15
    58
    78
    71
    23
    53
    40
    91
    57
    68
   112
    50
     0
     0
     5
     6
     4
     0
    47
   232
   107
   260
    54
   175
    20
   190
    92
    27
    34
    18
    30
    48
   209
    53
    33
    50
     3
     3
     5
    12
     0
     2
    88
   144
   294
   237
    86
    32
    94
    49
    37
    55
    47
    47
   222
   195
    67
    72
    40
    56
     4
     3
     0
     0
     0
     6
   122
   197
   241
   219
   107
   108
    28
    94
    46
   103
    57
    63
    60
   163
   227
   139
    36
    62
     0
    12
    10
     1
     0
     2
    24
   222
   113
    84
     8
    41
    37
   263
    63
    39
    62
    97
    42
    44
   189
    79
    58
    17
     0
     4
     0
     0
     5
     0
    96
   171
   193
   116
    42
    13
    47
   131
    78
    73
    46
    43
   107
    47
   270
   237
    31
    32
     1
     0
     0
     0
     7
     0
    62
   261
   109
   195
    81
    62
    33
    43
    38
    39
    27
    38
    46
    36
   248
    81
   107
    32
     0
     9
     4
     1
     0
     0
    57
   158
    68
   269
    44
    90
     9
    97
    31
    46
    37
    44
    34
    64
   256
    48
   100
    62
    10
     0
     6
     0
     0
     0
    20
   128
   236
   166
    95
    32
    29
    24
    30
     9
    10
    34
    55
    55
    43
    61
    36
    59
     5
     0
     2
     2
     6
     2
    25
   150
   200
   340
    26
    59
    47
    42
    64
    51
    48
   247
    40
    58
    29
    32
    55
   100
     8
     0
     1
     1
     0
     0
    55
   159
   251
   139
    22
    40
    58
   104
   105
    40
    76
    68
    26
    52
    40
   355
    68
    91
     0
     4
     0
     5
     0
     3
    75
   241
   403
   150
    95
    81
    38
    98
    82
   194
    74
    34
    55
   180
    98
    90
    33
   138
     0
     0
     5
     0
     0
     0
    55
   117
   234
    63
    59
    37
    41
    15
    30
    78
    63
    36
    57
    33
   161
    70
   108
    45
     5
     0
    11
     0
     0
     0
    39
   190
   139
   171
    32
   139
    51
    34
    44
    26
    22
    37
    48
    42
   112
   153
    25
    37
     7
     0
     0
     0
     0
     0
    77
    73
   283
    79
   117
    24
   246
    43
    14
    62
    87
   122
    53
    53
   232
   106
     8
    61
     0
     9
     6
     0
     4
     0
    59
   244
   163
   101
    77
    66
   101
    60
    87
    29
    77
    31
    46
   116
    69
    42
   225
    69
     9
     8
     4
     0
    15
     5
    50
   258
   405
   111
    74
    84
    90
    65
    71
    77
   101
    88
    34
    54
   213
   182
    66
    51
    10
     0
     0
     2
     7
     7
    71
   106
   304
   203
   121
   102
   102
    59
    89
    55
    47
   220
    41
    47
    96
   115
    46
   207
     0
     0
     0
     2
     0
    10
    50
   169
   213
    71
    29
    46
    31
    57
   184
    45
    18
    70
    48
   193
   187
   334
    74
    21
     7
    10
     0
     0
     0
     0
    38
   126
   197
    84
    57
    25
    54
    86
   161
    48
    57
    53
    26
    33
   267
   137
    42
    85
     0
     2
     0
     0
     3
    14
    89
   178
   238
    86
    20
    78
    38
    48
    62
    21
    49
    91
    54
   120
    69
   140
   196
   185
     0
     0
     0
     2
     0
     1
    41
   105
   188
    85
    30
    49
    56
    66
    54
    25
    37
    72
    40
    28
   113
    85
    37
    68
     0
     0
     0
     5
     0
     1
    69
   100
   128
    93
    41
    83
    32
    47
    46
    28
    33
    50
    38
    35
    57
    79
    32
    50
    10
     0
     0
     6
     0
     0
    93
   298
   318
   341
    59
   186
   169
    84
    55
    42
    54
    39
    33
    39
   184
   129
   183
    90
     0
     6
     0
     0
     1
     0
   151
    74
   188
   238
    22
    22
    46
    74
    32
   124
    61
    91
    73
    44
   127
    75
    52
    77
     4
     0
     0
     0
     6
     4
    51
   121
   292
   151
    49
    89
    43
    51
    47
    52
    55
   185
    69
    41
    91
    62
    96
    38
     0
     0
     1
     0
    24
    12
    32
   154
   295
    45
    59
    67
    20
    35
    66
    56
    49
    70
   120
   202
    79
   235
    62
    53
     7
     0
     2
    11
     0
     0
    45
   167
   310
   228
    89
    20
    53
    98
    44
   178
    59
    27
    65
    47
    90
   120
     6
    59
     0
     8
     8
     0
    11
     4
    28
   147
   221
   154
    13
    43
   214
   131
    72
    62
    39
    85
    64
    21
    52
    51
   178
    24
     0
     0
     0
     4
     6
     2
   102
    83
   234
    85
    41
    55
    69
    44
    60
    38
    73
    30
   108
    48
    81
   146
    45
    25
     0
     0
     1
     0
     0
     1
    54
    93
   235
   164
    42
    99
    40
   114
    35
    57
    56
   100
    33
    79
   359
    88
    89
    45
     0
     6
     0
     0
     0
     0
   108
   151
   253
    67
    72
    65
    51
    32
    73
    79
    30
    49
   111
   182
   123
    87
   192
    83
     0
     3
     0
     0
     5
     2
    33
   105
   183
   151
    45
    42
    58
    25
    28
    45
    59
    41
    35
    46
   123
    74
    50
    62
     6
     2
     2
     6
     6
     6
    36
   307
   176
   144
    87
    65
    56
    14
    69
   168
    29
   102
    52
    49
    97
    57
   110
    49
     5
     1
     0
     1
     4
    10
    52
   250
   206
   303
   221
    57
   130
    48
    39
   132
    37
    29
   196
   131
   194
    80
    55
    31
     0
     4
     0
     0
     0
     8
     0
    54
    82
   226
   233
    82
    69
    50
    92
    54
   105
    47
   111
   162
    90
    55
    36
    43
    31
     0
     1
     8
     0
     0
     4
    29
   153
   348
    73
    34
    29
    44
    63
    51
    39
    36
     7
    64
   164
    69
   117
    29
    75
    16
     0
     1
     5
     7
     0
   170
   173
   213
   272
   125
    42
    78
   217
    83
    28
    25
    53
    15
    59
   209
   137
   107
    94
    10
    13
     0
     0
     0
     4
   161
   229
   346
   180
    40
    81
    60
    38
   235
    77
    60
    82
   125
   135
    21
   136
    64
    83
     3
     0
     0
     0
     0
    11
    61
   119
    73
   319
    38
    60
    77
    38
    59
    26
    48
    78
    74
    67
    87
   117
   118
    58
     7
     4
     3
     3
     7
     5
   100
   214
   192
   134
    43
   115
    77
    48
    47
    98
    22
    29
    13
    60
   117
   272
    27
    35
     0
     0
     0
    10
     0
     5
    33
   262
   339
   121
    33
   174
    58
    23
    49
    54
   227
    49
    29
    64
   354
    64
    43
    38
     8
     9
    15
     4
     0
     8
   209
   225
   283
   159
    91
    38
    33
    95
    33
   190
    86
    53
    60
    50
   133
   174
    51
    67
     0
     7
     0
     5
     1
    13
    37
   225
   131
   203
    35
    19
    72
   229
    50
    69
    90
    86
    45
    49
   117
    45
    61
    83
     7
     1
     0
     0
     5
     0
    37
   207
   373
    99
    63
    47
   202
    71
    58
    69
    58
    59
    42
   123
   116
   110
    57
   104
     1
     0
     5
    13
     0
     0
   111
   130
   268
   215
    66
    30
    41
    86
    58
    45
   150
    53
   105
    27
   153
   138
    32
    45
     0
     3
     4
    10
     0
     1
    85
   181
   264
   154
    43
    42
   150
    40
    58
    46
    43
    40
    45
    84
    70
    33
    55
    34
     0
     2
     0
     9
     0
     0
    32
   105
   164
   131
    53
    86
    53
    46
    37
    48
    30
    59
    36
   106
   222
   153
    38
    76
     6
     6
     6
     8
     0
     3
    63
   219
   330
   389
    40
    86
    20
    42
    46
    28
    81
    54
    35
    57
   244
   105
    81
    62
     1
     0
    15
     0
     2
     0
    78
   111
   198
    61
   116
    42
    49
    38
    69
    37
    57
    59
    51
    42
    83
   207
    29
   123
     7
    16
     0
     4
     9
     0
    69
   218
   218
    77
    35
    86
   172
    24
    12
    16
   211
    29
    75
    14
   115
    59
   144
    58
     9
     2
     0
     5
    14
     7
    63
   437
   394
   209
    52
    35
    30
    46
    62
    59
    50
    68
    90
    76
   229
   351
   238
    48
     0
     0
     0
     0
     5
    10
   135
   181
   286
   137
    55
    25
    59
    60
    78
    32
    69
    38
   129
    76
   147
    44
    43
    29
     0
     0
    12
     0
     0
     6
    48
   105
   170
   277
    58
    61
    76
    38
    50
    90
    52
    49
   121
   107
   203
   124
    61
    50
     9
     6
     5
     7
    11
     0
    39
   152
   184
   110
    33
   113
   102
    52
    81
    60
    85
    57
    61
    51
   172
    60
    32
    56
     0
     4
     0
     5
     0
     2
    67
   161
   222
    51
    53
    53
    49
    46
    15
    44
    35
    59
    78
    51
   117
    92
   113
    83
     0
     0
    16
     7
     3
     6
    38
   121
   246
   193
    92
    34
    51
    45
    59
   299
    90
    74
    59
    27
    38
   155
    40
    25
     8
     0
     0
     4
     0
     9
    32
   127
   175
    78
    44
    30
    34
    27
    65
   173
    91
   112
    52
    46
   110
   259
    37
    82
     0
     3
     6
     6
     0
     0
    60
   119
   232
   140
    80
   195
    51
    62
    76
    47
   111
   102
    69
   223
    96
    78
    39
    47
     2
     1
    15
     0
     3
     1
    67
   207
   297
   187
    30
    68
    33
   134
   122
    99
   137
   108
    62
    38
   262
   155
    63
    27
     0
     2
     0
     0
     0
     0
    64
   137
   334
   173
    33
    58
    27
    26
    75
    64
    26
    59
   112
   230
   115
   128
    22
    75
    10
     3
     6
     8
     0
     7
   106
   159
   172
   114
    35
    34
    44
    39
    64
   152
    33
    35
    74
    30
    76
    61
    91
    43
     7
     0
     4
     0
     8
     7
    82
    63
   120
   146
    71
    40
    89
    61
    75
    58
    48
    93
    44
    20
   250
    93
    50
   197
     0
     4
     2
     2
     0
     0
   118
   171
   238
    77
    38
    33
    42
    25
    47
    77
    89
    87
    18
    53
   170
   196
    95
    47
     0
     5
     4
    15
     9
     0
    29
   124
   185
   164
    39
    63
    32
    70
    45
    30
    33
     9
   104
    49
   130
   282
   180
    58
     1
     5
     0
     2
     5
     4
    44
   122
   183
   210
    90
   178
    49
    61
    49
    74
    48
    48
    71
    83
    40
   130
    34
   131
     9
     0
     0
     3
     2
     0
    64
   160
   270
   327
   146
   124
    67
    45
    28
    64
   196
    45
    25
   344
   116
    94
    27
    66
     0
     0
     0
     0
     0
     0
    45
   199
   242
    79
    97
    46
   109
    25
    72
   199
    53
    55
   112
    72
   122
   103
    50
    28
     0
     2
     1
     0
     0
     3
    76
    70
   210
   102
   108
    39
    37
    40
   249
    47
   169
    45
    36
    88
    48
    13
    42
    58
     0
     0
     0
     3
     0
     1
    99
   113
   409
    85
    26
    40
    56
    65
    32
    50
   136
    99
    64
    65
   144
    71
    85
    39
     5
     3
     1
     0
     2
     8
   125
   144
   200
   311
    49
    57
    44
    26
   164
    41
   107
    49
    46
    19
    41
    92
    82
    68
     0
     0
     0
    13
     0
     0
    71
   142
   338
   256
    75
    48
   149
    41
    67
    32
    42
    63
    23
   168
   201
    78
    36
    42
     1
     0
     4
    13
     5
     0
    58
   127
   262
   176
    51
   127
    76
    57
   203
    84
   135
    95
    53
   210
   201
   137
   147
    62
     1
     0
     4
     4
     5
     7
    91
   284
   343
   135
    83
    53
    60
    67
    99
    51
    48
    79
    89
    77
   274
   128
   217
    69
     0
     0
     0
     0
     6
     9
    84
   151
   231
   110
    35
   131
   100
    15
   151
   102
   180
    66
   138
    60
   267
   104
    55
    66
     0
     0
     0
     0
     0
     0
    47
   143
    83
   127
   139
   185
    21
    28
   125
    86
    72
    42
    99
   127
    22
    74
    25
   143
     5
     0
     5
     0
     5
     0
    52
   122
   273
   165
    50
   111
    68
    42
    61
    80
   182
    49
   108
    29
   177
   141
    23
    43
     5
     0
     0
     0
     6
    12
    99
   172
   150
   128
    71
    51
    40
    46
   101
    39
    14
   113
    83
    62
    70
   120
    48
    64
     0
     1
    13
     7
     0
     4
    97
   100
   162
   115
    62
    82
    42
    63
    84
    38
    67
   225
    34
   141
    37
   222
    85
    94
     0
     8
     0
     8
     0
     0
    93
   316
   343
   252
    56
   127
    71
    40
    79
    70
    57
   106
    60
   245
   250
   108
    57
   105
    12
     5
     0
     9
     3
     8
    79
   154
   214
   228
   117
    61
   108
    76
    70
   113
    85
    65
    85
   126
   288
   194
    40
    78
     5
     3
     0
    20
     0
     6
    91
   227
   119
   215
    30
    96
   231
   117
   207
    45
   189
    42
    42
   102
    86
   205
    33
    64
     8
     0
     0
     0
    18
     1
    32
    65
   317
   297
    88
    50
    78
    41
    33
    43
    28
   123
    46
    32
   191
   153
    32
    79
     0
    16
     0
     0
     7
     7
    27
    93
   445
   128
    59
    31
    52
    42
    81
   179
    78
    56
    58
    32
   121
    49
    49
   186
     0
     4
     1
    10
     0
    16
    54
   164
   105
   205
    74
    25
    44
    54
    53
    37
    56
   253
    77
    50
   171
   320
    85
    52
     0
     0
     8
     4
    10
     0
    91
    65
   147
   229
    76
    62
    43
    40
   110
    41
    94
    11
    61
    67
   191
    68
    84
   128
    10
     7
     0
     4
     4
     3
   127
   107
   222
   127
    97
    81
    59
    85
    60
    76
   374
    75
    72
    99
   227
   134
   199
   123
    13
     6
     9
     0
     0
     1
    52
   250
   163
   246
    77
   129
    41
   109
   250
    85
    45
    87
    68
    61
    64
    37
    60
    58
     0
     7
     1
     0
     1
     2
    51
   113
   348
   108
    49
    22
    62
   294
    75
    62
    22
    44
    84
   113
    85
    76
    59
    52
     8
     0
     0
     0
     2
     1
    69
   194
   151
    46
    47
    47
    66
    41
    79
    48
    33
    83
    59
    24
   116
   161
    51
   196
     8
     2
     7
     7
     1
     3
    23
   146
    41
    99
    65
    51
    50
   142
    69
    62
    33
    37
    70
   201
   328
   217
    74
    56
     3
     6
     5
     8
     1
     2
    35
   159
   461
   114
    97
    98
   102
    29
    35
    94
   181
    22
    35
    55
    86
    59
   105
    28
     0
     0
     0
    11
     2
     0
    97
   133
   203
   149
    46
    96
    61
    29
   113
    58
    44
   186
    46
   115
    33
   188
   108
    82
     0
     0
    11
     0
     0
     2
   191
   252
   197
   342
    68
   243
    71
    87
    99
    75
    63
    42
    32
    75
    83
   102
   105
    76
    14
     9
     0
     0
     2
     0
    90
   170
   351
   114
    96
    71
    80
    66
    64
    93
    70
    45
    59
   291
   157
   121
    56
   105
     0
     8
     5
     5
     0
     8
    90
   238
   102
    69
    79
    37
    18
    73
   135
    32
    45
   196
    34
    18
   112
   237
    51
     0
     0
