    24
     0
     0
     3
     0
    83
    64
   166
    71
    20
    54
    46
   100
    66
    49
   109
    81
   182
    80
    76
   165
    43
   161
     0
     3
     0
     1
     0
     0
    24
    27
   120
   129
    60
    36
    67
    35
     8
    17
    20
    59
    19
    15
    72
   117
    49
    24
     8
     0
     0
     1
     0
     0
    75
   100
   255
   349
    26
    34
    77
    32
    26
    35
    39
    93
    35
    43
   122
    75
    59
    30
     4
     0
     2
     0
     2
     3
    28
   138
   215
    91
    35
    21
   109
    25
    46
    35
    24
    39
    19
    21
   111
    62
    52
    64
     9
     0
     9
     0
     3
     0
    43
    19
   103
   276
    33
    34
    31
    55
    62
    17
    17
    51
    58
    28
    17
   212
    59
    21
     2
     8
     2
     0
     0
     3
    97
    25
   282
    82
    97
    37
   178
    30
    40
    33
    37
    11
    37
    19
   167
    40
    32
    38
     9
     0
     3
     0
     0
     0
    77
   229
   126
   258
    79
    35
    48
    69
    31
    69
    27
    81
    75
   317
    74
   196
    39
    29
     0
     0
     3
     0
     1
     0
    67
   103
   260
    69
    67
    48
   114
   204
    52
    33
    29
    35
    28
    41
    38
    64
    38
    45
     0
     0
     3
     9
     6
     0
   104
    79
   278
    89
    25
    32
    23
    57
    25
    14
    50
    23
    83
    94
   113
    34
    49
    28
     0
     3
     0
     2
     2
     0
    40
    89
   343
    97
    37
    33
    59
    83
    62
    52
    22
    47
    30
    45
   153
   123
    43
    26
     0
     0
     6
     0
     7
     8
    21
    86
    99
   149
    44
    35
    38
   175
    21
    51
    51
    20
    38
    21
    47
    34
    59
    34
    12
     5
     8
     3
     0
     4
   119
    64
   106
   138
    20
    24
     5
    22
     3
    74
    25
    41
    28
    85
   104
    36
    29
    35
     4
     0
     0
     0
     0
     4
   118
   124
   128
   155
   170
    38
    51
    32
   183
    83
    59
    31
    38
    84
   151
   193
    52
    52
     0
     0
     3
     5
     2
     0
    51
   190
   212
    87
    72
    38
    28
    45
   169
    45
    30
   189
    24
    66
    78
   187
   199
    32
     8
     0
     0
     0
     0
     0
    26
   205
   198
   103
    27
    43
    50
    46
    30
    29
    10
    26
    32
    24
    28
    99
    77
    25
     4
     0
     0
     0
     0
     0
    69
   145
   219
    75
    44
    47
    13
    25
    38
    26
     6
    26
     8
    30
   145
   117
    87
    34
     0
     0
     3
     0
     0
     0
    46
   218
   178
   103
    15
    44
    32
    40
    59
    43
    41
    42
    83
   204
   186
   210
    25
    61
     0
     0
     0
     0
     3
     0
    49
    92
   120
   103
     7
    49
    24
    68
    73
   184
   109
    97
    82
    25
    72
    71
    19
    21
     0
     0
     0
     0
     0
     0
    15
   107
    39
    75
    15
    24
   155
    34
    86
    18
    11
   105
    49
    46
    57
    45
    40
    26
     0
     0
     0
     0
     0
     0
    37
   137
   250
   108
    33
    16
    92
    29
    61
    33
    37
    46
    20
     9
   105
    81
    50
     1
    16
     5
     2
     0
     0
     6
    55
    89
   188
    25
   102
    64
    57
    56
    67
    42
    14
    92
    69
    78
    84
    59
    36
   175
     0
     0
     0
     4
     0
     0
    61
   122
   255
   104
    89
    43
    35
    23
    74
    52
    51
    31
    26
   145
    27
    82
    49
    39
     0
     0
     0
     0
     2
     0
    36
   118
   174
   168
    41
    60
    39
   167
    32
    64
    36
    41
    66
    30
    85
   127
    61
    48
     8
     5
     0
     0
     0
     4
    17
    60
   226
   240
    47
    22
    26
    31
    20
    28
    29
    82
    34
    17
    39
    56
    80
    35
     0
     0
     0
     0
     0
     1
    66
    82
    75
   108
    34
    51
    27
    51
    47
    54
   183
    48
    32
    72
    45
    99
    38
    89
    10
     0
     0
     9
     0
     0
    61
    84
   192
   103
    58
    40
    68
    19
    37
    41
    80
    45
    54
    19
   167
   140
    42
    50
     0
     0
     0
     0
    18
     5
   119
    68
   172
   125
    21
    61
    67
    52
    17
    52
    43
   111
    37
    63
   164
   161
    84
    29
     0
     9
     0
     6
     0
     7
    29
    63
   124
   128
    38
    73
    33
    39
    67
    37
    43
   216
   213
    14
    39
   107
    38
    19
     6
     0
     0
     0
     0
     0
    22
    62
    66
    27
    64
    60
   152
    47
    74
   185
    77
    36
    36
    27
   131
    50
     6
    34
     0
    16
     0
     8
     0
     0
     9
   110
   149
    64
    20
    65
    12
    26
    35
    16
    25
    55
    89
    38
   260
   108
    53
    27
    10
     5
     0
     0
     5
     5
    47
    91
   192
   317
    54
    40
   224
    23
    69
    65
    62
    42
    27
    95
   302
    67
    79
    85
     0
     2
     9
     0
     0
     0
    75
    11
   141
   123
   160
    39
    44
   172
    34
    54
    45
   185
    64
    57
   301
    24
    70
    52
     2
     6
     2
     0
     0
     2
    40
    73
   204
   185
    50
    21
    57
    68
    15
    34
    93
    17
    46
    57
    74
   161
    53
    20
    10
     0
     0
     8
     0
     0
    31
   176
    86
   163
    57
    52
    48
    18
    58
   187
    59
    63
    56
    57
   290
    56
    47
    53
     0
     7
     0
    12
     0
     0
    46
   217
   107
   156
    70
    24
   113
   142
    98
    81
    78
    48
    62
    51
    89
    71
    54
    74
     0
     0
     3
     1
     0
     0
    60
   165
   130
   213
    30
    45
    37
    20
    29
    13
    42
    60
    20
    69
    79
    40
    45
   131
     0
     0
     0
     0
    11
     0
    32
    88
   233
   100
    24
     9
    37
    30
    31
    26
    29
    31
    29
    31
    40
    93
    89
    76
     1
     0
     6
     0
     0
     4
    80
   153
    49
   123
    46
    40
    31
    33
    23
    40
    44
    48
    20
    17
   350
   108
    16
   151
     0
     0
     8
     1
    13
     0
    26
   114
   179
    32
     9
    10
    46
    38
    36
    20
    34
    41
    18
    64
   264
    67
    62
    24
     7
     1
     0
     0
     0
     0
    76
   118
   264
   109
    59
    17
    78
    25
    44
    75
    18
    50
    19
    22
   110
    72
    35
    19
     3
     0
     3
     0
     9
     7
    21
   104
   287
    29
    27
    36
    33
    45
    30
    73
    64
    82
    43
   250
   150
    46
    20
    49
     4
     0
     7
     0
    12
     0
   117
   176
   321
   164
    66
    61
    83
    19
    46
    43
    52
    48
    85
    36
   177
   168
    23
    25
     1
     0
     4
     0
     7
    12
    48
    87
   271
   154
    30
    47
    37
    43
    49
    31
    41
   178
    47
    46
    81
    78
    37
    54
     7
     5
    13
     3
     5
     0
    42
   196
    86
    77
    43
    53
     8
    54
    31
    48
    37
    21
    22
    67
    49
   138
    72
    50
     0
     6
     0
     0
     0
     4
    55
    24
   188
   123
    20
    41
    18
   123
     6
    32
    26
    37
    24
    39
    16
    52
    47
    32
     0
     1
     0
     6
     1
     4
    84
   102
   209
   128
    31
    33
    20
    48
    24
    14
    44
    65
   106
    28
    27
    75
    17
    32
     0
     0
     4
     0
     7
     0
    35
   150
   305
   165
    34
    41
    24
    28
    43
   119
    43
   157
    65
   174
   312
    40
    65
    72
     0
     6
     0
     6
     6
     1
    94
   105
   113
   152
    42
    13
    33
    44
    88
    56
    55
    19
    96
    45
   125
   222
    44
     8
     0
     5
     0
     4
     0
     0
    65
   261
   337
   159
    95
    43
    58
    64
    29
    29
    75
    34
    19
    35
    30
   120
    38
    53
     0
    10
     9
     0
     0
     1
    33
    91
    98
    64
    26
    58
    32
    15
    30
    22
   335
    18
   204
    34
    26
    63
    40
    42
     0
     0
     0
     0
     8
     5
   115
   103
    20
    31
    65
    17
    54
    32
    41
    21
    38
    14
    63
    26
    18
    47
    86
    65
     0
     0
     4
     0
     0
     1
    62
   108
   147
   155
   105
    42
    48
    28
    38
    31
    73
    35
    32
    19
    76
   184
    26
    45
     0
     0
     0
     1
     0
     6
    26
   138
   248
   130
    26
    17
    75
    54
    27
    10
    23
    75
    31
    67
   132
    25
    52
    47
     2
     0
     7
     0
     0
     0
   111
   135
   206
    98
   226
    30
    58
    45
    40
    56
   170
    20
   114
     8
    19
    55
    16
    24
     8
     0
     2
     0
     2
    16
    79
   115
   158
   217
    41
    59
    44
    43
    38
    82
    61
    40
   150
    46
    78
    92
    17
    28
     0
     0
     0
     0
     4
    10
    49
   233
    89
   110
    58
    49
   101
    21
    50
    72
    58
    52
    89
   112
    67
   112
   176
    82
    10
     2
    12
     0
     0
     0
    71
   125
   327
   107
    17
    44
    20
    23
    20
    44
   192
    26
    61
    21
    85
   265
    64
    23
    13
     0
     3
     0
     0
     0
    48
   126
   209
   243
    27
    46
    38
    75
    47
   202
    20
    33
    45
    73
   146
   131
    23
   101
     0
     0
     0
     0
     6
     0
    30
   142
   128
   124
    42
   234
    56
    25
    27
    42
    42
    16
    14
   212
    77
    34
    37
    33
     0
     1
     0
     9
     0
     0
    82
   139
   119
    85
    15
    32
    54
    78
    79
    42
    25
    30
    27
    24
    30
   146
    98
    17
     3
     0
     8
    19
     9
     0
    55
   164
   108
   115
    43
    45
    34
    36
    22
    45
    30
   170
    46
    81
    95
   107
    36
    21
     0
     0
     1
     0
     1
    11
    48
   153
   314
   200
    32
    18
    31
    33
    52
   229
    23
    58
    38
   165
    72
   137
    43
    40
     6
     1
     5
     0
     0
     0
    21
   119
   170
    23
    59
    37
    68
    41
    23
    37
    30
    46
   118
    22
   129
    41
    42
    43
     0
     5
     0
     0
     6
     0
    31
    68
    95
    60
    82
    13
    63
   211
    71
    48
    30
    42
    32
    32
   324
   105
    46
    56
     0
     0
     0
     0
     0
     4
    41
   104
   147
   152
    94
    42
    36
    58
    28
    24
    72
    43
    30
    67
   392
   124
    55
    28
     0
     0
     6
     3
     0
     4
    56
    19
   248
    85
    48
    16
   219
    84
    39
    38
    30
    34
    29
    70
   199
    17
    67
    64
     0
     0
     0
     5
     6
     0
    15
   104
   121
    50
    36
    60
    53
    81
    63
    35
    47
    49
    26
    55
   164
    52
    23
    27
     5
     7
     0
     0
     3
     2
    30
    49
   205
    63
    55
    37
    53
    23
    34
    46
    24
    17
    20
    58
    98
   189
    38
   113
     0
     0
     0
     0
     8
     0
   102
   170
   199
   200
   128
   182
    94
    49
    77
    32
   180
    44
    33
    51
   147
   122
   107
    47
     6
     0
     6
     1
     1
     8
    66
   114
   145
    72
    49
    49
   203
    66
    36
   169
    62
    31
   145
    60
    30
   284
    92
    49
     0
     0
     0
     0
     0
     0
    28
    79
    93
   140
    43
    39
   160
    35
    27
    13
    99
    56
    34
    34
    24
   143
    33
    58
     7
     0
     0
     6
     0
     0
    15
   111
   139
   278
    29
    42
    44
    94
    85
    44
    26
    35
    66
    61
   117
    55
    15
    29
     1
     1
     6
     0
     1
     0
    63
   101
   116
   116
   161
    50
    38
    45
    63
    36
    50
    55
    92
    26
   100
    99
    70
   105
     0
     0
     0
     6
     0
     0
    73
    79
   144
    85
    57
    49
    32
    24
    43
    61
   104
    41
    49
    93
    91
    95
    38
    22
    10
     6
     0
     0
    11
     3
    23
   269
   164
     4
   170
    96
    32
    59
    13
    13
    23
    17
    44
    86
   284
    56
    44
    72
    20
     0
     0
     0
     7
     0
    88
   203
   239
    69
    27
    28
    34
    39
    38
    36
    84
    61
    54
   110
   221
    73
    19
    69
     0
     4
     0
    15
    10
     4
    35
   157
   256
    30
    43
    45
    33
    37
    43
    31
    27
    21
    45
   117
   266
    82
    99
    34
     9
     0
     9
     6
     0
     0
    88
   151
   160
    24
    16
    18
   187
    53
    74
    66
    36
    19
    40
    18
    54
    31
    18
    25
     0
     3
     0
     4
     0
     0
    78
    63
    61
   138
    32
    68
    36
    11
    31
    59
    14
    39
    63
   166
   116
   117
    29
     5
     0
     0
     6
     8
     1
     0
    57
   108
   205
   209
    37
    47
    30
    37
    26
    14
   216
    18
   102
    39
   249
   115
    37
    67
     0
     0
     6
     0
     3
     2
    19
    75
   220
   191
    54
    30
    24
    29
    26
    79
    65
    31
     4
    53
   104
    65
    28
    64
     7
     7
     6
     8
     3
     0
    12
    73
   119
   120
    84
    57
    72
   215
    39
    79
    18
    67
    28
    85
    56
    28
    34
    52
     6
     0
     0
     0
     0
     3
    87
   274
   170
   169
    46
    93
    46
    52
    41
    37
   186
    13
    38
    33
   186
   194
    41
    40
     0
     0
     0
     8
     0
     7
    86
   168
    75
    62
    74
    68
    28
    45
    17
    20
    59
    37
    35
   206
    32
   206
    47
    65
     9
     0
     0
     0
     0
     0
    14
   121
    86
    21
    55
    58
    76
    19
    52
    20
    24
    75
    70
   120
    30
    61
    63
    23
     0
     4
     0
     2
     6
     0
    52
    77
   258
    36
    36
   189
    78
    83
    44
    29
    62
    18
    25
    63
    39
    60
    23
    50
     0
     6
     0
     8
     0
     0
    85
   112
   119
   145
   135
    10
    16
    16
    40
    63
    16
    35
    41
    13
   112
   131
    35
   113
    15
     3
     0
     3
     0
     0
    54
   116
   245
    63
    32
   160
    80
    58
    41
    33
    59
    58
    74
    33
    19
    74
    33
    31
     0
     0
     0
     6
    13
     6
    50
    62
   244
   125
   107
    11
    41
    42
    46
    20
    17
    45
    58
    34
    79
    90
    55
    16
     0
     5
     0
     1
     0
     0
    36
    34
   231
    95
    38
    63
    54
    80
    39
    82
    73
    71
    79
    78
   100
    96
    60
    89
     0
     0
     0
     0
     0
    78
   201
   268
    58
    39
    20
    46
    95
    59
    61
    54
    33
    53
   100
    29
    39
    40
    41
     0
    10
     0
     0
     0
     0
    37
    66
    91
    32
    28
    43
    61
   179
    81
    86
    18
    52
    65
    15
   177
    52
    58
    41
     0
     1
     0
     2
     0
     9
    24
    85
   212
    78
    24
    23
    72
    38
    16
    24
    33
    18
    48
   199
    66
    84
    35
    28
     0
     0
     0
     0
     0
     6
    21
    34
   189
   112
    31
    32
    42
    61
    26
    68
    10
    23
    85
    20
    25
   132
    57
    25
     0
     0
     0
     0
     0
     0
    28
    70
   190
   129
    53
    31
    28
    20
    89
    16
    66
    48
    56
    28
    66
    39
   103
    37
     0
     6
     0
     9
     0
     1
    29
    81
   232
    75
    33
    18
    35
    19
    22
   181
    10
    23
    39
    60
    36
   150
    21
   108
     4
     0
     2
     0
     0
     6
    60
   114
   188
   151
    44
    43
    25
    83
    25
    47
    58
    51
    29
    60
   232
    18
    32
    13
     0
     2
     0
     0
     0
     0
    33
   161
   157
   105
    39
    47
    34
    78
   197
    38
   196
    22
    42
    50
    36
   124
    18
    66
     5
     0
     0
     0
     2
     0
    58
    99
   203
    67
    57
    58
    52
    38
    76
    19
    77
    13
    42
    36
   100
    67
    28
    28
     0
     0
     0
     6
     7
     0
    45
    58
   166
   189
    34
    34
    61
    36
    24
    94
    12
    30
    63
   186
   145
   198
   153
    31
     0
     0
     6
     0
     0
     0
    38
    23
    80
    61
    55
    32
    45
    64
    23
    50
    24
   181
    74
    56
    67
    78
    15
    35
     0
     0
     0
     0
     0
     3
    90
   215
   288
   106
    13
    31
    85
    33
    18
    40
   153
    52
    27
    97
   172
    58
    19
    40
     0
     0
     1
     7
     0
     2
    28
    50
   178
   139
    15
    36
    29
    32
    25
    32
   158
    39
    93
   180
    55
    68
    31
    14
     0
     6
     0
    14
     0
     0
    54
   109
   198
   115
    54
    68
    70
    37
    68
    18
    61
    90
    99
    41
   138
   412
    39
    28
     0
     1
     2
     0
     2
     0
   170
    94
   113
    40
    28
   115
    87
    63
    47
    89
    46
    36
    38
    32
   161
    75
    55
    49
     0
     0
     0
     4
     0
     2
    38
   113
   274
   189
    76
    63
    42
    43
    62
    19
    31
    31
    27
    32
   122
    36
    29
   118
     2
     5
     0
     0
     0
     5
    18
    73
    13
   110
    77
    49
    25
    55
    30
    45
    32
    43
    12
    21
   102
    68
   115
    38
     0
     0
     0
     0
     0
     0
    59
    35
   182
   204
    36
    28
    12
    52
    65
    44
   101
    11
    34
    30
    37
   167
    69
    18
     7
     0
     0
     0
     1
     0
    30
    57
    90
   159
    71
    28
   105
    65
    30
    34
    39
   182
    22
   165
   291
    69
    38
    48
     0
     2
     0
     0
     4
    14
    32
   110
    89
    61
    23
    33
    70
    47
    32
    39
   166
    60
    17
    18
    28
   220
    20
    19
     0
     3
     0
     8
     3
     0
    28
   118
   147
    72
    38
    55
    88
    41
    42
    22
   190
    27
   211
   188
   120
   144
    46
    45
     0
     0
     0
     0
     1
     2
    42
   155
    98
   154
    46
    57
    26
    44
    60
    36
    51
    87
    30
    20
    18
    65
    57
    24
     0
    10
     0
     0
     0
     0
    72
   160
   238
    43
    41
    36
     0
    36
    52
    22
    46
    77
    37
    41
    17
   158
    61
    27
     5
     1
     0
     0
     0
     2
    90
   112
   114
   134
    55
    32
    22
    42
    27
    31
    35
    34
    36
    67
   256
    27
    61
    20
     2
     1
     4
     0
     0
     0
    45
    74
   188
    85
    26
    25
    19
    42
    53
    24
    43
    28
    27
    26
    19
    35
    18
    41
     0
     2
     0
     2
     0
     0
    66
    71
   165
   121
    36
    11
    68
     5
    92
   102
    29
    29
    35
    25
    64
    35
    28
    28
     0
     0
     0
     0
     7
     0
    31
   144
   172
    49
    90
    67
    34
    54
    82
    33
    34
    53
    69
    43
    13
   111
    37
    65
     0
     0
     1
     0
     0
     0
    37
   104
   171
   156
    83
    34
    24
    12
    37
   115
    29
    36
    57
   169
   153
    92
    35
    91
     8
     8
     0
     0
     3
     0
    30
   138
   197
   113
    59
    35
    57
    49
    38
    37
    47
    92
   124
   198
    31
    80
    33
    20
     4
     0
     0
     5
     3
     1
    19
    28
   206
   115
    53
     8
    12
    17
    26
    17
    35
    25
    29
    35
   127
   193
    30
   103
     1
     0
     6
     2
     0
     4
    35
    90
    80
   115
    34
    11
    78
    59
     7
   102
    16
    36
    26
    52
   191
   244
    68
    38
     4
     0
     6
    13
     5
     5
    51
    42
   162
   116
    38
    48
    71
    62
    50
    22
    38
    15
   189
    64
    72
   154
   163
    26
     0
     0
     0
     5
     7
    10
     8
   186
    75
   129
    93
    18
    72
    44
    26
    10
    49
    34
   125
    18
    49
    55
    25
    37
     0
     0
     0
     6
     0
    11
    46
   155
   199
    25
    69
    19
    39
    50
    53
    66
    39
    66
    19
    21
   231
    60
    14
    34
     0
     0
     6
     0
     0
     0
    32
   132
   160
    11
    66
    35
    83
    75
    40
    46
    37
   174
    40
    64
    71
    68
    22
    44
     0
     0
     0
     0
     2
     0
   167
   141
    48
    75
    18
    14
    75
    17
    55
    23
    37
    69
    37
    66
    25
    44
    34
    61
     0
     0
     0
     0
     0
     8
    56
    33
   102
    32
    61
    11
    53
    81
    33
    54
    36
    53
    21
   167
   134
    20
   101
    27
     0
     1
     0
     0
     1
     0
    88
    23
   136
    17
    33
     8
    49
    55
    44
    84
    43
   207
    40
    26
    62
    61
    27
    95
     6
     0
     8
     3
     1
     5
    14
   154
   149
   281
    37
    76
    45
    28
    20
    24
   182
    27
    16
    41
    76
   187
    18
    17
     5
     0
     0
     1
     5
     0
    32
    67
   151
    13
    36
    28
    60
    48
    89
    17
    28
   164
    45
    26
    16
   168
    45
    27
     0
     5
     6
     1
     4
     0
    59
   176
   156
    22
    87
    44
    32
    18
    25
    16
    37
     9
    55
    24
   262
    21
    38
    32
     4
     3
     8
     0
     3
     0
    52
   183
   133
    90
    29
    64
    84
    86
    39
   216
    37
    74
   173
    54
   182
   166
    47
    34
     0
     9
     0
     5
     0
     0
    75
   242
   128
    63
    49
    25
    29
    44
    78
    28
    12
    15
    18
    44
   221
   226
    29
    43
     5
     0
     6
     8
     0
     5
    28
   102
   166
   103
    21
    30
    49
    42
    27
    15
    32
    57
    18
    44
    20
    74
    21
    40
     0
     0
     0
     0
     0
    12
    46
    29
    61
    64
    12
     7
    71
    75
    56
    45
    38
    23
    38
   102
    25
   111
    36
    22
     0
     3
     6
     6
     0
     2
    68
    92
   168
    62
    37
    22
    47
    45
   182
    55
    34
    32
    13
   207
    60
    11
    41
    40
     0
     0
     0
     1
     0
     0
    29
    40
   181
    69
    71
    23
    23
    32
    22
    18
    59
    19
    42
    72
    26
   144
    29
    46
     9
     0
     1
     0
     3
     0
    33
   142
   151
   195
    67
    34
    56
    69
     7
    33
    40
    30
    67
   147
    16
   256
    33
     8
     0
     0
     0
     0
     0
     0
    72
    64
   186
    75
    25
    64
    20
    21
    45
    74
    60
    71
    34
    15
    82
   160
    42
    32
     1
     6
     0
     0
     0
     0
    55
    14
   231
    87
    77
    42
    46
    56
    23
    26
    45
    29
    30
   229
   319
   127
    38
    39
     6
     0
     0
     0
    13
     0
    25
    58
   293
   109
    42
    33
    31
    18
    18
    16
    42
    81
    33
    28
    71
    45
    50
    42
     8
     0
     5
     0
     5
     9
    39
   186
   233
    75
    13
    38
    10
    21
    69
    20
    19
   115
    57
    48
     4
    23
    24
   185
     0
     0
     0
     0
     3
     2
     8
    71
   104
   140
    32
    48
    39
    15
    60
    27
    30
    18
    24
   244
    53
    81
    62
    61
     2
     0
     9
     0
     0
     2
    72
   114
   148
    86
    51
    41
    47
    20
    98
    70
    66
     9
    71
    70
    16
    20
    29
    44
     2
     3
     3
     5
     0
     0
    29
    73
   184
    66
    32
    36
    37
    48
    30
    21
    23
    37
    60
    26
    28
    46
    67
    48
     0
     9
     5
     0
     6
     0
    19
    95
   127
   116
   244
    68
    16
    52
    78
    25
    20
    43
    20
    80
    23
    99
    21
    54
     0
    10
     0
     4
     0
     0
    83
   241
   264
    50
    60
    40
    32
    64
    77
    63
    41
    21
    53
    67
    89
    67
    42
    78
     7
     0
     0
     0
     4
    13
    56
    95
   251
   240
    72
    23
    25
    29
    25
    75
   108
    39
    35
    78
    42
    20
    18
    29
     0
     0
     0
    10
     0
     0
    45
    96
   107
    19
    16
    14
    71
    32
    64
    22
    44
    55
    19
    77
    63
    35
    18
    38
     0
     0
     0
    10
     0
     1
    48
    17
   216
   123
    34
    31
     7
    22
    20
    59
    23
    21
    20
    37
   126
   129
    45
   192
     0
     2
     0
     0
     0
     0
    65
   152
   269
   147
    14
    39
    45
    54
    29
    76
    12
    44
    29
    26
    34
   198
    21
    21
     6
     1
     5
     0
     0
     0
    21
    57
    41
   127
    41
    25
    50
    18
   173
    26
    45
    15
    24
    10
    43
    56
    43
    50
     6
     4
    16
    11
     0
     0
    25
    69
   147
    70
    68
   202
    15
    27
    33
    21
    47
    24
    69
    63
    56
    77
    34
   177
     1
     0
     3
     0
     0
     1
    92
   254
   275
   139
    28
    39
    31
    55
    44
    30
    74
    69
    28
    39
   116
   194
   218
    53
     0
     3
     0
     0
     0
     6
    43
    87
    25
    46
    15
    61
    12
    24
    31
    11
    18
    46
    97
    13
    32
   292
    32
    21
     0
     5
     1
     0
     3
     0
    16
    89
   103
   179
    26
    46
    34
    17
    25
    14
    39
    24
    36
    63
    27
   159
    36
    74
     0
     0
     0
     0
     0
     0
    21
    90
   302
   227
    21
   107
    64
    30
    23
    42
    19
    17
    27
    42
    32
   111
    22
    48
     0
     0
    11
     0
     0
     0
    21
    66
    64
    97
    68
    40
    14
    10
    27
    29
    73
    19
   188
    55
    82
    26
    50
    19
     0
     9
     2
     5
     0
     0
    59
    69
   240
   102
    41
    26
   167
    46
    15
    61
   105
    29
    10
    22
   113
    72
    75
    24
     0
     6
     0
     0
     0
     0
    13
   151
   143
    52
    57
    16
    63
    29
    21
    59
    79
    14
    81
   115
    40
   195
    43
    27
     7
     0
     6
     0
     0
     2
    12
    48
   288
    85
    25
     6
    63
    48
    31
    33
   149
    41
    67
    43
    26
    30
     6
    81
     4
     0
     0
     0
     0
     0
    78
    97
    63
    84
    53
    40
    49
    53
    80
    16
    16
    59
    32
    62
   271
    41
   166
    19
     0
     0
    25
     9
     0
     0
    32
    66
   187
    63
    18
    24
    18
     7
    53
   184
    35
    45
    73
    58
    23
    42
    10
    40
     5
     0
     0
     6
     0
     2
    15
   164
   170
   169
     1
    25
    16
    22
    29
    25
    20
    15
    10
    19
    65
    37
    24
    11
     1
     0
     0
     0
     0
     0
    25
    87
   152
    54
    77
   153
    44
    30
    30
    33
    13
    29
    13
    33
   100
    68
    20
    27
     0
     4
     0
     0
    12
     9
     7
    72
   134
   188
     7
    53
    24
    29
    33
    24
    23
    68
    47
    23
   148
    43
    29
    20
     0
     3
     1
     1
     0
     0
   120
    73
   164
    66
    78
    46
    39
    48
    54
   111
    46
    25
    32
    29
    36
   331
    61
    46
     6
     0
     0
     0
     3
     3
    43
    66
    34
    69
    40
    96
    36
    38
    25
    63
    48
    76
    24
    44
    37
    85
    59
    24
     0
     3
     5
     0
     0
     0
    13
    60
   169
   223
    73
     8
    20
    34
    20
    32
    52
    31
     7
    26
    27
    24
    33
    44
     0
     0
     2
     5
     0
     4
    73
   115
   180
    42
    37
   167
    39
    39
    73
   130
    29
    22
    13
    95
   104
    80
    21
    17
     0
     3
     1
     3
     0
     0
    31
   196
   198
    74
    18
    38
    33
    48
    20
    93
   144
     5
    11
    27
    64
    66
    71
    20
     0
     0
     0
     0
     8
     6
    47
    53
    97
    29
   165
    35
    68
    25
    31
    27
    29
    72
   104
    29
    93
   111
    45
    64
     0
     0
     0
     6
     0
     1
    20
   140
   251
    28
    24
    31
    20
    27
    17
    16
    24
    26
    27
    28
    66
   100
    50
    25
     0
     0
     0
     0
     0
     0
    31
    96
   276
   154
    58
    63
    79
   185
   161
    34
    34
    62
    87
   165
   153
   116
    46
    27
     0
     0
     0
     0
     2
     1
    49
    68
   217
    96
    25
    19
    69
    20
    71
    20
    29
    17
    35
    33
    77
   120
    48
   105
     4
     1
     0
     0
     0
     0
    23
   105
   120
    62
    51
    24
    16
     8
    34
    23
    13
     4
    61
     8
    98
    25
    30
    44
     0
     0
     0
     0
     9
     0
    17
    98
    93
    78
    21
    65
    37
    28
    35
    13
   159
    17
    35
    29
    61
   145
    78
    31
     0
     1
    10
     0
     4
     0
    66
    17
    68
    25
    49
    28
    16
   115
    19
    65
    48
    92
    36
    31
    77
    17
    35
    25
     0
     2
     4
     0
     6
     6
    29
    53
   227
   148
   123
    27
    33
    63
    31
    34
    27
    66
    31
    18
    38
    21
    40
    21
     0
     0
     0
     3
     4
     1
    63
    27
   179
    51
    11
    39
    49
    23
    20
    24
    55
    33
    19
    65
   129
    85
    24
    18
     4
    14
     3
     0
     6
     8
    54
   128
   186
    66
    32
    67
   101
    34
    14
    51
    67
    58
   103
    92
    37
    67
   119
    26
     4
     5
     5
     0
     1
     0
    21
   102
   174
   139
    48
    51
    84
    32
    50
    14
    21
    30
    36
    51
   173
    26
    17
    45
     6
     1
     0
     0
     0
     6
    33
    44
   105
    56
    33
    39
    98
    46
    19
    80
    80
    50
    63
    20
    43
    36
    33
    10
     0
     0
     0
     0
    11
     4
    54
   115
   181
    59
    48
    23
    36
    33
    37
    28
    37
    38
    51
    79
    45
    56
    32
    32
     9
     0
     0
     1
     0
     4
    24
    72
   143
   109
     6
    29
    15
    59
    95
    27
    34
    75
    27
    22
   208
    37
    17
    16
     0
     0
     5
     7
     7
     0
    69
    83
   107
    28
    48
    26
    19
    18
    22
    23
    24
    30
    42
   151
    59
    43
    30
    36
     6
     0
     7
     2
     1
     2
    83
   183
    76
    72
    43
    48
    34
    44
    26
    28
    35
    41
    28
   187
    54
    30
    26
    17
     3
     0
     3
     4
     0
     2
   107
    60
    86
   148
     7
    40
    36
    11
    11
    37
   168
    33
    53
    35
    55
    61
   113
    62
     4
     0
     0
     0
     0
     0
    49
   141
   278
   102
    76
    67
    76
    41
    28
    44
    18
    28
    46
    53
   176
    68
    80
    13
     0
     2
    13
     0
     1
     0
    74
    55
   106
    89
    24
    11
    43
    69
    43
    70
     9
     8
    30
    65
   220
   156
    43
    33
     4
     1
     2
    16
     0
     0
    14
    72
   271
    95
    35
    28
     9
    62
    25
     9
    34
    34
    28
    81
    13
   175
    67
    77
     0
     0
     6
     0
     0
     6
   129
   113
   104
    59
     9
    11
    33
    66
    48
    34
    35
    11
    35
    23
   170
   110
    32
    60
     0
     0
    11
     2
     0
     0
    19
   154
   151
    14
    15
    18
    60
    42
    17
    25
    41
    28
   170
    34
    54
    23
   112
    26
     0
     0
     0
     5
     2
    13
    62
    40
    62
    90
    11
    11
   117
    13
    28
    21
    74
     8
    41
    80
    30
    23
    17
    28
     0
     6
     2
     0
     0
     2
    81
    60
   101
   142
    59
    35
    24
    75
    51
    36
    39
   359
    12
    75
   228
   108
    68
    20
     0
     0
     0
     4
     9
     0
    48
   105
   129
    56
    54
    25
    14
    32
    45
    22
    89
    64
    28
   170
    19
   163
    17
    31
     2
     0
     0
     0
     0
     0
    23
   125
    99
   143
    26
    79
    28
    63
    25
    29
    61
    48
    28
    74
    97
    56
    29
    49
     0
     0
     0
     0
     0
     0
     4
    28
   115
    23
    72
    45
    29
    38
    11
   132
    52
    21
    38
    53
   156
   101
    21
    13
     0
     0
     0
     5
     0
     6
    46
   127
    99
    90
    17
    14
    10
    16
    73
    40
    24
    13
    14
   161
    69
    36
    22
    97
     0
     0
     0
     1
     2
     0
    36
   120
   377
   179
    27
     6
    34
    11
    39
    42
    29
    38
    27
    32
    58
   199
    12
    25
     0
     0
     2
     0
     3
     0
    43
   125
   112
    51
    14
    38
    39
    19
    50
    26
    49
    14
    21
    35
    19
    69
    68
    26
     0
     2
     8
     0
     9
     0
    29
   224
   114
    89
    64
   105
    45
    61
    69
    75
    58
    17
    23
   169
    49
   103
    52
    57
     0
     1
     0
     2
     0
     0
    73
    76
   103
   201
    36
    29
    72
    57
    25
    44
    20
     8
    69
    40
    56
    69
    64
    35
     4
     0
     9
     5
     8
     0
    33
    73
   250
    68
    25
    28
    59
    19
    46
   134
    43
    35
    20
    23
    50
   105
    17
    23
     2
     0
     0
     0
     5
     1
    66
   149
   101
   128
    29
    27
    55
    24
    21
    40
    43
    25
    71
    25
   141
    19
    44
    45
     0
     0
     6
     0
     0
     2
    14
    57
   183
   135
    39
    23
    68
    25
    69
    21
   154
    13
    15
    16
   193
    89
   169
    31
     0
     4
     0
     6
     5
     0
    63
    16
   128
    57
    48
    16
    21
    50
    36
    26
    61
    31
    22
    27
    41
    35
   115
    50
     6
     0
     0
     0
     0
     0
    85
    73
   167
    76
    23
   186
    56
    66
    38
   164
    37
    72
    62
    69
   111
    70
    25
    20
     0
     0
     1
     0
     0
     0
    46
   150
   218
   184
    48
   160
    89
    19
    45
    40
    27
    28
    17
    34
   246
    39
    38
    91
     6
     0
     0
     0
     0
     0
     6
    59
   153
   146
    14
    22
    41
    25
    44
    25
    31
    40
    41
    29
    25
    51
     4
    42
     0
     0
     9
     0
     0
     0
    67
    17
     5
   119
     5
    36
    12
   110
    63
    48
     5
    82
    13
    31
   155
    22
    63
    38
     4
     0
     0
     8
     0
     0
    76
   100
    89
   102
    21
    33
    84
    50
   138
    61
    66
    32
    34
    42
    60
   216
    19
    74
     0
     0
     0
     4
     0
     0
    12
    82
   225
    60
     7
    34
    31
    60
    15
    22
    21
    31
    30
     9
   111
   103
    18
    17
     3
    14
     0
     1
     0
     0
    51
    73
   342
    35
    26
    37
    86
    32
    38
     1
     7
   217
    33
   232
   105
    51
    25
     9
     0
     0
     0
     0
     0
     0
    29
   221
    26
   144
   165
    29
    33
    21
    16
    41
    38
    26
    19
    34
   194
   184
    57
    65
     0
     3
     0
     7
     0
     0
    28
   184
    92
   141
    31
    36
    63
    48
    49
    20
    57
    23
    48
    50
   110
    37
    28
    37
     0
     0
     0
     0
     8
     1
    42
   102
   353
   154
    27
    71
    23
    10
    26
    28
    66
    23
    27
    79
   149
   247
    71
    36
     9
     2
    20
     0
     0
     6
    15
    22
   152
   109
    10
    35
    17
    31
    58
    37
    22
    17
    21
    41
    64
   223
    25
    56
     7
     0
     0
     0
     0
     0
    12
    10
   197
   194
    24
    27
   145
    17
    31
    16
    19
    43
    42
    52
    81
    75
    15
    31
     0
     0
     3
     0
     4
     7
    66
    27
   142
    91
    82
    27
    42
    41
    22
    74
    23
    25
    21
   205
   116
    78
    24
    33
     0
     0
     6
     0
     0
     0
    41
    25
   121
   147
    25
    30
    57
    48
    11
    20
    15
    59
    33
    27
    42
    59
    18
    35
     0
     6
     0
     0
     0
     0
    92
    20
    88
    62
    33
   147
    22
    20
    38
    26
    12
    15
    27
    20
    40
    63
    56
    39
     0
     0
     0
     0
     0
     0
    66
   196
   138
    64
    36
    83
    90
   106
    28
    20
    84
    61
    38
    16
    86
   101
    38
    19
     1
     0
     0
     1
     0
     0
    56
    23
   197
   122
    16
    67
    29
    38
    35
    26
    56
    19
    13
    68
    58
    58
    26
    18
     4
     0
     0
     0
     0
     0
    14
    88
   194
    73
    56
    39
    12
    24
    45
    37
    96
    30
    49
    15
    12
    19
    38
    25
     0
     0
     0
     0
    10
     8
    42
    52
    75
    50
    35
    52
    12
    34
     5
    29
    28
    37
    18
    71
    51
    31
    28
    21
     0
     0
     0
     8
     0
     0
    41
   164
   103
   112
    25
    41
    68
    88
    57
    34
    30
    59
    70
    38
    92
    69
    27
    34
     0
     0
     0
     0
     0
     0
    45
   206
    32
   108
    33
    10
    27
    22
    64
    27
    38
    53
    27
    22
    24
    19
    32
    24
     0
     0
     0
     0
     0
     6
    48
    39
   151
    20
    30
    19
    38
    36
    29
   156
    23
    14
    46
    57
    52
    28
    55
    23
     2
     2
     8
     0
     3
     2
    91
    91
    87
   117
    60
    35
    25
    20
    43
    67
   234
    76
    31
    53
   156
   167
   102
    29
     5
     2
     0
     0
     2
     0
    46
    83
    92
   149
   206
    46
    51
    40
    35
    16
    80
    73
    53
    46
   196
   105
    20
    89
     0
     0
     0
     1
     2
     3
    16
    52
   215
    35
    16
    14
    57
    25
    39
    62
    29
     9
    15
    26
   202
    77
    64
    22
     1
     0
     4
     3
    10
     1
    12
    67
   151
   109
    18
    37
    33
    15
    27
    30
    22
    16
    86
    47
    29
    64
    37
    16
     0
     0
     4
     0
     0
     0
    26
    53
    76
   121
    71
    25
    33
    32
    27
    34
    13
    32
    29
    40
    56
    70
    39
    12
     0
     0
     0
     4
     6
     2
    68
    57
   129
    79
     4
    22
   154
    28
    30
    59
    52
    39
    27
    61
    25
    34
    51
    32
     0
     0
     0
     0
     0
     0
    38
    23
   103
   193
    19
    27
    50
     9
     6
   100
     4
    58
    14
    24
   125
    53
    27
    25
     0
     0
     0
     0
     0
     1
    37
    83
   271
    89
    35
    76
    28
    72
    33
    24
    29
    55
    17
    28
    80
    38
    75
    45
     0
     0
     6
     8
     0
     2
    72
   146
   100
   214
    33
    32
    34
    20
    63
    29
    35
    34
    47
    51
    18
    61
    11
    51
     0
     0
     0
     6
     3
     1
    49
    61
   143
    15
    20
    63
    68
   103
    77
    20
    22
    11
    19
    73
    70
   199
    74
    52
     0
     3
     0
     0
     5
     0
    28
    98
   114
   151
    74
   153
    26
    29
    28
    37
   186
    21
    21
    16
    71
    98
    19
    73
     0
     0
     0
     1
     0
     3
    32
    78
   156
    71
    25
    23
    23
   190
    24
     5
    39
    16
    34
    31
    42
   168
    52
    15
     0
     3
     0
     0
     0
     0
    27
    55
   173
    44
    32
    26
    14
    30
    41
    71
    31
    25
    26
   161
    95
    33
    47
    71
     4
     6
     0
     2
     0
     6
    38
    64
    93
   110
    23
    51
    13
    39
    78
    13
    27
    25
    23
    29
    28
   104
    22
    24
     0
     2
     0
     0
     8
     4
    33
    85
   258
   177
    42
    52
    27
    15
    59
    50
    35
    33
    47
   116
   286
   107
    29
    64
     3
     0
     0
     5
     0
     3
    36
   134
   172
    23
    19
    67
    18
     7
    27
    32
    20
    46
    65
    30
    82
    29
    30
    49
     0
     8
     0
     2
     0
     2
    27
    35
   272
    68
    71
    79
    25
    15
    27
    29
    38
   210
    19
    27
   116
    61
    26
    27
     7
     3
     0
     0
     0
     0
    19
   128
   120
   158
    29
    26
    20
    15
    72
    23
    41
    72
    19
   106
   267
    23
    17
    17
     3
     0
     0
     3
     0
     0
    56
    89
   155
    24
    62
    14
    35
    29
    71
    27
    17
    32
    26
    41
    71
   205
    13
    12
     6
     0
     0
     0
     2
     6
    63
    45
   136
    52
    40
    40
    19
    34
    38
    27
    26
    42
    20
    61
    78
    52
    12
    19
     1
     0
     1
     0
     0
     0
    16
    42
   116
    97
    34
    21
    79
   153
    23
    32
    56
    29
    33
   105
    59
   168
     8
    52
     0
     7
    10
     0
     0
     0
    36
    70
   103
   188
    58
   215
    20
    33
   113
   174
    34
    32
    19
    59
    25
    29
    75
    76
     0
     0
     0
     2
     0
     2
    45
    80
   129
   146
    32
    76
    94
    44
    18
    23
   100
    23
    50
    38
    71
   102
    79
    38
     0
     3
     5
     0
     0
     1
    24
    59
   231
    66
     4
    16
    50
    26
    58
    18
    21
    43
    25
    44
   216
    37
    24
    81
     0
     0
     5
     0
     0
     0
   130
   125
   129
    18
    39
    32
    81
    67
    33
    24
    49
   166
    15
    67
    10
    15
    41
    40
     0
     0
     0
     0
     0
     0
    50
   112
   108
    49
    59
    60
    34
    39
    32
    30
    55
    37
    19
   193
    29
    86
    29
    22
     3
     8
     0
     6
     0
     0
    12
     9
   102
    52
    42
   123
    25
    32
   150
    26
    66
    29
    31
     8
   278
   230
    25
    15
     9
     0
     0
     0
     0
     0
    36
   155
    71
   100
    14
    57
    15
   128
    31
    57
    63
    24
    47
    51
    36
    10
    20
    35
     4
     3
     4
     4
     0
     0
    20
    78
   160
   121
   182
    61
    62
    31
    46
    37
   124
    33
    80
    31
     4
    43
    50
    52
     0
     0
     0
     0
     0
     0
    17
    83
   237
   118
    20
    25
    60
    46
    36
    18
    35
    33
    69
    15
    60
     8
    43
    43
     0
     0
     0
     0
     0
    10
    19
    94
   239
    64
    31
    63
    88
    27
    12
    21
    41
   110
    45
   105
    62
    12
    37
    20
     0
     0
     7
     0
     0
    13
    88
    29
   108
   208
    13
    33
    38
    26
    19
    18
     7
    16
    18
    18
    78
   114
    30
    54
     5
     5
     0
     0
     0
     0
    18
   150
    27
    74
    20
    17
    22
    26
    29
    20
    16
    48
    25
    26
   149
    33
    31
    13
     0
     5
     1
     0
     2
     0
    88
    84
    85
   150
     6
    35
    34
    35
    40
    24
    13
    31
    24
    70
    71
    82
    38
    25
     3
     0
     0
     0
     0
     7
    10
   184
   161
   159
    99
    47
    54
    70
    27
    14
    48
    27
    33
   176
   114
    62
    10
    27
     0
    16
     7
     0
     0
     0
    38
    90
   120
   147
    24
    68
    46
    29
    31
    30
    83
    36
    48
   128
   114
    66
    21
    88
     0
     0
     0
     8
     4
     2
    56
   186
    19
    94
    14
    93
    25
    40
    14
    36
    35
    68
    32
    43
    94
    61
    30
    25
     7
     2
     8
     7
     0
     0
    18
    61
   138
    15
    37
   112
    72
    86
    58
    79
    89
    38
    20
   104
    17
    46
    30
    52
     0
     2
     0
     0
     0
    11
    29
    53
   116
   101
    33
    19
    21
    43
    90
    23
    45
    15
    39
    29
    15
    36
    67
    29
     0
    21
     7
     0
     0
     0
    18
    85
    63
   100
    23
    39
    23
    18
    33
    25
     0
     8
    58
    20
    60
    75
    19
    24
     0
     0
     0
     0
     0
     2
    14
    81
    81
    88
    43
    57
    52
    58
    66
    12
    34
    28
    32
    47
    84
    16
    96
    28
     9
     5
     0
     3
     3
     0
    29
    34
   140
   155
    35
    40
    60
    31
    30
    41
    22
     1
   165
    24
    58
    86
    29
    28
     0
     5
     0
     2
     1
     4
    60
   113
   349
   129
    28
    41
    29
    49
    40
    27
   173
    27
    23
    74
    71
   153
    75
    46
     6
     6
     4
     0
     5
     3
    34
   168
   134
    60
    64
    12
    42
    79
    42
    55
    18
    36
    76
    38
    36
    82
    48
    24
     0
     3
     0
     2
     0
     0
    43
    98
   108
   147
    13
    42
    67
    59
    61
    33
    18
    21
    26
    16
    59
    68
    11
    31
     1
     5
     0
     5
     0
    15
    53
    49
    82
   111
    81
    39
     9
    17
    20
    17
    92
    65
    33
    73
   104
   116
    64
    16
     0
     0
     9
     6
     0
     0
   120
    81
    94
   172
    18
    67
    18
    22
    27
    28
    58
    48
    25
    14
   156
    29
    14
    36
     7
     0
     0
     0
     0
     0
    29
    66
   104
    85
    23
    30
    20
    34
    14
    61
    47
    27
    34
   217
    31
    42
    49
    21
     7
     6
     0
     0
     0
     1
    57
   161
    87
   210
    78
    55
    67
    14
    25
    16
    92
    35
     9
    55
   242
    52
    26
    32
     0
     6
     0
     9
     0
     2
    18
   134
   335
   110
    18
    41
    15
    27
    46
   194
    50
    22
    50
    88
   144
   124
    97
    19
     0
     0
     0
     0
     5
     4
    32
   111
   148
    91
    20
    63
    59
   262
    39
    36
    42
    50
    48
    22
    42
    81
    25
    28
     0
     9
     5
     4
     0
     0
    70
   167
   144
    96
    41
    34
    18
    31
    37
    48
    23
    70
    17
    65
    46
    20
    28
    43
     0
     0
     0
     4
     9
     0
    24
   231
    57
    64
    50
    10
    67
    19
    66
    47
    38
    19
    67
    39
    12
    56
    28
     8
     0
     0
     0
     0
     4
     0
    50
   149
   176
    27
    31
     2
    11
    29
    19
    46
    21
    32
    32
    27
    96
    96
   109
    53
     0
     0
     0
     0
     0
     0
    47
   111
    96
   193
    39
    35
     4
    26
    51
     6
    44
    53
    23
   180
    19
    29
   253
    46
     0
     0
     0
     0
     0
     0
    55
    68
   163
    26
    44
    31
    58
    17
    81
    47
    36
    14
    20
    84
    72
    71
    73
    55
     0
     6
     3
     0
     0
     0
    60
    94
   185
    95
    90
   190
    53
     9
    20
    54
    16
    22
    39
    37
    62
   166
    45
    10
     5
     0
     0
     0
     2
     0
    39
    72
   188
   132
    20
    70
    47
    76
   162
    55
    36
   190
    37
    21
    47
    51
    38
    34
     0
     0
     0
     0
     0
     3
    26
   152
   183
    73
    46
    21
    39
    84
    41
    23
    18
    50
     7
    25
   159
    78
    28
    36
     0
     0
     2
     0
     0
     3
    93
    79
    70
   102
    44
    27
    57
    20
   110
    23
   265
    19
    32
   166
   195
   116
    58
    41
     0
     1
     8
     0
     2
     4
    23
    66
   158
   111
    13
    56
   172
    80
    13
    23
    45
    35
    32
    55
   107
   106
    23
    53
     0
     0
     2
     0
     1
     0
   116
   113
    58
    72
    13
    23
    28
   124
    29
    38
    22
    31
    14
    75
    60
    54
    27
    26
     2
     0
     3
     0
     9
     0
    35
    87
   326
    24
    53
    20
    40
    19
    87
    32
     9
    43
    46
    37
    39
    31
    37
    30
     0
     2
     0
     0
     1
     0
    63
   135
   255
   155
    47
    50
    47
    21
    52
    35
    47
    30
    18
   149
    32
    20
    74
    19
     3
     0
     0
     0
     5
     0
    23
   102
   105
   103
    59
    86
    23
    29
    34
    28
    17
   164
    15
    17
   101
   187
    62
    40
     0
     0
     0
     0
     4
     8
    25
    11
    74
    63
    15
    28
    65
    22
    11
    41
   215
    73
    26
    28
   167
    60
    37
    46
     7
     7
     0
     9
     0
     0
    31
   230
    79
   203
     5
    51
    54
    25
    23
    27
    13
    26
    24
    12
    26
    26
    23
    38
     0
     0
     0
     0
     0
     4
    18
   127
   248
    53
    38
    21
    23
    55
    29
   162
    23
    27
    20
    58
   196
    48
    19
    43
     0
     0
     1
     1
     0
     0
    40
   224
   179
    68
    36
    36
    43
    15
   115
    50
    42
     1
    33
    13
    73
   112
    34
    65
     9
     0
     0
     2
     0
     0
    32
    39
    57
   113
    44
    10
    22
    28
    45
    17
    36
    51
    36
    50
    73
    51
    10
    39
     0
     0
     0
     1
     0
     0
    18
   180
   156
   139
    70
   126
    60
    15
    64
    34
    43
    79
    16
    45
   249
    34
    85
    28
    15
    13
     0
     0
     1
     2
   102
   128
   200
   120
     8
   100
    46
    64
    46
    32
    36
    38
    13
    12
   244
    42
    41
    34
     0
     3
    13
     0
     0
     0
    32
    97
   258
   156
    66
    10
    38
    13
    40
    21
    13
    31
    29
    37
    69
   168
    62
    91
     0
     1
     3
     0
     0
     0
    20
    92
   260
    47
    55
    21
    37
    48
    38
    49
    31
    52
    37
    77
    68
   118
   108
    57
     0
     7
     0
     0
     0
     0
    55
   149
   334
   187
    16
    29
    45
    61
    27
    36
    71
    31
    21
    29
    60
    74
    76
    53
     7
     0
     8
     0
     5
     0
     0
    24
    47
   193
    68
    59
   203
    67
    39
    10
    32
    32
    81
    35
    54
    41
    45
    32
    31
     0
     0
     8
     0
     0
     0
    30
    49
   101
    25
    37
    30
    23
    31
     6
    24
    21
    36
    59
   120
   114
    36
    14
    56
     0
     4
     0
     0
     0
     0
    34
    93
    63
   264
    57
    36
    45
    34
    57
    70
    30
    86
    71
    39
    72
   104
    33
    39
     0
     2
     3
     5
     0
     7
    40
   193
   197
   128
   153
    83
    52
   148
    29
    56
    37
    39
    25
    80
   184
   109
    84
    71
     0
     0
     0
     8
     0
     0
    67
    51
   339
   106
    11
    25
    15
    38
    17
    60
    17
   185
    39
   185
    70
   151
    19
    41
     3
     3
     0
     0
     0
     0
    33
   171
    30
   328
    40
    19
    54
    24
   197
    50
    35
    27
    42
   182
    31
    25
    16
    30
     0
     0
     0
     0
    10
     3
    76
   131
   145
   162
    67
    32
    30
   106
    17
    42
     9
    43
    22
    35
    33
   110
    78
    39
     0
     0
     0
     0
     3
     0
    15
    97
   112
   228
    43
    54
    56
    18
    56
     6
    29
    17
    25
    75
   133
   240
    39
    26
     0
     0
     0
     2
     7
     0
    42
   100
   105
    99
    36
    33
    31
   240
    88
    29
    26
    59
    39
    74
    71
   115
    30
    23
     0
     0
     9
     9
     0
     0
    36
   127
   121
    93
    58
    67
    21
    48
    69
    32
    35
    40
    79
    26
    30
   168
    40
    43
     0
     0
     6
     1
     0
     0
    26
   145
   150
   158
    17
    79
    65
    34
    52
    26
    55
   125
    28
   177
    72
   141
    35
   135
    11
     0
     0
    10
     0
     4
    70
   143
   323
   108
    46
    79
    38
    23
   101
    73
    34
    65
    17
   165
    62
    70
    82
    26
     9
     0
     0
     1
     3
     0
    35
   102
    95
    72
    17
    10
    38
    55
    22
    74
   193
   105
    34
   218
   109
    49
    28
    27
     0
     7
     0
     9
     0
     6
    88
    67
   237
   112
    26
    36
    65
    66
    38
    32
    37
    27
    34
    28
    83
   114
    18
    13
     0
     0
     0
     1
     0
     0
    30
   192
   107
    52
    84
    21
    27
    66
    46
    47
    30
    22
   191
    58
    74
    58
    35
    16
     0
     0
     1
     2
     0
     3
    15
    90
   179
   129
    28
    32
    15
    16
    44
    35
    14
    22
    17
    34
    50
    90
    34
    75
     0
     0
     0
     4
     0
     2
    27
   126
   236
   154
    59
    47
    37
    36
    52
    46
    42
    38
    39
    26
   158
   161
    53
    26
     7
     0
     0
     7
     3
     0
    24
   159
   165
    55
    40
    24
    66
    37
    15
    31
    56
   180
    17
   110
    86
    29
    23
    56
     3
     0
     0
     6
     0
     0
    19
    92
   189
   252
    64
    41
    37
    14
    36
    29
    42
    44
    50
    11
    16
    62
    37
    28
     0
     0
     0
     0
     0
     0
    30
    64
   101
    18
    37
    37
    94
    34
    36
    16
    27
    37
    50
    49
   194
    44
    46
   168
     0
     0
     7
     0
    11
     3
    23
    51
    49
    55
    47
    55
    34
    42
    22
    21
    65
   118
   164
   230
   175
   131
    41
    13
     0
     0
     0
     0
     0
     7
    74
    77
   174
    96
    28
    19
    33
     5
    31
   120
    42
    29
    90
    41
   240
    76
    71
    23
     0
     0
     3
     0
     0
     2
    25
   158
   103
   155
    79
    94
    40
    53
    16
    94
    36
    11
    31
    47
   174
    99
    25
    29
     0
     3
     0
     0
     9
     4
    65
   142
   376
   191
    28
    40
    31
    49
    40
    34
    33
    36
    76
    38
    62
   216
    45
    59
     0
     0
     0
    11
     0
     5
    96
    96
   229
   107
    32
    15
   196
    51
    69
    51
    38
    39
    45
   122
    23
    49
    54
    55
     0
     0
     0
     0
    10
     0
    54
   104
   108
   116
    35
   158
    20
    28
    18
    36
    18
    25
    54
    20
     3
    49
    38
    38
     0
     3
     0
     0
     5
     7
    13
   159
    59
    18
    26
    40
    30
    22
    22
    37
    41
    24
    29
    66
    28
    73
    34
    16
     9
     0
     0
     0
     0
     3
    40
   154
    63
   160
    19
    66
    43
    36
    36
    29
    35
    52
    82
    45
    99
   121
    34
    34
     0
     0
     2
     0
     0
     0
    52
    70
    33
   141
    31
    45
    51
    27
    31
   189
    53
    30
    59
    41
    57
    22
    20
    13
     7
     7
     0
     0
     3
     7
    30
   192
   241
    70
    29
    65
    34
    28
    22
    49
    37
    21
    17
    43
   245
    89
    37
    28
     0
     7
     0
     3
     0
     0
    26
   101
   109
   257
    25
   222
    31
    96
    26
    58
    51
    51
    22
    41
   154
   226
    44
    29
     0
     0
     6
     2
     0
     0
    71
    75
   187
   166
    41
    21
    39
    22
   108
    46
    32
    11
    83
   151
   159
    54
    63
    46
     0
     1
     0
     0
     0
     0
    13
   230
   196
    66
    49
    32
    37
    18
   214
    49
    38
    26
    39
    28
   162
    23
    21
    26
     0
     9
     0
     0
     0
     5
    34
    69
   142
    17
    25
    28
    17
    14
    20
    34
    42
    19
    55
    64
   102
    44
    44
     9
     0
     0
     0
     3
     5
     4
    28
   194
   115
   116
    44
    13
    36
    43
    22
    57
    24
   107
    56
   211
   126
    79
    83
    29
     1
     8
     1
     0
     0
     3
    80
   194
   204
    67
    21
    38
    22
    12
    79
    31
    35
     5
   178
    24
    36
   220
    26
    50
     0
     6
     0
     1
     0
     0
    70
   171
    26
   140
    36
   199
    60
    30
    13
    85
    29
    71
   112
   158
   143
    67
    43
    20
     2
     0
     0
     7
     0
     3
    38
   191
   199
    97
    72
    62
    43
    37
    33
    19
    41
    32
    43
    20
    46
    37
    95
    26
     0
     0
     4
     0
     0
     3
    31
    92
    51
   179
    57
   227
    46
    19
    91
    51
    27
    32
    32
    34
    57
   133
    35
    52
     3
     0
     7
     4
     7
     0
    80
   198
   142
    55
   171
    17
    89
   180
    49
    40
    14
    77
    30
    30
    29
    32
    34
    49
     2
     0
     0
     0
     7
     0
    86
   149
   106
   107
   165
   173
    23
    81
    63
    61
   176
    25
    30
    47
    49
   136
    36
    30
     4
     0
     0
     0
     0
    15
    37
   150
   101
   110
    14
    29
    63
    18
   113
    31
    14
    27
   160
    62
    35
   120
    54
    41
     0
     0
     4
     0
     2
     0
    36
    38
   192
   102
    41
    20
    20
    36
    26
    54
    12
    77
    44
   116
    26
    15
    58
    61
     0
     0
     0
     0
     0
     0
    42
   125
   234
   158
    38
    37
    40
    15
    18
    46
    38
    55
    39
    83
    21
    69
    12
    18
     9
     9
    12
     0
     8
     0
    31
   177
   201
    80
    30
    42
    44
    85
    61
    21
    38
    21
    23
   178
    54
    78
    60
    48
     2
     0
     2
     0
     0
     1
    20
    97
   128
   213
    56
    38
    46
    32
    18
    46
    87
    71
    36
    30
   162
   121
    43
    31
     0
     7
     5
     3
     0
     0
    32
    77
    17
    43
    74
    23
    82
    43
    48
    18
    17
   108
    14
    68
    39
    73
    23
    21
     0
     0
     0
     2
     0
     0
    19
    53
   198
    19
    29
    31
    50
   183
    60
    24
    27
    30
    16
    47
   191
    61
    52
    58
     0
     8
     0
     0
     3
    10
    24
    81
   262
   179
    34
   164
    31
    21
    16
    37
    27
    61
   157
    72
    84
    62
    26
    43
    14
     0
     0
     0
     0
     0
    45
    58
   146
   118
    13
    27
    20
    87
    78
    41
    69
    15
    22
    20
    49
    69
    39
    37
     0
     0
     6
     0
     0
     0
    99
   196
   106
   329
    46
    28
     7
    71
    30
    43
    44
   134
    32
    21
   186
   113
    46
    23
     3
     7
     0
     1
     0
     2
    21
   102
   151
    98
    38
    28
    20
    37
    21
    39
    94
    48
    45
    40
   216
    16
    47
    12
     2
     4
     0
     0
     0
     0
    80
    99
   195
   146
    46
    71
    55
    85
    54
    43
    38
    29
    31
    23
    72
   103
   107
    47
    16
     0
     8
     0
    11
     4
   106
   102
   208
    67
    23
    52
    58
    42
    31
    43
    24
    15
    17
    15
    29
   151
    14
    66
     3
     0
     0
     2
     0
     0
    53
   107
   100
   137
    62
    25
    79
    33
    35
    39
     6
    19
    18
    87
    33
    38
    55
    40
     0
     0
     5
     0
    12
     0
    93
   110
   244
    70
    28
    41
     3
    15
    29
    23
    48
    21
   162
   175
    56
    96
    32
    50
     0
     0
     0
     0
     0
     1
    36
    48
   119
    24
    26
    25
    31
    22
    22
    83
    61
    33
     7
    50
   158
    28
    19
    24
     0
     0
     0
     1
    10
     0
    56
   133
   121
   119
    55
    27
    28
    69
    76
    45
    39
    32
    24
    42
    68
    91
    43
    47
     0
     8
     0
     4
     0
     4
    18
   173
   204
     8
    50
    25
    26
    38
    29
    36
    49
    27
    38
    70
   109
    39
    35
    45
     9
     4
     0
     0
     0
    16
    80
   140
   215
    98
    35
    74
    53
    36
    12
    36
    61
    93
    16
    48
   335
    33
    11
    34
     0
     0
     0
     5
     0
     9
    40
    82
   115
    22
    67
    10
    37
    30
    29
   163
    22
    40
    13
    25
    21
   135
    32
     0
     0
