    19
     2
     0
     0
     0
    10
   133
    65
    10
    70
    36
    23
   168
    52
    14
    21
    21
    12
    72
    26
    27
    26
    22
     0
     3
     2
     0
    14
     0
    28
    81
   311
   143
    23
    33
    35
    17
    13
    25
    23
    13
    17
     9
    18
    27
    49
    32
     0
     6
     0
     2
     3
     6
    34
    73
   123
    54
     9
    12
    26
    28
    22
    11
    21
    12
    30
    15
    95
    16
    18
    28
     0
     9
     0
     4
     4
     0
    48
    34
    15
     7
     3
    34
    18
    16
     3
    32
    28
    35
    14
    20
    60
    17
     6
    33
     0
     0
     0
     0
     0
     0
    62
    15
   118
   102
    62
   150
     3
    19
    35
    15
     8
     3
    35
    49
    33
    31
    71
    49
     1
     0
     1
     4
    14
     1
    51
    40
   190
   109
    13
    18
    40
    37
    34
     7
    11
    11
     9
     5
     8
    56
    37
    19
     0
     5
     7
     0
     0
     0
    39
    90
   135
    69
    15
    27
   180
    32
    22
    48
    16
    13
   107
    37
    23
    76
    30
    11
     0
     9
     0
     0
     0
     0
    25
    59
   100
   139
    41
    22
    15
     3
    12
     7
   121
    40
    23
    71
    60
    61
    68
    22
     0
     0
     0
     0
     0
     0
    39
   103
   121
    79
    23
    27
    54
    22
     8
    23
    71
    44
    20
   155
    34
    68
    25
    13
     0
     0
     0
     4
     1
     4
    49
    67
   278
    59
    35
     2
    21
    19
    45
    16
    25
    43
    43
    43
    47
    61
    15
    28
     2
     0
     0
     0
     0
     0
     9
    99
    61
    41
    27
    45
    18
    29
    11
    16
    31
    16
    28
    30
   132
    29
    15
    55
     3
     0
     0
     1
     0
     5
    67
    56
    87
    92
    32
    58
    21
    13
    20
    40
    50
    27
    39
    26
    26
    70
    48
    66
     0
     0
     0
     0
     0
     0
    43
    22
   150
    62
   120
    24
    39
    28
    40
    30
    49
    40
    31
    24
   107
    95
    31
    57
     8
     0
     0
     9
     0
     0
    52
    24
    59
    80
    32
    11
    56
    29
    28
    44
    66
    68
    19
     4
    67
   168
    44
    35
     2
     0
     0
     7
     0
    13
    28
    57
   135
    61
    34
    21
    48
    15
    47
    69
    26
    24
    57
    28
   117
    16
    27
    30
     3
     0
     0
     3
     1
     0
    63
    99
   136
   141
    26
    70
    27
    16
    29
    12
    28
    36
    69
    35
    61
    53
    35
    32
     0
    11
     0
     8
     0
     0
    21
    30
   210
    77
     6
    21
    85
    77
   161
    10
     8
    66
    18
    28
    22
    75
    32
     7
     2
     5
     0
     6
     1
     0
    38
    84
   106
    38
    53
    34
     4
    16
    10
    64
    15
    59
     4
    40
    21
    66
    12
    29
    10
     0
     0
     0
     0
     0
    47
   129
   151
   159
    30
    20
    63
    12
    55
    30
    35
    35
    37
   111
    16
    12
    71
    66
     0
    17
     0
     0
     0
     0
    51
   109
   100
   115
    19
    58
    40
    12
    37
    24
    25
    22
    11
    17
    66
    12
    24
    39
     4
    10
     0
     0
     0
     0
    18
   121
   116
   284
    57
    14
    60
    45
   172
    20
    34
    54
    36
    22
    49
   105
    31
    21
     0
     0
     0
     1
     0
     4
    82
    67
    62
    69
     6
    15
    23
    24
    67
    25
    41
    19
    15
    67
    16
    75
    14
    14
     0
     0
     0
     0
     0
     0
    30
    92
   277
    91
    40
    32
     7
    61
    36
     6
    14
    13
   168
    36
    62
   103
    31
    17
     0
     1
     3
     0
     0
     7
    30
   106
    54
    92
    66
   161
    98
    40
    16
    63
    28
    13
    17
    27
    19
    65
    28
    39
     9
     0
     0
     1
     0
     0
     9
    27
   133
   103
    38
    34
    58
    16
    57
    42
    39
    23
   152
    22
   153
    70
    58
    12
     0
     0
    11
     5
     0
     0
     9
     3
   110
    53
    12
    37
    16
    26
    25
    10
    17
    36
    59
   181
    20
    67
    16
     7
     0
     4
     0
     2
     0
     0
    83
   128
    81
   170
    30
    52
    44
    10
    15
    28
    54
    20
    27
    39
    76
    77
    19
    73
     0
     0
     0
     0
     0
     6
    32
   123
   325
    62
    22
    26
    28
    22
    36
    22
    53
    18
    72
    56
   123
   173
    30
    32
     0
     0
     0
     5
     0
     3
    18
    16
    73
    70
    14
    15
    21
    39
    17
    21
    27
    12
    37
    92
    48
    55
    31
    26
     1
     0
     0
     1
     5
     0
    32
   131
   186
    45
    13
    28
    11
     8
    16
    18
    29
    34
    66
   193
    14
    26
    62
    25
    13
     9
     3
     8
     0
     5
    15
    28
   102
    16
    32
    29
    62
     7
    16
    15
    16
    72
    41
    80
    67
   115
    33
    40
     0
     0
     0
     6
     0
     2
    24
    57
    86
   143
    32
    45
    72
     3
     8
    43
    20
    47
    33
    12
    84
    81
    15
     9
    12
     7
     0
     4
     0
     0
    21
    82
    70
    55
    31
    18
    47
     6
     8
    29
    16
    23
    15
    63
    12
   200
    39
    23
     0
    10
     0
     0
     1
     0
    28
   253
   110
   170
    17
   116
    52
    12
    36
    19
    14
    49
    30
    33
    44
     9
    36
    42
     0
     0
     1
     0
     0
     7
    88
    32
    74
    91
    18
    13
    19
    26
    67
    62
    64
    21
    40
   177
    82
    81
    24
    11
     0
     0
     0
     3
     0
     0
    65
    14
    76
   109
    27
    15
    22
    14
     6
    85
    64
    26
    32
    36
    17
    28
    16
    22
     7
     0
     0
     1
     1
    10
    25
    72
   143
    87
    20
    16
    27
    19
    15
    28
    59
    22
    20
   151
     8
   147
    29
   203
     0
     0
     0
     0
     0
     0
    18
    90
    85
    13
    24
    21
    68
    19
    19
    19
    20
    90
    19
    75
    27
    73
    23
    10
     0
     0
    10
     0
     0
     0
     3
    85
   128
    90
    16
    18
    57
    31
    19
    23
    25
    54
     8
    75
    21
    33
    10
    26
     0
     0
     3
     0
     0
     0
    20
    46
    86
    69
    26
    74
    46
    32
    26
    17
    20
    53
    34
    19
   100
   123
    40
    18
     0
     0
     0
    17
     0
     2
    65
    51
   190
   124
    20
    62
    25
    34
    20
    29
    28
    48
    35
    15
    74
   203
    69
    46
     0
     0
     2
     0
     0
     0
    69
   108
    29
    68
    29
    37
    25
    29
    16
    42
    48
    68
    21
    46
   116
    54
    30
    81
     5
     0
     2
     0
     0
     0
    56
   241
   177
    25
    57
    29
    11
    18
     9
    52
    34
    25
    32
   164
   178
   210
    22
    12
     0
     5
     0
     0
     0
     0
    63
    55
   164
    22
    14
    27
    30
    14
    74
    44
    30
    10
     6
    26
   148
   127
    19
    18
     0
     0
     0
     5
     9
     4
    13
    46
   139
    67
    26
    30
    48
    23
     2
    13
    22
    13
    30
   207
    31
    38
    20
    18
     0
     0
     5
     3
     0
     0
    24
     0
   193
   103
    24
    25
    14
    13
    34
     6
    71
    12
    14
    86
   155
    57
    22
    58
     7
     0
     0
     0
     0
     0
    15
   141
    63
    54
    19
    15
    32
    15
    33
    40
    26
   171
   169
    24
     0
    73
    68
    15
    11
     3
     4
     0
    10
     2
    13
    20
    97
   273
    46
     8
    21
    25
    32
    47
    35
    52
    17
    70
   198
   101
   163
    36
     0
     0
     3
     3
     6
     8
    33
    70
   137
    56
    35
    16
    17
    44
    45
    28
    80
    18
    16
    81
    48
    40
    36
    26
     0
     0
     0
     0
     2
     9
    10
    33
    24
   262
    10
    12
    21
    23
    31
    32
    36
    27
    45
    10
    75
    32
    40
    19
     0
     8
     9
     2
     6
     0
    93
    75
    93
    58
    55
    13
    68
   301
    19
    37
    24
    20
    70
    28
   104
    53
    39
    19
     0
     0
     7
     1
     0
     3
     9
   113
    64
    70
    62
    43
    67
    49
    11
    16
    73
    21
    17
    14
    28
    27
    13
    17
     0
     0
     0
     0
     0
     0
    48
    55
   190
   215
    35
    35
    30
    20
    74
    54
    25
    14
    17
    60
    70
    58
    41
    48
     7
     0
     2
     0
     0
     0
    41
    18
    47
    58
    23
    15
    32
    74
    19
    11
    27
    35
    18
    18
   195
    15
     5
    12
     0
     1
     0
     3
     0
     0
    70
    53
    99
    72
    44
    25
    40
   158
    20
    33
    61
    41
    39
    30
    59
    44
    12
    42
     0
     0
    10
     0
     0
     4
    26
    38
   241
   104
    11
    22
    40
    39
    64
    60
    22
    15
    36
    17
    63
    42
    29
    23
     0
     0
     0
     0
     0
     0
    50
     7
    98
   102
    45
    68
    26
    23
    15
    80
    43
    30
     8
    20
    13
    66
    14
    44
     0
     7
     0
     3
     5
     0
    45
    42
   126
   137
    55
    22
    29
    27
    29
    10
     3
    21
    53
    18
    19
    45
    35
    19
     0
     5
     1
     0
     0
     5
    15
    70
    19
    96
    21
    10
    29
    39
    20
    12
    27
    32
    61
    33
    99
   209
    77
    16
     0
     3
     8
     0
     0
     4
    12
   103
   127
    77
    37
    55
    10
    33
    20
    31
    14
    31
    15
    12
   157
    58
    37
    34
     0
     3
     0
     3
     0
     0
    65
    24
   199
    71
     9
    66
    37
    23
     8
    26
    25
   165
     8
    18
   194
    35
    30
    22
     0
     0
     0
     0
     0
     0
    22
    35
   144
    89
    21
    68
     3
    36
    17
    44
    63
    35
    71
    60
   141
    65
    21
    44
     0
     0
     0
     5
     0
     0
    94
    69
   248
   110
     9
    46
    49
    24
    36
    44
    61
    40
    34
    44
    45
    49
    23
    35
     7
     0
     0
     0
     0
     9
    12
   109
   188
   120
    64
    22
    25
    53
    19
    51
    27
    31
    29
    23
    17
    66
    17
    65
     0
     3
     2
     0
     0
     0
    19
   111
    78
    34
    23
    26
    23
    13
    18
    11
    13
    30
    17
    44
     6
    35
    16
    49
     0
     0
     7
     1
     0
     0
    65
   147
   185
    89
    21
    23
    32
    53
    13
    87
    39
    20
    52
    23
    89
    61
    30
    43
     8
     0
     0
     5
     0
     0
    61
    38
   122
    94
    87
    36
     7
    15
    30
   196
    23
    21
    15
    19
    34
   172
   184
    20
     0
     0
     0
     0
     5
     0
   107
   104
   191
   103
    12
    26
    53
    28
    23
     9
     7
    25
    34
    18
    55
    30
    77
    19
     2
     0
     6
     0
     0
     5
    36
   109
   106
   115
    52
    27
    26
    21
    21
    44
    27
    15
    87
    41
    56
    89
    36
    30
     3
     0
     0
     0
     0
     0
    84
    34
   198
   121
    24
    40
    52
    26
    47
     8
    63
    34
    16
    58
    75
   158
    45
    76
     0
     0
     5
     7
     0
     0
    23
    62
   122
    70
    40
    18
    48
    45
    41
    12
    11
   141
    26
     9
   103
    30
    39
    23
     0
     0
     0
     0
     0
     0
    60
    29
   310
   137
    85
     9
    20
    49
    39
    42
    28
    25
    54
    34
    28
    75
    19
    40
     0
     0
     0
     0
     6
     9
   104
    77
   180
    57
    82
    23
    13
   163
    18
    27
    23
    38
    57
    32
    24
    92
    93
    14
     0
     2
     7
     0
     4
     0
    53
    62
    95
    72
    29
    13
    34
    14
    10
    18
    28
    27
   102
    15
    98
    35
    55
    34
     0
     0
     0
     0
     0
     0
     8
    74
    99
   161
    20
    15
    27
    46
    30
    21
    13
   202
    26
    67
    32
    51
     9
    40
     0
     0
     0
     3
     0
     0
    66
    96
   101
    54
    17
     6
    18
    42
    23
    58
    39
    21
    11
    31
   153
   155
    18
    47
     0
     0
     0
     0
     5
     0
    10
   192
     7
    25
    79
    15
    18
    64
    27
    24
    18
    38
    90
    44
    62
   141
    27
    64
     0
     0
     0
     0
     6
     0
    67
    82
    76
    61
    48
    21
    14
    33
    28
    40
    68
    22
    31
    33
    73
    30
    13
    11
     0
    10
     3
     6
     4
     0
    26
    69
   115
   140
    51
    22
    40
    30
    10
    33
    12
    62
    22
   300
   193
    46
    25
    12
     0
     0
     0
     0
     0
     0
     8
     7
   103
   144
    20
    29
    17
    15
   202
    26
    29
    42
    92
    27
    76
    30
    18
    24
     4
     0
     0
     0
     5
     0
    40
    72
   107
    61
    23
    22
    38
    22
    49
    27
    24
    30
   177
    19
     8
   104
    12
    22
     0
     0
     0
     1
     0
     0
    28
    92
   183
    46
    29
    15
    17
    45
    48
     4
    12
    18
    27
    43
    29
    63
    76
    43
     0
     0
     0
     0
     0
     0
    83
    25
    92
    75
    15
    51
    65
    37
    61
   196
    40
    95
    38
    41
    37
    22
    12
    26
     0
     1
     3
     1
     0
     1
    51
    89
   155
   175
   182
    14
    36
    33
    34
    20
    33
    53
    24
    24
   108
    78
    78
    79
     4
     3
     4
     0
     0
     6
    71
   131
   125
    91
    13
    22
    25
    36
    20
    27
   208
    20
    46
    10
   170
    21
    27
    42
     0
     2
     0
     0
     0
     3
    15
    70
   144
    69
    31
    26
    29
    21
    26
    30
    20
    25
    40
    29
   270
     9
    18
    34
     5
     0
     0
     0
     0
     0
    31
   143
   211
    53
    59
    16
    17
   211
    55
    17
     9
    23
    13
    99
    44
    31
    14
    39
     0
     0
     4
     1
     0
     0
    77
   175
    58
    99
    27
    15
    24
    38
    28
    14
    31
    39
    18
    32
    18
   102
    40
    24
     0
     0
     0
     2
     0
     9
    15
    96
    97
    66
    27
    33
    15
   145
    38
    56
    60
    41
     1
    18
    59
    20
    23
     7
     0
     0
     0
     0
     0
     8
    20
   164
   164
    29
    33
    20
    17
     9
    38
    33
    25
    31
    24
    10
    13
    35
     5
    17
     0
     1
     1
     4
     8
    65
    68
   135
    60
    36
    66
    52
    43
    42
    31
    45
   184
    57
    25
   143
    71
    34
    31
     3
     0
     0
     0
     2
     0
    32
    84
   156
    62
     9
    31
    63
    15
    91
    10
    13
    23
    38
    19
     8
    58
    27
    29
     0
     0
     3
     0
     0
     0
    24
   103
    61
    63
    23
     7
    25
    15
    32
    15
    44
    12
   168
     0
   115
    29
    18
    16
     0
     0
     0
     0
     0
     0
    19
   140
   175
   111
    26
    18
    47
    50
    38
    13
     0
    29
    19
    75
   203
    19
    60
    13
     7
     0
     0
     0
     5
     2
    20
    81
   121
    94
     5
    19
     9
    55
    27
    34
    12
    17
    56
    67
    27
    58
    13
    13
     0
     0
     0
     0
     5
     0
    12
   172
   102
    92
    33
   158
    28
   152
    13
    25
     9
    74
    24
    31
   298
    64
    56
    20
     0
     0
     0
     0
     0
     0
   104
   141
    36
   145
    35
    14
    25
    46
    12
    37
    61
    14
    31
    54
    41
    24
    45
    54
     0
     6
     0
     0
     0
     0
    37
   201
   176
   135
    37
    27
    73
    11
    40
    28
    45
    27
    35
   199
    68
   101
     2
    12
     1
     0
     0
     0
     5
     5
    11
    56
   101
    54
    57
    22
    64
    40
    18
    32
    22
     9
    66
    15
    80
   138
    20
    21
     0
     0
     3
     6
     0
     0
    15
   107
   141
    16
    25
    76
    29
    11
   169
    19
    14
    15
    26
    20
   168
    27
    18
    34
     4
     0
     0
     0
     0
     5
    27
    13
   154
    25
    26
     2
    20
    60
    19
    14
    20
     8
    76
     9
    99
   117
    59
    29
     9
     0
     0
     0
     0
     0
     2
    36
    63
    64
    74
    12
    71
    18
    23
    13
    15
    23
    52
    26
    44
   107
    30
    48
     0
     0
     0
     0
     0
     0
    20
    29
    45
    99
    11
    14
    15
    11
    36
    52
   160
    85
    70
    74
    59
    64
    18
    25
     1
     7
     7
     2
     0
     0
    14
    24
   123
    33
    31
    13
    31
    30
    88
     5
     7
    35
    23
    28
    38
    99
     7
    25
     0
     7
     0
     0
     6
     0
    56
    26
   142
   107
    73
    45
    20
    23
    13
    40
    19
    17
    33
    28
    79
    81
    18
    67
     0
     0
     0
     2
     6
     0
    17
    56
   185
    39
    20
    15
     9
   144
    26
    28
    77
    17
    26
    25
    32
    69
    23
    19
     0
     0
     0
     0
     6
     1
    22
   127
    65
   190
    20
    91
    29
    26
    24
    24
    22
    79
    13
    30
    39
    33
    34
    22
     0
     0
     0
     0
     0
     0
    33
   133
   160
   150
    23
    34
    28
    91
    31
    97
    11
    34
    26
    27
    51
     8
    22
    57
     0
     2
     1
     6
     0
     0
    28
   129
   175
    66
    56
    22
    23
    25
   160
    24
    49
    16
    23
    25
    15
    99
    23
    44
     0
     0
     0
     0
     5
     0
    85
     5
    94
   108
    20
    31
     3
    65
    51
    22
    82
    47
     9
    45
     3
    70
    52
    26
     0
     4
     3
     0
     3
     4
    28
    84
    89
   146
    52
    55
    22
    23
    27
    31
    42
    13
    46
    68
    41
    21
    20
     8
     0
     0
     1
     0
     0
     0
    42
    63
   180
    81
    25
    22
    29
    34
    30
    39
    24
    53
   163
    39
    35
    74
    35
    13
     0
     6
     0
     0
     0
     1
     4
   103
    60
    11
     8
    20
    14
    35
    32
     8
    21
    28
   154
    18
    99
    23
   150
    14
     0
     0
     0
     0
     7
     7
    75
   153
   128
    66
    17
    30
    53
     8
    30
    19
    16
    10
    77
    64
   201
    63
    17
    13
     0
     0
     3
     0
     7
     0
    45
    11
    82
    60
    28
    10
    23
    62
    19
    44
    24
    44
    23
    21
    13
   196
    10
    20
     0
     0
     1
     0
     3
     0
    23
    24
    57
    21
    36
    13
    37
    12
    14
    34
    16
    22
    12
    27
   118
    20
    19
    20
     0
     8
     0
     0
     5
     0
    13
    67
    42
    94
    20
    17
    13
    12
    21
    13
    29
    36
    37
    21
    37
    56
    23
    13
     0
     0
     0
     0
     0
     0
    52
   101
    48
    70
    29
    24
    29
    50
    21
    23
    14
    47
    21
    14
    69
    98
    40
    13
     3
     0
     0
     3
     2
     2
    31
    53
   118
    79
    24
   237
    23
    60
    81
    13
    64
    30
    29
    31
    36
   115
    47
    12
     0
     3
     3
     7
     0
     7
    26
   109
    11
   238
    30
    16
    32
    10
    31
     8
    23
    28
    15
    17
    48
   121
    16
    22
     0
     0
     0
     0
     0
     0
     9
    77
   196
   145
    13
    75
    10
    97
    28
    17
    20
     8
    27
     4
    72
    37
    15
     5
    10
     1
     0
     1
     0
     0
     7
    67
   111
   113
    38
     7
     8
    31
    26
     9
    18
    28
    14
    18
   100
    71
   148
    18
     0
     0
     0
     0
     0
     0
    10
    20
   148
    47
    19
    37
    69
    13
    61
    70
    18
     2
    25
    63
    54
   105
    55
    57
     0
     0
     9
    16
     0
     0
     9
    19
    20
   142
    14
    23
    25
    11
    31
     9
    25
    39
    33
    37
    13
   164
    16
    25
     9
     2
     8
     0
     0
     0
    74
    60
   199
   134
    25
    17
    14
    42
    32
    34
    28
    40
    17
   114
    28
    54
    34
    96
     0
     0
     0
     0
     0
     3
   101
    73
    85
   105
    38
    16
    30
    55
    31
    76
   191
    11
    67
    23
    85
    65
    27
    24
     3
     0
     0
     0
     6
     0
    21
   139
   257
    27
    11
    27
    26
    61
   161
   186
     8
    13
    27
    60
    43
   210
    20
    23
     0
     0
     0
     7
     6
     8
    31
    14
   118
    68
    36
    67
    44
    22
    16
     3
     4
    12
    79
     3
    68
    12
    30
     6
     0
     0
     2
     6
     7
     4
    36
     4
   218
   110
    70
    29
    34
     5
    11
    24
    26
    13
    18
    51
    51
    10
    20
    23
     0
     0
     0
     1
     0
     6
    29
    64
    47
    61
    15
    37
    26
    23
    46
    23
    59
    10
    16
    14
    17
    11
    29
    24
     4
     0
     0
     0
     3
     8
    30
    73
   119
   115
    54
    25
    79
    10
    27
    16
    16
    43
    16
   175
    23
    39
    30
    15
     0
     0
     0
     0
     0
     6
     5
   145
   156
    49
    37
    45
    35
    33
    19
    31
    44
    75
    32
    32
   384
    64
    34
    36
     0
     0
     0
     0
     0
     0
    38
   105
    71
    63
    34
    30
    38
    23
    47
    43
   126
    55
    14
    44
    58
   122
    23
    99
     7
     0
     0
     0
     0
     4
    27
    65
   110
   150
    58
   206
    11
    19
    73
    33
    45
    24
    28
    26
    21
    41
    22
    66
     7
     0
     3
     0
     0
     1
    23
    81
   188
    48
    26
    67
    50
    32
    59
    56
    60
     2
    21
    19
    11
    16
    49
    60
     0
     0
     0
    15
     2
     0
    24
   122
   106
   199
    25
    16
    69
    24
    16
   160
    18
    30
    19
    21
    21
    32
    11
    47
     1
     0
     5
     0
     0
     0
    20
   133
   101
    29
    49
    10
    17
    21
    20
    41
    26
    24
    34
    41
    13
    46
    21
    17
     0
     0
     0
     0
     9
     0
    36
    14
   214
   146
    21
    15
    12
    50
    25
    26
     5
    21
   163
    11
    64
    75
    15
    16
     0
     2
     5
     4
     0
     2
    24
    49
   101
   125
     5
    13
    23
    53
    14
    43
     8
    26
    31
    46
   162
    60
    17
    37
     0
     0
     9
     0
     5
     2
    18
    57
    69
   109
    55
    14
    32
    28
    34
    42
   232
    23
    30
     1
    37
   211
    18
    25
     0
     0
     2
     0
     0
     2
     9
   101
    21
   113
    20
    24
    27
     8
    35
    28
     6
    44
    12
    27
    84
    17
    26
    16
     0
     0
     0
     0
     0
     3
    54
   167
   114
    82
    24
    63
    12
    53
    14
    27
    39
    90
    12
    28
    43
    22
    10
     6
     4
     0
     6
     0
     0
     0
     0
    54
    24
     1
    18
    22
    41
     9
    17
    36
    21
    64
    24
    15
    54
    67
    39
    34
     2
     0
     0
     0
     0
     3
    57
    22
    54
   139
    18
    68
    17
    36
    22
    36
    66
    16
    68
    21
    56
    59
    53
    51
     2
     5
     0
     8
     5
     0
    25
    67
   171
    40
    64
    11
     9
    23
    14
    42
    20
    26
    26
    27
   159
    38
    43
    77
     0
     0
     0
     1
     0
     3
    18
    33
    47
    94
    31
    31
    16
    89
    14
    57
    37
    36
    22
    23
    60
    89
   109
    14
     0
     0
     0
    11
     4
     8
    33
    98
   166
    76
    46
    30
    19
    75
    26
    60
    26
    28
    30
    82
    50
    97
   127
    10
     4
     0
     0
     0
     0
     0
    23
    32
    32
    50
    20
    13
    15
    23
    69
    14
    41
    56
    14
    74
   103
    57
    34
    13
     2
     6
     0
    13
     2
     0
    31
   158
    57
   164
    25
    37
    15
    20
    10
    22
   168
    10
    10
    16
    37
     8
    14
    93
     0
     0
     0
     0
     0
     0
    27
    80
   135
   229
    14
    21
    32
     8
    23
   122
    18
    10
    44
    37
   175
    76
    32
     5
     4
     0
     0
     0
     0
     0
    19
    18
   134
    87
     7
    20
    28
    13
    82
    18
    16
    14
     9
   142
   188
    47
    25
    25
     3
     2
     3
     0
     2
     1
    28
    58
    23
    55
    15
    21
    21
     7
    17
    18
    38
     3
    16
     5
    19
   231
    31
    22
     0
     0
     0
     0
     0
     0
    40
    54
   146
    48
    29
    31
    20
    33
    32
    23
    49
    28
    22
     5
   203
    61
    40
    12
     0
     3
     0
     0
     0
     0
    37
    23
    85
    91
    11
    22
    78
    23
    28
    39
    21
    53
    21
    66
    77
    49
    24
    28
     4
     3
     0
     0
     0
     4
     3
   102
    54
    50
    15
    19
    19
    35
    12
    24
    13
    26
    31
    11
    71
     5
     6
    27
     0
     3
     0
     0
     6
     0
    25
    20
   137
   137
    17
    25
     3
    16
    26
    14
    17
    20
    40
    13
   150
    25
    25
    62
     0
     0
     0
     0
     0
     0
    26
   191
    22
   135
    10
    29
   149
    20
    19
    21
    24
    28
    12
   169
   108
    13
    42
    22
     0
     0
     0
     0
     8
     4
    69
    55
    65
    12
    17
   107
    19
     9
    19
    10
    29
    19
    63
    32
   162
    71
    19
    24
     3
     0
     0
     1
     0
     0
    27
    90
    52
    24
   121
    26
    29
    10
    42
     6
   148
    23
    39
    11
    20
    61
    28
    50
     0
     0
     0
     0
     0
     0
    44
    15
   222
    80
    23
    35
    29
    28
    27
    41
    23
    18
    16
    17
    43
    63
    21
    30
     0
     0
     6
     0
    10
    10
    54
    41
   115
    72
    58
    19
    31
    19
    28
    30
    38
    20
    29
    21
    72
   148
   115
    29
     0
     0
     0
     0
     0
     0
    16
     9
    37
    87
   146
    28
    23
    17
    12
    24
    54
    24
    25
    11
    67
    28
    26
    14
     0
     0
     0
     0
     0
     0
    95
    54
   168
     5
    27
    33
    20
    19
    12
    52
    85
    70
    48
    19
   113
    16
    20
     0
     0
     0
     0
     7
     0
     0
    31
    54
   210
   149
    15
    26
    18
    44
    52
    10
    27
    28
    40
    49
    57
    28
    20
    33
     0
     0
     6
     3
     0
     0
    26
    59
   157
    57
    20
    35
    65
    19
    26
    18
    14
    47
    25
    18
    57
   152
     9
    11
     0
     0
     0
     0
     0
     8
     5
    55
   138
    91
    18
    30
     4
    23
    19
    15
    14
    12
    22
    53
    52
    53
    16
    35
     3
     0
     8
     0
     0
     0
    36
    10
    54
   188
    71
    58
    17
    43
    29
   113
    29
     7
    37
    36
    58
    41
     4
   142
     0
     0
     0
     3
     0
     7
    21
     9
   145
   101
    40
    21
    28
    22
    80
    62
    38
   100
    42
    18
    19
    61
    42
    19
     0
     0
     0
     0
     0
    15
    59
    66
   189
    54
    13
    21
    29
    12
   180
    11
    12
    34
     7
    65
    55
   103
    24
    25
     0
     0
     0
     0
     0
     0
    21
    68
   263
   142
    49
    26
    19
     6
   149
    13
    28
    29
    75
   161
    92
   104
    35
    29
     0
     2
     2
     0
     0
     0
    16
    76
   163
    63
     5
    13
     4
    27
    12
    24
   168
    56
    36
    29
    44
    14
    21
    31
     5
     0
     0
     0
     6
     0
    29
    20
     0
    72
    16
    13
    23
    57
    21
    52
    11
    37
    22
    10
    18
   168
    15
    16
     0
     7
     0
     0
     0
     2
    58
   137
   219
   140
    64
     7
    18
    25
    34
    36
    13
    22
    71
    15
    83
    29
     6
    28
     0
     0
     0
     0
     5
     0
    32
    31
   113
    92
    18
    34
    60
    24
     7
    23
    19
    18
    69
    38
   264
   168
   100
    56
     2
     4
     0
    10
     2
     0
    63
    72
    57
   214
    18
    10
    22
    57
   124
    25
    35
    30
    64
    25
    20
   108
    50
    20
     0
     0
     0
     0
     0
     0
     4
    10
   138
    21
    11
    14
     5
    30
    54
     5
    16
    15
     8
    18
    45
    25
    41
    33
     0
     0
     0
     0
     3
     2
    31
    52
    14
   109
    13
    28
    65
    75
    20
     9
    25
    14
    65
    20
    13
    58
    58
    51
     0
     0
     0
     4
     0
     0
    27
   133
   172
    48
    27
    13
    11
    18
    23
    30
     9
    23
    16
     5
    54
    16
    34
    23
     9
     6
     0
     5
     4
     0
     8
   130
    67
   156
    35
    50
     6
    63
    28
     6
    22
    26
    29
     9
    37
    63
    71
     9
     1
     7
     0
     0
     0
     0
    31
    85
   116
   101
    30
    49
    53
    18
    16
     1
    81
    85
    67
     9
   180
    38
    28
    17
     0
     0
     0
     0
     0
     0
    18
    61
   119
   103
    63
    15
    33
    54
    45
    23
    23
    19
    20
     9
    77
    28
    15
     7
     0
     6
     0
     0
     0
     0
    39
    97
   108
   100
     6
    40
    15
    15
    42
    81
    33
    21
    17
    24
    93
    16
    24
    25
     0
     1
     1
     0
     2
     0
    80
    45
    57
    37
    13
    37
    34
    57
    20
    35
    28
    12
    22
    34
    95
    50
    16
    17
     0
     0
     0
     0
     0
     0
    35
    60
    29
   158
    15
    17
    29
    16
    20
    13
   165
    10
    17
   169
    17
    85
     9
     6
     0
     0
     0
     3
     5
     0
    14
    17
    89
   154
    30
    29
    13
   168
   212
    45
    32
    42
    17
    12
   336
    57
    38
    15
     0
     8
     8
     0
     0
     0
    64
    85
   103
    67
     9
    52
    53
    53
    17
    26
    32
    27
    15
    24
   101
    32
    20
    24
     0
     0
     0
     0
     1
     0
     4
    61
   147
    13
    30
     8
    76
    29
    39
    19
    76
    24
    25
    66
    12
    88
     6
    18
     9
     0
     0
     0
     0
    16
    38
    64
   161
   174
    15
    28
    16
    21
    21
    15
    12
   170
    19
    33
    50
     8
    32
    26
     0
     0
     0
     3
     8
     0
    10
   102
   190
    30
    39
    17
   172
    18
    13
    27
    74
    17
     7
    17
    16
    91
    26
    19
     0
     0
     0
     0
     0
     0
     7
    11
   140
    41
    36
    21
    25
     9
    31
    31
    28
    38
    12
    12
    56
    55
    18
     2
     4
     0
     0
     0
     0
     0
    53
   143
    72
    52
     9
    17
    65
    17
     9
    15
     5
     2
    11
     8
    67
    27
     9
    28
     0
    12
     0
     0
     0
     5
    45
    62
    61
    13
    18
    41
    28
    15
    15
     5
    23
     9
     8
    44
    23
    21
    20
    16
     6
     3
     0
     0
     0
     0
    28
     5
    58
     8
    11
     7
    20
     4
    11
    70
    15
    33
    94
    16
    64
    67
    12
    16
     0
     0
     5
     0
     0
     0
    17
    59
    97
   103
    17
    17
   104
    27
    48
     3
    21
     5
    19
    41
    16
    25
    34
    23
     0
     0
     0
     0
     0
     3
    13
   140
   133
    44
    27
    11
   169
    25
    20
     4
    40
    35
    47
    25
    50
    25
    27
    20
     3
     0
     7
     0
     0
     0
    13
    66
   152
    59
    26
    16
    54
    20
   102
    20
    30
    23
    33
    41
   213
    95
    71
    51
     0
     0
     0
     5
     0
     0
    17
    49
   215
    58
    10
    23
    24
    22
    17
     9
    22
    18
    28
    25
    50
    19
    16
    19
     2
     0
     4
     0
     0
     0
    36
   131
    65
    21
    22
    21
    77
    17
   155
    17
    45
     6
    31
    23
   152
    57
     7
    10
     0
     0
     0
     0
     0
     0
    31
    13
   105
   108
    31
    33
     9
    62
    64
    35
     9
     8
    23
    82
    99
    54
    21
     2
     0
     6
     0
     3
     0
     0
    18
    72
   157
    78
    18
    16
    33
    17
    70
    15
    27
    11
     8
    18
   170
    57
    46
    21
     0
     2
     5
     1
     0
     5
    27
    18
    82
    27
     9
    35
    30
    20
    61
    24
    16
    61
     2
    13
    27
    81
    12
    12
     0
     0
     0
     3
     0
     7
    58
   138
   100
   111
    39
   109
    24
    23
    26
    60
    48
    22
     7
    28
    30
    60
    62
    25
     4
     6
     0
     1
     0
     0
    72
    35
   108
   113
    51
    11
    13
    11
    55
    27
    20
    43
    38
    63
    48
   203
    15
    11
     0
     0
     0
     0
     0
     0
    36
    18
    90
   102
    18
    18
     3
    30
    18
    12
    14
     3
    32
    10
     8
    65
    15
    62
     0
     0
     0
     0
     0
     9
     7
    88
   145
    13
    15
    26
     6
     9
    21
    80
     9
     3
    14
    20
    65
   185
    38
    39
     5
     0
     0
     0
     6
    10
     5
    35
    54
    23
    17
    14
    17
    31
    18
    33
    17
    17
    14
    41
    65
    54
     6
    40
     0
     0
     0
     3
     0
     5
    19
   183
     9
    41
    20
    19
    15
    22
    14
    11
    49
    10
    23
   174
    16
    53
    26
    35
     0
     0
     0
     0
     7
     0
     9
    55
    72
    56
    34
   149
    12
     4
    29
    31
    38
    68
    98
    22
    48
    22
    20
    34
     1
     9
     0
     0
     0
     0
    67
   110
    47
    59
    41
    40
    23
   253
    29
     0
    40
    22
     9
    32
    78
    79
    15
    14
     0
     3
     9
     0
     0
     0
    78
    44
   210
    49
    10
    33
     7
    26
     0
    24
    22
    22
    63
    11
     3
    13
    46
     6
     0
     0
     0
     6
     0
     0
    22
    10
    57
    46
    28
    25
    14
    20
    50
    17
    17
    19
     5
   152
    48
    63
    12
     4
     0
     0
     0
     0
     0
     0
    28
     9
    63
   128
    11
    71
    19
    51
    12
     4
     2
     6
     7
    13
   150
   205
    13
    30
     0
     0
     0
     0
     1
     3
    54
   115
    96
    61
    39
    16
    10
    12
    34
     7
    30
    49
     3
   100
    91
   119
    10
     5
     5
     2
     0
     0
     0
     0
    36
     9
    95
    17
    12
    30
    93
    16
    27
    59
    24
    18
    11
    55
    97
    18
     5
    30
     0
     8
     0
     0
     0
     0
    95
    13
    89
    24
    29
    36
    12
    25
    18
    33
    21
    14
    10
    14
    15
    31
     5
    22
     8
     2
     0
     0
     0
     0
    36
    93
    95
   212
    17
    25
    18
    28
    67
    29
    10
    19
    22
    29
    91
    19
    20
    23
    10
    16
     0
     0
     0
     0
    75
    98
    97
   105
    69
    29
    16
    22
    27
    14
    46
     9
    18
    48
   116
    26
     8
    15
     0
     0
     0
     0
     0
     0
     8
    67
    92
   108
    21
    17
    79
     4
     8
    31
    28
    36
    41
    28
    16
     8
    24
    18
     0
     0
     0
     0
     0
     0
    51
    63
   109
    24
    19
     8
    11
    29
    12
    63
    91
    21
    24
    10
   201
    66
    22
    11
     0
     0
     0
     0
     4
     0
    80
    75
    43
    10
    20
    23
    23
    14
    16
     6
     4
    67
    19
    23
    57
    11
    16
     5
     0
     0
     0
     0
     0
     4
    59
    85
    12
    50
    19
    13
    10
    15
    28
    19
    44
    12
    58
    13
    95
     9
    12
     2
     4
     0
     0
     0
     5
     0
    25
   103
    98
    62
    11
    16
    11
    16
   161
    27
    51
    23
    33
    11
    36
    26
    23
    56
     0
     0
     8
     0
     0
    10
     6
    72
   152
    24
    18
    19
    12
    21
    15
    11
    18
    14
    16
    11
    50
    96
    40
     7
     0
     0
     0
     5
     0
     0
    21
   111
    78
    53
    35
    27
    61
     9
    17
    24
    40
    63
    14
   157
    13
    54
    53
    14
     0
     4
     4
     6
     0
     0
   113
    29
    87
    18
    40
    17
    53
    21
    22
    18
    36
    31
    40
    14
    20
    26
    11
    24
     4
     2
     0
     8
     0
     0
    14
    25
   147
    27
    25
    69
    56
    63
    20
    46
    19
    27
    11
    13
     8
    13
    23
    32
     0
     0
     0
     2
     0
     0
    16
    85
   146
    21
    10
    20
    36
    20
     4
    25
    26
    12
    35
    42
    10
    60
    11
    25
     1
     0
     0
     0
     0
     0
    14
    62
    31
    98
    15
     5
    12
    13
    34
   151
    36
    17
    19
    22
    74
    10
     3
    70
     0
     0
     0
     0
     9
     0
    54
    49
    41
    53
    60
    29
    10
     3
    10
    12
     8
    53
    26
    20
    75
     3
    24
   118
     2
     0
     6
     0
     0
     3
    84
    90
    57
    33
    19
    27
    52
    18
    16
    18
    11
    21
    15
    13
    85
    59
    50
    37
     0
     0
     0
     0
     0
     0
    39
    63
   146
   111
    18
    38
    32
    20
    30
     7
    24
    23
    37
   152
    13
    23
    43
    14
     2
     0
     0
     0
     0
     0
    10
     8
    89
   105
    46
     9
    12
    21
     8
    10
     8
     5
    30
    10
    32
    60
    12
    92
     0
     0
     0
     0
     0
     2
    76
   178
   137
    22
     4
    16
    31
    18
    28
    18
    30
    24
    17
     9
   284
    10
    33
    77
     4
     0
     0
     0
     0
     0
    10
    91
   145
   114
    28
    31
    28
    25
    24
    11
    14
    14
    29
    21
   213
   249
    26
    14
     0
     2
     0
     0
     0
     0
    17
    64
   182
    49
    37
     3
    19
     6
    15
    21
    22
    15
    38
    25
    46
    66
    13
     1
     0
     0
     0
     0
     0
     0
    88
    99
   122
   100
    35
     6
     5
    26
    15
    21
    25
    11
    19
    28
    76
    53
   172
     3
     0
     0
     0
     1
     0
     2
    22
   159
    24
    56
    25
    51
    24
    27
    52
     8
    64
    33
    20
    55
    22
    30
    25
    36
     0
     0
     8
     0
     0
     0
    16
   236
   199
    73
    27
    37
    26
   111
    56
    34
    17
    19
    34
    39
    68
     9
    20
    29
     0
     0
     0
     0
    12
     0
    34
    27
    32
    24
   187
    35
    13
    43
    15
    16
    41
   144
     5
    12
    59
    14
    18
    37
     0
     0
     0
     0
     0
     0
    39
    70
   116
    26
    73
     7
    29
    24
    16
    15
    12
    28
    30
    21
    13
    47
    22
     9
     0
     0
     1
     0
     0
     0
    31
   153
    27
     8
    15
    29
    44
    26
    15
   162
    14
    12
    20
    62
    72
    19
    62
    25
     0
     0
     0
     0
     0
     0
    14
    71
    63
    69
     6
    25
    15
    62
    65
    12
    92
    63
    17
    53
    23
    13
    25
    44
     0
     0
     5
     0
     0
     0
    19
    51
    78
    79
     6
     8
    31
    28
    28
    40
    29
    59
     3
    29
    28
    61
    79
    12
     0
     1
     0
     0
     0
     0
    10
    89
    49
    12
    32
   172
    14
    15
    14
    10
    36
   177
    19
    30
   385
    67
    25
     7
     0
     7
     0
     0
     0
     0
    65
    60
   149
    60
    16
    11
    46
    16
    15
    51
    46
    24
    63
    26
    99
   211
    12
    51
     0
    11
     1
     0
     0
     0
    10
    64
    53
    31
    12
    29
    13
    50
     5
    14
     8
     6
    11
    12
    99
    21
    25
    29
     7
     0
     7
     0
     0
     0
     5
   116
    59
    62
    20
    11
    15
    49
    14
    12
    32
    44
    27
    62
    19
    20
     2
    43
     0
     0
     0
     0
     2
     0
    24
    58
   100
   160
    17
    19
    21
    21
     2
     8
    10
    15
    55
    72
   176
    70
    18
    11
     1
     0
     0
     6
     0
     5
    16
     0
   101
    21
    52
    25
    25
    23
   161
     8
    21
     4
    43
    29
    17
    20
    31
    72
     0
     0
     3
     0
     0
     0
    12
    61
   104
    64
    12
    18
    20
    22
    23
    19
     3
    13
    33
    33
   129
    47
    24
    30
     0
     0
     2
     0
     0
     0
    24
    22
    68
    65
    20
    58
    18
     6
    30
    26
    32
    45
    24
    19
    56
    13
    27
    40
     0
     0
     0
     7
     0
    13
    64
   110
   105
    89
    15
    25
    11
    29
    28
    33
    19
    23
    27
    83
    81
    23
    14
    29
     7
     0
     0
     0
     0
     0
    16
    35
    79
     8
    61
    35
    60
     9
    14
   161
    70
    37
   162
    17
    11
    69
    18
    54
     0
     0
     2
     5
     0
     0
    23
    54
   195
    76
    48
    62
    17
    12
     5
    42
    16
    12
    24
    30
    37
   238
    12
    17
     0
     0
     0
     6
     0
     6
    13
     6
    86
     8
    67
    33
    28
    21
    15
    23
    39
    10
    12
    26
    51
    88
    19
    30
     0
     0
     7
     0
     0
     0
    17
    25
   121
   113
     9
     6
    23
    34
    56
     6
    19
    59
   103
     5
    72
    23
    14
    20
     1
     3
     2
     0
     0
     0
    26
    26
   124
    10
    18
    18
     9
    19
    40
    22
    23
    28
    93
    60
    62
   120
    12
    17
     4
     0
     0
     2
     0
     0
    81
    63
   153
   135
    30
    74
    51
    28
    41
    14
    24
     3
    33
    53
    19
   100
    13
    18
     0
     4
     0
     0
     0
     0
    16
   161
    77
    18
    34
    21
    96
    17
    20
    13
    24
    19
    31
   305
    17
    19
    50
    29
     2
     0
     0
     5
     0
     0
    31
    49
    91
    87
    25
    14
    13
    36
    20
    25
     1
    18
    25
    22
    15
   154
    21
    35
     0
     5
     0
     0
     0
     0
    18
    26
   121
    62
    25
     1
    15
    13
    29
    51
    61
    63
    61
    34
    12
   130
    39
    11
     2
     0
     0
     0
     0
     0
    63
   100
   145
    83
    54
    53
    25
     7
    16
    12
    48
    43
    27
    25
    28
    63
    12
    72
     0
     7
     0
     0
     6
     0
    60
   126
   113
    55
    13
     3
    39
    16
    17
    24
    16
    16
    20
     6
    94
    22
    30
     7
     0
     0
     0
     0
     0
     0
    19
    46
    95
    14
    48
    28
    34
    27
    27
    16
    43
     3
    22
   176
   338
   111
    34
    26
     5
     0
     1
     0
     2
     2
   140
    87
   124
    21
    54
    17
    21
    54
    48
    14
    33
    83
    59
    53
    12
    72
     7
     9
     3
     0
     7
     4
     6
     1
     7
    50
   131
    75
     5
   189
    18
    68
   132
    28
    23
     9
    50
    49
    94
    80
    14
    17
     0
     0
     0
     0
     0
     0
    16
   144
   172
   101
    42
     4
    36
    22
    25
    24
    44
     9
    26
    39
    51
    27
    19
     7
     0
     1
    11
     0
     0
     0
    11
    28
    49
   112
    28
    21
     7
    24
    23
    32
    13
    13
    29
   161
    33
     7
    68
   177
     0
     0
     0
     0
     0
     6
    60
    31
   101
    57
    31
    13
    31
    49
    14
    28
    56
    26
    32
    56
    35
    13
     5
     6
     0
     0
     2
     0
     1
     0
    23
    27
    52
    49
     5
    35
    33
    17
    15
    45
    21
    12
    14
    68
    14
    23
    22
    13
     0
     2
     0
     0
     0
     0
    21
    36
     1
    16
    32
    63
    35
    69
    20
    33
    12
   118
    23
    14
   121
    69
    15
    21
     0
     0
     0
     0
     0
     0
   115
   103
    72
    14
    22
   171
     0
    12
   172
    11
    24
    23
    24
    55
   124
   114
     9
    10
     1
     8
     8
     0
     4
     0
    16
    61
   110
    31
    47
    27
    12
    10
    33
    24
    26
    24
    14
   161
   106
   139
    19
     6
     4
     0
     0
     7
     0
     0
    23
    68
   123
    61
     5
    30
    28
    21
    31
    22
    12
    77
     9
    54
     7
    53
    19
    41
     0
     0
     0
     0
     9
     0
    16
    90
   105
    11
    22
    15
    24
    19
    14
    33
    19
    38
    14
    19
    24
   105
    29
    51
     0
     0
     5
     3
     0
     0
    13
    99
   131
    15
    23
    24
    14
    12
    13
    37
    21
    55
    15
     8
    24
    19
    10
    31
     0
     0
     4
     0
     0
     0
    18
   106
   141
    55
    31
    24
    42
    22
    21
    20
    21
    10
    29
    16
   107
    13
    31
    22
     0
     0
    16
     2
     9
     8
    18
    22
    61
   188
    33
    31
    27
    17
   162
    31
    11
    15
    17
    22
   301
    59
    13
    25
     0
     2
     6
     0
     0
     0
    17
   104
   111
    94
   108
    22
    53
    35
    20
   290
    36
    33
    13
   200
    50
    36
    26
    71
     0
     0
     0
     0
     0
     3
    74
    15
   147
   109
    14
    30
    22
    17
    21
   109
    12
    41
    32
    20
   312
    51
    18
    22
     0
     2
     0
     0
     3
     0
    27
   100
    73
    44
    46
    13
   159
    68
    69
     8
    29
    67
    15
    75
    23
    93
    20
    12
     0
    13
     1
     1
     0
     0
    16
    16
    54
    18
    18
    23
    46
    23
    15
    64
    40
    14
     4
    24
    66
   123
    82
    13
     3
     0
     0
     3
     2
     0
    20
   133
   190
     9
    17
     7
    16
    46
    11
    13
    13
    27
     7
    55
    14
    48
    52
    59
     3
     7
     2
     0
     0
     0
    26
   129
   125
   109
    20
    17
    24
    46
    29
    57
    24
    44
    34
    15
    37
     7
    15
    26
     0
     0
     0
     0
     0
     0
     7
    41
    62
   102
    24
    18
    26
    39
    41
    26
    61
    48
    19
    41
   207
    41
    17
    43
     0
     0
     0
     0
     8
     0
     3
    62
    97
   130
    34
    35
    15
    43
    16
    32
    17
    15
     8
    92
    85
    14
    33
    26
     5
     0
     1
     0
     0
     0
    30
    61
   135
    76
    36
    61
     2
     7
    13
    18
    19
    17
    15
    63
    40
    21
    30
    60
     0
     0
     0
     0
     0
     0
    35
     9
    87
    25
    19
    26
    16
    17
    30
    15
     9
     4
    48
    51
    15
    10
    20
    59
     0
     0
     0
     5
     0
     0
    24
    62
    94
   184
    32
    30
    27
    16
    34
     3
    33
    28
    90
   184
    20
    17
     8
    17
     0
     0
     0
     4
     0
     0
    60
    23
   105
    56
    15
    52
    41
    37
    21
     2
     4
    69
    26
    19
     5
     9
    19
    36
     0
     5
     0
     0
     0
     0
    82
    71
   173
   204
    10
    16
    17
     3
    68
    17
    14
    10
    27
    13
    16
    17
    29
    16
     0
     0
     0
     0
     0
     0
   146
    49
    36
    38
    19
    28
    21
    11
     8
    27
    10
     3
    54
   180
    46
    17
    24
    41
     0
     6
     0
     0
     0
     0
    60
    96
   284
    73
    18
    38
    43
    19
    30
    31
    36
    76
    62
    84
   124
   235
    58
    10
     0
     0
     0
     0
     0
     0
    22
    41
   200
    23
    23
    60
    36
    10
    22
    15
     8
    28
    36
    71
    29
    43
    24
    13
     0
     1
     0
     0
     0
     1
     9
    96
   111
    78
    49
    12
   176
    65
    17
    81
    68
    28
    32
    23
    21
   110
    18
    11
     5
     0
     0
     0
     0
     0
    31
    58
    66
    83
    22
    60
    25
    17
    22
    43
   155
    32
     2
    10
    25
    31
    13
    25
     4
     3
     0
     0
     0
     4
    13
    59
   137
    21
    46
    42
    16
     5
    23
    25
    14
    29
    24
    26
    19
    71
   174
     9
     2
     3
     3
     2
     0
     5
    13
   131
    49
    95
    38
    20
    24
    20
    22
    20
    24
    15
    18
    14
    14
    32
    20
    71
     0
     4
     0
     4
     5
     9
    17
    97
    53
   122
    38
    33
    25
    21
    30
    11
     9
    22
     1
   143
    17
    10
    18
    17
    14
     1
     4
     0
     0
     4
    94
    65
   168
    22
    19
    35
    25
    21
    37
    10
    39
    38
    38
    33
    63
    52
    14
    15
     6
     0
     0
     7
     0
     0
    26
   137
   100
    61
    63
    75
    31
    49
    36
    25
    28
    57
    48
    18
    53
   110
    26
    32
     0
     0
     0
     0
     0
     0
    56
   143
   108
    50
    57
    22
     2
    26
    16
    67
    10
    14
    50
    12
     6
    59
   161
    26
     9
     0
     0
     0
     0
     0
    34
    68
   192
   100
    29
    20
    27
     9
    28
     5
     6
    36
    20
    84
    10
   107
     6
    38
     0
     0
     0
     0
     0
     0
    53
    98
     4
    56
    12
    33
    18
    17
    23
    31
    46
    37
     9
     9
    27
    52
    14
    74
     0
     0
     4
     0
     3
     0
     0
    15
    26
   137
    97
    13
    23
    22
    19
    43
    22
    24
     9
     7
    23
    14
    29
    10
    14
     6
     0
     0
     6
     0
     0
   100
    59
   179
   101
    26
     5
     7
    22
    19
    65
    63
    13
    13
    65
    82
    62
    66
   139
     0
     0
     5
     7
     2
     0
    58
    26
   245
   149
    10
    24
   175
    10
    83
    54
   114
    16
    12
   164
   179
    77
   204
    41
     0
     0
     0
     1
     0
     0
    64
    66
   185
    94
    10
    12
    31
    43
   161
    58
    16
    31
    34
    30
     4
    71
    33
    13
     0
     0
     3
     0
     0
     0
    21
    54
    61
    45
    32
    21
    24
    22
    36
    15
    57
    24
    12
   171
    74
    46
    15
    18
     0
     0
     1
     0
     2
     9
    26
    11
    62
    78
    16
    12
    22
     3
     8
    28
    30
    33
    21
    91
     4
    61
    39
    70
     0
     0
     6
     0
     0
     5
    41
   110
    58
   104
    29
    24
    36
    63
    70
     8
    19
    20
    57
    29
    58
   142
    20
    22
     1
     7
     0
     0
     8
     0
    60
    34
   168
    55
   160
    13
    38
    11
    35
   102
    20
    17
    12
    22
    11
    57
     8
     7
     0
     0
     1
     2
     0
     0
    31
   139
    59
    53
    67
    24
    18
    12
    14
    34
    23
    17
    72
    43
    58
    58
   118
    24
     0
     6
     0
     4
     2
     0
    44
    88
   188
    38
    20
    61
    19
    15
    32
    54
    17
    28
    33
    21
   195
   261
    75
    11
     0
     7
     0
     0
     0
    10
    24
    24
   182
    83
    72
    40
    26
    52
    18
    19
   104
    39
    31
    64
    55
    74
   151
    34
     0
     0
     4
     0
     1
     0
    22
    23
    82
    37
    21
    29
    18
    19
    53
    20
    23
    28
    23
    22
    24
    61
    31
    10
     0
     8
     0
     0
     1
     4
    84
   105
   126
    51
    21
    11
    13
    15
     4
    34
   197
    14
    16
   173
    20
    58
    26
    26
     0
     2
     0
     0
     0
     0
    57
   142
    89
    98
    15
    63
    23
    12
    28
     6
    19
    29
     5
     5
    67
    71
     0
    23
     0
     0
     0
     0
     0
     0
    21
    66
   144
    70
    27
    37
    13
    27
    19
    64
    16
    50
    63
    19
    24
    68
    35
    27
     0
     5
     4
     0
     0
     6
    40
    96
   102
    19
   147
    38
    29
    56
    25
    21
    21
    82
    10
    56
    73
     9
    21
     9
     0
     0
     0
     0
     8
     6
    35
   103
   156
    71
    16
    48
    16
    15
    33
     8
    15
    17
    18
    36
   243
    92
   161
     9
     0
     0
     8
     0
     2
     0
    22
    82
    53
   122
    10
    19
   161
    99
    19
    65
    15
    39
    27
    65
    14
    70
    82
    24
     0
     0
     0
     1
     0
     6
    21
    27
   135
    37
     8
    20
    48
    68
    24
    12
    19
     8
    32
    16
    12
    50
    59
    27
     2
     0
     3
     0
    11
     0
    45
    22
    79
    81
    69
     7
     8
   169
    18
    30
     6
    70
    20
    26
    89
     9
     6
    26
     0
     7
     1
     0
     0
     4
    37
    40
   106
   191
    47
    10
    44
    20
    19
    22
    15
    14
    22
    31
    63
    92
    27
    50
     0
     0
     0
     1
     0
     1
    78
   161
   140
    27
    49
    21
    19
     9
    30
    13
    12
    32
    25
    62
    53
    62
    17
    27
     0
     7
     0
     0
     3
     0
    28
   106
   106
    76
    77
     3
    68
    51
    15
    25
   163
    15
    30
    18
    52
   151
    31
    70
     0
     0
     3
     0
     7
     0
    31
    98
   107
   137
    54
    75
    39
    26
    19
    30
    29
    94
    14
    39
    29
   101
    30
    24
     0
     0
     7
     2
     0
     2
    58
    53
    99
   104
    25
    63
    25
   174
    58
    16
    66
    20
    18
    19
    68
    16
    80
    29
     0
     7
     7
     0
     3
     5
     8
    59
   114
   117
    25
    26
    35
    22
    27
     8
    28
    16
    14
     0
    13
    11
    17
    20
     0
     0
     0
     2
    13
     8
    13
    32
   128
    20
    31
    26
    24
    15
    23
    18
    19
    15
    19
    15
    44
    39
    30
    15
     2
     0
     0
     0
     7
     0
    19
   217
   102
   244
    45
    17
    27
    23
    10
    52
     2
    42
    12
    18
    15
   115
    22
    49
     4
     0
     6
     2
     0
     0
    42
    14
    56
    69
    10
    56
    19
    20
   148
    38
    27
     8
    28
    25
   118
    22
     5
    47
     0
    14
     8
     0
     0
     0
    36
    44
   170
    64
    26
   137
    22
    35
    36
    25
    29
    18
    77
    37
   176
    53
    67
    13
     0
     2
     0
     0
     0
     0
    19
    84
    95
    22
    17
    35
    32
    30
    85
    30
    11
    50
     9
    37
    48
    93
    75
    14
     0
     0
     0
     0
     0
     0
    24
   110
   146
    60
    32
    47
    30
    20
    43
    52
    41
    52
    25
    49
    13
    43
    35
    64
     0
     0
     0
     0
     2
     0
    42
    53
    21
    49
    11
    43
    44
     0
    19
   149
    20
    45
    24
    61
    37
    76
    14
    20
     0
     0
     0
     7
     0
     0
    33
   161
     6
   155
    30
     6
    13
    20
    11
    20
    19
    14
    80
    17
   194
     6
    29
    26
     0
     0
    12
     0
     2
     6
   111
    34
    74
    30
     8
    21
    43
     1
    56
    31
    17
    14
    38
     5
    91
    21
    60
    33
     0
     6
     0
     0
     0
     5
    90
    57
    83
    18
    43
    11
     2
    11
    29
    37
    28
    25
    12
    32
    14
    29
    46
    61
     2
     0
     6
     0
     0
     0
    14
    22
   220
   149
    66
    40
    49
    30
    18
    13
    31
    17
     9
    57
    91
    65
    41
    59
     0
     0
     0
     6
     0
     0
    28
   136
   131
   101
    30
    64
    26
    30
    29
    60
    31
    47
   187
    62
     2
    64
    36
    20
     2
     0
     0
     0
     0
     2
    30
    50
   148
    55
    80
    26
    23
    14
   159
    43
    25
    40
    28
    27
   185
    99
    33
    64
     0
     0
     0
     0
     0
     0
    20
   115
   220
   150
    33
    79
    14
    61
    37
    11
    52
   164
    55
   150
    61
    55
   171
    24
    14
     0
     0
     0
     0
     0
     9
    59
   142
    29
    66
    20
    65
    19
    28
    53
    15
    58
    62
    41
    72
    17
    30
     6
     0
     0
     1
     1
     6
     6
    61
    26
    99
    72
    37
    34
    23
    43
    60
    18
    13
    74
    53
    19
    65
    62
    21
    26
     0
     3
     0
     0
     0
     0
    15
    86
    18
    35
    29
    46
     8
    29
    31
    16
    23
    23
   146
    65
    18
    68
    32
    23
     0
     0
     0
     0
     0
     0
    22
    45
    97
    51
    20
    19
    23
     2
    21
    33
    32
    80
    11
    19
    72
   337
    16
    18
     0
     0
     8
     0
     0
     0
    54
   158
   208
   146
    39
    26
    33
    35
    30
    25
    64
    63
    28
    43
    70
    80
    59
    66
     4
     0
     4
     0
     0
     5
    10
   123
    73
   231
    26
    15
    22
     6
   159
    24
    44
    40
    31
    43
   167
    21
    23
    38
     0
     0
     0
     6
     0
     1
    23
   106
   107
    47
    24
    24
    73
     6
    22
    17
    23
    15
    17
    18
    15
    67
   162
    13
     0
     0
     0
     0
     0
     5
    34
    94
   121
   132
    21
    14
    21
    62
    24
    61
    68
    20
     4
     1
    16
   144
   110
    64
     0
     0
     0
     0
     0
     0
    20
    51
   175
    68
     1
     7
    23
    24
    85
    68
    15
    55
    10
    30
    59
    24
    20
    25
     6
     1
     0
     0
     0
     0
    14
   103
   262
     2
    33
    15
    14
    13
    39
    29
    32
    36
    14
   108
   102
    18
    52
    77
    10
     5
     7
     0
     0
     0
    29
    68
   106
    77
    14
    11
    12
    61
    53
    15
    13
    31
    29
    59
    28
    59
    38
     7
     8
     0
     0
     0
     0
     1
    35
    76
   157
    75
    32
    11
    74
    30
    32
    19
    32
    33
    49
   178
    45
   102
    23
    44
     0
     0
     0
     0
     0
     0
    31
    34
    67
    59
    25
    23
    23
    87
    72
    23
    22
    23
    17
    29
    72
    24
    26
    19
     0
     0
     0
     2
     0
     0
    21
   185
    71
    22
     6
    20
    34
    25
    57
     9
    33
    23
    33
    55
    54
   102
    35
    23
     0
     2
     2
     0
     0
     7
    28
    90
   137
    19
    36
    24
    15
    32
    15
    35
    18
    30
    16
    16
     1
    90
   114
    25
     0
     0
     0
     0
     0
     0
    11
    23
    87
    71
    13
    61
    48
    21
    22
    13
    28
    26
    28
    26
    11
   162
    13
    62
     0
     0
     0
     0
     0
     0
    19
    52
    98
    66
    37
    37
    16
    62
    30
    69
    49
    82
    11
    51
     9
    64
    34
    23
    10
     0
     0
     0
     0
     0
    10
    88
   201
    18
    28
    20
    36
    26
    23
    25
    10
    24
    28
    24
   144
    21
    56
    63
     0
     3
     5
     0
     1
     0
    30
    77
   286
    98
    32
    20
    15
    88
    30
    29
    28
    23
    34
    67
    88
    18
    57
    33
     0
     0
     0
     0
     0
     0
   108
    71
    20
   115
    29
    31
    29
    51
    25
    34
    23
    41
    31
    47
   111
   120
   157
    37
     0
     0
    10
     8
    13
     0
    50
    72
   113
   112
    14
    50
    13
    21
     0
    67
    18
    12
    22
    47
    28
   116
    37
     0
     0
