     6
     0
     0
     1
     0
     3
    34
   103
     9
     3
     2
    12
    10
    37
    15
    12
    12
    24
     5
    64
    16
    18
    13
     0
     0
     0
     0
     0
     0
    10
    51
    41
    62
    20
    11
    12
    35
     9
     7
     4
    19
    24
     6
     0
    16
     9
    15
     0
     0
     0
     0
     0
     0
    26
    56
   142
    86
    20
    12
     3
    10
    46
     8
     0
    10
     6
    58
    18
    40
     8
    20
     0
     0
     0
     0
     0
     0
    35
    12
   225
    22
    53
    27
    21
     6
    19
    23
    23
    14
     7
    13
    14
    50
     8
    23
     4
     0
     0
     0
     0
     9
    18
     9
    57
    24
    21
    30
    38
    96
     8
    28
    19
    11
     5
    49
    29
    13
    50
     2
     0
     0
     0
     0
     0
     8
    60
    51
    59
    56
    12
    12
    51
    22
    15
    21
    36
     5
    20
    19
    38
    12
    49
    11
     0
     0
     0
     0
     9
     0
    15
    23
    53
    23
     2
    32
     7
     8
    41
    11
    17
     4
    22
    17
   231
    11
   155
    24
     0
     2
     0
    11
     0
     0
    11
    59
    70
    56
     5
     8
     7
    38
    48
    27
    18
     9
    25
    65
     9
   131
    44
    10
     5
     0
     2
     0
     0
     8
     7
    98
   164
    14
    17
     5
     5
     5
    35
    25
     9
    26
    39
    25
    27
    13
    13
     3
     0
     0
     0
     3
     0
     0
    19
     9
    87
    17
    36
    15
     9
    13
    55
    19
    89
    18
    11
    10
    88
    51
    20
     7
     0
     0
     0
     0
     0
     0
     7
    54
    17
    12
    17
    55
    11
     0
    20
    63
     8
    16
     7
     2
     6
    11
    21
    10
     0
     0
     0
     0
     2
     0
    46
    90
   100
    46
    38
    16
    28
    10
    30
     6
    21
    21
     8
    20
     2
     2
    17
    16
     0
     0
     0
     0
     0
     0
    45
    10
   165
    65
    24
    35
    20
    26
   155
    25
    48
     8
    13
    12
     3
    19
    18
    18
     3
     4
     0
     0
     0
     0
    44
   113
    12
    56
    16
     8
    12
    15
   152
    20
    26
    67
    53
    21
    81
    49
     5
    29
     0
     0
     0
     4
     0
     7
    49
    12
    29
    52
    16
   147
    40
    23
    35
     8
    20
     7
     5
    16
    13
    58
    38
    24
     0
     0
     0
     0
     0
     0
    16
    12
   131
    50
    39
    12
    29
     8
    63
    11
     9
    10
    15
    17
    17
     9
    23
     7
     0
     2
     0
     0
     0
     0
     3
    14
    48
    47
     8
     4
     7
    26
    52
     8
     6
    57
    19
    33
    15
    61
    10
     6
     0
     8
     0
     0
     0
     0
    16
    84
    42
    49
     7
    18
    25
    28
    24
    20
     2
    22
     6
    14
    89
    15
    14
     4
     0
     0
     0
    12
     0
     0
    11
     9
   141
    20
    41
    17
     7
    13
    22
     1
    20
     6
    20
    18
     8
     1
    66
    10
     0
     0
     0
     0
     0
     4
    49
    29
   157
    63
    13
    69
    21
    24
    50
     5
    23
    22
    30
    16
    16
    43
    14
    16
     0
     0
     0
     0
     0
     0
    29
    59
    95
    24
     8
    20
    27
   101
    61
    16
    14
    38
   196
    22
   153
    10
    24
    11
     0
     0
     5
     0
     3
     0
    17
    44
   129
    87
    16
    14
    22
    27
    21
     0
    47
    10
   141
    76
     0
    10
     9
    19
     2
     0
     3
     0
     0
     5
    19
    69
     2
    31
    50
    12
     4
    11
    32
    11
   183
     0
    21
    23
    25
    50
     4
     2
     4
     0
     0
     0
     3
     0
    72
    20
   137
    90
    65
    21
    18
    25
    39
    13
     9
    20
    10
    21
     9
    45
    30
    20
     4
     5
     0
     0
     0
     0
     9
    62
    59
   156
    64
     4
     5
     5
    27
     7
    12
    22
    11
    70
    17
    93
    18
    16
     0
     0
     0
     0
     0
     0
    21
    10
    39
    63
    10
    23
    19
    16
    13
    14
    10
    11
    11
    19
   102
    56
     7
    27
     0
     0
     0
     0
     0
     0
     4
    57
   102
    13
    45
    28
    33
     1
     8
    56
     7
    16
    15
    22
    72
    26
    13
    16
     1
     0
     0
     0
     0
     0
    21
     6
   179
    12
   151
    25
    22
    31
     3
    32
     8
    47
    11
    26
    60
    14
    20
    23
     0
     0
     0
     0
     1
     0
     7
    13
    60
    45
     9
    14
    15
     0
     6
    14
    10
     2
    17
    14
     1
    10
     6
    48
     0
     0
     7
     0
     7
     0
    13
    17
    47
    17
     8
    23
     6
    12
    13
    10
    14
    28
     5
     9
    95
    22
    10
    50
     0
     0
     0
     0
     0
     2
    59
    15
    96
    60
     3
    33
    16
    12
    11
    22
    18
   157
    27
     4
    17
    20
    23
    21
     0
     0
     0
     0
     0
     0
    14
    19
     7
    32
     9
    32
    11
    21
     7
   147
    10
    36
    20
     7
    21
   201
    12
    23
     0
     0
     0
     0
     0
     0
     6
    53
   233
   110
    17
     5
     4
     7
     8
    12
    16
    31
     2
    44
     3
     6
    13
     1
     0
     0
     0
     5
     0
     0
    10
    62
   106
     8
    33
    16
    23
    30
    67
    29
    28
    52
    23
    86
     8
   178
    37
    43
     0
     0
     0
     0
     1
     0
    52
   107
   125
    22
     7
    37
    26
    19
     8
    29
     9
    19
    16
    12
    56
    18
    24
    22
     1
     0
     0
     0
     0
     0
     9
    19
    83
    31
     9
    18
    24
   140
    85
    19
    33
    10
    17
    46
    19
    44
    25
    20
     0
     0
     0
     0
     0
     0
    27
    47
   190
     7
    18
    22
    36
    22
    13
     6
    19
    55
     3
    10
     8
    12
    13
    40
     0
     0
     0
     0
     0
     0
    23
    54
    61
    48
    10
    12
     9
    10
     6
   157
     5
    34
     0
    17
    45
   184
    56
     2
     1
     0
     4
     0
     0
     3
     3
    24
   100
    91
    10
     0
    14
    24
    23
    56
    16
    26
     6
   188
     9
    74
    30
    64
     0
     6
     0
     1
     0
     0
    94
     6
   115
    86
     6
     6
     6
    71
     8
    21
     4
    14
    65
     9
     6
     7
     1
     9
     0
     0
     0
     3
     0
     9
    24
    14
     2
    57
    10
    40
    14
    27
    16
    17
    11
    61
    14
    18
    86
    14
     2
    18
     6
     0
     0
     0
     0
     6
    12
    24
    88
     7
    31
    10
    24
    10
    51
    14
     9
    16
    12
    20
    88
     7
    18
    18
     0
     0
     0
     0
     0
     0
    56
    89
    95
    57
    14
    47
    28
     9
    20
    11
    22
     8
    19
    12
     8
     0
    17
     6
     0
     0
     3
     0
     0
     0
    20
    66
    52
     5
    26
    23
    10
    28
    39
    19
   188
    10
     6
   194
    20
     5
    31
    45
     5
     7
     0
     6
     7
     0
    14
    10
   215
    50
    51
     9
    13
     0
     6
    14
     7
    26
    17
    73
    16
    60
    31
     7
     0
     0
     0
     3
     0
     3
    29
    90
    99
    18
    12
     7
    12
    14
    25
    15
    34
    21
    36
    62
    46
    13
     7
     0
     0
     0
     0
     0
     0
     0
     7
    72
    18
    77
     4
    14
    15
    29
    10
     5
    15
    24
     9
     1
    11
    20
    15
    13
     0
    10
     1
     0
     0
     0
    14
    51
   170
    98
    25
    23
     6
    41
    24
    34
    16
    41
     5
    60
    20
     6
    19
     7
     0
     0
     0
     0
     3
     0
    22
    65
   106
    62
     6
    17
     2
     3
    34
    18
    90
    19
    20
     8
     7
    54
    22
     9
     0
    14
     0
     0
     0
     6
    22
    93
    57
    11
    16
    21
    23
     4
    23
    37
    34
    56
    12
    12
     9
    10
    15
     7
     9
     0
     0
     0
     0
     5
    11
    21
   179
    54
    24
    19
     4
     3
     4
     8
    29
     8
    64
   153
    18
    52
    21
     1
     0
     0
     0
     2
     0
     6
    21
    73
   147
    55
    13
    18
    21
    12
   172
    41
     5
    41
    18
    13
    23
    19
    22
    17
     0
     0
     0
     0
     2
     0
    24
     9
    55
    15
    19
     4
    20
    13
    45
    17
    15
     0
    11
     0
    22
    24
    18
     7
     0
     0
     0
     0
     9
     0
    17
    53
    31
    22
     4
    13
    12
    27
    20
    10
    58
    32
     2
    10
     8
    15
    18
    32
     1
     0
     0
     0
     3
     0
    33
    17
    52
    21
     6
    19
    32
    24
    53
    33
    17
    17
     5
    75
    14
    57
    18
    24
     0
     0
     0
     0
     0
     0
    19
   101
    87
    42
    91
    13
    25
    18
    14
    30
    11
     7
    13
    33
    72
    99
    16
     9
     0
     0
     0
     0
     0
     0
    11
    50
    95
    73
     6
    16
    61
    24
    27
    12
     4
     8
    28
    21
     0
    12
    11
    17
     0
     0
     0
     0
     0
     1
    10
    48
    56
    94
    15
   210
     7
    23
    91
    10
    17
     6
    30
    48
     6
    20
     5
    29
     1
     0
     0
     0
    11
     0
     6
    22
    51
    16
     6
    20
    60
    18
    33
    11
    17
    21
    34
    11
    26
    49
    10
    14
     0
     0
     0
     6
     0
     0
    80
   101
   106
     2
    14
    15
    18
    17
     8
    18
    56
    13
    12
    60
    59
   103
     7
     2
     0
     0
     0
     0
     0
     3
     6
    55
    19
     5
     2
    23
     7
    13
    57
    23
    19
    12
    24
     0
    25
    14
     4
    13
     0
     0
     0
     0
     0
     0
    44
    68
    64
   126
     5
    15
    18
    21
   148
    27
    26
   145
    33
    25
    72
    52
     7
    20
     0
     4
     5
     0
     0
     0
    18
    23
    97
    47
    33
    18
    10
    16
   161
    40
     8
    17
    33
    57
     4
    16
    16
    21
     0
     0
     0
     0
     0
    15
    22
    20
    56
    18
     5
    24
    14
    13
   173
    17
    15
    29
    29
    19
     0
    66
    25
    28
     0
     0
     0
     2
     0
     0
    49
    55
    97
    23
    14
    20
    12
     4
    11
    37
     2
    19
     8
    10
   164
    10
     5
    41
     7
     0
     0
     3
     0
     0
    46
    16
   179
   140
    19
     6
    20
    10
     5
     1
    17
    16
    17
    35
    23
    81
    30
    16
     0
     0
     0
     2
     0
     0
    15
    24
   132
    10
     9
     7
     9
    11
     7
    11
   156
    23
    19
    12
    13
    65
    28
     2
     0
     1
     0
     0
     0
     4
    14
    52
    16
   176
    44
    14
     2
    37
    16
    31
    28
     3
    18
   195
    53
    26
    15
     6
     0
     0
     0
     0
     6
     0
    47
    50
    34
     1
    18
    54
    16
    18
    31
     7
     7
    18
    62
    19
    10
    12
    10
    22
     0
     0
     6
     0
     0
     2
    13
    35
   125
   101
    13
    17
     4
    24
     6
    18
    15
    14
    31
   152
    12
    13
    25
     5
     8
     4
    10
     0
     0
     0
     9
    47
    12
     4
    22
     8
    12
    15
    13
    62
    29
    61
     5
    16
    16
   149
     9
     9
     0
     0
     0
     0
     0
     5
    13
    55
    90
    55
    15
    21
     8
    20
    60
    24
     9
    24
    13
    19
    99
    54
    25
    50
     0
     0
     0
     0
     0
     5
     8
    52
    52
    34
    14
     9
    16
    30
    50
    50
    19
    11
    13
    10
    22
    49
    18
    12
     0
     0
     0
     0
     0
     0
    47
     8
    71
     7
    21
     6
    59
    14
    11
    14
    17
    13
     9
    24
    18
     0
     9
    24
     0
     2
     6
     0
     0
     0
    19
    26
    96
   110
    12
    20
    35
    26
    10
    45
    22
    16
    14
    24
    11
     2
     0
    26
     0
     0
     0
     0
     0
     0
    51
    57
   161
   124
    31
    22
     4
    15
    19
    66
    10
    15
    39
    22
    50
    51
    33
    11
     0
     0
     0
     0
     3
     0
     9
    56
    58
    13
    15
    63
    53
    10
    20
    24
    19
    12
    21
    36
    55
     1
     7
    22
     0
     0
     0
     0
     0
     0
    19
    25
   102
    47
     7
     7
    10
    52
     5
     6
    12
    10
     8
   149
   155
    14
    16
    16
     0
     0
     3
     0
     0
     0
     3
    30
    52
   142
     9
    16
     9
    20
    12
    13
    99
    13
     9
    14
    17
   164
    13
    14
     0
     6
     0
     0
     0
     0
     5
    41
     6
    70
    30
     7
     0
     0
    25
     0
     6
    31
     3
     4
    12
    30
    63
    24
     0
     0
     6
     3
     4
     0
     8
    42
   129
    20
    20
    37
    20
    34
    22
     8
     0
    15
    16
     7
    21
    49
     4
     8
     3
     0
     0
     0
     0
     0
    81
   135
    87
    57
     9
    30
    11
     6
    14
     9
     3
    21
    20
     3
   157
    99
    15
    17
     2
     0
     0
     0
     0
     0
    34
    18
    48
     0
    71
    22
    35
    14
     1
    32
     5
    13
    69
     6
    19
    21
    35
    23
     0
     0
     0
     0
     0
     0
    17
    48
   123
    22
    53
    12
    23
    18
    20
    43
    21
    14
    10
     5
    11
    78
    46
    19
     0
     0
     0
     0
     0
     0
    31
     3
    45
   115
    12
     2
    35
    34
    18
    35
    40
    15
    30
    30
    11
    18
    16
    12
     0
     0
     0
     0
     0
     0
    25
   124
   138
    13
     3
    16
     5
     9
    25
    18
    19
    20
     7
   154
    20
    17
    26
    18
     0
     0
     0
     0
     0
     0
    23
    55
    10
     6
   141
    10
    28
    14
    19
     3
    19
    11
     9
    21
   137
     9
    10
    55
     0
     0
     0
     0
     0
     0
    12
    24
    37
     5
    16
    22
     6
    15
     9
    12
    46
    24
    16
     5
    48
    16
    15
    32
     0
     0
     0
     0
     0
     0
    41
    83
   100
    23
    26
    22
    12
    10
     7
     4
    12
     3
    14
    47
     9
    64
    19
    13
     4
     6
     0
     0
     0
     5
     2
    45
   128
    92
    32
    27
    21
    23
    14
    26
    36
     7
    17
     5
    52
    66
    25
    25
     8
     0
     0
     0
     6
    27
     6
   111
     2
    15
    27
    50
    16
     9
    14
     9
    25
    69
    33
    93
    57
    25
    34
     1
     0
     0
     0
     0
     4
    40
    58
   108
    43
    40
    16
    35
    29
    16
    25
    14
     3
    59
    43
    13
    63
     3
     9
     0
     7
     0
     0
     3
     0
     9
    52
    20
   122
     2
    10
    19
    12
    58
     6
    12
     5
    59
     9
    16
    11
     1
   162
     0
     2
     0
     0
     0
     7
    14
    49
   212
    42
     6
    31
    15
    15
    18
    12
    24
    16
    26
    14
    70
    18
    21
    53
     0
     0
     0
     1
     0
     0
    22
    51
    12
    17
    19
    12
    80
    12
    16
    10
     9
    20
    15
    49
   151
    61
    16
     8
     0
     0
     1
     0
     3
     0
     7
    58
    55
    33
     8
     2
    56
    11
    55
    20
     8
    29
    23
     6
    21
    23
    21
    18
     5
     0
     4
     0
     0
     0
    13
    61
   194
   150
    15
    67
    19
    28
    14
    10
    13
    29
    34
    24
    34
   130
    21
     8
     4
     4
     0
     0
     0
     0
    26
    94
    55
    56
    34
    30
    22
    11
   157
    26
    54
    16
    14
    22
    60
    19
    15
    16
     0
     0
     0
     7
     7
     0
    32
    23
    11
    29
    12
    10
    52
    17
     2
    55
    18
    22
     8
     9
     9
   182
    11
    11
     0
     7
     0
     6
     1
     0
    31
     9
   222
    52
    17
    22
    11
    13
     3
   147
    25
    33
    17
    27
    62
    27
     8
    10
     6
     0
     0
     0
     0
    13
    50
    66
    56
   140
     9
    16
    16
    23
    12
    25
    16
     5
     4
    15
    21
    90
     0
     5
     0
     0
     0
     0
     0
     7
     5
    53
    67
    21
    10
    23
    32
    55
    47
     7
    13
    28
     8
    28
   185
    50
    12
    27
     0
     0
     0
     0
     0
     0
    29
    20
   167
    12
    21
     2
    19
    61
    22
    95
    23
    11
    56
   200
    61
    15
    11
    13
     5
     7
     0
     0
     1
     1
    30
    36
   141
    41
    30
     3
    21
     4
     8
     8
     9
    10
    13
    20
    13
    16
   192
    28
     9
     0
     0
     0
     5
     0
    13
    15
   101
    22
    12
    31
     9
    23
     9
    45
     9
     3
    11
     4
    63
     3
     9
    38
     0
     0
     0
     0
     0
     0
    26
    59
     5
    55
    41
     8
    61
    17
     5
    48
     0
     9
    16
    20
    59
   140
     9
    31
     0
     0
     0
     1
     0
     0
    57
    44
    55
    48
    10
    19
    31
    18
     5
     2
    26
    15
     7
     2
    14
    44
     8
    29
     0
     0
     0
     0
     0
     0
    10
    68
    86
    12
    14
     1
     9
    15
     7
     8
    19
    12
    13
     2
     9
    12
     5
     6
     0
     0
     1
     0
     0
     0
    15
    73
    61
    45
    28
    19
     9
    62
    43
    16
    41
    29
     7
    29
    91
    23
    16
     8
     0
     0
     0
     0
     0
     0
    49
    14
    15
    91
    10
    16
    17
    33
    12
     8
    16
     6
    10
   151
    10
    10
     9
    24
     5
     2
     0
     0
     0
     7
    15
    28
    57
     8
    13
    21
    18
    17
    58
    22
    15
    50
    45
    18
     7
    80
    13
    20
     9
     0
     3
    13
     0
     0
    40
    68
    14
    64
    23
    28
    17
    34
     2
    11
     7
     6
    20
   161
    13
    19
     7
    32
     0
     0
     0
     0
     0
     0
    21
    88
    56
    91
     8
    13
    40
     2
    27
    11
     6
    12
    47
    16
    52
    21
    14
    29
     2
     0
     0
     0
     1
     0
    25
    14
    98
    47
    40
    19
     8
     7
    21
     3
     3
     7
     6
    17
    60
   110
     8
    23
     3
     0
     0
     5
     0
     0
    25
    51
     3
    16
    23
     9
     3
   195
     6
    14
    10
     2
    34
   152
    10
     0
    26
    10
     2
     0
     8
     0
     2
     0
    56
    55
    89
    39
    12
    18
     9
    65
    37
    27
    52
    17
     8
    27
    22
    18
    10
     9
     0
     0
     0
     0
     2
     0
    10
    59
    22
    16
     5
    11
    29
    13
     9
     5
    19
    43
     9
    55
    17
    47
    31
     7
     0
     0
     0
     0
     0
     0
     5
    99
   121
    64
    36
    64
    12
     2
    11
     9
    27
     1
    11
    20
   154
    23
    73
    11
     0
     0
     0
     0
     0
     0
    24
    23
   164
    11
     6
    59
    19
    15
    14
    10
    33
    42
    26
    15
    82
    55
    17
     5
     0
     0
     0
     0
     0
     0
    15
    13
    26
    84
    16
     2
    12
     9
    24
    23
     9
    30
    51
    18
    11
    14
    19
    16
     0
     0
     0
     0
     0
     0
    25
    12
    63
    11
     0
    11
    17
   147
    14
     7
    56
    10
    12
    17
    25
    54
    13
    11
     0
     8
     0
     0
     0
     0
    28
    59
    70
    60
     1
     8
    21
    29
    35
    12
    25
    12
     0
    25
     4
    70
   151
    32
     0
     0
     0
     0
     0
     0
     6
     3
     0
    55
    14
     7
    12
     1
     8
    14
   150
    24
     4
    48
    47
    53
    48
    51
     0
     0
     0
     7
     0
     2
    41
    59
    41
    21
     3
    27
     1
    16
    12
     3
    23
    14
     8
     9
     8
    40
    13
     7
     0
     4
     0
     0
     0
     0
     3
    83
    52
    43
    14
    15
    32
     9
     9
    23
    19
    20
    18
    26
    21
   167
    24
    22
     0
     0
     2
     0
     0
     3
    62
   108
    13
    21
    24
    24
    19
    48
    10
    20
   152
     1
     7
    13
    16
    59
    31
    28
     0
     0
     0
     0
     0
     0
    31
    12
    20
    89
     8
    17
    23
    31
     8
    19
    22
    20
    64
     6
    50
    10
    16
    12
     0
     0
     0
     0
     0
     0
    12
    10
    85
    45
    53
     2
     0
    29
     8
    21
     0
     8
   152
     7
    15
    20
     7
    17
     0
     5
     0
     7
     0
     0
    28
    51
    81
    60
    12
     0
    13
     9
     6
     7
    24
    17
     8
    14
    14
    40
    21
    13
     0
     0
     0
     0
     8
     0
   101
    99
   174
    93
    16
     7
     4
     2
     4
    42
    11
    78
    17
   194
     3
    52
    55
    11
     0
     0
     0
     0
     0
     0
    20
    47
     2
    51
   145
    16
    11
     0
    28
     6
     9
    25
    21
    16
    58
   203
     9
     1
     0
     1
     1
     0
     0
     0
    20
    16
    46
    16
    12
    13
    35
    24
    58
    16
    17
    33
    17
    10
    15
     5
    10
    14
     0
     0
     1
     0
     0
     0
     7
    32
    82
   149
    28
    12
    16
     0
    11
    62
   151
    21
    24
    39
    54
     9
    69
    16
     0
     7
     0
     0
     0
     0
    50
    97
    58
   163
    11
    17
    16
    25
    13
     9
   208
     1
    31
     4
    17
   154
     8
    26
     0
     0
     0
     0
     0
     0
    25
    12
   132
    90
    18
    15
     8
     9
    71
     8
    33
     1
    15
    23
    50
   103
     5
    13
     0
     0
     0
    10
     0
     0
    22
    14
    96
    41
    30
    12
    16
    22
     9
     5
    10
    16
     8
    22
    23
     0
    99
    10
     4
     0
     0
     0
     0
     2
    11
    44
     7
    56
    11
     0
    19
    14
    36
    25
    13
    11
    10
    47
    56
    43
    20
    13
     0
     0
     0
     0
     0
     0
    55
     5
    60
     9
    18
    11
    28
     8
    21
    11
    46
    76
    25
    43
   199
    23
    26
     9
     0
     0
     0
     8
     0
     1
    16
    60
   144
   110
    15
    33
     6
    17
   166
    33
    17
    56
    20
     2
     7
    58
     4
    24
     4
     0
     7
     0
     0
     0
   106
   101
    14
    34
    22
     3
     7
    29
     2
     9
    22
    23
    12
   153
   106
    16
    10
    23
     2
     0
     0
     0
     0
     0
    15
    19
   103
    34
    13
    51
    17
    52
    30
    21
    46
    46
    64
     6
     0
    63
    14
     5
     0
     0
     0
     0
     6
     3
     1
     6
   155
    72
     3
    41
    30
    10
    25
    24
    19
    28
    15
     8
     3
    46
    32
    57
     3
     0
     0
     0
     0
     0
    13
    58
    88
    45
    11
    54
     8
     6
     0
    69
    13
    29
   151
    14
    26
    14
    21
    13
     2
     0
     0
     0
     0
     0
    17
     7
    47
    13
     0
    31
     5
    21
     6
    18
     9
    57
     2
    14
    63
    32
    31
    13
     0
     0
     0
     0
     0
     0
     9
     9
    22
    50
    20
    17
    21
     6
    14
    14
     9
    48
    10
    20
    44
     9
    14
    25
     0
     0
     0
     0
     0
     0
    16
    11
    57
    75
    31
    21
    22
    15
     4
    27
    54
     4
    17
    22
    49
    12
    16
    17
     0
     0
     0
     0
     3
     0
     7
   142
    45
   100
     8
    20
    16
    13
     3
     3
    20
    22
     9
    12
    89
    17
     6
    16
     7
     0
     0
     6
     0
     0
     5
    10
    98
    29
    15
     8
    18
    10
    16
    14
    23
    13
    16
    16
   158
    18
     0
    55
     0
     7
     2
     0
     0
     4
     5
    10
    66
     5
    18
     3
    24
    10
    14
     9
    63
    12
     8
    14
   144
    40
     7
     5
     0
     0
     1
     0
     0
     0
     6
    22
     7
    81
    21
    53
     4
    65
    15
     6
     5
     3
    19
    25
     9
    12
    12
    22
     0
     0
     0
     0
     0
     0
     3
    25
   159
    54
    32
    44
    26
    22
     8
     7
    16
     7
    16
    13
   148
     4
    14
     9
     0
     0
     3
     0
     0
     2
    11
    42
    60
     4
     8
    16
    17
    15
    18
     7
     0
    32
    16
    12
     2
    94
    22
     4
     0
     0
     0
     0
     0
     8
    57
    43
    55
    56
    20
     8
    13
    18
    35
    18
     6
    25
    56
     0
    14
    16
    21
    16
     0
     0
     6
     0
     0
     0
    24
    15
   101
    90
    72
    16
     8
    16
    10
    14
    11
    26
   165
    14
    21
    21
    31
    78
     0
     0
     0
     0
     0
     0
     7
    22
    20
     2
    15
     9
     7
    13
     7
    20
    13
     1
     6
   168
     7
     1
    28
    19
     0
     0
     0
     0
     0
     0
    10
     8
    15
     0
    21
     7
     8
    23
     7
     0
     5
    19
     7
    62
    16
    31
     5
     5
     0
     0
     0
     0
     0
     9
     5
    42
    98
    59
    11
     3
     0
    20
    16
    15
    26
    22
     3
    21
    46
    11
    29
    25
     0
     5
     0
     0
     0
     5
    11
     6
    46
    59
    34
    10
    27
   165
    12
    17
    11
    15
    19
    27
     5
    65
     0
     8
     0
     0
     0
     0
     0
     6
    14
    57
   119
    25
     2
    10
    62
     8
    50
    19
    21
    11
    11
    27
    56
    18
    24
    45
     0
     0
     0
     0
     0
     0
    17
     0
    15
   144
    11
    31
    27
     6
    45
    16
    17
    16
     7
    29
    21
    60
    16
    43
     0
     0
     0
     0
     0
     0
    20
    91
    98
    47
    57
    14
    18
     6
    14
     7
    18
    12
    62
    27
     8
    57
    27
    14
     0
     0
     0
     0
     0
     0
    23
    50
     6
     8
     7
     8
    22
     8
    20
    43
    16
    21
    16
    17
    66
    46
    13
     1
     0
     1
     8
     0
     0
     0
    15
     2
    43
   105
     8
     0
    20
     0
     3
     2
    13
    15
    12
    11
    19
     8
     6
     9
     0
     4
     0
     0
     0
     0
     5
    17
    46
    66
    11
    36
    16
     8
    53
     3
    14
     0
    53
     4
     8
     6
    11
    25
     0
     0
     0
     0
     0
     0
     1
    45
    83
    47
    30
     4
    28
     7
    28
    20
    23
    17
    16
     6
    31
    14
    12
     0
     0
     0
     0
     3
     8
     0
    60
    12
    66
    17
    28
    24
    51
     8
    54
     2
    19
     9
    16
     3
    11
    17
    11
     2
     0
     0
     6
     0
     0
     0
    11
    94
     7
    50
    53
     4
    17
    29
    14
     9
    21
    25
    16
    91
    10
    25
     6
    13
     0
     0
     0
     0
     0
     0
    10
    95
    11
    72
    15
   139
    26
    33
    20
    53
    24
    23
    52
    20
     6
    20
    23
    48
     0
     0
     6
     0
     0
     0
    18
    90
    56
    10
    12
     0
    24
    58
    13
     1
     5
     7
     8
    32
    53
    13
    37
     0
     1
     0
     0
     0
     2
     5
    28
    38
    67
   141
     0
    19
    24
    24
    60
     2
    14
     3
    25
     5
    59
   188
     4
     8
     0
     0
     2
     0
     0
     8
     4
    92
    18
   142
    68
    23
    10
     0
    30
    18
    10
    86
    14
    10
    12
     9
     9
    19
     0
     1
     0
     0
     0
     0
    15
     8
    49
    14
     8
    25
     6
     7
    35
    11
    20
    12
    11
    57
    16
    23
    27
    22
     5
     0
     0
     7
     0
     7
     8
    57
    57
    14
   152
    17
    34
    14
    19
    31
    18
   146
    36
    15
     6
     5
    59
    51
     0
     0
     0
     0
     0
     1
    15
    59
   170
   166
    14
    37
    19
    21
    34
    15
     6
    11
    18
    32
    35
     4
     8
    18
     0
     0
     0
     0
     0
     0
     7
    20
   182
   125
     9
    16
    16
    21
    16
    42
    17
    45
    18
     5
    46
    21
    21
    25
     0
     0
     0
     2
     0
     0
    20
    67
    99
    59
     5
    18
    13
    40
    19
    26
     8
    18
    18
     7
   156
    48
    12
    19
     0
     0
     4
     0
     0
     0
    20
     8
    58
    57
    17
    12
     0
     7
    12
    13
     5
     6
    17
    13
   192
    30
     3
    18
     0
     6
     0
     0
     0
     0
    29
    22
    65
    85
     8
     8
     5
     0
     5
    20
     0
    11
     2
     3
    14
     6
    23
    19
     0
     8
     0
     0
     9
     0
    43
     5
    94
    90
     4
    25
    55
    26
    20
    17
    31
    13
     1
    18
    12
    61
    14
    53
     1
     0
     0
     0
     9
     1
     0
   145
    52
    64
    52
    15
    24
    10
    10
    64
    45
    12
    17
     7
    24
    58
    23
    19
     0
     4
     0
     4
     0
     0
    18
     3
   135
    84
     6
    19
    17
    17
    18
    27
    11
    28
     4
    31
    17
   115
     8
    14
     0
     2
     0
     0
     2
     0
    31
    63
    17
    51
    51
     7
    47
    22
     4
     8
    30
    22
    13
    15
    11
     1
    11
    48
     0
     0
     0
     0
     0
     0
    73
     9
    62
    49
    18
     4
    16
    20
    19
    10
    14
     7
    24
    21
    14
    12
     7
    68
    13
     0
     0
     0
    12
     0
    65
     4
    27
    13
   140
     7
     4
    22
     8
    54
    10
     5
    52
     7
     3
    10
    29
    57
     0
     0
     0
     9
     0
     0
     8
     5
    54
     9
     5
    12
    10
    15
     9
    11
    63
     6
    17
    24
    87
    27
    24
    17
     0
     0
     0
     7
     0
     0
     5
    58
    91
    20
     0
    17
    16
    11
    33
     0
    14
    48
     7
     7
    83
    17
    13
     5
     0
     0
     4
     0
     0
     2
    13
    15
    55
     3
    18
    19
    14
     6
    63
    13
    24
    55
     0
     8
    55
    11
    19
    11
     8
     4
     0
     0
     0
     0
     9
    63
    11
   107
   194
    21
    20
    27
    14
    16
    51
    28
    37
    14
    29
    16
     9
    18
     0
     0
     0
     0
     0
     2
    40
    57
    14
   180
    52
    33
    23
    11
    15
    16
    22
    15
     6
   139
    57
    96
    11
     7
     0
     8
     3
     0
     0
     1
    17
    59
   139
    31
     1
     5
     5
    10
     0
    20
     9
    26
    17
    23
     8
    72
     9
    27
     0
     0
     2
     2
    10
     0
     4
     5
    19
   109
     7
    12
    15
    14
    56
    17
     4
     8
    25
    20
     1
     5
    42
    44
     0
     0
     0
     0
     0
     0
    17
    60
    17
    46
    11
     5
    23
    21
     8
    17
    11
    10
     9
    11
    64
     2
    16
    18
     0
     3
     0
     0
     8
     0
    54
    19
    46
    20
    17
     5
     2
     1
   159
     6
    12
     6
     0
    17
    51
    16
    14
     0
     0
     0
     0
     0
     0
     0
    11
    22
    58
    13
    13
    22
     7
    16
    15
    18
    16
    11
    11
    10
   162
    15
    15
    16
     0
     0
     0
     0
     0
     0
    60
    19
    81
    45
    23
    20
    13
    11
    15
    31
    17
    16
     2
    44
    17
     0
     7
    18
     0
     0
     0
     0
     0
     0
     8
     6
     8
   184
    26
    14
    18
    25
    18
    10
    10
    13
    24
    21
    10
    98
    14
    35
     0
     0
     0
     0
     1
     0
    53
    14
    53
    52
     7
    46
     1
     8
    19
     0
    17
    16
     0
     9
   144
     2
     4
     7
     0
     0
     0
     0
     0
     0
    23
    50
    21
    16
     1
    13
    20
    10
     1
     5
    10
    13
     8
     8
    48
    14
    17
     8
     0
     0
     0
     0
     0
     0
    21
    54
    21
    23
    19
    19
   156
     0
     6
     7
     8
    25
    18
    11
    57
   146
    17
    49
     0
     2
     2
     0
     0
     1
    26
    19
   199
    26
    26
    12
    22
     0
    53
     6
    10
    15
     0
     8
    31
    52
     5
     9
     0
     0
     0
     0
     3
     0
    16
    91
    57
    18
     9
     7
    14
     1
    16
     9
    10
    28
    23
   157
     7
    54
     7
    11
     0
     0
     0
     0
     0
     3
    10
    11
   122
    96
    10
    37
   141
    18
    22
    23
    19
    14
    25
    20
    46
    52
    17
    26
     6
     0
     0
     0
     0
     0
    18
    11
   141
    48
    20
    53
    23
    38
    12
    10
    20
    15
    19
   151
    12
    64
     4
    13
     0
     0
     0
     0
     0
    12
    23
    96
   132
    93
    29
    13
     2
     6
    15
    11
    24
     8
    27
    40
     8
    23
     1
     8
     0
     0
     0
     0
     4
     0
     8
    61
    19
    42
     3
     8
     7
    29
    11
   160
    17
     8
     2
     5
   150
     8
    18
    20
     5
     0
     0
     0
     8
     0
     6
    48
    50
    66
    43
    40
     3
    27
     3
    18
     9
     7
    15
    11
    25
     4
     3
     9
     2
     0
     3
     0
     1
     0
     7
    54
    10
     9
    28
     2
     3
     8
     6
    24
    32
    20
    48
    43
    14
     7
     7
     9
     0
     6
     0
     0
     0
     0
     8
    86
   150
    32
     6
    15
    18
   162
    10
    22
     9
    10
     9
    13
     7
    52
    13
    19
     0
     0
     0
     0
     0
     6
    13
     8
   217
    46
    21
     0
    20
    21
    17
     9
    16
    19
     6
     7
    68
    94
     2
     7
     9
     0
     0
     0
     0
     0
    63
    59
   167
    19
    33
     8
    40
     8
    15
     6
    23
    17
     5
    14
    54
     4
    65
     5
     0
     1
     1
     0
     0
     0
     4
    51
     0
   113
    11
     0
   141
    12
     8
    14
    15
    19
    46
    17
     0
    11
    22
     0
     0
     0
     0
     0
     0
     0
     4
    85
    63
    18
    19
     3
    15
   153
    30
     9
     0
     9
    13
    11
    15
    22
     0
    54
     0
     7
     0
     3
     0
     0
    47
    10
    44
    35
    88
     3
     7
     2
    10
    12
    20
     8
    10
     2
    11
    39
    17
     8
     6
     0
     0
     0
     6
     0
    16
    48
     1
     3
     3
     9
     3
    17
    51
     8
     1
    17
    11
    25
     7
    53
    20
    53
     0
     8
     0
     5
     0
     0
     7
    66
    48
    11
    29
    10
     7
    12
     2
    19
    98
    17
    43
     9
    21
     3
     8
    11
     0
     0
     0
     0
     3
     0
    11
   100
   127
    18
    18
     7
    17
    10
    30
     2
     0
    25
    16
    16
   300
    11
    42
     2
     0
     0
     0
     0
     0
     0
    10
    55
    41
    14
    22
    11
     6
    12
    64
    53
     6
    17
    13
    93
    41
     1
     1
    16
     0
     0
     0
     0
     0
     0
    13
     9
   132
   117
     6
    21
    32
     1
    32
    12
    16
    19
    45
   145
     9
    17
    15
     6
     0
     0
     0
     0
     0
     0
     7
   141
   127
    91
     6
     0
    26
    40
    10
    14
    11
    12
     0
     9
    16
    44
    20
     1
     0
     0
     5
     0
     0
     0
    55
   100
     8
     5
    13
     7
    27
     0
    44
    27
    16
     0
    12
     4
    21
    12
     3
    42
    10
     7
     0
     0
     0
     7
    21
    46
    47
    51
     8
     4
     9
    14
    22
    49
    15
     0
     1
    21
    48
     3
    14
    20
     0
     0
     0
     0
     0
     0
    67
    76
    45
    43
    15
    18
    32
     9
    27
     5
     5
    10
     3
    28
    10
     8
    18
    26
     3
     0
     0
     0
     0
     0
    12
    53
   140
   118
    62
    11
    15
     4
    12
     4
    41
     4
    24
    17
   105
    10
    31
    36
     0
     4
     0
     0
     0
     3
    59
    52
    47
    91
    29
     8
    63
    22
    56
   155
    13
    11
     7
    12
    11
    53
    18
    11
     0
     4
     0
     0
     0
     0
     2
    11
    95
    46
    16
    11
     6
     3
     4
    17
    22
    52
    18
     5
     3
     2
     7
    13
     0
     0
     0
     0
     0
     0
    17
     6
    83
    17
    20
   152
     6
     0
     7
     1
    21
    14
     8
    24
   104
     6
     5
     8
     0
     1
     0
     0
     0
     0
     3
    47
     6
    25
    12
    15
    10
    16
    30
    15
    21
    12
    22
     0
    12
     9
    18
    13
     0
     1
     0
     0
     4
     0
    20
    13
     2
    85
    13
    14
     8
    15
    16
    54
    39
    18
     2
    17
     1
    15
    19
    24
     0
     0
     0
     0
     0
    14
    16
    15
    18
    49
    22
    17
    20
     6
     5
     0
     5
    20
    10
    14
   163
    46
    15
     6
     0
     0
     0
     0
     0
     0
    21
    60
    96
    26
    17
    13
     2
    51
     8
    41
    10
    21
    28
    15
    57
    53
    74
    32
     6
     0
     0
     0
     0
     0
     4
    53
    51
    31
    21
     7
     2
     9
    18
     7
     7
    45
    57
    43
    13
    16
    25
    23
     2
     1
     0
     0
     0
     0
     4
    19
    93
     8
    48
     7
    15
    10
    17
    17
     6
    12
    16
     3
    69
     6
    10
    21
     0
     0
     0
     0
     0
     0
     6
    58
    94
    41
     2
    11
     5
     8
     0
    19
    10
    12
    22
    18
    88
   141
     3
    14
     0
     5
     0
     0
     0
     0
    39
    12
    38
    45
     0
     1
    42
     5
     2
     2
    14
     4
    24
    35
    53
     8
    17
    17
     0
     0
     0
     0
     2
     0
     5
    59
    42
    54
    99
    21
    12
     8
     3
    25
    46
    13
     6
    45
    25
    51
    20
    15
     0
     0
     0
     5
     0
     0
    13
    32
    91
   128
    12
    15
    17
     5
    10
     1
     9
     2
     8
     6
   151
   101
    18
     6
     0
     0
     0
     4
     3
     3
     7
    99
    14
     5
    12
    22
    21
    52
    43
    18
    26
    62
    20
    28
    16
    47
    79
    23
     0
     0
     0
     0
     0
     0
    44
   142
    58
    22
    26
    15
     0
     6
    24
    14
     4
    16
    10
    84
   144
     4
     7
    12
     0
     0
     0
     0
     0
     0
     4
    13
   131
   125
    13
     6
     1
    10
     4
    20
    48
     9
     5
     0
    53
    49
    18
    42
     0
     0
     0
     0
     0
     0
     5
    68
   100
    52
     2
     1
     4
    11
     9
    39
     9
     5
    16
     9
    47
    18
    30
     7
     0
     0
     2
     6
     0
     0
     8
    60
    60
    93
    17
    64
    13
    15
     1
     9
     0
    15
     7
    20
    21
     3
    11
     7
     0
     0
     0
     0
     0
     0
    23
    22
    90
    47
    13
     8
    13
     3
    51
    28
     8
     3
    23
   178
     1
    46
     3
    22
     0
     0
     0
     0
     0
     0
    14
    26
   143
    75
    15
     5
    14
    14
    14
    47
    10
    10
     6
    11
    50
    10
    23
    12
     0
     0
     0
     0
     0
     3
    57
     2
    43
    57
    56
     3
     6
     7
    13
    14
    13
    15
     8
     1
    53
     8
     7
    58
     3
     0
     0
     3
     4
     0
     4
   126
    49
    57
    27
    18
    13
    18
    25
     6
    17
     6
     1
    20
    20
    10
    14
    11
     0
     0
     0
     4
     0
     0
     1
    63
   134
    16
     8
     9
    14
     2
    33
    52
     3
    19
    12
     5
    50
   127
    14
    52
     0
     0
     0
     0
     5
     0
     7
     9
     5
    53
    11
    41
    22
    23
     9
    16
    53
    12
    12
    12
    18
    11
     0
    11
     0
     0
     0
     0
     0
     0
    13
    10
   111
    56
     4
    16
     1
     5
     5
    23
     0
    15
    29
     2
    41
    13
    17
    47
     0
     0
     3
     0
     0
     0
    21
    34
    17
     6
     8
    11
    25
    42
    15
    18
    13
    12
    18
     7
   165
    22
    44
    56
     0
     0
     6
     0
     0
     0
    47
     6
    62
    48
     3
    11
     1
    13
    22
     2
     6
    27
     3
    12
    49
     4
    13
    19
     0
     0
     2
     0
     0
     6
    11
    27
   111
    92
    19
    37
    25
    13
    31
     8
    64
    22
    14
    64
   110
    59
    62
     4
     0
     0
     0
     5
     0
     0
     5
   175
    44
    65
     8
    16
    21
   100
     0
     7
     8
    10
    21
    18
    21
    50
    26
    12
     0
     0
     0
     4
     0
     0
     2
    49
   138
    11
    14
     7
     0
     3
    20
     6
    61
    12
    27
    77
    30
    10
     4
     0
     7
     0
     7
     2
     0
     0
     8
    57
    12
   152
    64
     9
     3
     6
    17
     9
    17
     0
     5
     8
    58
    12
    12
     8
     0
     0
     1
     0
     0
     0
     8
     7
    14
    54
     6
     3
    14
    52
     7
     6
     8
    58
     8
    21
    10
     6
     3
    25
     0
     0
     0
     0
     0
     5
    29
    46
   122
     4
    11
    10
     5
    21
    16
    50
    15
     6
    21
    13
    49
    22
    11
     5
     0
     0
     0
     0
     0
     5
     8
    42
    53
     7
    17
     9
    14
    14
    38
    55
    40
     6
    43
     9
    56
    59
    12
    25
     0
     0
     0
     0
    11
     0
    26
     9
     9
    80
    25
    18
    29
    29
    61
    92
     7
     8
    22
    50
    24
    18
    15
    35
     0
     0
     0
     0
    10
     0
    21
    42
    99
    28
    14
    90
    22
    58
    17
    68
     2
     5
    54
    11
    49
     3
     8
    16
     0
     0
     0
     0
     2
     0
     1
    52
    21
     5
    95
    25
    17
     9
    45
     3
    13
   156
    17
    49
    11
    53
    63
    25
     0
     0
     0
     0
     0
     0
     1
     2
   125
    56
     4
    15
    14
    12
    16
     1
    16
    11
    52
    10
    98
    16
    16
     4
     0
     0
     0
     5
     0
     0
     3
    62
    99
    81
    14
    45
    13
     1
    17
    14
     6
     5
    25
    30
    12
     9
     2
     2
     6
     0
     0
     9
     3
     6
    53
     2
    14
    16
    31
     9
     5
    14
    51
     9
     7
    20
    14
    40
     4
    27
    16
     7
     0
     0
     6
     0
     0
     0
    19
    48
   103
    61
    11
     8
    22
     8
    22
     0
     6
    34
    12
    25
    14
    64
    13
    48
     2
     0
     0
     0
     0
     0
     9
    75
   190
    18
    27
    10
    45
    32
    14
     0
    49
    18
    11
    10
     7
    11
    16
    15
     0
    10
     0
     1
     0
     0
    31
    53
   129
    62
    16
     5
    10
    13
    59
    22
    24
    21
    23
    12
    26
    26
    21
    17
     3
     0
     0
     0
     0
     0
    26
    96
    55
    96
     7
    10
    10
     4
     2
    14
    13
    13
     2
    13
     8
     3
     5
    21
     0
     0
     0
     0
     0
     0
    14
    92
    85
    51
     1
    17
   179
    32
     8
    12
    24
    25
    13
    16
    11
    57
   150
    23
     0
     0
     5
     0
     0
     0
     6
    15
    99
    10
    43
     5
     2
     5
    34
    12
     0
     6
    22
    17
    10
    66
     3
    13
     0
     8
     0
     0
     0
     0
    28
    49
    14
    88
    29
     7
    15
    20
     7
     5
    20
     4
    16
     2
    19
     5
     9
    20
     0
     2
     0
     0
     0
     0
    21
    10
    13
     9
     4
    12
    17
    40
    13
    25
     6
    22
    17
    11
    17
    14
    50
    19
     0
     5
     0
     0
     0
     0
    16
   127
   129
    38
    16
    16
     8
     9
    10
    19
    11
    16
     8
    12
    56
    44
     4
    12
     0
     0
     0
     0
     0
     0
    20
   131
   125
   114
    27
    16
     7
    44
     7
    15
     3
     8
    10
    11
    20
    13
    17
   146
     0
     0
     0
     0
     0
     0
    13
    11
    19
    13
    13
     6
     4
    13
     7
    51
    21
    24
    16
    40
    21
    61
    28
     0
     0
     0
     0
     0
     0
     0
    13
    47
   146
     7
     7
     0
     5
    18
    50
    22
    18
    19
    10
     3
   134
     7
   149
    25
     0
     0
     0
     0
     0
     8
    46
     0
     9
     2
    16
     5
    15
    53
    21
    25
    15
     0
    17
    67
    16
    62
     7
    14
     8
     0
     0
     0
     0
     0
    13
    67
     1
    15
     1
     7
    56
     9
    16
    20
    22
    49
     2
    60
   134
    25
     2
     5
     0
     0
     0
     6
     0
     0
    20
    15
   119
    25
     5
    18
    29
   104
    27
    19
    28
     5
    15
    10
   152
    16
    21
    11
     0
     0
     0
     0
     0
     0
    20
    63
    19
    15
    26
    27
    10
    24
    35
    15
     7
    21
    14
    25
     8
    56
     8
    33
     0
     0
     0
     1
     0
     0
     2
    66
   141
   101
    13
     0
     9
    12
     1
    20
    55
     4
    16
    10
    60
    49
    20
    50
     0
     0
     0
     0
     0
     0
    25
    22
     6
    10
    48
    13
     1
    15
    23
     6
     9
    20
     9
    18
    52
    67
    10
    30
     0
     0
     0
     0
     0
     3
    20
    13
    82
   109
     9
    12
    18
    10
    17
    11
    18
     5
    20
    59
    45
    88
    11
    23
     0
     0
     0
     1
     0
     0
     9
    77
   150
     0
    17
     8
    10
     5
    22
     8
    33
     4
    18
    21
    57
    60
    15
    31
     0
     0
     3
     0
     0
     0
     9
     8
   127
     5
    11
     2
    34
    19
     0
     7
    41
    14
    30
    10
    17
    60
     3
    20
     0
     0
     7
     7
     4
     0
    20
   129
    10
    45
    36
    13
    17
     6
    16
     6
    27
    28
    41
     4
    55
    55
     1
     9
     0
     0
     0
     0
     0
     8
    25
    12
    10
    85
    18
     6
    24
     0
     8
    12
     9
    24
    14
    13
    74
    41
    26
     3
     3
     1
     0
     0
     0
     0
    64
    16
   177
    53
    12
    14
    22
    22
    50
     4
    25
    14
     0
    44
    55
    33
    22
    13
     0
     6
     0
     0
     0
     0
     4
    99
   125
    57
     9
     5
    15
    13
     5
    23
    14
    21
    11
     8
    24
     9
    15
     6
     0
     0
     0
     2
     0
     0
    11
     8
    82
    51
     0
    24
     8
    18
    11
    44
    22
     9
    20
     1
     7
   148
     0
     6
     0
     0
     0
     0
     0
     0
    17
    65
   101
     9
    28
     3
    35
    12
    21
     5
    14
   151
     0
    22
    20
    13
     5
     4
     9
     5
     6
     0
     0
     0
     5
    52
    21
    11
     8
     3
     9
     7
    16
     9
     2
     5
    20
     8
   334
    41
    20
    29
     2
     2
     0
     1
     0
     0
    18
     3
    95
    47
    12
    13
    11
     6
    13
     3
     8
     9
    28
    13
     8
   169
   153
    14
     0
     0
     0
     0
     5
     0
    20
    23
   192
    48
    30
    13
    36
    30
    50
    13
    33
     8
    17
    16
    12
    93
     6
    35
     3
     0
     0
     0
     0
     0
    12
    62
   105
    10
    17
     7
    25
    22
    24
     1
    22
    16
    11
    16
    68
    43
    22
    59
     0
     0
     0
     0
     0
     0
    19
    42
    40
    52
     0
    22
     7
    15
    29
    39
     4
    13
    17
    10
    25
    53
    62
     7
     0
     0
     6
     0
     0
     0
    15
    95
   191
    64
    97
    25
     3
    11
    28
     0
     5
     6
     9
    16
    17
    14
     1
    14
     2
     0
     6
     0
     3
     3
    34
    97
    91
    82
    54
    13
     2
     2
     7
    26
    29
     9
    43
    13
     3
    84
     5
    59
     0
     0
     4
     0
     0
     1
    26
    58
    58
    27
    11
    19
     9
    17
    23
    16
     5
     9
    49
     3
    10
    94
     8
    26
     0
     0
     0
     0
     1
     0
     9
    11
    57
     2
    35
     8
    44
    19
     6
     2
    14
    14
     4
    10
    24
    50
    29
    12
     4
     0
     2
     0
     0
     9
    20
    10
    13
     7
    49
     7
    99
    29
    16
    16
    30
    14
    17
    15
     2
    57
    15
     4
     1
     0
     0
     0
     0
     0
    71
    17
    42
   198
     9
    81
    26
    21
     8
   174
     5
    40
     7
    59
   113
    52
    15
     6
     0
     0
     0
     0
     0
     0
     1
    13
    49
    48
     3
     7
    35
    13
     1
    16
    22
     3
    23
    23
    20
    19
     7
    13
     0
     0
     5
     0
     0
     0
     9
     6
    61
   115
    14
    21
    45
    16
     3
    12
    12
     9
    51
    15
     3
    24
    11
    46
     0
     0
    10
     0
     0
     0
     7
    29
    60
    88
    11
    11
    55
    11
    45
     6
    10
    27
    16
     5
    35
    62
    13
     2
     0
     0
     5
     5
     0
     0
     0
     0
    14
    11
     0
    14
    20
     0
   157
    74
    11
    21
    11
   150
     2
   192
   140
    11
    59
     8
     0
     0
     5
     5
     9
     8
    18
   162
     7
    18
     9
    31
     7
    15
    18
     8
    18
     8
    28
    14
    17
     4
     3
     0
     4
     0
     0
     0
     4
    37
    24
   126
    11
     6
    18
    75
     1
    29
    27
    24
     5
     8
   147
    26
    53
     9
    55
     7
     0
     5
     7
     0
     0
    28
     0
    94
    76
    17
    25
    30
    55
    17
    13
    10
    13
    19
    18
     7
    22
    17
     9
     0
     0
     5
     2
     0
     0
    32
     9
    73
   123
    54
    10
    19
    12
    10
     6
    19
    16
     6
    16
    29
    22
    47
     0
     0
     0
     0
     0
     0
     0
    43
    66
     8
    17
    20
    17
    19
    20
    16
    13
    11
    11
    28
    44
     8
    52
    10
     0
     0
     0
     0
     0
     0
     0
    20
    17
    99
    48
    16
     7
    46
    27
    10
    29
    53
    14
    11
    16
    48
     7
    20
    12
     0
     0
     8
     0
     0
     0
     9
     4
    63
    19
    10
    42
     8
    41
    54
     0
    70
    11
    14
    11
   104
    44
     6
     3
     0
     0
     0
     0
     0
     0
     7
    47
    38
     5
     1
     6
    12
     1
     8
    19
    21
    16
     1
    15
     9
    61
    47
    10
     0
     0
     0
     2
     0
     0
    33
     5
    69
    48
    41
     6
     4
    14
    43
    48
    20
     4
    22
    55
    12
    51
    10
    24
     0
     4
     0
     0
     0
     0
     8
    17
    50
    13
     6
    21
    12
    33
    29
    12
    16
    67
     4
    13
    19
   154
     4
    12
     0
     0
     0
     3
     0
     0
    15
    58
    41
    60
     0
    96
    24
   141
    16
    14
    20
     6
     9
     6
    23
     6
    16
     4
     0
     0
     0
     1
     0
     0
    25
    59
    58
    47
    12
    21
    21
     8
     1
     9
    24
    13
    36
    84
    75
    21
    18
    16
     0
     0
     0
     4
     2
     2
     9
    64
    47
    15
    22
     7
    14
     7
     7
    26
     9
    46
     9
     4
    15
    37
    19
    14
     0
     0
     0
     0
     0
     0
    14
    56
    56
    37
    16
    12
    11
     3
     0
    10
     3
    13
     4
    64
    49
    54
    27
    17
     0
     0
     0
     6
     0
     1
    19
    59
    44
    94
     0
    24
     6
    12
    32
    14
    22
     0
    60
    14
     4
    15
    23
     5
     0
     3
     0
     0
     0
     5
     7
    63
   189
    52
    31
    29
    14
    22
    23
     1
    27
     7
    12
    12
    42
    15
    12
    21
     8
     0
     2
     0
     4
     9
    25
    96
    45
   103
    18
     6
    38
     2
    32
    16
    30
     0
     8
     0
    25
    64
    17
    12
     0
     0
     0
     6
     9
     0
     5
    13
    41
    58
    19
     1
    17
    56
    11
    21
     0
     0
     7
   166
    17
    97
     4
     3
     0
     0
     5
     0
     0
     7
    32
    92
   136
     2
    25
     8
    14
    18
    44
    29
     3
     7
   102
     5
     9
    45
     9
    15
     0
     0
     0
     0
     0
     0
     8
    25
    23
    52
     0
     0
     0
    64
    11
    96
     2
    13
    47
     0
    68
    17
     4
     8
     0
     0
     0
     0
     5
     9
    28
    64
    64
    99
    16
    21
    61
    17
    15
     9
    34
    17
     5
    43
     0
    69
     5
    22
     3
     0
     0
     0
     6
     0
     3
    79
    17
    18
    14
     5
     6
    13
    15
    12
    12
    40
    25
    10
    41
    19
    20
     2
     0
     0
     0
     0
     0
     0
    26
    20
    57
   137
    61
     8
   146
     9
    19
    14
    20
     6
    22
    16
    11
    27
    34
    11
     1
     0
     0
     0
     0
     0
    26
    47
    61
    92
    10
    26
     5
     4
    25
    20
     7
    61
    43
     4
    56
    72
    18
    19
     0
     0
     0
     0
     2
     3
    17
     5
    52
    63
     8
    37
     5
     8
     1
     5
     0
    21
     9
    27
     4
    55
    22
    43
     0
     4
     0
     0
     0
     7
    21
    78
    17
    64
   140
    12
    10
    23
    10
     0
     6
    26
    16
     1
     3
    11
    57
     5
     0
     8
     0
     0
     0
     0
    23
    23
    58
   122
     0
     3
    51
    17
    13
    35
     9
     4
     7
    11
     0
    89
    17
    10
     0
     0
     0
     0
     3
     0
    56
    13
    62
    47
    20
    17
    19
    19
    26
    13
    14
    79
     0
   163
   262
   106
    10
    77
     0
     4
     0
     0
     0
     0
    50
   112
    84
    50
    59
    15
     8
    25
     5
     4
     9
     6
    60
    82
     1
    17
    55
     8
     0
     0
     4
     0
     0
     3
    14
    42
   139
   179
    17
    61
    16
    19
     6
    13
    16
    34
    33
    22
    23
    96
    17
    31
     0
     0
     0
     4
     3
    10
    21
    56
    21
    51
    13
    32
   218
    13
    31
    20
    18
    20
    55
    13
   137
    50
    20
    23
     0
     0
     0
     0
     0
     0
    35
     7
    59
    18
    26
    11
     4
    48
    26
     9
     7
    34
    16
    17
    20
    31
    14
    26
     0
     4
     0
     0
     0
     0
    13
    89
    93
    74
    22
     7
    17
     1
     1
    18
    19
    15
    23
    13
     7
     2
     5
    32
     0
     0
     0
     0
     0
     0
     9
    11
    13
    13
    13
     8
    11
    60
    13
    20
   158
    22
     8
    12
     4
    45
    37
    30
     0
     0
     0
     0
     0
     0
     2
    45
    70
     9
    42
     9
    24
    13
    17
     2
    57
     8
    26
    14
    11
    87
    14
     8
     0
     8
     0
     0
     0
     2
     7
    68
   157
    17
    73
    10
    14
   158
     1
    52
    48
     3
    11
    32
    17
    81
    51
     6
     7
     0
     0
     1
     0
     0
    67
    73
    31
    80
     7
    11
    18
    26
    17
    13
    15
    11
     4
     5
    20
    53
     3
    21
     9
     3
     0
     0
     0
     0
     9
    23
    14
    63
    61
    60
    16
    13
     7
     4
    18
    21
    15
    20
    22
    46
    27
    25
     0
     9
     0
     0
     0
     0
    26
   179
    25
    10
    19
    56
     8
     5
    25
    36
    48
    13
    23
     4
    14
    14
    20
    20
     0
     0
     0
     0
     0
     0
    10
    49
    32
    54
    19
     9
    16
    25
    19
    21
     8
     9
     7
     3
   233
    60
     7
    15
     5
     0
     5
     3
     0
     0
    27
    83
    15
    16
     7
    50
     5
    20
    10
    25
     7
     9
     9
     9
    18
    21
    29
    16
     7
     0
     2
     3
     0
     0
    22
    53
    39
    20
    23
     9
    13
     8
    19
     1
     6
    21
    15
    13
     5
    21
    16
     0
     0
     0
     0
     4
     0
     0
     3
    58
    17
    62
     6
    53
    19
     1
    55
    13
    20
    35
     6
    46
    65
    13
    10
     2
     0
     5
     0
     0
     0
     0
    56
    13
    62
    89
    30
   144
     5
     7
    31
    27
     9
    18
    15
     8
    25
     7
    17
    27
     0
     0
     2
     5
     4
     0
    25
    36
   199
    73
    48
     5
    21
    11
    21
    10
    26
     8
     7
    61
    13
    62
     0
    12
     0
     0
     1
     0
     0
     0
    10
    56
    95
    82
    21
     6
    23
   156
     7
    21
    14
    21
    14
    16
     9
    58
    95
    24
     0
     3
     0
     0
     0
     4
     3
    50
   115
    23
    19
    16
    13
    18
    16
    24
    19
    21
     6
     5
     7
    93
    13
     7
     0
     9
     7
     0
     0
     0
    24
   180
    11
    56
    13
     3
     9
    21
    25
     4
    11
    23
    27
    10
    46
    20
     7
     0
     0
     0
     1
     0
     0
     0
    32
    59
    46
    17
    27
     9
     9
    17
    21
     2
    10
    20
    21
     0
     3
    21
    47
     8
     0
     0
     0
     0
     0
     0
    23
    25
    29
     5
    13
     9
     6
    25
    14
    12
    29
    12
     9
    12
    10
   196
     5
     5
     0
     0
     0
     0
     0
     0
     5
    53
    65
    60
    24
     3
     9
     9
     4
    14
    84
     8
     7
    66
    60
    51
    21
     5
     0
     0
     0
     0
     0
     0
    59
     9
    57
    19
    24
     5
    55
    29
    23
    56
     7
    49
    27
    15
    88
     7
    25
    51
     0
     6
     0
     0
     0
     0
    11
    61
   101
   103
    23
     9
    13
    10
     8
    12
    40
     3
     6
    41
    64
    22
    37
    20
     0
     0
     3
     2
     0
     0
     5
    11
   123
    91
    56
     9
     8
    13
     7
    12
    18
    27
    20
     5
    59
    48
     1
    17
     4
     0
     0
     0
     0
     0
     5
    13
   134
    87
    37
     9
     6
    10
   163
    12
    64
    28
    35
     4
     8
    14
    10
    18
     1
     0
     0
     0
     0
     0
    79
    82
   161
    50
    31
     9
    11
    16
    10
     6
    13
    41
    10
    14
     4
    46
    17
    10
    14
     8
     0
     0
     0
     0
    52
     9
    82
     7
     4
    10
    12
     9
    22
    23
    22
    47
    23
    11
    11
    17
    56
     5
     8
     0
     0
     0
     5
     0
    68
    10
   217
    32
    99
    53
    32
    18
    18
    22
     3
    36
     5
    56
    21
    81
    46
    15
     0
     0
     3
     0
     0
     0
    13
    61
    71
    89
    22
    11
    35
   151
    31
    28
    22
    19
    46
    14
    26
    61
    13
    35
     0
     0
     2
     6
     0
     0
    11
     1
    40
    19
     3
    18
     0
    12
     5
    17
    41
    19
    31
    10
    17
    14
    39
     0
     0
