   143
     9
     7
     6
     0
   115
   419
   353
   230
   141
   115
   146
   113
   139
   112
   180
   166
    84
   253
   204
    78
   143
    74
     4
     9
    11
     0
     4
     4
   112
   393
   450
   342
    74
    94
    88
   150
   110
    95
    68
   104
    78
   381
   224
   193
    59
    92
     0
    19
     7
     2
     8
     9
   115
   181
   373
   379
    68
    95
   204
    82
   257
    80
    96
   217
    84
   140
   216
   306
    82
    72
     8
     1
    11
     3
     8
     2
   147
   196
   424
   230
   133
    86
   217
   148
    73
    51
    66
    79
    47
    81
   259
    89
   200
   115
     0
     7
     0
     7
     5
     3
   120
   141
   480
   412
    74
   106
    66
    75
   170
    63
    61
   133
    61
   206
   281
   326
    59
    54
     5
    13
     5
     6
     1
     0
   173
   282
   472
   381
   284
   192
    89
   171
   101
   112
   261
   122
   210
   192
   207
   216
   107
   146
    11
     0
    15
     0
     0
     3
   198
   184
   532
   217
   131
   129
   167
    66
   128
    78
   123
   153
   272
   244
   282
   256
   141
    76
     6
     5
    13
     9
     0
    13
    65
   306
   365
   128
   135
    64
    59
   127
   225
    57
    89
    88
   120
   101
   236
   171
   109
   127
     4
     9
     0
     0
     0
     4
   123
   235
   393
   461
    71
    86
   167
   132
    61
   236
    48
    74
   245
   168
   132
   260
   113
   142
    15
     0
     5
     0
     5
     1
   252
   269
   291
   325
    90
   174
   153
    93
    72
   115
    79
   108
   132
    99
   300
   145
    98
   204
     4
     3
     3
     0
     0
     0
   173
   475
   595
   384
   154
    86
   154
   231
   235
   148
   100
    60
    98
   342
   407
    93
    97
   126
     3
     9
    12
    31
     3
     3
    93
   390
   320
   187
    73
   146
   149
   128
    95
   105
   116
   119
    80
   167
   228
   183
   108
    80
    25
     1
    17
     0
     4
     0
   148
   420
   416
   374
   179
   110
   173
   150
    87
   113
   112
   271
   158
   251
   166
   218
   163
   133
     5
    15
     0
    14
     5
     7
   159
   457
   547
   228
   144
   136
    82
   152
    75
   148
    80
   140
   110
   143
   311
   226
    86
   158
     7
     6
     0
     6
     8
     1
   104
   217
   513
   202
   113
   131
   117
   202
    71
    66
    65
   199
    89
    44
   197
   147
   135
   108
     0
     6
     4
     0
     0
     5
   119
   240
   286
   215
    93
   116
   167
   102
   101
    80
   169
    74
    88
   132
   196
   366
    73
   176
     4
     2
     2
    11
     7
     3
   109
   229
   173
   278
   211
   122
   292
    72
   111
    80
   107
   154
   166
   145
   268
   155
   146
   174
     2
     0
     2
     2
     4
    14
   219
   117
   391
   397
   116
    32
    88
   120
   195
    70
   135
    96
   106
   211
   245
   187
   102
    88
     7
     0
     0
     8
    12
     0
   130
   186
   189
   328
   161
   114
    54
    39
   112
   124
    82
    52
   107
    54
   131
   349
    91
    87
    15
     1
     0
    10
     0
     6
   210
   296
   420
   283
   132
   114
   245
   100
   174
    80
    81
   179
   150
   235
   233
   210
   101
   195
     6
     9
    10
    15
     0
     0
   151
   158
   634
   432
   260
    83
    75
   112
   141
   116
   229
   131
   167
   109
   554
   185
   133
   222
     0
    24
     8
    12
     2
    12
   185
   279
   334
   311
   130
   121
   103
   130
    74
    63
   113
   111
    94
   139
   192
   102
   101
    83
    10
    20
     0
     1
     5
     4
    96
   274
   401
   461
   114
   155
   144
    53
    85
   219
   236
   146
   124
   226
   105
   108
    71
   152
     5
     5
     0
     3
     7
     9
    76
   296
   622
   159
    78
   128
   126
    91
    63
    57
   144
   175
    83
   544
   205
    85
    92
   120
     8
    13
     2
    13
     0
     0
   173
   497
   326
   217
    63
    55
   148
    82
    49
    68
    91
   115
    94
   118
   195
   196
    41
    75
     9
     0
     5
     1
     1
    17
   150
   107
   468
   232
   235
   130
    52
    96
   107
   416
    75
    75
   114
   155
   137
   134
    87
   126
     9
     8
     5
    29
     0
     2
   106
   307
   455
   260
   208
   147
   143
   187
    74
   337
    68
   158
   132
   413
   379
   300
    78
   149
    10
     6
    20
     7
     5
     6
   121
   265
   614
   468
   103
   104
   288
   144
   113
    45
    86
    76
   107
   192
   402
   276
    73
   175
    13
     8
     9
     5
     4
     0
    71
   372
   464
   244
   149
    64
    94
   197
    90
   123
    31
   139
    63
   242
   280
   221
   117
   138
     3
    13
     4
     5
     0
     1
   120
   233
   390
   272
    78
    74
   126
    77
   143
    79
    95
   122
    67
    56
   145
   353
   124
   110
     0
     3
     0
    11
     0
     7
    98
   289
   229
   381
   125
   104
    52
   230
   128
    97
    61
    84
   270
   103
   207
   131
   123
    92
     1
     7
     0
     4
     4
     5
   214
   338
   409
   439
    93
   113
    85
    82
   104
   152
   110
   165
    70
   110
   399
   504
    51
   254
    24
     3
     5
     0
     0
     0
   102
   253
   389
   331
   158
    77
    81
   104
    85
    72
    84
    96
   131
   232
   189
   157
   156
    81
     3
    17
     8
     1
     0
    15
    84
   361
   714
   249
    65
    77
   125
    87
    84
   167
    90
   252
   209
   286
   359
   120
   246
   121
     0
     0
    16
    13
    16
    11
    99
   272
   517
   448
   109
    97
    89
   176
   172
   214
   109
   116
   116
   116
   316
   174
   137
   164
     1
    16
     0
     0
     7
     9
   107
   325
   304
   224
    81
   204
   161
   126
    70
   124
   348
   387
    78
    77
   118
   209
    63
   132
     1
    18
     0
     9
     0
     5
    91
   229
   241
   320
   125
    84
   260
    90
   125
   117
   157
   120
   133
   118
   324
   274
   229
   125
     0
     3
     2
    22
     8
     4
    95
   241
   390
   356
    56
   152
   203
    65
    97
   122
   229
    95
    73
   140
   190
   163
    61
    52
     0
     0
     1
     6
     4
     5
   137
   291
   497
   294
    60
    87
    97
    58
    87
   212
   108
   131
    95
   274
   250
   291
   117
   163
     0
     6
     5
     0
     0
     6
   130
   367
   455
   330
    43
   133
    62
    95
    84
   225
    92
    62
   100
   224
   299
   195
    81
    77
     9
     8
     9
     0
     4
     8
   147
   245
   591
   197
   204
   148
    93
   155
   168
    91
   128
    88
   237
    79
   201
   261
    78
   110
    17
    18
     8
     0
     3
     0
   103
   506
   460
   384
    80
   129
    76
    61
   214
   164
   122
   149
   198
   262
   317
   407
    94
    96
     0
     9
     2
    11
    11
     4
   123
   323
   318
   258
    65
    78
    74
   255
    97
   123
   111
   111
    84
   280
   420
   243
   132
    57
     5
     0
     2
    10
     0
     0
   102
   364
   368
   209
   120
    50
    89
   200
    52
   639
    63
   118
   129
   148
   355
   195
    63
   121
     0
     0
     2
     0
    10
     6
   192
   324
   261
   231
    88
   136
    95
   230
    86
   185
   170
   130
   111
   356
   258
   267
   160
    94
     7
     9
     0
     3
     3
     5
   128
   379
   267
   488
   134
    93
    71
    89
   100
    68
    68
   207
   142
   120
   346
   409
   170
   124
     5
     0
     0
     0
     5
     1
   128
   339
   484
   237
   108
   210
   371
   267
   139
    79
    63
    96
   270
   238
   524
   157
   117
   126
    10
     6
     0
    15
     4
     6
   160
   416
   361
   247
    85
   125
   136
   149
   140
   171
   109
    84
   276
   129
   357
   140
   134
   170
     2
     5
     0
     0
    11
     3
   119
   475
   560
   397
    84
   113
   149
   187
    93
   122
   277
    84
    85
    86
   205
   218
   172
   138
     8
     0
     9
     3
     7
     1
   171
   149
   412
   367
   134
    44
   105
   121
   214
    81
    67
    97
    78
   119
   105
   246
    91
    94
    10
     3
     5
     6
    14
     0
   163
   263
   396
   283
    72
   246
   110
   121
   114
    62
    67
    71
    59
   126
    92
   223
    72
    51
     8
    14
     0
     3
     0
    15
   106
   216
   344
   182
   156
   192
   130
   128
    87
    60
   161
   253
    87
    74
   387
   273
   154
   154
    16
     1
    10
     7
     0
     0
   171
   157
   306
   321
   129
   112
   149
    73
    70
   108
    82
    95
   134
   130
   260
   207
   106
    84
    15
     0
    15
     0
     0
     9
   149
   331
   447
   313
   166
    45
    98
    51
    74
    44
   135
   116
   177
   121
   121
   129
    55
   117
     5
    35
    11
    11
    13
     4
   138
   312
   330
   456
   113
    77
    74
   103
   186
   229
    69
   294
   262
   139
   148
   132
    97
   192
     5
     2
     0
     0
     8
     6
   210
   278
   448
   295
    99
   178
    81
   138
   238
    88
   167
    93
   133
   317
   179
   290
    76
    94
    12
     5
     9
     7
     4
     9
   202
    84
   334
   134
   106
   164
    90
   190
    83
    92
    72
   104
   110
   339
   241
   257
   105
    72
     7
     0
    28
     9
     1
    12
   140
   319
   545
   161
   209
   210
   110
    83
    65
    88
   215
   192
   124
   145
   440
   120
    97
    74
     3
     9
     5
     2
     0
     5
    31
   224
   479
   335
   222
   106
    80
    70
    81
   258
   165
   120
   110
   148
   166
   217
    89
   232
    12
    10
     3
     6
     0
     9
   159
   187
   419
   428
   112
    70
   147
    89
   386
   106
    83
   130
    96
   121
   239
   114
   133
    78
    10
     1
    15
     0
     0
     6
    90
   336
   497
   267
    57
   123
   124
   117
   120
    84
   153
   182
    69
   206
   139
   219
    90
   118
     8
    14
     0
     3
     0
     6
   204
   328
   436
   169
   268
   126
   142
   145
   141
    77
   198
   291
   170
   142
   297
   189
    99
   181
     9
     6
    11
     2
     0
     2
    72
   351
   559
   534
   252
   108
   133
    84
   242
   105
   118
   126
   143
   133
   214
   150
    90
   128
     6
     0
     0
     2
     0
     7
   125
   160
   176
   447
    71
   161
   118
    97
   118
    82
   131
   135
   227
    99
   136
   354
   284
   101
    11
    11
    10
     5
     0
     0
   111
   314
   215
   215
   100
   125
    99
   137
    43
    65
    81
   211
   127
   225
   106
   341
    58
    70
     8
     0
     3
     9
     0
     6
   175
   307
   548
   284
    84
   203
    70
    98
   389
   122
   110
    87
   138
    88
   390
    92
    63
   112
     1
     1
    14
     6
     1
    13
    74
   220
   231
   252
   120
    90
   125
    98
   138
   184
    74
    81
   136
    90
   317
    91
   139
   102
     7
     3
     8
     3
     2
     6
    87
   452
   414
   404
   143
   339
   152
   185
    79
   257
   143
    98
   115
   237
   105
   328
   101
    83
     7
     2
    16
    11
    22
    17
   166
   221
   486
   308
   132
   200
   161
   159
   181
    77
    93
    87
   114
   389
   250
   112
   132
   167
     3
     0
    24
    18
     6
     0
   146
   325
   356
   367
   109
   145
   151
    94
   162
   104
   161
   194
    88
   111
   310
   110
   104
   146
     1
     1
     3
     5
     3
    12
   106
   154
   429
   405
   189
   168
    64
   122
   106
   106
   275
    73
    77
   150
   185
   290
   285
    77
     2
     2
    13
     0
     0
     9
    73
   222
   503
   407
   100
    92
   228
   207
   172
   105
    80
   121
   201
   172
   172
   232
   124
   161
     0
     0
    34
     1
     1
    14
   105
   222
   405
   314
   100
    88
   152
   145
   256
   157
   119
    77
   163
    58
   373
   301
   143
    71
     7
     5
     7
     0
     0
    12
   157
   276
   359
   253
   148
    91
   238
   100
   182
   167
   134
   116
    73
    68
   239
   130
   225
   237
     0
     0
     6
     2
     7
     1
    78
   233
   511
   292
   215
   111
   182
    79
   101
   101
   112
   226
   131
   167
   427
    98
    53
    73
     0
     0
     0
     0
     7
     0
   180
   454
   547
   321
   138
    58
   168
   320
   116
   106
   147
   149
   208
   129
   530
   280
   167
   137
     8
     6
     7
     9
     5
     0
    95
   296
   744
   477
   173
    91
   103
   321
    67
   139
   120
   131
    95
   283
   305
   180
   108
    85
     0
     1
     7
     6
     0
     2
    92
   278
   462
   247
    69
    98
    76
    85
    83
   101
    50
   232
   248
    74
   459
   226
    62
    53
     0
     6
     2
     7
     0
     3
   111
   274
   480
   264
    88
   108
   124
   104
    91
    80
   132
   100
    58
   105
   214
   133
   103
    69
     0
     6
     7
     6
     4
     4
   101
   187
   353
   181
    98
   255
   106
   201
    88
   147
   172
   134
    59
   141
   229
   148
   112
    91
     6
    10
     0
     4
     0
     0
   139
   276
   404
   519
   105
   133
    94
   100
    91
   123
   100
    70
    92
    64
   210
   254
    94
    70
     3
     8
    17
    10
     5
     8
   155
   278
   367
   367
    68
    81
   234
   144
   132
    67
    73
    61
    85
   220
   334
   332
    88
   132
     0
     0
     9
     5
     3
     1
   138
   428
   533
   323
   233
   263
   278
   233
   303
    99
    72
   127
   217
   143
   218
   246
   138
   145
    10
    14
    24
     8
     5
    12
   148
   450
   420
   332
    93
   172
    95
   113
   202
   169
   144
   169
   117
   167
   226
   246
   104
   117
     5
     4
     8
     0
     0
     7
   128
   157
   381
   178
   106
   105
    81
    79
   269
    61
    60
    87
   225
   129
   318
   117
   113
    71
    16
     3
     0
     1
     4
     1
   136
   142
   295
   262
    47
   190
    90
    58
    89
   136
   125
    66
   410
    83
   258
   365
    67
   117
     0
     6
     7
     5
     2
     2
    91
   356
   378
   454
   107
   107
   170
   137
    51
    77
   124
   101
    88
   179
   452
   282
   124
   134
     2
    16
     4
     0
     7
     2
   119
   251
   351
   405
   112
   100
   336
    54
   137
    66
    78
   126
   126
   123
   289
   300
   114
   153
     1
     0
     7
     0
     0
     4
    83
   175
   389
   238
   140
   115
    94
   225
   101
   141
   120
   122
   190
    61
   437
   254
   134
   100
     4
     5
    12
     8
     7
     3
   177
   408
   373
   546
   143
   130
    75
   138
   121
   166
   256
   141
    88
   163
   480
   236
   150
   102
     6
    15
    10
     8
     0
    99
   574
   473
   487
   208
   221
   175
    59
   161
   109
    56
   160
   175
   123
   180
   109
    67
   179
     8
     0
     9
     6
     4
     0
   108
   288
   246
   298
   100
   147
   123
   170
    70
    41
    96
   111
    94
    99
   532
   100
   138
    85
     0
    16
     5
     0
    25
     0
    67
   219
   630
   273
    66
   139
   182
   135
   101
   114
   141
   110
   259
    75
   215
   138
   102
   116
     0
     3
     5
     0
     0
    12
    97
   286
   512
   105
   135
    39
    69
   113
   133
   108
   104
    91
   131
   156
   335
   193
    85
   107
    10
     0
     0
     7
     3
     0
    74
   187
   219
   191
   144
    62
   122
   187
    75
   121
   100
   123
   156
    80
   338
    80
    91
    59
     0
     0
     7
     3
    12
     0
   159
   314
   523
   311
    95
   103
   143
   102
   105
   161
   209
    56
   167
    81
   276
   290
    59
   133
     9
     2
     0
     8
     0
     8
    77
   266
   631
   288
    75
   130
   181
   168
   132
   215
   125
   323
   131
   180
   357
   243
    96
   181
     0
     1
     9
     5
     3
    17
   193
   441
   368
   199
   136
   170
   108
   181
   154
   156
   110
   162
   173
   103
   438
   124
    98
   115
     9
     2
     6
     0
     0
    27
   122
   322
   690
   230
    50
   102
    87
    81
    89
   100
    69
   137
    36
    67
   112
   437
   125
    69
     3
     3
    18
     8
     6
     0
    73
   248
   646
   395
    79
   112
   123
   126
   130
   120
    64
    58
    82
   200
   141
   213
    81
   134
     7
     4
     7
    11
    17
     0
   143
   146
   244
   324
   195
    65
   206
   210
   118
   124
    84
    69
   237
   120
   168
   252
    87
    91
     0
     1
     0
    11
     0
     8
    45
   159
   238
   305
    80
    84
    55
   104
   145
   138
   227
   182
   286
   106
   351
   246
    97
   120
     0
    13
     5
     5
     0
     0
    97
   237
   418
   325
    87
    88
   146
    86
    82
    59
    83
   235
   210
   116
   289
   265
    89
   221
     2
     1
     2
     8
    13
    23
   120
   152
   511
   270
   292
   196
   101
   116
   410
   214
    51
   141
   254
   222
   213
   137
   147
    91
     3
     8
     9
     9
    10
    21
   138
   405
   342
   348
   166
   110
   136
   180
   178
   151
   195
   153
   138
   291
   230
   257
   209
   132
     0
     9
     1
     2
     0
     0
   127
   159
   187
   139
    66
   106
   100
    70
    89
   123
   161
    44
   118
   165
   164
    93
    74
    78
     3
     3
    15
     2
    12
     5
   141
   326
   632
   301
   253
   144
   104
   100
   122
   121
    60
    79
    60
    48
   247
   110
    81
    78
    10
     7
     0
     3
     0
     4
    45
   113
   375
   241
    97
   123
   116
    57
    36
    88
    83
   455
    74
    97
   114
   294
   109
   106
    15
    12
     5
     8
     8
    23
    47
   277
   485
   310
    59
   196
   182
    66
   105
   224
   225
    83
   118
   112
   145
    95
   139
   103
     7
     6
     6
     0
     4
    10
   131
   195
   311
   111
   118
   132
   116
   114
    73
   278
    73
   122
    63
   157
   491
   167
   146
    76
     2
     9
     0
     0
     6
     0
   213
   306
   643
   196
    62
   111
   135
   117
    65
   145
    59
    98
    79
   233
   194
   261
   118
   135
     2
     6
     0
    23
    10
     5
   199
   373
   448
   193
    77
   155
   103
    86
   118
   130
   128
   141
    68
   212
   182
   339
   112
    98
    12
     3
    11
     2
     2
     2
   140
   209
   469
   365
    66
    74
    97
   122
    85
   105
    61
    86
   156
   206
   151
   147
    56
   120
     0
     5
     0
     4
     8
     0
   152
   304
   272
   139
    90
   106
   155
   166
    95
   120
    74
   303
   108
    61
   353
   113
    77
    80
     5
     7
     0
     0
     9
     8
   102
   366
   172
   159
    62
    50
   105
    54
    69
   301
   105
   288
    91
   265
   122
   178
    57
   140
    10
     5
     8
     2
     0
     0
   101
   360
   475
   137
    83
   102
   107
    55
    79
    98
    72
    54
    95
    55
   450
   109
    93
    51
     8
     0
     2
     1
     7
     0
   106
   263
   204
   290
    60
    89
   115
   410
   110
   100
    76
   104
    67
    80
   503
   491
    82
    76
     0
     0
     1
     0
     3
     8
    67
   239
   424
   254
   177
   202
    86
   157
   155
   108
   128
   195
   166
    91
   191
   184
    90
   143
    11
     0
    11
    16
     6
     5
    31
   258
   299
   319
   197
    72
   135
   105
   103
    74
   144
   467
   121
   277
   340
   320
   120
   127
     6
     5
     0
    24
     1
     2
    62
   281
   537
   251
   173
    62
   152
    73
    79
    57
   136
    38
   253
   230
   151
   337
   113
    54
     2
     6
     6
     0
    15
     1
   119
   313
   462
   136
   131
    82
    69
    69
   113
   127
    74
   144
   120
    60
    58
   332
   228
   112
     0
     0
     9
     1
     2
     0
   101
   322
   365
   174
    64
    55
    35
    53
   205
    74
   101
   170
   121
   209
    63
   317
    92
    74
    13
     8
     7
     5
     9
     2
   164
   170
   355
   123
    83
   116
   245
   111
    56
   110
   100
    65
   106
   336
   101
   228
    82
   156
     2
     3
     2
     0
     0
     4
    58
   116
   318
   279
   142
    66
    49
    80
   227
    59
    71
    82
    94
    98
   260
   189
    76
    82
     1
     0
     6
     5
     2
    20
   107
   254
   267
   219
    74
   174
    98
   127
    63
   187
   153
   106
    93
   129
   301
   202
   128
    60
    17
     2
     8
     3
    13
     0
   123
   220
   346
   352
   118
   108
   100
   277
   127
   127
    90
   174
   152
   251
   431
   547
   135
   140
     8
     1
     0
    15
     0
     7
   214
   230
   473
   203
    79
    58
    45
    72
   214
    69
    77
    96
    79
   217
   114
   188
   184
    69
     0
     0
     2
     2
     0
     9
   117
   190
   254
   280
    83
    80
    75
    90
   114
   116
    49
    85
   132
   124
   383
   178
   112
    87
     0
     0
     7
     5
     2
     0
   132
   220
   272
   165
    86
    77
   113
    80
    45
   116
    74
   113
   101
    83
   531
   119
    84
    81
     0
     0
    16
     0
     7
     6
    84
   292
   415
   275
   107
    41
   326
   119
   141
    72
   218
   146
    86
   125
   201
   161
    77
    42
     1
     0
     9
     3
     0
    11
    93
   440
   487
   332
   131
   111
   133
    83
   100
   112
   133
    93
   126
   229
   130
   154
    87
   136
     8
     0
    18
     1
     0
     0
    94
   215
   459
   278
   102
   204
   134
   218
   290
    73
   333
   120
    83
   380
   144
   235
   172
   137
    10
     4
     0
     0
     3
    20
    71
   382
   359
   362
   189
    84
   210
   111
    69
    88
   102
   136
    96
    74
   359
   146
    94
    93
     8
     9
    10
     0
     0
     0
    64
   246
   380
   281
    96
   247
    76
   128
   289
    41
   121
    26
   105
   203
   237
   388
   111
    86
     0
     5
     6
     0
     2
     7
   106
   285
   500
   329
   175
   172
    72
    91
   350
    96
   228
    76
    72
   136
   116
   147
   105
   152
     0
     4
     3
    11
    10
    15
   123
   197
   536
   274
   140
    75
    85
    88
    90
    76
    65
   160
    71
    90
   146
   148
   131
   106
     0
    12
    14
     0
     0
     1
    33
   327
   206
   440
   150
    83
   151
   125
   135
    58
   115
    95
    77
   264
    98
   164
   104
    64
     4
     4
     9
    12
     2
     9
   133
   164
   282
   225
    65
    33
    52
    85
   144
    74
   105
    78
   135
   200
   173
    62
    52
   128
     0
    32
     1
    12
    10
     7
   114
   217
   272
   217
   112
    66
   220
    95
   126
   156
   112
    94
   110
   166
   127
   234
    98
   165
     1
     3
    12
     0
     5
     7
    72
   254
   341
   165
    59
    99
    84
   109
   136
    78
   167
   135
   154
    99
   371
   164
    85
   108
     1
     4
     8
     5
     0
     7
    96
   212
   366
   284
   143
   120
    81
    73
   115
    71
    47
   286
    60
    73
   420
   323
   133
    82
     0
     6
     0
     6
     0
    12
   122
   128
   298
   168
    93
    95
   115
    93
    95
   108
   164
    73
    65
   180
   575
   239
   266
    82
    10
     5
     5
     9
     0
    13
    54
   248
   178
    97
   202
   226
    81
    83
    73
   174
    66
    86
    81
   246
   194
   297
    57
    81
     0
    10
     1
     5
     0
     0
   172
   378
   362
   315
    73
   209
    74
   153
    76
    63
   120
   187
   135
   160
   128
   403
    78
    90
     0
     0
     5
     0
    13
     9
   113
   169
   347
   165
   155
    71
    97
    29
    92
   192
   121
   126
    78
    62
   180
   255
   180
    81
     5
     1
     5
     1
     3
     0
   199
   248
   575
   356
   148
   110
   100
    81
   214
   117
    68
    79
    57
   134
   203
   401
   106
    67
     6
     8
     2
     2
     1
     0
   110
   198
   632
   530
    63
   222
   100
    87
    89
   112
   114
   215
   113
   340
   242
   226
   113
    86
     2
     0
     1
     8
     5
     0
   109
   200
   572
   199
    67
   108
    39
    87
    68
    53
   101
    53
    80
   231
    83
   330
   124
   116
     3
     0
     0
     5
     1
    11
    89
   210
   323
   331
   102
    95
   118
   144
    90
    61
   120
    92
   148
   266
   140
   270
   124
    54
     0
     0
    21
     0
     6
     6
    97
   204
   294
   142
    83
   107
   169
   272
   109
   115
   109
    49
   279
   145
   187
   181
    85
   111
     2
     4
     5
     5
     0
     0
   117
   365
   377
   297
    92
   195
   101
    98
    78
   133
   100
    66
   114
   169
   333
   211
    84
   164
     1
     2
     0
     4
     1
     0
   235
   224
   366
   155
    99
    64
    80
   116
    58
    88
    56
    71
    88
    93
   105
   118
    88
    60
     5
     0
     0
    10
     8
     3
   108
   433
   485
   196
    82
   145
    82
   147
   144
   126
   214
   125
   258
   103
   233
    56
    97
    96
     4
    11
     6
     2
     7
     1
    76
   402
   620
    98
    82
   146
   100
   122
   231
   105
   139
    83
   116
   263
   296
   273
   168
   127
     2
     0
    13
     2
     9
     5
    89
   172
   416
   217
   159
   113
   170
   147
    41
    70
   164
    68
    75
    89
   175
    82
   120
    45
     2
     0
     9
     0
     0
     0
    63
   261
   398
   419
    57
    94
    61
    99
    62
    95
    47
   134
   123
    68
   315
    86
    72
   148
     9
     5
     0
     0
     2
     5
   150
   319
   378
   234
   135
    98
    96
    95
   185
   209
   104
    78
    85
   148
   255
    79
    86
    77
     3
    13
    16
    12
     0
     4
    76
   219
   350
   266
   153
    83
    51
   209
   102
   111
   119
    74
   232
    96
   183
   107
    95
    80
     4
     5
     7
    12
     4
     6
    69
   167
   464
   210
   105
    90
    43
    69
    72
    64
    94
   113
    95
   280
   242
   122
    79
   126
    13
     6
     1
    10
     6
     0
   199
   260
   430
   102
    93
    92
    57
   111
   119
   291
   119
   148
   113
    85
   204
   149
   138
   165
     0
     0
     2
     5
    13
     3
   103
   174
   375
   472
   122
   143
   142
   146
   122
   115
   113
    76
   104
   141
   417
   246
   127
   108
     2
     2
     2
     0
     2
    11
    99
   317
   432
   416
   131
    64
   111
   102
    56
    76
    74
    35
    63
   115
   106
   118
   158
   153
     5
    10
     4
     3
     0
     6
    48
   184
   402
   212
    86
    67
   128
    79
   206
   253
   104
    56
    75
    46
   109
   156
   159
    97
    12
     4
     4
     1
     0
     0
   188
   202
   470
   368
    70
    96
   179
    48
   168
   212
   209
    71
   202
    97
    96
   125
    91
    64
    17
    11
     5
     4
     8
     3
    71
   212
   256
   268
   201
    99
   113
    70
   220
   233
    57
    94
   268
   177
   477
   306
    25
    97
    16
     0
     1
    35
     0
     2
    84
   233
   475
   207
   127
    69
   108
    92
   119
   100
    59
    86
    44
    51
   146
   168
   145
    51
    10
     0
     7
     2
     4
     3
   106
   254
   439
   366
    88
   160
   131
   162
   227
   143
   171
    73
   115
    84
   168
   247
   117
   142
     7
     0
     2
     0
     2
    16
   106
   388
   495
   127
    89
   230
   140
   287
   151
    76
    79
    89
   323
   233
   361
   304
   131
   147
     2
     2
     1
    12
     2
     2
    75
    82
   255
   338
    61
    69
   125
   105
   126
    63
   124
    43
   149
    58
   170
   122
    79
    86
     7
     5
     0
     2
     1
     0
   124
   315
   292
   190
   188
    93
   109
    58
   123
    74
   126
    78
    71
   176
   147
   205
    70
    73
    14
     6
     0
     3
     1
     4
    98
   180
   399
   231
   109
    81
    90
    91
   121
   137
    69
   275
    67
   152
   245
   334
    27
    35
     0
    14
     4
     1
     0
     8
    70
   128
   124
   302
    66
    75
    69
   152
    94
   124
    78
   123
   229
   119
   233
   113
    64
    97
     1
    14
     0
    20
     8
     1
    63
   166
   371
   297
    76
   238
   100
   124
    32
   148
   180
   222
    86
   389
   232
   167
    89
    88
     0
     3
     9
     0
    14
     4
   190
   197
   326
   376
   148
   117
   105
   123
   275
   113
   187
    93
   261
   252
   301
   484
   167
    79
     0
    11
     5
     0
     0
    11
   169
   309
   510
   209
   116
   202
   125
   283
    49
    48
    96
   190
   114
   131
   374
   197
   101
    69
     3
     7
     0
     5
     4
     3
    74
   225
   399
   176
    51
    86
   131
    52
    66
    65
    63
   154
   105
   133
    73
   132
    57
    92
     3
     0
     8
     1
    11
     0
    95
   282
   180
   152
    26
    82
    70
    71
    68
   134
    53
    95
    62
    91
   466
   218
    70
    79
     3
     0
     0
    13
     5
     3
    44
   242
   210
   399
    58
    57
    67
    70
    49
    81
   203
   100
    85
   101
   246
   146
   149
    80
     3
     1
     0
     3
     0
     1
    97
   254
   350
   227
    89
    60
    71
    80
   200
    40
    41
    58
    79
   186
   189
   221
   151
    96
     0
    10
     2
     0
     3
    25
    86
   269
   459
   131
   112
   129
    99
   188
    91
   100
   258
   100
    81
   170
   164
   116
    81
    52
     0
     8
     5
     0
     3
     8
   148
   138
   703
   198
   101
    91
   161
   142
   128
   144
   140
   258
   235
   204
   289
   218
    86
    93
     1
     1
     8
    13
     7
     7
   157
   271
   325
   220
   130
   114
   106
    80
    96
   197
   121
   120
   128
    89
   244
   216
   152
    72
     5
     5
    14
     1
     0
     0
    68
   260
   270
   191
    31
    89
    49
    92
    53
    99
    65
   110
    46
    50
   241
   118
    68
    75
     3
     5
    14
     7
     7
     8
    56
   229
   360
   230
   105
    50
    90
    86
    55
   145
    82
    71
   115
   105
   203
   345
    74
   102
     0
     7
    11
     0
     0
     5
    52
   195
   340
   119
   108
    61
    94
    70
    61
   209
    76
   106
    69
    65
    76
   107
    68
    87
     8
     5
     9
     0
     0
     1
   120
   158
   215
   226
   111
   229
    51
    42
   211
    58
   125
    86
   109
   266
   105
   239
    89
    32
     0
     0
     0
     2
     4
     5
   125
   261
   387
   236
    63
   134
    86
    96
    74
    37
   109
   127
   100
    67
   339
    80
    48
    90
     1
     5
     1
     1
    18
    15
    72
   312
   391
   286
    65
   110
   126
   158
    36
    70
    76
    70
   199
   349
   198
   240
    79
   148
     0
     0
     2
     4
     0
     2
   116
   269
   494
   391
   111
   138
    74
   135
    78
   119
    90
   231
    98
   160
   306
   131
   148
    99
     7
     7
     8
    17
     1
     7
   112
   365
   247
   117
   140
   146
   133
    88
    60
   155
    58
    53
   124
   140
   267
   160
   112
    57
     0
     3
     0
     0
     2
     0
   154
   242
   181
   260
    89
   120
    62
   124
   118
   151
    53
    88
   101
    73
   217
    87
   105
   108
     5
     1
     0
     0
     4
     8
   183
   274
   160
   387
   154
   155
    66
    81
    76
    89
    50
    71
    79
   113
   167
    86
   159
   128
     2
     2
     0
     0
     3
     0
   193
   285
   234
   199
    63
   106
    99
    45
   158
   121
    95
   126
   232
    54
   223
    57
    75
    35
     0
     8
     3
     8
     3
    10
   116
   265
   287
    85
    82
   225
    65
   243
    95
   135
   136
    57
   111
   186
   137
   306
    80
   122
     1
    20
     8
     3
     7
    29
   182
   206
   455
   211
   122
   115
   128
   130
   139
   123
    99
   144
    87
   165
   292
   236
    98
   143
     0
     1
     4
     7
    14
     7
   141
   200
   337
   368
    69
    64
   127
    90
    59
   139
    81
   101
   187
    82
   401
   306
   111
    45
     1
    11
    11
     0
     2
     0
   110
   270
   277
   184
   122
    92
   115
    69
    71
   101
    71
    96
    71
    72
   235
    82
    74
    85
     8
     3
     3
     0
     0
     7
   107
   220
   293
   262
    37
    88
   119
   128
    74
    51
    91
    83
    94
    56
   368
   184
    98
   261
     9
     4
     2
     0
     2
     4
   116
   252
   192
   185
   109
   195
   108
    68
    63
    57
    58
    73
    88
    84
   103
   176
    35
    97
     1
     1
     0
     0
    14
     5
    70
   242
   448
   292
   127
   128
    57
   103
   210
    56
   198
    94
   100
   159
   180
   708
    42
    48
     3
     9
     0
     4
     9
     2
   139
   281
   422
   279
    65
   148
   104
   170
    54
    67
    94
   278
   406
   142
   159
   275
    65
    58
    13
    11
     0
     4
     0
    13
   104
   280
   383
   396
    54
    94
    80
   186
    50
    51
   149
   363
    74
   179
   216
   116
   130
   156
     8
     0
     5
     7
    10
     5
   100
   323
   288
   220
   149
    75
    82
   116
   233
    50
   127
    77
    70
   239
   172
   160
    71
   129
     8
     9
     3
     2
     4
     0
    86
   336
   255
   354
    42
    60
    67
    77
   110
    43
   109
    57
    64
   102
   253
    89
    76
    60
     0
     5
     3
     0
     0
     5
   117
   131
   238
   101
    79
   110
    72
    77
   109
    71
   184
    73
    56
    80
   307
   236
   115
    62
     0
     0
     7
     1
     9
     2
   116
   234
   424
   390
    82
    67
    99
   163
    73
    95
    76
    63
    96
   246
   323
   331
    70
   111
     5
    13
     5
     4
     4
     0
   119
   206
   451
   158
    56
   109
   229
    97
   169
   177
    98
   162
    68
   204
   129
   261
    59
    90
     1
     0
     7
     0
     0
    11
    82
   242
   304
    91
    52
    78
    61
   121
    70
    32
    95
    52
    96
   111
   270
    41
   106
    92
     7
     6
     5
     2
     0
     0
   221
   480
   428
   107
    90
    93
   140
    94
    89
   148
    97
   146
   218
   141
   207
   118
    62
   111
     7
     5
    10
     4
     1
    13
   105
   545
   530
   260
    54
    90
    62
   101
    98
    95
   108
   115
    74
   109
   196
   206
    81
    99
     5
     0
     0
     0
     7
     7
    70
   259
   195
   223
   122
    74
    68
    82
   116
   295
   224
    35
    28
    36
   116
   247
   224
    52
     1
    27
    16
     3
     2
    14
    82
   323
   554
   242
    71
   236
    66
   161
    58
    67
   148
    86
   111
    65
   103
   167
    86
   128
     0
     4
     0
     2
     2
     9
    50
    97
   214
   247
    58
    77
    74
   115
    68
    72
    55
   145
   244
    33
   238
   184
    83
    62
     3
    13
     0
     0
     0
     4
    58
   311
   352
   129
    48
    74
    53
   192
    37
   112
    61
    96
    26
   172
   179
   412
    94
    66
     0
     0
     0
     0
     0
     0
    93
   151
   385
   244
   129
   253
    81
    76
   100
    58
    98
    85
   105
   123
   146
   139
   105
    60
     1
    13
     8
     3
     7
     6
   126
   213
   479
   170
    85
   267
    62
   187
   148
    58
    67
    83
    85
   326
   390
   235
   158
   121
     0
     7
     0
     0
     0
     6
   176
   332
   748
   355
   155
    90
    67
   119
   258
   122
   105
   261
   233
   193
   304
   172
   118
    81
     0
     0
     0
     2
     0
     0
    59
   286
   198
   230
    88
    89
   118
   111
    59
    98
    53
    82
    77
   154
    68
    91
   127
    65
     1
     0
    20
     7
     3
     5
    85
   216
   352
    81
    45
   106
   124
    87
    92
   107
   109
    89
   211
    45
   255
   229
    52
    85
     0
     5
     2
     3
     0
     6
   100
   193
   462
    91
    47
    92
    90
    89
   116
   106
    74
    68
    65
   325
   176
   172
    59
   113
    14
     6
     0
     7
    11
     0
    54
   130
   192
   213
    60
   124
    89
    61
   241
    52
   202
   110
    77
   184
   175
   201
    83
    85
    10
     0
    15
     0
     5
     1
    80
   231
   401
    98
   102
    50
    95
    71
    58
    76
    74
   130
    84
    54
   298
   108
   106
    54
     0
     6
     5
     0
     5
     0
   205
   175
   500
   388
    86
   117
   142
    76
    94
   121
    89
   187
    96
    94
   340
   280
    72
    63
     2
     0
     3
     7
     0
     0
   178
   265
   437
   242
    95
    90
    92
   161
   220
   153
   251
    62
    87
   165
   157
   179
    68
   106
     1
     0
     0
     0
     0
    11
    69
   106
   443
   154
   105
    59
   188
    78
   130
   108
   220
    50
    70
   194
   251
   315
   128
    64
     0
     6
     7
    11
     1
     0
   127
   167
   358
   195
    68
    41
    76
    85
    48
    49
   107
    72
    89
   428
   290
   187
    83
   187
     4
     1
     0
     0
     6
     4
    56
   111
   375
   353
    70
    99
   130
    51
    59
    60
    80
    72
   241
   105
   398
    84
   102
   123
     0
    10
     1
     8
     3
     1
    87
   207
   310
   371
    40
   161
   113
    52
   113
    77
    86
   233
    92
   123
   122
   166
   112
    31
     2
     5
     0
     3
    11
     0
    66
   182
   177
   146
    57
   100
    87
   181
   257
   105
    53
    99
    51
   142
   104
   102
   146
   132
     9
    15
     0
    11
     9
     9
    99
   338
   478
    79
    61
    57
   172
    31
    93
    71
    98
   247
   186
   118
   305
   195
    58
   187
     3
     6
     0
     0
     0
     5
    98
   242
   397
   223
   229
   115
    80
    98
    80
   109
    80
   162
   186
    86
   142
   218
    82
   152
     6
     0
     0
     0
     0
     4
    75
   249
   376
   355
   147
   102
   108
   212
   153
   116
    72
    60
   111
   371
    97
   181
    50
   120
     0
     9
    10
     1
     1
     0
   126
   415
   494
   161
   160
    80
    92
   209
    51
   112
   139
    74
    61
    65
    80
    80
   110
   106
    12
     2
     3
     0
     3
     6
    97
   336
   492
   169
    73
    91
   268
    62
    81
   158
    55
   100
    95
   106
   122
   234
   202
    52
     0
     2
     0
     0
     5
     4
   127
   386
   326
   224
    61
    90
    52
   194
    98
    90
   103
    60
    62
    70
   226
   187
    67
   113
     7
     3
     8
     0
     5
     0
    64
   116
   408
   252
    76
    78
    77
    91
   190
    56
    87
   133
    90
    87
   265
   181
    69
    61
     0
     4
    19
    12
    12
     0
   199
   273
   468
   281
   101
   103
   164
    91
   184
    80
   100
   119
   167
   179
    67
   273
   263
   105
     0
     4
     7
     6
     0
     0
    93
   315
   522
   221
   218
   142
   263
   160
   145
    57
   132
   211
   214
   312
   299
   126
   112
    78
     4
     0
     8
     7
     9
     0
   109
   189
   265
   251
    72
   113
   101
    85
    88
   103
    97
   122
    68
    89
   309
   333
    52
    88
    16
     5
     0
     4
     3
     0
    68
   294
   377
   138
    97
    76
   272
   108
    48
   100
   140
   101
    40
   254
    65
   316
    62
    51
     2
    11
     1
     4
     0
     0
   115
   383
   429
   199
    64
    51
   174
    86
   124
   137
    46
    48
    66
   455
   126
   326
   120
   146
     4
     7
     7
    15
     3
     1
    92
   220
   463
   158
    47
   125
   166
    82
    79
   195
    86
    33
    77
    48
   163
   239
   108
    75
    18
     0
     1
     5
     0
     5
   113
   217
   341
   185
   100
   123
   218
    60
   109
   188
   187
   124
    92
    77
   268
   263
   107
   102
     3
     7
     4
     3
     5
     2
   184
   302
   271
   330
    97
   110
   100
   165
   191
   251
    50
   122
   138
    66
   395
   100
   147
    72
    15
     0
    16
     7
     0
     0
    96
   179
   380
   133
   218
   116
    92
    66
    58
   238
    61
   116
   120
   101
   122
   235
   107
    51
     3
     3
     1
     5
     0
     7
    58
   108
   237
   293
   160
    82
   104
   118
   141
    49
    58
   231
    59
    81
   127
   194
    83
   129
     1
    11
     3
     9
     6
     0
    96
   228
   396
   285
    73
   101
   103
    75
    53
    91
    48
   103
    40
    90
   231
   206
    75
    51
     2
    11
     3
     3
     4
     0
   172
   235
   259
   365
   109
   191
    43
   114
    97
   177
   125
    71
   100
    67
    70
   258
    69
    49
     0
     0
     7
     0
     8
     9
    91
   305
   365
   302
    80
    62
   324
    92
    64
   126
   104
    78
   108
    80
   237
   194
    93
   100
     6
     1
     0
     5
     3
    12
   161
   282
   342
   132
   112
   115
   260
    39
   164
   119
    95
    52
    59
   124
   145
   252
    55
   107
    11
     6
     5
     7
     4
     3
    57
   290
   501
   566
    73
    94
   106
   143
    68
    72
   225
    70
   114
   336
   260
   218
    82
    86
     8
     1
     0
     1
     2
     5
   158
   404
   314
   332
    45
   100
    70
    83
   106
   183
    96
   131
    75
   164
   490
   183
   104
    91
     4
    23
     0
     9
     1
    15
    82
   228
   186
   188
    75
   113
    61
    42
   209
   117
    80
    96
    88
   194
   144
    53
    90
    64
     6
    12
     1
    15
     7
     0
    53
   235
   187
   254
    90
   131
    75
    86
    63
    65
    49
   110
    49
    81
   112
   207
    91
    74
     0
     2
     2
     7
    11
     0
   120
   391
   370
   315
    80
    66
   145
    49
    94
   109
    77
    63
    69
   131
   119
   161
    66
    64
     0
     0
     7
     0
    18
     7
   111
   218
   248
   233
   153
    32
   106
   221
    44
    87
    95
    97
    68
   131
   201
   203
    62
    77
     7
     0
     2
     0
    17
     0
    62
   246
   300
   151
    83
   151
    92
    76
    75
    66
    63
   122
   119
   231
   189
   156
    52
    74
     0
     0
     0
     0
    14
     1
   114
   430
   286
   297
   118
   132
    55
    84
   168
   127
   352
    45
    75
   363
   309
   135
   100
    48
     4
     1
     0
     6
     0
     1
   187
   430
   290
   291
    95
    99
   188
    56
   145
   191
   103
    85
    72
   116
   260
   251
   101
   131
     5
    10
     1
     0
     5
     2
   219
   175
   251
   223
    79
    56
   162
   131
    61
    60
   124
   100
    62
   105
   249
   172
    74
    33
     0
     5
     0
     0
     2
     7
   124
   224
   222
   197
    84
    67
    59
   103
    66
   130
    99
    49
   103
   135
   260
   211
    86
   107
     0
     8
     0
     1
     2
     3
   145
   228
   411
   246
   117
   115
    64
   200
   240
   115
    80
    81
    55
   130
   182
    85
    63
   107
     6
    11
     0
     8
     1
     2
    84
    71
   258
   253
   156
    51
   227
   135
    86
    89
   119
   268
    52
    48
   536
   402
    85
   113
    19
     0
     0
    16
     7
     6
    69
   193
   431
   128
   106
    62
    87
   123
    83
   157
    99
   115
   274
   263
   155
   119
    67
    73
     6
     6
     2
    10
     0
     0
   212
   316
   445
   249
    88
   158
    95
   138
    74
    58
    72
    98
    77
    69
   131
   231
   226
    53
     0
     4
     6
    10
     3
     0
   129
   263
   279
   377
   165
    70
    55
   125
    71
    66
    58
   148
   168
   155
   215
   268
   102
    79
     3
     1
     0
     0
     7
     0
   175
   196
   224
   239
    36
   199
   146
    94
    72
    98
    71
    48
    74
   117
    98
   108
    76
   110
     0
     3
    12
     2
     2
     3
    71
   305
   447
   191
   126
    98
   176
    45
    70
    29
    88
    87
    47
    79
    93
   145
    50
   112
     4
     0
     0
     0
     0
     0
    60
   193
   259
   212
    39
   154
    89
   103
   120
    66
    45
   163
    59
    87
    83
   133
    88
    64
     5
     2
     3
     0
     6
     3
    46
   219
   424
   158
    60
    64
    64
    47
    36
    78
    80
   145
   102
   133
   125
   252
    82
    50
     3
     0
     8
     5
     0
     2
   115
   252
   428
   180
   126
    76
    79
    74
   117
    52
    62
   102
    68
    69
   198
   151
   225
    63
     6
     9
     9
    12
     1
     3
   126
   192
   460
   193
   103
   135
   166
    75
   532
    64
   126
    71
   294
   127
   380
   296
   127
   129
     0
     8
     8
     7
    16
    13
   116
    95
   459
   348
   131
    86
    91
    76
   134
    85
   103
    94
   177
   104
    94
   196
   118
   100
     6
     0
     0
     0
     4
     4
    58
   252
   269
   226
    35
    63
   248
    64
    94
   123
   117
   230
    65
    44
   221
   246
   139
    63
     4
     3
    12
     8
     0
    12
   113
   204
   346
   133
    71
   123
   257
    59
   107
    91
   166
   104
    80
   157
   210
   354
   163
    82
     0
     0
    15
     5
     5
     7
   116
   176
   194
   278
    87
    79
    71
   123
    37
   114
    80
    56
   109
   243
   385
   124
   187
   100
     4
     1
     0
     5
    11
     1
    78
   327
   279
   187
    47
   106
    92
    73
    59
    74
    97
    66
   158
   137
   130
   360
   100
    55
     0
     0
     0
     0
     0
     7
   175
    76
   198
   237
   130
    34
   156
    71
    55
    58
   235
   140
    88
   173
   171
   280
    70
    86
     3
     1
     0
     3
    12
    16
   108
   216
   384
   252
   219
   199
   144
   101
    67
   106
    89
    58
   157
    80
   158
   259
    96
   145
     5
    10
    18
    10
    18
    12
   180
   301
   424
   385
   111
   107
   211
    63
   103
   339
   177
    66
   116
    85
   190
   142
    69
   139
    12
     1
     0
     0
     7
     2
    75
   157
   455
   142
    53
   127
   138
   246
    55
    67
    86
    97
   140
   208
   239
   157
    86
    97
     5
     5
     4
     0
     5
     1
   139
   164
   337
   124
    69
   129
    38
   157
   166
    90
   123
    62
    81
    90
    59
   221
   133
    56
     0
     0
    15
     4
     0
     0
   112
   450
   150
   200
   132
    65
   103
    67
    96
    86
   113
    32
   331
   219
   274
   236
   103
   116
     9
     0
     0
     9
     8
    10
   140
   108
   302
   345
    79
    62
   106
   118
    39
   126
   102
    82
   131
    64
   310
   177
    87
    88
     1
    17
     0
     3
     0
     1
   112
   269
   436
   212
   206
    74
    62
    76
   109
    61
    55
    70
   107
   100
   360
   247
    81
    50
     0
     1
     2
     1
     0
     6
    90
   232
   284
   280
    88
    88
   201
    48
    64
   156
   128
    79
    92
   168
   346
   155
   293
    70
    11
     7
     0
     7
     5
     1
   140
   333
   496
   182
   271
    84
    78
   127
   195
   225
   253
   209
   112
   439
   373
   148
    95
    85
     0
     0
     1
     5
     3
     9
    87
   136
   183
   209
    62
   101
   178
    61
    95
    93
   149
   190
   101
   264
    66
   229
    58
   219
    12
    10
    11
     0
     5
     2
   143
   391
   302
   207
    70
   134
   111
   164
   164
    43
   100
    70
   130
   213
    85
   106
    89
    90
     0
     0
     6
     0
     5
     0
   139
   159
   393
   245
    30
    98
    48
    58
   282
    39
    96
   108
   102
    86
   276
   216
    54
    87
     1
     3
     0
     5
     0
    10
   127
   230
   492
   313
    70
    46
   175
   124
    62
    59
    61
   142
   109
   114
   291
   152
    75
   246
    14
     7
     4
     6
     0
     7
    71
   235
   264
   250
    47
    75
   141
    73
   193
    92
   236
    72
   100
   102
    84
   251
    75
    85
    16
     3
     0
    19
     3
    20
   144
   210
   450
   355
    81
   139
   115
   125
    96
   223
    52
   173
    68
   357
   374
   171
   122
    53
     0
     8
     1
    13
    13
     8
   123
   270
   536
   274
   118
    84
   200
   142
   117
   145
   111
   122
    78
   198
   152
   172
   194
    71
     6
    16
     3
     7
     0
    12
   171
   253
   511
   336
    85
    82
   149
    59
   115
    61
   107
   185
    47
   149
    95
   199
    67
    66
     3
     0
     9
     0
     0
    12
    63
   291
   161
   374
    59
    62
    44
   145
   107
    76
    98
   116
    75
   143
   101
   329
   223
    91
    11
     6
     2
     6
     3
     7
   106
   207
   410
   233
   112
    74
    70
    34
   102
    72
   108
   213
   119
    38
   230
   262
   149
    85
     4
     0
     7
     8
     2
     0
    57
   171
   415
   274
    93
    83
    65
    46
    65
   126
    93
   137
   204
   198
   465
    94
   113
    90
     7
     8
     2
     5
     4
     0
   122
   236
   205
   228
    66
    95
    29
    90
    73
   208
   212
   125
    89
   291
    57
   114
    26
    44
     9
     7
     4
     4
     6
     7
   116
   137
   744
   384
    76
   121
    90
    91
   287
   130
    54
   116
    90
   175
   338
   228
   121
   147
     7
     3
    15
    11
     4
     7
   109
   274
   474
   380
    81
    50
   150
    91
    67
   201
   133
   172
   107
   152
   381
   166
   132
   109
     9
    11
     8
     0
     1
     0
    66
   160
   490
   134
   137
    72
    54
   110
    48
   104
    51
   138
    97
    81
   264
   249
    40
   101
     3
     0
    12
     0
     0
     7
   197
    79
   444
   184
    60
   172
   183
   170
   209
   107
   106
   103
   112
   321
   116
    83
   141
    96
     6
     0
     1
     5
     0
     0
    42
   235
   173
   146
   219
    41
   136
   153
    64
    78
    73
   107
    77
   125
   272
   161
    96
    97
     2
     9
     9
     6
    11
     0
     0
    94
   100
   362
   246
    63
   152
   104
   102
   278
   131
   141
   116
    60
    50
   598
    90
    73
    81
     3
    11
     0
     1
     5
     8
   114
   254
   376
   236
    65
    52
   154
    76
    94
    74
    71
   257
    57
   386
    95
   220
   102
   158
     2
    19
     7
     1
     0
    11
    86
   133
   586
   412
   174
    97
    88
    99
   147
    68
    99
    66
   229
    82
   509
   218
    85
   116
     0
     3
    10
    16
     0
     0
   104
   394
   471
   256
    80
    59
   117
    59
   326
   266
    47
   117
   108
   113
   213
   107
    81
   101
     3
     7
     2
     4
    13
    13
   110
   206
   387
   209
    75
    96
    85
    48
   222
   119
    53
    56
   143
    55
   129
   311
    56
   141
     0
     9
     7
     2
    10
     6
   189
   327
   542
   263
    64
   219
   139
    59
   126
    85
    71
    89
    94
    46
    88
    97
    77
    61
     2
     6
     2
     7
     7
     0
    55
   393
   295
   189
    41
    64
   119
   211
    62
   104
    70
    79
   128
    71
    77
   130
   132
   196
     7
     0
     7
     4
     0
     0
   223
   288
   418
   139
    91
   185
   198
    59
   130
    78
    63
    28
   109
   260
   297
   421
    99
   131
     6
    11
     4
    19
     0
     6
    48
   142
   547
   242
   102
   113
    76
    57
   133
    97
   174
    58
   103
    99
   425
    78
    76
   107
     7
     2
     1
     6
     0
     1
   132
   301
   483
   210
    88
    80
   145
   193
   108
   113
    79
   141
    77
   349
   449
   169
   182
    92
     0
     3
    12
     0
     7
     1
   253
   257
   532
   382
   136
   121
    70
   108
    94
    78
   114
    59
   116
   249
   438
   431
   226
   110
    16
     7
     0
     0
     1
    10
    69
   185
   663
   330
   105
    66
    96
    71
   168
   121
   138
   125
    90
   101
   209
    72
   108
    90
     7
     0
     6
     0
     0
     1
    77
   309
   348
   204
    67
   126
   114
   127
   153
    29
    95
    98
   154
   230
   220
    87
    96
    76
     8
    12
     5
    15
     4
     3
   156
   156
   387
   141
    76
    43
    84
    92
    90
   113
    64
    74
    47
   152
   329
   210
    82
   118
     3
     0
     4
     8
     0
     4
    44
   315
   298
   277
   145
   252
   318
    62
   142
   217
    97
   133
    89
    79
   242
   262
   196
    81
     6
     2
    12
     6
     1
    16
   146
   200
   483
   229
    72
    82
    96
    80
    53
    76
    91
   100
    73
    89
   238
   127
   118
    75
     6
    10
     0
     4
     2
    10
    79
   309
   415
   328
   123
   132
    65
    78
    87
   246
    90
    73
   127
   151
   381
   420
    91
   131
     0
     1
     1
     5
    10
     8
   181
   132
   256
   485
    55
   112
   103
   112
   236
   127
   171
   184
   142
   164
   360
   205
   147
    66
     0
     3
     3
    14
     0
     7
   121
   334
   386
   133
   105
    59
   167
    55
    65
    63
   115
    53
    82
   116
   524
   169
   105
   166
     7
     2
     5
     0
    11
     8
   186
   328
   252
   420
   343
   191
   238
    90
    67
    68
    86
    74
   100
    52
    87
   102
   162
    95
    11
     4
     0
     2
     0
     0
    48
   525
   239
    98
    48
   174
    84
    81
    95
   123
   145
   129
    74
    94
   155
    80
   173
   145
     2
     1
     2
     1
     0
     5
    70
   189
   403
   359
    64
    60
   243
    95
   272
   131
    67
   140
   209
   100
   138
   464
   239
   119
     0
     5
     8
     8
     0
     5
   117
   305
   401
   214
    82
   123
   244
   168
   106
    80
   264
   222
   133
   136
   302
   513
   250
    44
     9
    11
    10
    17
     0
     7
   159
   353
   382
   418
   131
   129
    84
    81
   104
   116
   268
   113
    69
    82
   188
   211
   101
    71
     1
     0
     0
    14
     5
     4
    73
   203
   451
   258
   169
    67
   112
   109
   166
   191
   130
    89
    87
   117
   289
   310
   139
   255
    16
     0
    11
     5
     8
     0
    92
   291
   238
   225
   116
   248
    61
    47
   144
    98
    92
    85
    52
    66
   276
   303
   111
    84
     0
    13
     0
     0
     4
     4
   115
   261
   261
   254
    79
    91
    55
    48
   222
    97
    50
   103
    50
   105
   146
   210
   101
   100
     0
     8
     0
     0
    11
     0
    63
   202
   534
   289
    81
   128
   130
   112
   117
    69
   112
   123
    68
    92
   167
   106
    80
    26
     6
    11
     0
     0
     0
     0
   102
   253
   231
   242
   111
    98
   146
   146
    73
    63
    74
   119
   153
   239
   148
   268
    39
   103
     0
     6
     6
    12
     0
     8
    80
   187
   273
   360
   120
   143
   161
    79
    84
   106
    95
   228
   101
   261
   217
    89
   153
   124
     5
    21
    12
     4
     0
     3
   126
   149
   792
   366
   100
   132
    84
    72
   238
   251
   107
    46
   175
   193
   309
   399
   102
   190
     6
    16
     3
     0
     0
     7
   114
   428
   597
   257
   127
    85
   154
   129
   131
   176
   119
   139
    73
    89
   350
   383
   128
    93
     1
     4
     7
     6
     0
     4
   185
   362
   224
   190
    83
   113
    86
    92
    72
    89
    79
    93
   226
   265
   360
   342
   118
    81
     1
     3
     0
    11
     8
     9
    57
   278
   341
   260
   116
    71
   364
    74
   225
    58
   271
   105
   144
   144
   131
   146
    79
    79
     6
     9
     1
     9
     3
     9
   135
   296
   340
   237
    66
    87
   133
    52
   119
   118
    75
   179
   238
   157
   249
    98
    79
    97
     1
     0
     0
     1
    13
    12
    45
   288
   300
   107
   178
   136
   106
    89
   138
   134
    86
   131
   107
   131
   243
   233
    75
    68
     0
     0
     0
     0
     5
     0
   179
   322
   262
   207
   125
   224
    62
   198
    70
   126
    52
   121
    44
   215
   125
   201
    57
   147
     2
    16
    21
     0
     0
     3
   235
   389
   344
   436
   108
   117
   114
   253
    97
   138
   130
    87
   233
   143
   301
   148
    80
    77
     4
     0
     6
     1
     9
     7
    87
   398
   429
   195
   136
   105
    79
   122
   110
   206
   115
   135
   122
   112
   439
   164
    92
   195
    10
     0
     0
     0
     8
     0
    62
   254
   504
   338
    77
    58
   294
   278
    95
   181
   101
    63
    68
    64
   260
   392
    98
   148
     5
     0
     4
     0
     8
     0
   105
   244
   327
   329
   122
   145
    55
   183
    83
   102
   126
   115
   114
    91
   153
   266
    51
    82
     0
     0
     7
     7
     1
     0
   154
    88
   309
    78
    67
    89
    80
   212
   139
    59
   107
    86
   150
    63
   302
   105
    73
    68
     7
     0
     0
     7
    15
     1
    90
   292
   203
   197
    89
   106
   222
    98
   196
    61
    97
    94
    93
   358
   213
   150
   162
   119
     1
     3
    12
     0
     0
     0
    56
   480
   462
   343
   142
    95
    88
    74
   121
    67
    94
   112
    66
   253
   208
   383
   126
    84
     6
     4
     0
     6
    17
    10
    91
   435
   674
   274
   140
   260
   263
   235
   163
   129
    74
    72
   168
   225
   300
   437
   133
    88
     0
     0
     8
     1
    13
     9
   212
   331
   446
   304
   107
   197
    78
   163
   103
    87
   111
   192
   237
   128
   366
   445
    83
    67
     1
     5
     0
     7
     9
     6
    79
   408
   556
   255
   151
   157
   184
   158
   110
   114
    77
   382
    58
   117
   442
    96
   118
   163
    10
     7
     0
     1
     2
    17
   120
   268
   351
   316
   104
   102
   137
    76
   104
   170
    92
   143
    85
   218
    90
   180
    70
    83
     6
     3
     0
    14
    10
    18
   104
   173
   295
   266
    93
    68
    80
   116
    81
   122
   364
    43
    92
   360
   144
   259
   138
    94
     1
     0
     7
     3
    24
    10
    98
   258
   494
   208
   161
   135
   127
    69
    73
   175
    70
    95
   300
   185
   601
    90
    76
   120
     0
     2
     0
    10
     3
     0
   173
   229
   363
   378
    94
    60
    88
   262
   194
    70
   101
    89
   119
    99
   184
   175
    74
   156
     2
     0
     0
     9
     4
     4
   118
   265
   539
   244
   143
    92
   108
   134
    97
   185
   139
   135
   241
   350
   198
   340
   125
   141
     0
     4
     4
     0
    13
     3
   157
   365
   429
   147
   116
   135
   165
   114
   120
   249
   124
   113
   121
   247
   291
   310
   182
   118
     0
     8
     2
     1
     0
     0
   137
   313
   236
   184
   119
   103
    70
    57
    80
    45
   133
   128
    57
   264
   310
   205
    89
    62
     3
     0
     0
     1
     1
     7
   110
   372
   581
   193
   117
    73
    80
   108
   266
   259
   108
    77
    59
   179
   340
   105
    55
   286
     1
     1
     0
    16
     8
    26
   134
   311
   403
   481
    43
    80
   109
    59
    81
   110
   129
   136
    85
   412
   144
   135
    81
   107
     7
     0
     1
     2
     0
     1
   214
   414
   279
   129
    74
   114
   239
    77
    72
    72
    68
    75
   333
   263
   232
   394
   158
   119
     2
     6
     1
     5
     1
     3
   156
   184
   431
   321
    96
   120
   120
   145
    99
    47
   134
    63
   106
    61
   120
   272
   206
    73
    16
     0
     6
     0
     0
    18
    81
   163
   416
   290
   207
    96
   134
    93
   110
    91
   115
   283
   103
   139
   173
   373
    91
   115
     6
     5
    16
     0
     4
     9
   106
   338
   716
   295
    88
   119
   157
   105
    66
   407
   122
    76
   122
   120
   157
   515
   166
   127
     3
     8
    14
    11
     2
     0
   127
   174
   245
   346
   224
    92
   113
    50
    85
   106
   148
   145
   143
   143
    84
   187
    88
     0
     0
