    50
     0
     5
     0
     8
    37
   109
   108
    63
    25
    22
    33
    34
    19
    20
    32
    58
    22
   200
    77
    21
     4
    24
     6
     0
     0
     0
     0
     2
    28
   107
   303
    75
    25
    18
    32
    32
    40
    24
    26
    18
    47
    42
    38
    18
    43
    92
     0
     0
     2
     0
     0
     0
    40
   118
   206
    80
    39
    85
    35
    28
    26
   120
    20
    28
    65
    39
    29
    63
    69
    51
     0
     0
     0
     0
     0
     0
    14
   146
   215
    63
    26
    29
    25
    15
    53
    11
    21
    23
    14
    80
    42
   116
    21
    42
     6
     0
     0
     0
     1
     4
    62
    70
   130
   180
    14
    34
    31
    66
    33
    14
    71
    18
    42
    41
    15
   230
    24
    37
     0
     0
     0
     0
     2
     0
    86
    64
    27
   139
    45
    18
    16
    68
    38
    16
    38
    36
    58
    22
    71
    38
    63
    21
     0
     0
     0
     7
     0
     9
    74
    33
    23
    61
    37
    37
    21
    19
    40
    41
    49
    57
    15
    76
   120
   208
    46
    42
    10
     0
     7
     0
     0
     0
    30
    61
   138
   129
    76
   164
    48
    17
    24
    18
    36
    10
    42
    19
   146
   232
    25
    66
     0
     0
     7
     8
     4
     0
    69
   144
   236
    41
    24
    24
    14
    15
    16
    30
    15
    25
    49
    19
   105
   110
    64
    34
     7
     4
     0
     0
     1
     0
    23
   102
   184
    35
    28
    26
     8
    42
    69
    30
    22
    32
    49
    24
    22
    73
    26
    15
     0
     7
    10
     1
     0
     0
   138
   142
   228
    80
    26
    10
    37
    42
    34
    18
    29
    16
    26
    17
   177
   198
    65
    20
     2
     8
     0
     0
     4
     0
    77
   107
   127
   100
    32
    35
    19
    38
    14
    24
    25
    60
    32
     3
    15
    30
    35
    24
     7
     2
     1
     0
     0
     0
   102
   136
    64
    95
    50
   129
    24
    12
    82
    34
     2
    16
     9
    26
    61
   110
    33
    64
     0
     0
     0
     4
     7
     0
    41
    69
    28
    92
    66
    39
    88
    69
    34
    47
    35
    34
    81
    61
   170
    32
    33
    16
     2
     0
     0
     0
     0
     3
    68
   131
   152
    53
    47
    41
    84
    11
    45
   167
    30
    20
    25
    69
    23
    44
    46
    31
     0
    10
    13
     0
     5
     3
    44
    57
   105
    63
    19
    75
    46
    28
    60
    50
    87
    33
    27
    67
    58
   155
    35
    30
     0
     0
     0
     1
     0
     0
     6
    64
   113
   236
    41
   161
    11
    32
    20
    31
    10
   162
    38
    28
    87
   148
    31
    32
     0
     0
     0
     4
     5
     0
    19
   178
    23
    50
    53
    25
    21
    16
    34
    56
    28
    18
    32
   137
   249
    26
    32
    39
    16
     0
     1
     0
     1
     0
    74
   121
   119
    20
    72
   115
   175
    14
    17
    34
   117
    38
    33
    66
    46
    57
    52
    31
     3
     0
     4
     0
     5
     1
    40
   102
   137
    77
    62
    68
    13
    60
    42
    32
    61
    23
   206
    39
   105
    61
   156
    17
     0
     3
    10
     0
     0
     0
    78
    71
   168
   105
    74
    42
    47
    22
    40
   112
    55
   124
    15
    38
    52
   203
    39
    26
     1
     6
     0
     0
     0
    15
    15
    13
    71
   115
    15
    44
    23
    33
    26
    30
    39
    16
    29
   167
   165
    39
    51
     9
     0
     3
     0
     0
     0
     1
   152
    13
   110
    38
    52
    60
    32
    39
    22
    67
    38
    41
    18
    56
    65
    41
     9
    28
     0
     0
     0
     0
    13
     0
    23
   193
   242
   160
    12
    18
    34
   170
    16
    13
    41
    36
    23
    71
    20
   118
   125
    18
     0
     0
     9
     0
     0
     0
    20
   142
   179
    84
    19
    21
    60
    46
    19
    19
    16
    20
    35
    21
    26
    19
     8
    64
     0
     0
     0
     0
     6
     0
    47
    72
    69
   147
    21
    21
     7
    25
    33
     0
    42
    16
    54
     4
    61
    72
    40
    37
     0
     1
     0
     0
     0
     3
    34
    90
    34
   105
    26
    85
    38
    23
    38
    55
    28
    27
    19
    38
   203
    78
    30
    25
     2
     8
     0
     0
     0
     0
     7
   106
   298
   197
    16
    18
    39
    71
    20
    46
    29
    69
    98
    38
    56
    71
    39
    55
     0
     0
     0
     0
     4
     0
    21
   113
   203
   101
    25
    37
    28
    62
    24
    30
    21
    36
    34
    31
    64
    94
    35
    60
     3
     0
     1
     0
     6
     0
    28
    29
   145
    57
    33
    17
    29
    13
    43
     9
    19
    26
    29
    72
    45
    17
    50
    93
     0
     0
     0
     0
     0
     6
    29
   192
   122
   188
    19
    25
    36
    35
    26
    16
    38
    17
     9
    61
    13
    28
    19
    54
     0
     6
     0
     0
     0
     0
    19
    13
   105
    65
    70
     3
    34
    35
    35
    23
    22
    20
    26
    28
    69
    97
    33
    26
     0
     0
     0
     0
     0
     0
    33
    71
   211
   109
    82
    91
    85
    18
    61
    30
    30
    36
    28
    18
   226
   151
    30
    20
     0
     0
     0
     6
     8
     0
    65
   128
   298
    69
    41
    58
    20
    40
    27
    45
     7
    46
    17
    78
    85
    99
    12
    18
     0
     2
     3
     0
     6
     0
    73
    21
   165
   152
    48
    44
    51
    54
    44
    20
    91
    18
    35
    44
    57
    79
    55
    18
     0
     3
     0
     0
     0
     0
    28
    15
   127
    75
    29
     7
    12
    52
    34
    48
   156
    16
    37
    40
    76
    16
    23
    22
     7
     0
     7
     4
     0
     0
     7
   175
   162
    46
    12
    19
    18
    19
     7
    82
    19
    50
    20
   179
   211
    14
    31
    22
     0
     0
     0
     0
     0
     0
     7
    49
   189
    36
    28
    65
    43
     9
    17
   238
    41
    64
     4
    23
    64
   141
    93
    49
    14
     0
     1
     0
     0
     0
    14
   153
   100
   120
    43
    19
    15
    18
    48
    64
    28
   167
    36
    32
    29
    23
     3
    58
     5
     0
     8
     0
    20
     6
    38
   132
    26
   162
    27
    28
    28
    27
    42
    33
    70
   226
    23
    72
   221
   107
    31
    13
     0
     0
     0
     4
     0
    11
    27
    34
   305
   205
    18
    16
   260
    71
    97
    39
    56
    80
    47
   156
   166
   222
    14
    24
     8
     1
     0
     0
     0
     1
    20
   160
   156
   154
    24
    58
    73
    83
    27
    18
    59
    77
    38
   164
   143
    59
    25
    28
     0
     5
     4
     1
     0
     4
    55
   126
   114
    68
    17
    23
    54
    22
    18
    23
    27
    43
    30
    48
    74
    17
   157
    15
     0
     0
     0
     0
     5
     0
    76
   156
   142
    83
    22
    28
    43
    40
    65
   209
    16
    14
    45
    49
    29
    96
    26
    28
     5
     0
     0
     0
     5
     0
    72
   186
    87
    70
    23
    51
    17
    83
    71
    80
    38
    17
     7
    27
    27
    50
    19
    40
     9
     0
     0
     0
     3
     0
    11
    30
   260
   109
     7
    22
    10
    80
   159
    17
    20
    36
    39
    31
    80
    86
    22
    29
     0
     0
     0
     0
     0
     5
    30
    21
   142
   204
    10
    24
    41
    28
    15
   122
    12
    16
    69
    17
    63
   103
    17
    22
     0
     0
     0
     0
     0
     0
    85
   209
   225
   204
    42
    48
    33
    28
    26
    44
   110
    13
    38
    45
   198
    98
    40
    55
     0
     0
     0
     7
     0
     0
    57
   168
    54
    99
    14
    99
    63
    42
    21
    43
   116
    39
    57
    31
    69
    37
    27
    56
     0
     0
     2
     9
     0
     8
     7
    31
   216
    31
    17
    67
    49
    17
    28
    34
     8
    39
    33
    74
   103
    56
    21
    14
     0
     0
     0
     0
     0
     6
    37
   110
    49
   202
    23
    19
    30
    56
    17
   154
    66
    72
    25
    15
    96
   105
    27
     8
     0
     0
     0
     0
     0
     0
    44
   100
   202
    15
    19
    50
    18
    20
   196
    20
    36
    20
    44
    72
    68
    28
    23
    40
     6
     0
     0
     0
     2
     0
    19
    94
   165
   168
    26
    26
    34
   107
    36
    27
    20
    17
    24
    28
   238
    30
    18
    40
     0
     0
     0
     2
     0
     1
    46
   109
   165
    36
    62
    45
    42
    56
    31
    30
    30
    34
    11
    41
   104
    12
    31
    56
     2
     0
     0
     4
     1
     3
    29
   141
    64
   247
    82
    31
   167
    27
    26
    28
    94
    72
    30
    61
    32
    42
    76
    36
     0
     0
     0
     1
     1
     0
    55
   195
   184
    80
    23
    65
    37
    30
   120
    15
   208
    29
    35
    34
    68
    95
    41
    34
    13
     2
     0
     0
     0
     0
    24
   153
   226
   110
    14
    15
    44
    43
    31
    21
    89
    36
    17
    24
    79
    23
    27
    21
     9
     0
     1
     0
     0
     0
    69
    74
   188
    92
    40
    71
    24
    11
    24
    41
     6
    37
    56
    53
    10
    97
    16
    15
     0
     0
     0
     0
     0
     2
    24
    66
   187
   142
    12
    30
    10
    17
    23
    38
    20
   175
   153
    36
   177
    48
    45
    26
     0
     0
     0
     0
     5
     0
    35
    40
   100
   143
    17
    37
    35
    33
    26
    92
    32
    24
    60
    27
    61
    19
    58
    39
     0
     4
     4
     0
     1
     1
    30
    71
    74
    22
    22
    14
    20
    30
    51
    37
    21
    44
    20
    32
    91
   155
    34
    25
    12
     0
     0
     3
     0
     0
    35
    33
   139
    38
    29
    10
    35
    80
    65
    29
    39
    29
    33
   308
    64
   173
    25
    24
     0
     0
    15
     0
     0
     0
    11
   187
   258
    76
    25
    23
    20
    61
    70
    21
    56
    45
    35
    25
    49
    79
    58
    39
     0
     0
     0
     0
     0
     0
    45
    65
   109
   140
    13
   157
    30
    69
    33
    13
    17
    23
    66
    37
   197
    25
    67
    29
     0
     0
     0
     0
     0
     0
    24
   252
    69
    95
    35
    29
    56
    27
    17
    30
    38
    16
    35
   191
    98
    31
    11
    35
     2
     0
     8
     0
     5
     0
    27
   121
   105
   104
    52
     9
    22
    35
    22
   102
    31
    12
    34
    10
    75
    23
    32
   100
     2
     0
     0
     0
     0
     3
    23
    68
   217
    43
    35
    51
    16
    22
    44
    29
    31
    16
    19
    25
    50
    67
    30
    74
     4
     3
     0
     3
     0
     9
    23
    38
    67
    56
    73
    52
    28
    51
    25
    22
    31
    12
    39
    29
    71
    28
    14
    38
     0
     0
     0
     7
     2
     4
    44
    60
   232
    76
    26
    63
    23
   151
    34
    39
    67
    16
    25
   249
    59
    17
    44
    15
     0
     0
     0
     5
     0
     0
    68
    31
   215
    73
    45
    21
    79
    36
    68
    64
    26
    21
    70
    65
    70
    23
    44
     2
     7
     0
    10
     0
     0
     0
    23
    79
   171
   139
    36
    42
   110
    78
    62
    11
    89
    18
    25
    37
    98
    34
    18
    36
     0
    12
     0
     1
     0
     0
    12
   101
    56
     5
    19
    29
    50
    33
    64
    50
    83
    25
    25
   216
   152
    81
    28
     7
     4
     0
     0
     0
     0
     0
    19
    62
   157
   131
    39
    20
   164
   150
    74
    34
    31
    31
    63
    55
    33
    97
    63
    22
     0
     0
     4
     0
     0
     0
    96
    98
   100
    98
    25
    49
    51
    28
    65
    29
    26
    15
    78
    11
    36
   137
     6
    22
     0
     0
     0
     0
     6
     0
    13
   118
    25
   197
    42
    31
    23
    27
    23
    44
    39
    74
    22
    80
    16
    78
    49
    48
     0
     9
     0
     0
     0
     0
   109
   105
    24
    94
    88
    68
    49
   112
    23
    35
    20
    55
    30
    35
    19
    26
    36
    29
     0
     3
     4
     9
     0
     0
    79
    60
   242
   132
    39
   113
    53
    47
    14
   177
   233
    31
   102
    34
    31
    50
    66
    46
     0
     2
     6
     0
     4
     0
    25
    60
   176
   108
    34
    53
    58
    20
    51
    17
    20
    41
    23
     9
    25
   116
    25
    39
     0
     4
     0
     1
     5
     9
    70
    18
   224
    65
    28
    63
   154
    77
    29
    27
    71
    22
    64
    52
    32
   109
    37
    33
    10
     0
     4
     0
     8
     1
    34
   134
    73
   111
    40
    21
    31
   168
    24
    17
    31
    73
   160
    45
    74
    71
    32
    23
     0
     0
     1
     0
     0
     0
    98
    92
   212
    68
    23
    85
    18
    39
    67
    16
    37
    28
    28
    46
    40
   136
   153
    16
     0
     0
     0
     0
     4
     0
    37
   145
    38
    91
    57
    14
    38
    24
    45
    35
    44
    29
    19
    41
    86
    31
    29
    22
     2
     0
     0
     3
     9
     8
    33
   177
    36
    61
    56
    33
    27
    28
    30
    30
    28
    14
    64
    11
    82
    21
    37
    18
     1
    14
     0
     9
     0
     8
    64
   117
   105
   133
    18
    17
    35
    42
    37
    74
    70
    43
    90
    82
   123
    43
   166
    30
     5
     0
     0
     0
     0
     0
    28
    83
   152
    36
    18
    15
    37
    58
    35
    46
    63
    22
    60
    18
   152
    97
   194
    23
     0
     0
     0
    13
     1
     3
    27
    86
    37
    23
    18
    20
    68
    36
    38
    24
    41
    74
    70
    21
    59
    60
   102
    14
     0
     0
     1
     0
     0
     4
    16
    95
   147
    65
    18
    56
    25
    36
    65
    95
   146
   159
    81
    47
    22
    26
    18
    17
     0
     5
     3
     4
     3
     0
    19
   176
   230
   100
    25
    32
    15
    28
    18
    43
    42
    53
    40
    70
    54
    25
    21
    18
     0
     0
     0
     5
     0
     6
    33
   141
    26
     9
    44
    50
    23
    37
    76
    14
    65
    15
    63
    16
    68
    20
    32
    24
     0
     0
     0
     3
     5
     0
    76
   102
    68
   151
   107
    31
    50
    44
    53
    31
    64
    55
     6
   197
    35
   388
    31
    36
     0
     2
     6
    15
     0
    36
   138
   244
   150
    17
    81
    12
    60
    31
    34
    31
    26
    36
    27
    45
   119
    39
    10
     0
     0
     0
     0
     0
     6
    11
   170
   171
    55
    48
    22
    47
    22
    38
    26
    10
    45
    17
    16
    25
    78
    26
     9
     0
     0
     0
     0
     0
     5
    30
   132
   144
    50
    52
    20
    25
    84
    30
    66
    27
    21
    11
    22
    66
    32
    29
    91
     4
     4
     0
     0
     1
     9
     9
    31
    86
    13
     8
    31
    66
    71
    64
    20
    22
    17
    59
   166
    17
    44
    12
    33
     6
     0
     0
     8
     0
    13
    16
   120
   161
    48
    20
    22
    20
    99
     8
    16
    27
    36
    21
    68
    41
    41
    26
    21
     0
     0
     4
     2
    10
     1
    28
    43
   173
   127
    38
    31
    31
    55
    21
    49
    30
    31
    41
    72
    89
    60
    16
    24
     7
     5
     0
     0
     0
     7
    30
    64
   104
   124
    52
    36
    76
    77
    35
    43
    56
    43
    35
    74
    31
    99
    29
    24
     0
     0
     0
     0
     0
     0
    36
   164
   133
    63
    37
    38
    38
    33
    92
    47
    54
    18
    12
    67
    22
    64
    48
    31
     0
     0
     0
     5
     0
     0
    24
    61
   107
   103
   183
    30
    36
    22
    32
    13
    41
    26
    34
    25
   217
    23
    19
     6
     0
     7
     0
     1
     6
     0
    12
    27
   144
    59
    10
    35
    17
    28
    24
   181
    20
    26
    12
    85
   163
    91
    25
    16
     4
     0
     0
    11
    12
     0
    16
   106
   155
    40
    41
     6
   110
    13
    39
    36
    21
    23
    25
    22
   212
    50
    30
    26
     0
     2
     0
     0
     0
     0
    48
   126
   101
    68
    76
    14
    31
    16
    70
    27
    22
    18
    29
    33
   148
    52
    50
    36
     0
     5
     1
     0
     2
     0
     5
   161
   155
   106
    20
    17
    26
    14
    33
    12
    16
    33
    10
   207
    88
    13
    16
    18
     0
     0
     0
     9
     0
     0
    61
   140
   111
   105
    49
    92
    46
    30
    18
   181
    35
    23
    22
   189
    50
   113
    46
    23
     5
     0
     0
     0
     0
     0
    65
   147
   245
   165
    40
    32
    26
    68
    19
    34
    89
    18
    29
    48
    72
    65
    30
    53
     8
     0
     1
     7
     0
     4
    31
    18
   116
   126
    16
    63
    71
     5
    25
    16
    14
    15
    24
    51
    63
    71
    75
    17
     1
     7
     0
     0
     0
     0
    31
    61
    76
    54
    30
    25
    19
   188
    30
    23
    31
    54
    12
    16
   296
    60
    27
    35
     3
     1
     5
     0
     0
     0
    18
    73
    32
     7
    66
    23
    23
    98
    45
    17
    19
    43
    29
     9
   163
    35
    22
     7
     0
     5
     0
     0
     3
     0
    20
   141
   194
    78
    30
    23
    27
    35
    35
    27
   167
    26
    67
    33
   264
    65
    18
    16
     6
     0
     8
     0
     1
     0
    27
   186
    52
   228
    43
    60
    17
    21
    28
    35
    34
    64
    40
    17
   100
    23
    26
    66
     0
     7
     0
     8
     0
     0
    18
    66
   248
   113
    24
   161
    22
    36
    57
    22
    77
   121
    55
    88
    22
    41
    22
    13
     0
     0
     0
     0
     5
     0
    83
     5
   193
   105
    20
    50
    40
    86
    34
    29
    42
    42
    31
    34
   200
   316
    32
    32
     0
     6
     0
     0
     0
    10
    39
    85
   195
   150
    30
    27
    53
   184
    20
    22
    24
    35
    22
    12
   151
   148
    79
    94
     3
     0
     5
     4
     0
     2
    28
    68
    27
    60
    31
   228
    12
    19
    12
    82
    80
   158
    15
   158
    43
   192
     7
    31
     8
     0
     0
     1
     0
     0
    95
   201
    81
    10
    31
    22
     7
    34
    18
    31
    45
    42
    31
    80
    64
    51
    39
    12
     0
     0
     0
     0
     0
     0
   104
    18
   271
    75
    85
    19
    72
     2
    73
    46
    48
    26
    62
    13
    39
    63
    28
    61
     1
     7
     0
     0
     0
     1
    82
    74
   112
    20
    57
    89
    34
    44
    43
    15
    13
    16
    73
    37
   145
   111
    14
     7
     0
     3
     0
     0
     0
     0
    59
    22
   189
    74
    38
    28
    38
    31
    92
    51
    23
    86
    38
    23
    33
    35
    19
    44
     7
     7
     0
     3
     0
     0
    49
    39
   159
    51
    95
    67
    34
    20
   152
    36
    74
    13
    14
    47
   106
   208
   124
    39
     6
     5
     3
     0
     0
     3
    67
   142
    91
   105
    17
    36
    14
    22
    12
    72
    55
    12
    74
    75
    80
   162
    12
    45
     0
     0
     7
     2
    10
     0
    20
    20
    71
    80
    57
    26
     2
   163
    30
    44
    69
    39
     8
    23
   127
    78
    31
    23
     0
    12
     8
     0
     0
     0
    23
    61
    56
   126
     7
    31
    24
    19
    41
    42
    22
    16
    59
   105
    79
   151
    24
    53
     0
     8
     0
     3
     0
     0
    25
    47
   317
    48
     9
    42
    30
    31
    61
    25
    28
    28
    11
    42
    34
    16
    32
    13
     0
     0
     1
     0
     0
    10
    21
    57
   102
    72
    22
     7
    25
    66
    20
    19
    20
    16
    18
    40
    50
    28
    14
    15
     0
     4
     0
     1
     0
    12
    29
   105
   117
    62
    10
    41
    21
   180
    43
    25
    67
    12
    57
    34
     8
   235
    41
    35
     0
     8
     0
     0
     1
     3
    39
    74
   302
    21
    53
    17
    67
    23
    41
    74
    49
    74
    35
    24
    56
    65
    17
    41
     3
     5
     4
     0
     0
     6
    15
    54
    18
   150
    13
    31
     9
    18
    16
    70
    68
    43
    41
    34
    23
    94
    24
   164
     5
     8
     2
     0
     0
     6
    82
   143
    92
    93
    58
    39
    15
    20
    33
     5
    32
   165
    25
    19
    37
   108
     8
    18
     0
     0
     0
     6
     1
     0
    69
    58
    53
    49
    40
   100
    36
    47
    41
    11
    57
    27
    27
   170
   328
   155
    30
    45
     8
     0
     0
     0
     0
     0
    14
    62
    68
   102
    32
    77
    36
     9
    12
    41
    44
    37
    58
    16
   185
    60
    32
    62
     0
     0
     0
     0
     0
     4
    30
    97
    67
   115
     6
   210
    39
    16
    11
    14
    22
    19
    34
    32
    41
    12
    39
    56
     0
     5
     1
     9
     0
     0
    70
   178
   141
    37
   176
    14
    11
    46
    48
    15
    46
    27
    56
    59
   117
    75
    45
    35
     0
     0
     0
     0
     0
     5
    79
    77
   259
    49
    42
    40
   127
    25
    28
   148
    39
    32
    19
    52
   256
    36
    33
    74
     0
     0
     0
     9
     7
     0
    19
   105
   141
   102
    18
    11
    67
    54
    36
    22
    30
    32
    61
    25
    24
   101
    29
    23
     0
     0
     0
     0
     0
     0
    92
    70
   128
    63
    49
    16
    32
    15
    54
    18
    38
    61
    33
   172
     5
    11
     5
    38
     0
     6
     0
     0
     0
     5
    20
    90
   116
   108
    28
    33
    16
    13
    26
    17
    23
    19
    30
    69
    60
    70
   202
    37
     0
     5
     0
     0
     1
     0
    56
    23
   207
   103
    40
    45
    18
    56
    67
    41
    24
    25
    61
    19
     7
    44
    30
    51
     1
     3
     6
     0
     0
     0
    26
    30
   100
   155
    38
    28
    30
    58
    45
    27
    29
    33
    12
    17
    31
    55
    66
    24
     0
     5
     0
     0
     0
     0
   110
   227
    34
    24
    33
    39
    40
    37
    46
    19
    22
    66
    38
    26
     7
    89
    47
    16
     8
     0
     0
    12
     0
     5
    17
   148
   122
   155
    22
    18
    67
    39
    34
    50
    50
   180
   176
    33
    18
   108
    31
    29
     0
     8
     4
     3
     0
     0
    17
    75
   126
    95
    17
    89
    68
    35
    18
    18
     7
    56
    38
    18
    66
   109
    17
    46
     5
     0
     0
     0
     0
     0
    44
    60
    78
    67
    14
    38
   156
    46
    19
    21
    10
    76
    21
    19
    67
    34
    43
    23
    15
     0
     0
     3
     0
     0
    41
    51
   141
    76
    13
    33
    33
    24
   173
    17
     3
    80
    34
    15
    64
    56
    51
    13
     6
     1
     0
     0
    10
    11
    64
   109
   159
   143
    30
    53
     3
    27
    18
    18
    59
    43
    29
   169
   110
    54
    26
    28
     0
     0
     8
     0
     0
     4
    20
    74
   180
    69
    26
    26
     5
    33
    12
    14
    26
    13
    19
     9
    57
    72
    25
    17
     3
    10
     0
     0
    14
     1
    31
    30
   144
   102
    50
    27
    71
    92
    37
    22
    49
    44
    31
    70
    26
    23
    27
    21
     0
     0
     0
     0
     0
     0
    82
    58
   203
    13
    24
    36
    25
    34
    43
    17
    49
   166
    57
    32
    29
   149
    25
    58
     0
     1
     7
     0
     0
     0
    17
    62
   137
    96
    13
   180
    42
    88
    40
    12
    26
    30
    20
    15
    15
   220
    67
    28
     0
     2
     9
     8
     5
     0
    36
   106
   137
    64
    23
    51
     6
    11
    14
    17
    33
    17
    33
   151
   258
    89
    19
    30
     0
     5
     0
     0
     0
     0
    10
    55
   101
   105
    31
    24
    24
    42
    24
    21
     3
    66
    55
    12
    74
    58
    27
    84
     5
     0
     0
     0
     0
     0
    29
    69
   159
    54
    18
    62
    21
    41
    80
    22
     8
    23
    72
    26
    12
    51
    20
    53
     0
     3
     0
     7
     0
     0
    26
    68
    70
    39
     7
    13
    54
    15
    70
    35
    15
     7
    31
    31
   201
    57
    28
    14
     0
     0
     0
     0
     0
     6
    39
   105
   180
    84
    88
    40
    21
    32
    44
    21
    18
    21
    27
    51
    12
    60
    30
    26
     3
     0
     0
     0
     0
     8
    32
    85
    59
    21
    19
    66
    29
    32
    33
    35
    18
    57
    71
    76
   175
   240
    23
    12
     0
     8
     0
     4
     2
     6
    19
    68
    93
    48
    31
    38
    22
    18
    17
    39
    24
    57
    24
    14
   197
    28
   106
    44
     5
     0
     0
    10
     4
     6
    23
    95
   135
    74
    38
    14
    17
    36
     2
    31
    25
     1
    64
    31
   114
    41
    35
    22
     7
     3
     0
     0
     1
     0
    20
    88
    75
   155
    19
    34
    40
    48
    11
    34
    17
     6
    22
   175
    30
    28
    74
     5
     8
     1
     0
     0
     0
     0
    80
    51
   115
    46
    29
    36
    11
    23
    13
    43
    50
    37
    43
   201
    25
    29
    36
    30
     0
     0
     8
     0
     0
     0
    50
   123
   139
   111
    20
    28
    33
    29
    19
    27
    24
    26
    21
    65
    59
    82
    17
    72
     8
     0
     0
     0
     0
     4
    68
    19
   233
   239
    92
    27
    25
    31
    14
    48
    34
   117
    14
    70
   205
    79
    67
    42
     3
     8
     0
     0
     0
     7
    61
    67
    10
   211
    36
    16
    32
    27
    18
    57
    12
    53
    24
    37
    76
    55
    30
    39
     9
     0
     0
     5
    10
     7
    13
    61
   290
    59
    14
    24
    17
    18
    30
    74
   196
    29
    43
     9
    83
   110
     9
    39
     3
     5
     1
     0
     0
     0
    27
    91
   103
    97
    10
    47
    21
   103
    27
    34
    22
    35
     3
    15
    30
    19
    15
    34
     3
     2
     0
     0
     0
     0
    52
    28
   182
   243
    12
    57
    35
     9
    41
     5
    62
    11
    17
    12
    29
    19
     7
    51
     0
     0
     0
     6
     6
     0
   113
     6
    78
   191
    56
    18
    54
    32
    10
    62
    58
   167
    29
    26
    19
   118
    25
    15
     0
     8
     6
     0
     0
     0
    57
    58
   107
    41
    38
    18
    29
    23
    35
    14
     8
    16
    12
    69
    34
    15
    62
     7
     3
    16
     0
     0
     0
     0
    21
    77
   151
    85
    67
    14
    42
    30
    80
    96
    29
    13
    20
    90
    52
    54
    45
    46
     0
     2
     0
     9
     4
     0
    20
    17
   172
    63
    28
     6
     7
    14
    24
    14
    14
    59
    32
     3
    90
    98
    76
    42
     1
     0
     0
     0
     0
     0
    88
   142
    90
   131
    35
    23
    28
    26
    77
    65
    47
    18
    23
    24
    54
    35
    27
    47
     0
     0
     0
     0
    12
     5
     9
    27
    67
   135
    56
    25
    47
    14
    24
    99
    57
     2
    43
    23
    52
    80
    26
    18
     0
     0
     0
     5
     5
     1
    25
    61
   177
    53
    17
    27
    84
     1
    81
    16
    10
    20
     5
   209
    20
    26
    72
    24
     0
     0
     0
     3
     0
     2
    25
   179
   237
    49
    30
    14
    24
    29
    22
    11
    20
    21
    12
    43
    23
   140
    18
    11
     2
     0
     0
     0
     0
     0
     9
   101
    38
    55
     6
    85
    32
    39
    21
    24
   150
    19
    54
    33
   140
    46
    61
    12
     0
     0
     3
     2
     2
     0
    42
   192
    51
    76
    49
    26
    67
    44
    26
    12
    26
    28
    46
    46
    13
    52
    32
    33
     0
     2
     0
     0
     0
     0
    69
    12
    76
   161
    39
    61
    27
    26
    27
    47
    27
    54
    39
    13
    22
    69
    50
    28
     0
     0
     0
     0
     2
     0
    47
    73
   144
    99
    16
    58
    13
    14
    19
    23
    21
    45
   209
    15
   263
   295
    57
    15
     0
     0
     0
     0
     0
     0
    29
    10
   231
    91
    25
    19
    13
    10
    30
    41
    48
    24
    22
    67
    62
    71
    12
    33
     3
     0
     0
     0
     3
     0
    52
    17
    45
    40
    22
    83
   110
    33
    23
   153
    50
     3
    71
    73
    58
    14
    32
    13
     7
     6
     0
     0
     0
     0
    79
    65
   107
    28
    19
    16
    24
    38
   121
     6
    19
   191
    25
   229
    21
    21
    25
    44
     6
     0
     0
     0
     0
     0
    21
   142
    63
   114
    33
    19
    50
    23
    12
    21
    15
    32
    26
    10
    13
    67
     3
    57
     2
     0
     1
     4
     0
     0
    42
    15
   152
    48
    31
    45
    19
    33
    42
    38
    46
   106
    32
    41
   234
    38
    32
    32
     0
     8
     0
     0
     0
     0
    20
    26
    33
    77
    41
    27
    29
    18
    23
    23
    15
    49
     4
    24
    69
    36
    22
    32
     1
     0
     6
     0
     6
     3
    39
    54
   134
   121
    12
    21
    21
    25
     9
    24
    22
    20
    39
    20
   444
    53
    25
    28
     0
     0
     0
     0
     0
     0
    38
    62
   143
    94
    73
    11
    30
    15
    21
   161
    17
    15
    20
    11
     8
   109
    34
    38
     8
     0
     0
     3
     3
     0
    55
    81
    99
    96
    21
    81
    32
    56
   147
    16
    23
    62
    42
     2
   136
    77
    10
    14
     1
     2
     0
     1
     0
     0
    34
    60
   113
    24
    21
    62
    45
    40
     9
    46
    89
    19
    15
    23
    73
     3
    23
    14
     0
     0
     1
     0
     0
     2
    30
    24
   178
    16
    23
    83
    11
    64
    10
    23
    76
     7
    65
    31
    59
    53
    40
    23
     0
     0
     3
     8
     0
     0
    21
   205
   102
   146
    42
    22
    22
     9
    45
    22
    39
    26
    42
    16
    74
    14
    28
    17
     0
     0
     6
     4
     2
     7
    67
    20
   160
    43
    19
    13
     1
    17
    30
    19
    46
   148
    17
    48
    18
    57
   160
    22
     0
     0
     0
     0
     0
     0
     8
    13
   173
   201
    24
     7
    13
    32
    40
    46
    18
    22
    16
     1
    95
   175
    27
    12
     0
     3
     0
     0
     0
     5
    51
    30
    79
    45
    42
    36
    30
    31
    34
    19
   168
   212
     6
    12
    55
    58
    19
    17
     0
     0
     0
     0
     9
     0
    37
    19
    26
    54
    28
    37
     9
     9
    30
    36
     9
   148
    14
    37
    42
    64
    10
   184
     0
     0
     0
     0
    11
     6
    46
   100
    96
    23
    81
     5
    27
    12
    35
     2
    47
     8
    55
    43
    78
   198
    15
    14
     0
     0
     0
     7
     0
     0
    20
    15
   112
   215
    80
    79
    59
     4
    38
    47
    25
    34
    32
    31
   111
    58
    39
    38
    15
     0
     0
     2
     6
     5
    44
    54
   168
    60
    24
    57
    31
    15
    28
    50
    61
    14
    26
    39
    85
   192
    21
    52
     0
     0
     0
     0
     4
     6
    26
    86
   110
   135
    44
    39
    47
    28
    63
    72
    58
    39
    41
    24
    75
    47
    40
    36
     0
     0
     6
     0
     3
     0
    31
    17
   180
     9
    22
    15
    30
    22
    19
    15
    32
    15
    33
    54
    25
    24
    16
    31
     4
     0
     2
     0
     0
     0
    28
    65
    96
    58
    14
    62
    12
    74
    46
    11
    38
    59
    12
    15
    61
    91
    19
    20
     7
     9
     0
     0
     5
     0
    41
    65
    61
   123
    23
    18
    19
    76
    19
    15
    39
    49
    37
    11
    60
    18
    21
    11
     0
     2
     0
     0
     0
    14
   104
    54
   140
    33
    13
    25
    10
    24
    51
    22
    69
    13
   167
    17
    24
    19
    32
    20
     0
    12
     0
     0
     1
     0
    77
    73
    89
   120
    47
    14
    20
    21
    24
    34
    21
   267
    25
    75
    28
    12
    12
    10
     1
     0
     3
     0
     5
     0
    23
    21
   224
    80
    28
     7
    63
   126
    24
     7
    42
    11
    41
     8
    38
    63
    42
     7
     0
     0
     0
     0
     0
     0
     9
   177
   142
   135
    26
    15
    35
    20
    26
    29
    90
    14
     9
    55
   141
    75
    37
    52
     5
     1
     7
     3
     0
     0
    53
   108
   128
    56
     8
    18
    22
    27
    16
    21
    27
    24
    13
    26
   112
    74
    21
    86
     0
     0
     0
     0
     0
     0
    20
    89
    63
    23
    39
    61
    34
    35
    14
    33
    10
     8
    32
    16
   124
    71
    10
     3
     0
     3
     8
     0
     0
     3
     4
   167
   176
    74
    22
   159
   169
    24
    40
    20
    39
    39
    35
    13
    24
    52
    29
    37
     0
     7
     0
     0
     1
     0
    11
   138
   114
    59
    32
    13
     5
    48
    32
    61
    22
   150
    21
    68
    43
    44
    43
    17
     0
     0
     1
    16
     0
    10
    51
    25
    52
    40
    52
    28
    39
    26
    34
    16
    50
    30
   204
    20
   195
   153
    36
    93
     0
     0
     0
     5
     5
     0
    42
    92
    40
    88
    17
     7
    45
    52
    43
    35
    32
     0
    10
    30
    63
    97
    55
    64
     0
     0
    13
     0
     7
     0
    56
   309
    57
    22
    31
    19
    24
    26
    42
    25
    17
    38
    72
    29
    73
    68
    13
    29
     7
     0
     0
     0
     4
     0
    19
    55
    92
    62
    11
    22
    34
    19
    31
    63
    25
    29
     8
    10
    62
    64
    21
     0
     0
     0
    10
     0
     0
     0
    15
    24
    85
    31
    19
    16
    23
    70
    14
    50
    24
    10
     4
    22
   112
    59
    58
    29
     0
     0
     0
     0
     0
     7
    16
    28
    63
   125
    24
    65
    19
    25
    22
    15
    21
    19
    17
    20
    14
   130
    21
    13
     0
     7
     0
     0
     0
     0
    55
   106
   130
    60
    26
   147
    11
    31
    17
   140
    38
    65
    45
    23
   106
     8
    23
    29
     0
     9
     1
     0
     3
     0
    92
    70
    14
    52
     9
     6
    29
    19
    49
    23
    61
    18
    17
     8
   191
    51
     8
    26
     0
     1
     0
     0
     0
     0
    23
   121
   135
   165
    19
    13
    23
    16
    17
    33
    65
    49
    56
    43
   182
    39
    27
    75
     0
     8
     2
     0
     4
     2
     1
    57
    92
    16
    78
    40
    23
    39
    79
    14
    49
    28
    27
    10
    30
     8
    26
    36
     0
     0
     0
     0
     0
     0
    25
    10
    57
   151
    59
    14
    15
    14
   154
    53
    26
    20
    12
    19
    36
    20
    63
    45
     0
    10
     0
     0
     0
     5
    62
   149
    54
    68
    13
    48
    22
    71
     7
    24
    26
    25
    29
    27
    14
    28
    64
     1
     0
     0
     0
     0
     0
     0
    22
    75
    11
    47
    32
    92
    14
    22
    10
    39
    55
    27
    45
    47
    70
   135
    26
    15
     0
     0
     0
     0
     0
     1
    24
   109
    70
   134
    24
    15
    48
    66
    13
    13
    13
    26
    22
   166
    15
    49
    39
    29
     2
     0
     0
     0
     6
     2
    44
   143
   149
   138
    27
    18
    27
    24
    17
    10
    20
    31
    54
    28
    21
    45
     6
    46
     0
     0
     0
     0
     0
     0
    34
    88
   276
    16
    52
    39
    24
    18
    18
    31
    98
    26
    34
   170
   239
    63
    18
    30
     0
     0
     0
     0
     0
     0
    27
   154
    88
   190
    38
    85
    20
    39
    17
    31
     2
    17
     9
   135
   115
    79
    32
    34
     0
     0
     0
     0
     0
     0
    11
    24
   146
    47
    16
    26
    27
    27
    16
     0
    32
    36
    37
    66
    52
    14
     8
    17
     0
     4
     0
     0
     0
     2
    63
   143
   161
    86
    28
    30
    42
    17
    20
    22
    51
   163
    38
    16
    22
     6
     9
    22
     0
     0
     0
     0
     0
     6
    26
    95
   105
    52
    71
    24
    16
    15
    15
    17
    23
    34
    64
   212
    49
    13
    73
    22
     0
     6
     0
     0
     9
     0
    54
   100
     5
    38
    54
    31
    27
    44
     5
   165
    26
    12
    60
    61
   130
    12
    43
    28
     0
     0
     2
     4
     0
     3
     7
    54
   154
    61
    99
    10
    78
    32
    30
    16
    27
    43
    14
    20
    55
    18
    23
    71
     0
     0
    12
     1
     6
     0
    43
   138
    64
    19
    52
    11
    26
    25
    19
    41
    23
    15
   158
   117
    29
    61
    11
    90
     0
     0
     0
     7
     2
     0
    13
    59
    90
   117
    24
    28
    29
    11
    11
    21
   152
    17
    39
   219
    53
    20
    20
    29
     0
     0
     0
     4
     0
     0
     6
    27
    30
    64
    36
    34
    69
    17
    69
    25
    81
    34
    38
    14
    68
    31
    37
    53
     3
     0
     0
     0
     0
     0
    25
    22
    51
    98
    24
    96
    66
    64
    60
    47
    60
    19
    31
    15
    36
    23
   188
    18
     9
     0
     1
     0
     9
     0
    31
    38
    58
    62
    23
    27
    39
    18
    16
    42
    55
     7
    15
    20
   156
    31
    17
    30
     0
     0
     0
     0
     0
     0
    77
   100
   109
   181
    12
    10
    10
    31
    17
    78
    14
    14
    24
    21
    82
    20
    47
    20
     0
     0
     6
     5
     0
     0
    27
   136
    99
    65
    22
     3
    15
    18
    71
    37
     2
    26
    84
    15
    75
    18
    41
    23
     0
     8
     0
     7
     6
     1
    26
   121
    25
   155
    59
    28
    39
    19
    59
    14
    73
    11
    53
    23
    10
    92
     9
    19
     0
     0
     5
     1
     0
     0
    55
    67
   148
    39
    40
    15
    25
    25
    20
    26
    19
    29
    11
    28
    90
    44
    25
    19
     2
     0
     8
     0
     0
     0
    55
    28
   108
    25
    12
    20
     2
     6
    14
    26
    16
    23
    14
    24
    85
   160
    12
    55
     0
     0
     0
     3
     0
     0
    23
     4
   130
    23
    19
   100
    29
    15
    15
    22
    11
    35
    11
    70
   107
   109
    65
    17
     0
     0
     0
     2
     0
     0
   126
    58
   109
    46
   168
   103
    27
    14
    14
    18
    92
    55
    60
    24
    62
    41
    31
    32
     4
     0
     0
     0
    11
     3
    23
   128
   110
    61
    56
    17
    16
    20
    52
    15
    17
    15
    45
    25
    36
    85
    19
    18
     0
     0
    17
     6
     1
     0
    15
   222
    71
    93
    36
    77
     2
     7
    36
    14
    11
    14
    58
    19
    61
    19
    25
    33
     0
     8
     0
     0
     1
     0
    30
   149
   154
   115
    38
    36
    59
    29
    53
     6
    25
    20
    22
    97
    62
    32
    13
    14
     6
     0
     0
     0
     0
     0
    22
    25
   152
    94
    48
    20
    18
    35
    28
    45
    35
    77
    17
    36
    65
    29
    19
    28
     6
     4
     0
     0
     1
     0
    72
    47
   186
    55
    34
    27
    10
    26
    30
    80
    20
    48
   157
    32
   159
   165
    27
    17
     8
    15
     0
     0
     0
     7
     3
    98
    91
    35
     9
    63
    25
    50
    98
    16
     7
    17
     9
    33
    72
    65
    29
    13
     3
     6
     0
     0
    15
     0
    19
   145
    99
    59
    29
     5
    23
    16
    23
    12
    21
    17
    13
    14
   207
    90
    14
    10
     5
     0
     2
     0
     0
     0
    57
    10
    98
   156
    70
     5
    32
    74
    15
    37
    21
    13
     9
    17
    31
   128
    24
    21
     0
     0
     1
     0
     0
     0
    38
   103
    66
   101
    14
    18
    27
    10
    27
    43
    11
    48
    14
    20
    53
   104
    43
    37
     7
     0
     0
     0
     0
     0
    27
    66
   199
    70
    16
    41
    14
    66
    36
    31
    95
    40
    64
    10
   250
    37
    23
    30
     0
     0
     4
     0
     0
     0
    28
    69
   177
    37
     9
    55
     2
    22
    33
    70
    17
    22
    21
   204
    62
   142
    61
    20
     0
     0
     0
     0
     0
    10
    19
    36
   130
    63
    44
   113
    22
    26
    27
    53
     8
    18
    93
    10
    18
    40
    26
    27
     2
     0
     0
     0
     8
     5
    75
    65
   108
    75
    41
    27
    28
    10
    21
    23
    23
    27
    10
    39
     4
    54
    57
    63
     0
     8
     0
     2
     0
     0
    18
    57
   144
   100
    25
     9
    14
    20
    27
    14
    18
    31
     4
    13
    62
    14
    21
    34
     0
     0
     4
     6
     0
     9
    84
    46
   197
    81
    21
    14
    30
    31
    12
    48
    39
    14
    13
    26
   153
    60
    35
    51
     0
     0
     0
     0
     0
     0
    44
    71
   105
    12
    78
    16
    23
     8
    50
    41
    77
    25
    45
    25
    85
    85
    40
    22
     0
     0
     0
     7
     0
     2
    41
   129
    14
    94
    22
    22
    11
    18
    40
    27
     0
    62
    76
    68
   102
    81
    35
    53
     0
     2
     0
     8
    21
    11
    18
    53
   176
   117
    31
    13
    14
    18
    15
    21
    20
    44
    14
    22
    61
    99
    10
    17
     0
     0
     4
     0
     0
     0
    30
    98
    68
    21
     5
    33
    13
    12
    35
    22
    37
     9
    22
    25
    55
    11
    20
    15
     0
     0
     0
     0
     0
     0
    12
    23
   107
    57
    18
    21
    82
    57
   126
    25
    30
    35
     6
   100
    56
    25
    23
    10
     4
     0
     0
     2
     0
     0
    14
   184
   136
    55
    57
     1
    17
    24
    13
    20
    32
    20
    28
    31
   206
   107
    10
    61
     0
     0
     0
     2
     0
     0
    20
    49
   265
    61
    17
    12
    13
    15
    62
    22
    32
    58
    38
    18
   327
    43
     6
    28
     0
     2
     0
     0
     0
     6
    13
    59
   140
    67
    18
   100
   166
     8
    17
    32
    19
    29
    66
   150
    19
    30
     7
    52
     1
     0
     0
     0
     0
     0
    34
    95
    20
   132
    24
     6
    33
    61
    17
    90
   165
    21
    46
    50
    69
    53
    16
    83
     0
     1
     2
     0
     3
     0
    31
    28
    27
   128
    23
    26
    85
    20
    29
    21
    29
    33
    30
    64
    80
   186
    67
    65
     0
     0
     0
     0
     0
     7
    25
     9
    55
   103
    22
     7
    21
    20
    39
    17
    13
    21
    21
    37
    58
    78
     4
    15
     0
     0
     5
     0
     0
     0
    12
     7
    49
    65
    21
    23
    59
    25
   179
     3
    24
    17
    29
    20
    75
    19
    18
     0
     0
     0
     0
     0
     0
     2
    22
    85
    67
    95
    34
    27
    32
    29
    12
    18
    28
    45
    17
    28
    22
    60
    23
    12
     1
     0
     0
     7
     1
     0
    16
   103
    49
    62
    31
     5
    16
    41
    11
     4
    16
    35
    32
    62
    26
    60
    56
    27
     8
     0
     0
     3
    12
     0
    80
   111
    61
    44
    10
    22
    30
    39
    12
    30
    46
    38
    66
     8
     7
   111
    19
    26
     0
     0
     0
     0
    12
     0
    24
   121
   127
    90
    40
    23
     9
    48
    24
    52
    42
   105
    29
    26
     7
   106
    72
    20
     5
     0
     0
     5
     0
     3
   108
   100
    21
   163
    65
    11
    84
     9
    83
    24
    23
    35
    16
    23
    22
   136
    68
    21
     0
     0
     1
     0
     0
     0
    27
    50
   100
    23
    83
    36
    15
    21
    89
    18
    24
    43
     7
    45
    24
    21
    10
    25
     0
     0
     0
     0
     0
     1
    42
    89
   120
    30
    26
    17
    22
    24
    55
    22
   118
    13
    23
    13
    24
    14
    26
    39
     1
     0
     0
     0
     0
     0
    42
    30
   245
    18
    28
    58
    10
    11
    26
    56
    22
    29
    14
    23
    65
    16
    55
    15
     0
     4
     0
    13
     5
     6
     9
    59
    39
    51
    18
    82
    16
    27
    26
    57
    69
    27
    19
    32
   110
    45
    20
     6
     3
     2
     4
     2
     0
     0
    17
    20
   145
   161
    55
     9
   117
    64
    13
    72
    20
    49
    67
    21
   121
    63
    22
    36
     4
     0
     0
     0
     0
     1
    26
   121
   232
    89
    43
    30
   165
    15
    47
    46
    68
    31
    64
   167
    25
    89
    24
    38
     9
     2
     0
     0
     0
     0
    64
   100
   108
    30
    35
    16
    30
    69
    28
    87
    46
    17
    35
   164
   199
    25
    31
    94
     0
     0
     0
     2
     0
     0
    63
   124
   140
    29
    14
     4
    38
    69
    39
    32
    17
    42
    13
    34
    61
    67
    23
     7
     0
     5
     0
     0
     7
     0
     9
    26
   154
   240
    77
    27
   187
    43
    20
     1
    13
     3
    48
    34
    30
    62
    20
    40
     2
     0
     0
     0
     0
     0
    55
    66
   236
    58
    20
    19
    76
    12
    18
    40
    10
    35
    12
    14
    65
    68
    19
    63
     0
     0
     0
     0
     0
     0
    15
    92
    70
    56
    23
     9
    24
     6
    21
    29
    24
    23
    12
   214
    20
    27
    15
   102
     6
     0
     6
     1
     3
     8
    15
    31
    92
    22
    22
    75
    18
    78
    20
    20
    50
    60
    24
     5
   123
    89
    67
    26
     8
     1
     0
     1
     0
     0
    24
    98
   125
    51
    24
    66
    23
    72
    38
    23
   106
    18
    37
    30
   165
   187
    28
    86
     0
     0
     3
     0
    13
    13
    23
    71
   140
    64
    55
   201
    43
    15
    47
    14
    18
    30
    29
    55
   232
   135
    12
    17
     0
     0
     0
     0
     1
     0
    73
    60
    18
    66
    68
    30
    82
    47
    43
     4
    20
    52
    29
    18
    27
    52
    24
    25
     0
     0
     9
     7
     3
     0
   115
    15
    71
    69
   153
    29
    30
    29
    31
    26
    58
    14
    34
   151
    51
   109
    25
   103
     0
     0
     5
     0
     3
     0
    17
   102
    81
    30
    40
    62
     9
    22
    55
    22
   177
     9
    29
    26
   182
    21
     7
    18
     3
     1
     0
     5
     0
     0
    14
    77
    14
    21
     9
    15
    33
    32
    50
    27
    82
    19
    45
    29
   241
   173
    21
    51
     0
     0
     0
     0
     0
     0
    32
    60
   106
    58
    24
    37
    16
    56
    23
   175
    47
    12
    14
     8
    22
    53
    66
    27
    10
     0
     0
     0
     0
     0
    35
   135
    91
   100
    24
    38
    16
    65
    55
    23
    21
   197
    10
    62
    73
    83
    23
    23
     0
     8
     0
     0
     2
     0
     9
    61
   176
   117
    19
    30
    34
    32
   164
    66
    73
    19
    21
    20
   183
    91
    27
    56
     0
     0
     3
     0
     6
     0
    27
    31
    65
    60
    21
    16
    17
    13
     7
    18
    22
    18
    19
   120
    50
    77
    14
    10
     0
     0
     0
     1
     0
     0
    62
    24
   160
   166
    15
    37
    37
    12
    22
    18
    23
     1
    29
    76
    53
   104
    22
    58
     0
     0
     2
     0
     0
     0
    15
    99
   166
   106
    63
    29
    41
     0
    23
   162
    26
    17
    26
    15
    19
    15
    10
    30
    18
     0
     5
     0
     3
     0
    24
   156
   230
    22
    12
    32
     9
    72
    37
    45
    30
    31
    20
    16
    24
    81
    14
    52
     0
     0
     0
     0
     0
     0
    17
    32
    99
    69
    30
    97
    66
    18
    31
    19
    30
    57
    25
    16
    22
    55
    18
    15
     0
     0
     0
     0
     0
     0
    19
    74
   244
    96
    40
    30
    31
    18
    11
   162
    39
    28
    26
    57
   173
    52
    26
    43
     0
     0
     2
     2
     1
     0
    34
    66
   109
    86
    13
    19
    23
    40
   188
     8
    26
    23
    38
    28
   135
   121
    69
    24
     2
     0
     0
     0
     3
     0
    17
    66
   112
   184
   116
    10
    19
    20
    28
    40
    10
    41
    29
    28
    34
    73
    30
    10
     0
     0
    12
     0
     6
     0
    26
    52
   230
    74
    35
    53
    10
    22
   319
    11
    62
    10
    37
    18
    29
    35
    55
    26
     7
     0
     0
     0
     0
     0
    76
    99
   182
    41
    23
   135
    96
    18
   167
    34
    31
    28
    23
   175
    47
    42
    34
    27
     0
     5
     0
     0
     0
     0
     0
    18
    65
   134
    65
    22
     7
    25
    29
    22
    38
    14
    23
    10
    59
    17
    70
    21
    56
     8
     1
     0
     5
     0
     0
     7
     7
    94
    61
    17
    37
    46
    18
    57
    39
    13
    26
    69
   194
   159
    42
    27
    45
     6
     0
     0
     0
     0
     0
    24
    74
    86
    65
    20
    27
    43
     7
    33
    41
    50
    25
    22
    67
    27
    33
    46
    64
     0
     0
     0
     0
     2
     4
    58
   192
   146
    55
    11
    46
    32
    54
    11
    28
    28
    37
    37
   165
    64
   114
   172
    45
     0
     0
     0
     0
     1
    14
    26
   151
    65
    55
    25
    23
    85
    33
    62
     4
    22
    15
    67
   167
    18
   125
    31
    31
     5
     0
     0
     0
     0
     0
   144
    68
    99
    76
    71
    17
    19
    16
    63
    22
    18
    61
     9
   170
    21
    62
    14
   150
     0
     0
     2
     0
     0
     3
     6
    72
    87
    69
    36
    30
    10
    36
    37
    65
    21
    48
    18
    46
    20
    34
     9
    24
     0
     0
     0
     0
     1
     6
    62
   167
   106
    44
    47
    31
    24
     7
    26
    28
    89
   167
    15
    32
   163
    93
    31
    42
     0
     0
     0
     6
     7
     0
    27
    22
   111
    15
    13
    32
    62
    20
     5
    22
    25
    15
    23
    22
    27
    92
    12
    38
     1
     0
     0
     0
     0
     0
    24
    97
   130
    55
    76
    66
    76
   139
    26
    71
    20
    19
    25
    40
   368
   158
    18
    29
     0
     8
     0
     5
     7
     0
    40
    16
   176
    74
   103
    29
    48
    21
    40
     8
    16
     6
    36
   183
   102
    50
    20
    30
     0
     4
     0
     0
     0
     4
    26
   122
    58
    93
   209
    28
   126
    36
    24
    24
    11
    40
    37
    73
    26
    51
    22
    28
     0
     8
     6
     0
     0
     0
    26
    21
   110
    57
    10
   168
    23
    23
    46
     8
    67
    22
    45
     7
    11
    40
    19
    58
     1
     0
     0
     0
     0
     0
    28
   170
    59
    52
    14
    30
    10
    55
    56
    24
    39
    41
    19
    42
    88
   135
    24
    40
     0
     0
     0
     0
     0
     0
    22
    74
    41
   110
    17
    38
    37
    77
    69
    38
    57
    66
    20
   246
    75
     9
    12
     8
     0
     7
     5
     5
     0
     0
    66
   104
   178
    47
    35
    37
    19
    24
    20
     8
    36
    27
    22
    32
    25
   129
    19
    12
     0
     0
     0
     0
     2
     0
    45
    98
   152
   129
    33
    45
    19
    13
    29
    13
    31
    57
    19
    29
    12
   123
    21
    64
     0
     0
     0
     0
     6
     0
    57
    89
    93
    43
    17
    51
    32
    10
    21
    43
    28
    86
   174
    66
    16
    20
    26
   116
     5
     0
     0
     0
     2
     0
    82
   132
   230
    56
    66
    12
    14
    38
    21
    22
    35
    22
    17
    14
   158
   105
    25
    22
     0
     0
     0
     0
     2
     8
    20
   113
    94
   169
    39
    22
    13
    25
    23
    16
    45
   113
     9
    25
    58
    56
    37
    26
     0
     0
     2
     0
     0
     0
    21
   274
   137
    42
    27
    24
    41
    40
    25
    11
    21
    55
    35
    35
    79
    14
    25
    79
     0
     0
     0
     0
     0
     6
    15
   140
    61
    15
    28
    30
   123
    24
    18
   146
    17
    32
     9
    24
    14
    24
    40
    67
     0
     8
    10
     0
     0
     0
    19
    43
   123
    74
    11
    37
    27
    38
    19
   109
    19
    11
    76
    10
     7
    46
    40
    53
    12
     7
     0
     4
     4
     0
     9
   110
   100
   222
    64
    37
    41
    71
    30
    12
    40
    27
    76
    26
   176
    79
    32
    26
     0
     4
     0
     9
     7
     0
    74
    55
   201
    30
    28
    42
    39
    49
    55
    29
    90
   198
    31
    72
    35
   125
    96
    16
     4
     0
     0
     3
     0
    14
    16
   107
    43
    46
    19
    10
    18
    51
    40
    18
    15
    27
     5
    64
   112
    20
    17
    50
     0
     2
     0
     0
     0
     3
    38
    64
   130
   127
    14
    50
    33
    51
    31
    38
    28
    46
    43
    60
    35
    24
    76
    57
     0
     0
     3
     0
     0
     0
    77
    74
    54
   117
    24
    16
    25
    41
    24
    19
    38
    69
    31
    66
   123
    87
    21
    37
     4
     0
     0
     2
     6
     0
    17
   129
   349
   106
    14
    42
    15
    15
    13
    24
    22
    14
    21
    25
    10
    65
    14
    32
     0
     1
     0
     0
     0
     0
    45
    48
   177
    67
    17
    16
    15
    19
    30
    38
    27
    23
    14
    15
    94
    34
    63
    44
     0
     4
    14
     6
     0
     3
    22
    64
   194
   216
    13
    31
    78
    17
    11
    20
    30
     7
    22
    34
    75
   107
    12
    25
     0
     0
     0
     0
     0
     0
    61
   109
   189
    90
    71
    34
    54
   178
    13
    32
    27
    31
    80
    42
    81
   185
    78
    29
     0
     4
     6
     0
     0
     0
    33
    38
    38
   200
    62
    25
     6
    34
    25
    50
    15
    85
    72
   176
    60
    17
    20
    18
     3
     1
     6
     0
     8
     6
    60
   139
   135
   112
    53
    33
    95
     8
    30
    21
    15
    19
    31
    44
    12
   117
    26
    26
     0
     2
     2
     0
     0
     0
    31
    26
   142
   165
    39
    36
    19
    70
   212
   221
    49
    26
   202
    23
    66
   147
    39
    19
     0
     0
     0
     8
     6
     0
    69
   143
    53
   137
    22
    34
    18
    48
    14
    23
     9
     7
    33
    58
    19
    54
    41
    12
     0
    16
     0
     6
     0
     0
    36
   108
    79
   168
   150
    15
    44
    23
    34
    20
    22
   111
    77
    45
    33
    16
    14
    18
     0
     4
     3
     0
     0
     0
    83
    10
   277
    73
    26
    60
    36
    24
    38
    33
    52
   170
    62
    35
   186
    91
    69
    23
     0
     0
     0
     0
     0
     0
    22
    61
   140
    59
    48
    19
    25
    24
    55
    28
    37
    39
    37
   177
    75
    81
    37
    41
     3
     0
     0
     0
     0
    13
    21
    64
   137
    46
    17
    23
    31
    14
    27
    27
    34
    59
    19
    23
     7
    61
    25
    14
     2
     2
     3
     8
     0
     0
    63
    77
   132
    18
     9
    29
    45
    29
    45
    21
    15
    17
    55
   212
     9
    10
    45
    19
     3
     8
     0
     1
     0
     3
    19
    47
    35
   151
    28
    20
   205
    35
     9
    23
    71
    15
    39
    27
    30
    96
    18
    15
     0
     0
     1
     0
     0
     1
    19
    59
   178
   107
    27
    25
    56
    73
    26
    24
    70
    61
    12
    69
    58
    31
    26
    84
     0
     7
     0
    10
     0
     0
     8
   113
   139
    34
    38
    69
    14
    25
    65
    32
    52
    30
    34
    25
    38
    17
    26
    26
     0
     0
     0
     0
     0
     0
    28
   115
   230
    94
    40
    62
    25
    28
    66
    23
   106
     1
    56
    59
    53
    11
   101
    22
     9
     0
     0
     0
     0
     0
    26
   101
   210
   112
   185
    69
    30
   169
    70
    18
    33
     6
    99
    36
    66
   109
    17
    57
     0
     2
     0
     0
     0
     0
    24
   129
    14
    32
    24
    22
    16
    43
    57
     9
    14
   152
   166
    23
    28
    78
    24
    28
     0
     0
     7
     0
     0
     0
   110
    38
   100
   146
    12
    34
    29
    15
    28
    38
    24
    12
    21
    36
    36
    69
    33
    66
     0
     0
     0
     0
     0
     0
    19
    23
    16
   111
    24
    22
    37
    25
    29
    20
    23
    11
    25
    22
   268
    63
    46
    26
     3
     0
     8
     2
     0
     0
    97
    55
   150
    87
    40
    18
    33
    42
    24
     5
    45
    49
    70
    28
    34
    30
    13
    16
     0
     0
     0
     9
     0
     0
    98
    96
    91
   119
    30
    76
    66
    17
    34
    10
    25
    33
    27
     9
   119
    95
    22
     3
     0
     7
     2
    10
     2
     0
    69
    34
   192
   148
    33
    27
    19
    28
    53
    15
    69
    23
    25
    32
   305
    91
    52
    37
     6
     8
     0
     4
     0
     7
    37
    30
   452
    18
    21
    74
    39
    24
    24
    51
    64
    18
    39
    19
    30
    35
    21
    28
     1
     2
     9
     0
     2
     0
    45
    25
   133
    99
    41
    46
    57
     2
    27
     2
    32
    72
    35
    17
    10
   236
    38
    18
     4
     4
     0
     0
     0
     0
    29
   104
   165
    99
    40
   163
    19
    57
    12
    20
    18
    67
   124
    17
    73
   174
    26
    45
     0
     0
     1
     0
     0
     1
    38
   107
   155
    70
    17
    16
    81
    22
    24
    10
    35
    23
    17
    27
    29
    72
    32
    61
     0
     0
     0
     3
     0
     0
    62
   106
    74
    16
    55
    55
    55
    36
    15
    69
    21
     5
    12
    20
    68
   222
    17
    29
     0
     0
     9
     3
     0
     0
    65
    97
   165
    60
     9
    21
    19
    71
    46
    25
    31
    21
    23
    24
   178
    99
    39
    72
     0
     0
     1
     0
     5
     0
    44
   117
   171
    69
    26
    78
    48
    75
    16
    68
    22
    19
    18
    52
    30
   197
    77
    32
     0
     0
    13
     0
     7
    19
    68
    61
   125
   163
    49
    24
    30
    39
    67
    34
    48
    21
    34
    66
    45
   278
    44
    12
     3
     0
     0
    10
     0
     0
    14
   149
   250
    91
    14
    15
    28
    11
    14
    54
    30
    16
    32
    14
   166
    56
    31
     0
     0
