    33
     6
     3
    15
     0
    52
   132
   182
    73
    83
    29
    75
    21
    26
    62
    43
    20
    41
    34
    34
    35
    48
    86
     0
     7
     0
     0
     0
     6
    36
    43
   228
   145
    87
    45
    42
    77
    36
    30
    66
    56
    42
    59
    46
    58
   117
    30
     4
     9
     4
     0
     0
     5
    82
   215
   146
    70
    60
    45
    50
    16
    26
    41
    28
    34
    78
   104
    42
    79
    22
    29
     0
     5
     0
     0
     0
     0
   126
    95
   109
   207
    78
    34
    41
    95
     2
    56
    46
    20
    80
    30
   185
   174
    30
    89
     0
     0
     6
    11
     7
     0
    13
   131
   298
   125
    65
    40
   104
   179
    37
    63
    89
    92
    64
   189
   120
    78
    51
    30
     0
     9
     6
     1
     0
     0
    52
   130
   366
   110
    47
    59
    57
    98
    32
    60
    95
    29
    41
   221
    52
   141
    57
    60
     0
     2
     0
     3
     3
     7
    85
   148
   267
   298
    35
    80
    73
    80
    60
    56
   129
    52
    34
   193
   185
    55
    64
    95
     0
     0
     0
     5
     0
     6
    32
   235
   238
   125
    20
    86
    73
    61
    67
     8
    45
    44
    25
   210
   104
    88
    50
    71
     0
     7
     1
     0
     0
     4
    90
   153
   206
    96
    62
    45
    48
    45
    50
    30
    44
    69
    32
    40
    66
   176
    88
    16
    14
     0
     5
     1
     1
     0
    26
   193
   206
    64
    44
    59
    34
    92
    43
    85
    49
    21
    86
    37
    34
    52
    49
    23
     1
    13
     0
     0
     0
     3
    38
   116
   203
    59
    23
    22
    96
    75
    57
    35
    69
    51
    35
    94
    60
    76
    69
    37
     3
     0
     0
     0
     0
     0
    69
    59
   240
   169
    90
    18
   118
    47
    61
    39
    41
    51
    57
    20
   162
    26
    58
    32
     0
     2
     3
     0
     0
     0
   123
   185
   176
   171
    28
   276
    86
    75
    36
   101
    40
   115
    45
    42
    98
    14
    95
    22
     0
     0
     0
     0
     3
     6
    64
   146
   182
   157
    39
    67
    76
    66
    55
    52
    17
    91
    21
    43
    71
    35
   101
    88
     1
     0
     5
     0
     7
    10
    83
   202
   127
   173
    32
    50
    14
    38
    72
    44
    85
    43
    72
    27
    37
   139
    39
    24
     7
     0
     4
     0
     0
     6
    27
   161
   174
    89
    68
    30
    11
   122
    74
    57
    60
    46
    35
    46
   222
   110
    76
    56
     6
     3
     0
     0
     4
     0
    44
   114
   308
   182
    87
    48
    70
    82
    71
    69
    36
    60
    94
   116
    68
   147
    35
    14
     0
     0
     0
     0
    13
     8
    96
    83
   200
   195
    60
    39
    37
    42
   103
    56
    34
    38
    52
    78
   171
   137
    49
    54
     0
     0
     3
     0
     0
     0
    93
   100
   227
    32
    19
    55
    53
    32
    33
    16
    81
    70
    34
    36
    77
   303
    41
    31
     0
     0
     6
     4
     0
     7
    85
    97
   281
   186
    62
    19
    33
    65
    43
    58
    41
    31
    38
    27
   233
   178
    53
    57
     0
     0
     0
     0
     0
     0
   125
   217
   151
   201
    49
   174
    66
    88
    80
    53
    41
    94
    22
    72
    37
   251
   132
   103
     8
     0
     0
     2
     0
     0
   113
   105
   175
    86
    48
    37
    45
    22
   156
    53
    48
   101
    48
    51
    10
   135
    82
    39
     7
     0
     0
     3
     0
     0
   101
   193
    49
    74
    62
    24
    52
    51
    30
    76
    59
    51
    38
    66
    88
   273
    31
    55
     0
     0
     0
     7
     3
     0
    72
   163
   163
   226
    47
    47
    48
    27
    39
    58
    30
    22
    64
   262
    66
   262
    69
    68
     1
     0
     0
     0
     2
     0
    86
   231
   243
   217
    56
    74
    27
    86
    80
    47
   152
    67
    49
   161
   343
    85
    31
    27
     8
     0
     1
     8
     7
     4
    58
   212
   148
   183
    12
    16
   205
    85
    31
   179
    73
    34
    75
    17
    76
    80
   377
    93
     0
     0
     1
     0
     9
     2
    31
    79
   200
   435
    96
    87
    77
    51
    94
    52
    45
    53
   216
   199
   265
   169
   141
    39
     5
     1
     0
     4
     3
     4
    50
    84
   173
   114
    60
    91
   107
    37
    30
    40
   147
    49
    46
    38
   107
    26
    46
   150
     0
     0
    10
     0
     0
     2
    86
   128
   240
   217
    36
    28
    87
    28
    61
    25
    53
    95
    56
   206
   198
   113
    45
    93
     0
     0
     0
     0
     3
     0
    48
    59
   107
   265
    27
    36
   112
   219
    33
   237
    37
     4
    51
    35
     9
   263
    85
    34
    12
     0
     6
     0
     0
     0
    30
   146
   186
   281
    55
    25
    46
    18
    19
   216
    63
    39
    58
   138
   245
    28
    99
   120
     0
     7
    12
     0
     4
     1
    62
    58
   241
    97
    56
    50
    58
    74
    99
    28
    63
    59
    38
   111
   184
    96
    52
   100
     0
     2
     0
     0
     3
     0
    94
   112
   183
   129
   107
    42
   142
    33
    41
    93
    49
    43
    75
   186
    19
    40
    58
    42
     0
     0
     0
     2
     0
     0
    97
    63
   335
   122
    56
    87
    66
   212
   109
    30
    70
    71
    48
    61
    89
   257
   104
    71
     3
    10
     0
     0
     7
     4
    59
   219
   204
    77
    35
    55
    48
   195
    44
    62
    32
    48
    70
    41
    80
   115
    77
    55
     0
     0
     0
     3
     0
     2
   148
   198
   168
   154
    74
    40
   123
    41
    48
    41
    64
    24
    42
   244
   227
   213
    48
   178
     1
     8
     0
     0
     0
     0
    79
   182
   150
    90
    37
    36
    51
    46
    58
    94
    87
    55
    36
    86
    75
   107
    35
    71
     0
     7
     6
     0
     0
     2
    48
   145
   111
   133
    93
   111
    17
    42
   115
    50
    42
    15
    64
    56
   135
   119
    81
    19
     2
     0
     0
     0
     0
     2
   108
   352
   161
    97
    32
    33
    31
    20
    40
    42
    48
    18
    15
   183
   239
    73
    83
    65
     5
     0
     5
     1
     0
     6
    59
   119
    69
   131
    19
    38
    20
    51
    73
    37
    46
    43
    31
    30
   104
    72
    55
    86
    17
     1
     0
    20
     0
     2
   100
   159
   198
   185
    97
    61
    54
    41
   115
    33
   105
    48
    30
   112
   220
    77
    95
    60
     8
     7
     5
     0
     0
     3
    89
   141
   212
   150
    60
    64
   101
    71
    42
    99
    16
    59
    18
   261
   120
    72
    66
    49
     0
     2
     0
     0
     0
     0
    44
   218
   195
   196
    21
    78
    48
    44
    39
    31
    30
   172
    79
    37
    87
    94
    68
    47
     1
     3
     8
     1
     0
     0
    65
   268
   270
   101
    67
    66
    40
   125
   135
   158
    22
    37
    50
    49
   179
    36
    60
    42
     1
     8
     0
     0
     3
    13
    45
   231
   172
    21
    66
    33
    42
    67
    44
    58
    97
    39
    87
    54
   106
    25
    85
    49
     0
     0
     3
    17
     0
     3
    56
   173
    78
    49
    78
    21
    61
   112
    61
    73
    84
    37
    38
   235
   137
    82
    24
    41
     3
     6
     9
     0
     8
     1
    27
   274
   134
   211
    57
    72
    70
    62
    45
    39
    33
    51
    51
   150
   402
   180
    36
   106
     0
     8
     6
     1
     2
     1
    80
   102
   197
   145
   109
    47
    82
    88
   117
    38
    59
    46
    68
    55
   227
   147
   167
    68
     0
    15
     0
     0
     8
     0
   100
   157
    63
   189
    41
    34
    34
    36
    49
    50
    36
    64
    73
    78
   155
   121
    34
    22
     0
     9
     0
     0
    14
     0
    40
   176
   258
    78
    49
    47
    49
    27
    80
    29
    60
    49
   157
    84
    38
    39
    39
    46
     0
     5
     4
     3
     9
     0
    55
   136
   181
    14
    26
    30
    49
   174
    96
    98
    41
    26
    27
    60
    39
    34
    64
    64
     4
     0
     0
     0
     1
     7
    36
   236
   131
   178
   102
    58
    36
    48
    27
    48
    33
    68
    40
   106
    49
   168
    27
    47
     2
     0
     0
     9
     2
     0
    30
    85
   154
    79
    29
    68
    24
    41
    45
   177
    56
    57
    49
    50
   116
   201
    60
    68
     1
     5
     0
     0
     2
     0
     7
   169
   308
   332
    27
    38
    90
    61
    42
    38
    31
    23
    50
    37
    63
    73
    76
    36
     0
     4
     0
     0
     0
     3
    34
   222
   159
   105
    49
    53
    81
   340
    85
   142
    82
    95
    71
   235
   143
    79
   102
    58
     0
     5
     1
    15
     0
     8
    69
   163
   256
    87
    55
   103
    38
    65
   130
    56
    73
    74
    70
   180
   125
   185
    96
    46
    11
     2
     0
    15
     0
     0
    20
    85
   253
   122
    34
    11
    44
    87
    38
    84
    42
    55
    60
   172
   122
    35
    49
    53
     8
     5
     0
     4
     0
     9
    78
   101
   192
    70
    50
    40
    96
    27
    52
    53
    49
    82
    33
    57
    49
   169
    35
    18
     5
     0
    10
     1
     3
     1
    59
   127
   321
   167
    44
    49
    38
    47
    50
    33
    38
    59
    64
    63
   198
   217
    67
   122
     8
     4
     0
     5
     1
     5
    66
    47
   146
    29
    26
    79
    89
    38
    63
    90
   102
    48
    38
    70
   219
   160
    56
    65
     4
     9
     0
     9
     5
     0
    87
    45
   196
   251
    57
    85
    34
    38
    40
    67
   129
    25
    18
   173
   123
    42
    55
    86
     0
     0
    10
    10
     0
     4
    65
   125
   254
   122
    60
   100
    60
    40
    81
    32
    33
    54
    58
    79
   127
   135
    83
    38
     0
     0
     7
    10
     0
     0
   163
   138
   248
   220
    36
    44
   123
    98
    58
    37
    56
    60
    67
   113
    43
    81
   191
    32
     0
     5
     0
     0
     3
     0
    43
   108
   255
   112
    61
    20
    49
    32
    87
    20
    19
    13
    51
   111
    54
    41
    49
    75
     0
     3
     5
     0
     0
     0
    80
    65
   197
   142
    56
    31
    46
    35
    31
    51
    62
   169
    26
   104
   156
    37
    39
    33
     6
     7
     0
     3
     3
     8
    33
    89
   102
    67
    44
    54
    67
    19
    71
    51
    49
    15
   200
    71
    83
    44
    60
    62
     9
     4
     0
    13
     0
     1
    36
   158
   109
   125
    71
    36
    22
    18
    95
    95
    32
    46
    42
    73
   291
   114
    53
    91
     0
     8
     2
     2
     0
     6
    71
   366
   200
    90
    21
    46
    62
    74
   250
    28
    25
    14
    17
   211
   156
    77
    90
    94
     0
     0
     0
     0
     2
     8
    58
    69
   149
   281
    32
    31
    47
    53
   180
    43
    93
   262
    34
   191
   187
    80
    52
    75
    11
     0
     0
     8
     0
     0
    31
   163
   275
   194
    27
    39
   145
   116
    79
   106
    74
    48
    90
    35
    66
    33
    94
    44
     1
     0
     0
     0
    14
     0
    26
   143
   184
   160
   105
    25
    83
    24
    58
    45
    32
    32
    90
    65
   199
   104
    35
    39
     0
     0
     1
     7
     0
     0
    47
    65
    64
    56
    29
    72
    40
    41
    32
    45
    71
    51
    29
    33
    99
   119
    51
    65
     6
     5
     8
     0
     0
     0
    75
   158
   232
    82
    38
    61
    54
    59
    27
   112
    40
    36
    56
   186
   117
   252
    24
    31
     0
     4
     3
    10
     5
     0
    52
   152
   198
   133
    52
    19
    64
    26
    42
    40
    60
    38
    34
   108
   212
   283
    32
    37
     0
     0
     0
     4
     0
     6
    29
    29
   155
   117
    27
   130
   105
    35
    75
    45
    42
    39
    27
   171
   140
   418
    26
    38
     5
     0
     0
    16
     6
     6
    40
   215
   138
   226
    46
    35
    45
    61
    36
    79
   163
    81
    67
   110
   235
    51
    12
    54
     1
     9
     0
     0
    15
     0
    73
   137
   128
   348
    34
    32
    23
    50
    31
    56
   171
   158
    72
   163
   119
   239
   182
    56
     3
     0
     5
     0
     8
     0
   135
    92
   267
   217
    39
    47
    57
   127
    80
    65
    64
    39
    71
    36
    40
   192
    43
    73
     2
     5
     0
     1
     4
     0
    63
   153
   196
   109
   227
    37
    28
    90
    44
   120
    57
    31
    20
    14
   121
    55
    29
    26
     0
     0
     0
     0
    12
     1
    33
   192
   186
   106
    28
    23
    90
    68
    72
    39
    52
    32
    47
    37
    73
   117
    18
   129
     5
     7
     4
     0
     0
     0
    93
   156
   161
   144
    37
    35
    77
    47
    92
   158
    44
    89
    38
    25
    68
    85
    73
    21
     1
     0
     2
     2
     0
     6
    66
    74
   125
   102
    28
    38
    42
    34
    18
    54
    39
    54
    24
    76
    63
    42
    78
    43
     0
     0
     0
     0
     0
     0
   115
   168
   175
   340
    43
    89
    44
    55
    76
    42
    87
    50
    34
    33
   116
    87
    44
    66
     0
     1
     6
     2
     2
     3
    66
   187
   334
   107
    37
    62
    31
    86
    35
    44
    94
    70
    87
    85
   124
   141
    68
    56
    14
    12
     0
     0
     6
     1
    44
   128
   284
    55
    18
    26
    41
    47
    11
    60
   189
    83
   102
   272
    38
    51
    72
    44
     5
     0
     0
     0
     0
     0
    27
   186
   105
    69
    44
    50
    45
    46
    64
    34
    37
    38
    72
    34
   194
   119
    70
    17
     3
     1
     0
     0
     0
     1
    89
   186
   123
   214
    56
    49
    59
    38
    25
    24
    54
    45
    32
    73
   193
   253
    32
    33
     0
    11
     4
     0
     0
     3
    36
    77
   137
   134
    56
    28
    76
    58
    21
   126
    15
    19
    27
    59
   121
    66
    33
    34
     0
     0
     0
     0
     0
     4
    86
   120
    52
    98
    37
    34
    13
    35
    93
    36
    91
    33
    39
    59
    11
    60
    35
    79
     9
     1
     0
     7
     4
     0
    90
    98
   172
   203
    60
   118
    64
    51
    94
   171
    51
    56
    38
    69
   105
   128
    69
    66
     0
     1
     0
     0
     2
   159
   112
   178
    82
    61
    28
    86
   111
    57
    70
    97
    63
   121
    50
   182
    84
    93
    60
     0
     0
    16
     2
     2
     0
   249
    25
   423
   112
    30
    65
    37
    72
    40
    88
   215
    82
   101
    32
   268
    59
   185
    27
     6
     0
     5
     0
     2
     2
    47
   123
   205
    27
    45
    58
    96
    23
    19
    85
    67
    30
    58
    50
   116
    72
    42
    48
     0
    10
     6
     0
     1
     0
    40
   106
   182
   296
    43
    38
    44
    59
    72
    26
    52
    39
    35
    45
   148
   246
    23
    51
     0
     2
     0
     0
    11
     0
    71
   146
   269
    63
    22
   216
    50
   106
    87
    50
    28
    77
    36
    91
    50
    39
    29
    21
     0
     3
     0
     3
     9
     5
    69
   124
   194
   200
    76
    55
    30
    38
    26
    48
    35
    95
   154
    23
    39
    72
    26
    53
    11
     6
     6
     6
     0
     0
    82
   154
   281
   107
    85
    49
    40
   105
    35
    67
    51
    40
    39
    71
   222
   184
    37
    48
     0
     9
     1
    16
     4
    10
   154
   315
   235
   283
   103
    32
    96
   102
    37
    43
    52
    64
    79
    36
   227
   315
    44
    47
     0
     0
     0
     8
     1
     3
    37
   203
   152
   226
    15
    32
    34
    23
    53
    27
    79
    35
   100
    30
    71
    93
    72
    45
     2
     8
     0
     1
     0
     7
    81
   129
   239
   106
    69
    42
    60
    47
    70
    35
   101
    19
    62
    29
    24
   119
    42
    29
     0
     1
     2
     1
     0
     0
   110
   102
   243
   158
    62
    30
     7
    27
    65
    63
    83
    80
    28
    48
    60
   145
    54
    38
     1
     0
     1
     2
     0
     0
    41
    30
   423
   113
   109
    86
    64
    38
    66
    20
    30
    78
    25
    23
    90
    82
    27
    27
     8
     0
     7
     0
     7
     0
    47
    59
   264
   147
    67
    77
    43
    38
    23
   191
    29
    68
    26
    21
   215
    50
    43
    34
     0
     0
     5
     6
    16
     0
    32
   191
   226
   133
    65
    63
    81
    64
    60
    68
   104
    38
    42
    43
   119
   163
    52
    43
     0
     0
     0
     0
     0
     0
    34
   163
   158
    78
   167
   109
    64
    37
    97
    59
   193
    93
    51
   127
    44
   113
    97
    40
     0
     3
     0
     1
     2
     0
    76
    87
   208
   129
    63
    88
    40
    52
    66
    28
    27
   107
   185
    55
   138
    83
    35
    62
     3
     0
     0
     0
     0
     0
    84
   104
   189
   197
    90
    71
    30
    84
    56
    80
    94
    17
    79
    64
    39
   307
    28
    20
     0
     0
     0
     0
     0
     0
    40
    60
   200
   147
   176
   103
    86
    54
    85
   130
    77
    34
    94
    12
    43
   166
    22
    72
     0
     2
     0
     5
     2
     0
    13
   122
    28
   140
    91
    84
    85
    33
    53
    76
    31
   142
    39
    42
    71
    82
    36
    40
     2
     0
     0
     0
     0
     0
    50
    80
    46
   131
    34
   138
    49
    33
    27
    49
    53
    63
    59
    56
   245
    51
    49
    30
     0
     4
     0
     0
     9
     0
    61
   116
   127
    63
    36
    34
    94
   207
    56
    55
    99
    83
   248
    59
    57
   223
    85
   103
     5
     3
     5
     3
     0
     0
    80
   275
   224
   169
   108
   104
    43
    27
    43
    33
    92
   169
    50
    61
   170
   177
    60
    37
     3
     0
     0
     0
     7
     4
    34
   205
   296
   146
    73
   226
    59
    32
    88
    50
    78
    69
    30
    59
    82
    46
    25
    70
     1
     0
     0
     1
     0
     0
    87
   133
   103
   229
    38
    27
    39
    66
    71
   156
    55
    39
    36
    32
    65
   154
   143
    24
     0
     0
    10
     0
     0
     1
    92
    26
   137
   140
    44
    38
    52
    23
    93
    81
    82
    28
    28
    37
    42
   154
    16
    62
     1
    14
     0
     0
     0
     0
    76
   273
   224
   103
    35
   118
    61
    37
    51
    29
    51
    53
    21
    60
   232
   148
    82
    96
     5
     0
     1
     0
     0
     0
    42
   136
   162
   138
    57
    59
   104
    14
    54
    76
    54
    36
    38
   243
   128
    77
    86
    48
     8
     3
     9
     3
     0
     1
    20
   216
   136
   291
    42
    49
    33
    48
    87
    31
    51
    48
    79
    58
    55
    95
    39
    89
     1
     8
     0
     8
     4
     0
    51
    97
    86
   193
   165
    54
    48
    95
    30
    78
    52
    53
    48
    66
    98
   215
    68
    99
     2
     0
     5
     1
     0
     3
    67
   140
   165
    41
    22
    30
    45
    39
    16
    50
    37
    36
    71
   240
    79
    55
    34
    32
     0
     0
     0
     0
    10
     6
    56
    30
   173
   122
    47
    68
   114
    29
    58
    35
    20
   157
    21
    31
    89
    96
    53
    53
     0
     5
     0
     0
     0
     2
    39
    70
   351
    53
    63
    31
    29
    45
    50
    33
    90
    46
    88
   129
   241
    32
     9
    46
     0
     2
     0
     0
     0
     2
    32
   193
   290
   126
    74
    39
    29
    24
    40
    43
    67
    73
    50
    82
    50
   294
    44
    40
     6
     7
     0
     0
     7
     0
    97
    34
   224
   148
   101
    36
    41
    22
    62
    12
    45
   177
    12
    75
    15
   160
    42
    64
     3
     0
     0
     1
     0
     0
    37
    54
   190
   196
    32
    86
    65
    81
    68
    95
    95
    36
    47
    41
   256
   207
    79
    42
     4
    13
     0
     0
     0
     0
    54
   115
   201
   126
    97
    25
    47
    91
   182
    40
    22
    41
    69
    99
    88
   241
   134
   111
     2
     0
     2
     0
     0
     1
    89
    52
   199
   157
    52
    61
    53
    27
    44
    28
    39
    58
    19
    48
    20
   206
    62
    47
     2
     0
     0
     0
     0
     0
    44
   241
   163
   114
    53
    78
    40
    19
    71
    38
   132
    79
    28
   226
    84
    18
    31
    51
     9
     0
     8
     0
     6
     0
    86
   135
   224
   142
    33
    39
    41
    21
    23
    51
    35
    26
    36
   101
    58
   257
   120
     8
     2
     0
     0
     0
     7
     0
    30
    50
   179
   162
    62
    25
    58
   174
    52
   315
    63
    40
    26
   127
   121
    27
    17
   157
     7
     8
     5
     5
     0
     0
    22
   111
    60
   105
    30
    40
   105
    24
    26
    70
    26
    66
    75
    24
    97
    56
    90
    54
     0
     0
     0
     8
     2
     3
    80
   121
   101
   270
    47
    74
    83
   162
    25
    33
    78
    69
    71
   181
    73
   193
    91
    51
     0
     0
     0
     0
     8
     0
    47
   133
   166
   154
    27
   176
    85
    62
    57
    42
    25
    49
    41
    43
   176
   111
    66
   246
     1
     0
     4
     6
     1
     0
    33
   147
    79
    92
    43
    37
    29
    26
    70
    16
    23
    44
    27
    19
   111
   105
    16
    50
     3
     2
     2
     2
     7
     0
    69
    86
   209
   203
    43
    26
    82
    62
    37
    45
    32
   205
    44
    69
    73
   211
    33
    48
     0
     0
    12
     0
    18
     6
    24
   100
   210
   127
    13
    40
    49
    74
    83
    24
   160
    24
    43
    35
   225
    54
   117
    18
     0
     0
     0
     0
     7
     0
    56
    93
   141
    56
    15
    91
    36
    71
    77
    23
    17
    21
    66
    86
    50
    47
    21
    24
     9
     0
     6
     0
     3
     8
    29
   107
   262
   143
    65
    31
    93
    38
    38
    25
    43
   215
    21
    24
     8
   199
    38
    44
     0
     2
     5
     2
     9
     6
    52
    81
   298
   105
    42
    66
    79
    92
    59
    28
    57
    27
    34
    57
   220
    75
    86
    86
     0
     0
     2
     0
     4
     0
    47
   122
   172
    85
    53
    20
    91
    30
   185
    69
    59
    37
    34
    94
    83
   103
    94
    28
     0
     0
     7
     0
     0
     0
    23
   149
   108
    65
   180
    20
    23
    83
    51
    57
    31
    15
    24
    38
   108
   125
    40
    21
    10
     0
     0
     0
     0
     0
    50
    50
   158
    30
    67
    32
    54
    82
    16
    37
    81
    46
    53
   190
    84
   112
    50
   137
    15
     0
     8
     1
     0
     0
    49
    90
   134
   146
    51
    47
    35
    72
    47
    52
    54
   196
    42
    44
   101
    94
    37
    61
     0
     0
     0
     5
     0
     0
    34
    47
    89
    82
    24
   178
    44
    33
    19
    40
    41
    31
   209
    32
    70
    51
    26
    65
    15
     8
     6
     6
     5
     0
    24
   124
   189
    93
    15
    78
    20
    27
    38
    78
   100
    38
    41
    16
    77
    94
    33
    87
     0
     6
     1
     0
     0
     3
    36
    87
   150
   154
    14
    51
    33
    42
    56
    50
    46
    70
    16
    65
   109
   125
    78
    38
     0
     2
     3
     3
     0
     4
    36
   195
   228
   177
    44
    30
    54
    25
    33
    75
    94
    51
    66
    94
   106
    90
    50
    42
     0
     8
     0
     0
     6
     2
   126
   164
    76
   200
    36
    70
    56
    76
    61
    17
   178
    37
    35
    98
    72
   142
    96
    77
     5
    12
     2
     0
     0
     0
    40
   112
   122
   107
    37
    36
    54
    44
    23
    20
    23
    55
    83
   143
    74
    52
   216
    59
     0
     3
     8
     4
     8
     4
    53
   158
   375
   216
    31
    44
    48
    60
    38
    46
    24
    83
    36
    69
    89
    82
    17
    37
     0
     0
     0
     0
     2
     0
    20
    55
   128
   127
    34
   121
    41
    38
    19
    44
    89
    14
    64
    15
   104
   138
    36
    33
     0
     0
     0
     0
     5
     1
    70
   152
   150
   200
    92
    54
    81
    42
    39
    32
    52
    25
    33
    25
    24
   135
    31
    38
     0
     0
     0
     0
    13
     0
    52
   203
   145
    69
    40
    59
    15
    37
    98
    39
    68
    49
   135
    72
    60
   252
   186
    45
    10
     0
     4
     0
     0
     0
   117
    36
   323
   191
    98
    30
    53
   159
    77
   132
    98
    32
    63
    40
   116
    94
    69
    65
     0
     0
     5
     2
     9
     4
    27
   138
   152
   102
    41
   184
    67
   213
    18
    43
    51
    35
    43
   316
    34
   198
    48
    90
     1
     4
     0
     0
     0
     0
    76
   235
   129
    48
    19
    16
    44
    42
    68
   167
    60
    32
    44
     4
    23
   151
    21
    70
     0
     0
     1
     1
     0
     0
    49
    37
    92
    45
    46
   104
    20
    15
    35
    31
    41
    35
    79
    74
   251
   105
    30
    54
     2
     0
     0
    11
     0
     0
    26
    53
   194
   131
    19
    68
    38
    65
    84
   195
    30
    49
    38
    28
   119
    25
    36
   113
     0
     0
     3
     7
     0
     9
    34
   164
   295
   208
    38
    21
    16
    34
    49
    65
    22
    82
    40
    15
   114
   121
    17
    35
     0
     3
     1
     0
     6
     0
    44
    36
   138
   131
    59
    59
    37
    56
    90
    84
    33
    61
    53
   165
   239
   164
    46
    38
     0
     1
     3
     7
     0
     0
    27
   150
   231
    83
   123
    34
    67
    54
    21
    76
   198
    19
    86
    32
   162
   115
    39
    56
     2
     0
     0
     3
     8
    15
    81
   132
    60
    82
    54
    24
    88
    38
    48
    35
    17
   141
    25
    71
   229
   144
    58
    28
     9
     2
     4
     4
     0
     9
    48
   121
   225
    84
    26
   161
    41
    83
    41
    42
    25
    39
    40
    28
    65
    93
    35
    49
     8
    10
     0
     4
     0
     3
    36
   145
   224
   188
    22
    54
    43
    25
    26
    20
    34
    32
    18
    38
   101
    67
    44
    36
     0
     0
     0
     6
     0
     9
    25
   159
    42
   146
    16
   155
    14
    44
    19
    46
    37
    26
    75
    33
   235
    47
    11
    27
     0
     1
     1
     8
     2
     0
    97
    66
   106
    28
    34
    40
    39
    46
    71
    31
    51
    86
    26
    84
    21
    50
    67
    34
     0
     6
     0
    11
     0
     0
   101
    70
   127
   214
    90
    42
   197
    48
    22
    30
    85
   190
    43
    61
   117
    98
    35
    34
     0
     0
     0
     0
     0
     4
    53
   120
   225
    83
    31
    78
    73
    40
    55
    20
    38
    15
    52
    71
    28
   104
    31
    49
     6
     0
     0
     0
     0
     4
    38
   108
    99
    94
    91
    26
    44
    30
    69
    12
   173
    42
    45
   118
    87
   201
    62
    27
     3
     0
     0
     4
     2
     3
    27
   128
   251
   156
    79
    30
    77
    45
    38
    37
    39
   132
    35
    40
   185
    71
    60
    18
     1
     1
     0
     0
     4
     0
    50
    22
   177
   173
    30
    42
    32
    88
   245
    78
     9
    61
    43
    15
    33
    17
    52
    36
     0
     0
     0
     4
     0
     8
    73
   172
   194
   155
    41
    47
    59
    51
    38
    64
   100
    73
    67
    25
    34
   167
    19
    61
     0
     1
     0
     0
     0
     0
    49
   129
   239
   133
    26
    31
    74
    35
    52
     6
    59
    20
    27
    20
    42
    72
    87
    37
     4
     0
     0
     0
     0
     5
   157
    51
   136
   120
    90
    30
    99
    84
    37
   209
    54
    42
    53
    27
    96
   226
   112
    80
     9
     0
     0
     2
     0
     0
    40
   128
   207
   115
    25
    23
    45
    78
    50
    93
   191
    45
    30
    26
   209
    58
    82
    42
     5
     0
     5
     7
     0
     1
    74
   142
   113
   120
    24
    16
    13
    29
    26
    37
    39
    11
     8
    31
   154
   133
    31
    33
     0
     0
     0
     4
     5
     0
    11
    30
   195
    65
    21
    56
    24
    27
   103
    64
    94
    68
   178
    25
   164
    35
    84
    12
     9
     1
     9
     0
     0
     5
    28
    63
   177
    64
    63
    72
    30
   152
    30
    57
    27
    24
   107
    13
   170
    26
    29
    25
     0
     0
     0
     0
     0
     0
    30
    12
   145
    85
    19
    56
     7
    25
    68
    86
    25
    33
    25
    21
    67
    42
    32
   109
     6
     0
     0
     8
     0
     0
   104
   192
   159
    66
    76
    34
    54
    46
    27
    88
   169
   168
    52
   171
    53
    63
    41
    46
     6
     0
     7
     4
     4
     2
    42
   192
   145
    91
    31
    65
    30
    98
    86
    93
    42
    58
    36
    28
   179
   307
    54
    56
     0
     0
     0
     0
     3
     0
    21
   131
   120
   120
   125
    40
    35
   220
    53
    57
    40
    24
    44
   264
    22
   285
    37
    43
     0
     0
     2
     7
     2
     4
    18
    80
   152
   139
    23
    63
    44
   169
    38
    40
   164
    58
    52
    34
    92
   110
    51
    37
     0
     0
     0
     0
     0
     4
    32
    75
   233
   128
    34
    61
    22
    30
    87
    19
    31
    44
    44
    24
    25
   161
    26
    20
     0
     0
     4
     0
     0
     0
    57
   140
   128
   115
    41
    38
    36
    60
    46
    42
    28
    27
    71
    36
   173
   173
    61
    19
     0
     0
     0
     0
     0
     2
    53
   197
   198
   142
    75
    32
    83
   101
    29
    56
    27
    45
    33
    36
   157
   162
    15
    44
     0
     1
     0
     0
     0
     0
    23
    94
   188
   110
    46
    36
    18
    43
    33
    50
    50
    37
    41
    46
   105
    74
    74
    22
     0
     2
     0
     0
     2
     0
    40
   184
   298
    88
   203
    15
    45
   100
    61
    28
    67
    59
    50
    90
    56
    48
    40
    33
     0
     2
     0
     0
     1
     0
    65
    45
   256
   163
    31
   178
    82
    50
   105
    16
    29
    31
   234
    69
    63
    48
    36
    52
     0
     0
     0
     4
     7
    13
    15
    58
   133
    20
    38
    27
    42
    52
    69
    46
    17
    46
    28
    82
    59
   162
    43
    85
     0
     6
    13
     9
     0
     0
    16
    66
    71
    21
    60
    60
    37
    21
    38
    54
    36
    96
    33
    55
    45
    28
    18
    75
     5
     1
     7
     0
     5
     4
    56
    66
   383
    98
    11
    55
    51
    19
   170
    52
    53
    21
    40
    62
    80
    61
    59
    44
     0
    11
     2
     0
     0
     0
    31
    26
   251
    73
    94
    44
    38
   145
   183
    35
    22
    38
    32
     6
   268
   105
    21
    34
     8
     0
     0
     2
     0
     0
     8
   121
    66
    66
    43
    40
    26
    37
    19
    80
   198
    60
    52
    36
    59
    25
    79
    40
    11
     5
     1
     1
     4
     2
    45
    55
   197
   294
    55
    57
    24
    79
    27
    46
    29
    42
    32
    32
   154
    46
    58
    21
     8
     0
     0
     0
     0
     5
    96
   253
   218
   226
    55
    34
    29
    33
    37
    50
    32
    62
    44
    78
   249
    33
    52
   148
     0
     3
     0
     0
     0
     0
    52
   200
    86
   143
    60
    32
    18
    47
    74
    26
    32
    14
    71
    33
   164
    50
    38
    44
     0
     3
     0
     8
     0
     5
    68
   126
   115
    46
    64
    33
    37
    22
    81
    57
    46
    30
    28
    70
   110
    77
   127
    35
     0
     0
     0
     9
     2
     0
    13
   196
   232
   227
    77
    66
    21
    47
    49
   139
   127
    30
    19
   122
    48
    81
   159
    19
     3
     0
     1
     6
     0
     0
    62
   187
   206
   107
    33
    70
    32
     8
    38
    67
    48
    18
    43
   104
   116
    35
    32
    25
     0
     0
     5
     0
     0
     1
    38
    71
    79
    33
    35
    42
    14
   175
   104
    63
    59
    65
    37
   178
   104
   314
    33
    13
     0
     0
     6
     0
     0
     0
    40
   200
   284
   206
    22
    87
    41
    51
    84
    33
    84
    46
    34
   113
    30
    76
    66
   104
     0
    19
     0
     8
     5
     0
    13
    53
   279
   108
   199
    51
    28
    39
    69
   100
    34
    57
    20
    33
   108
    37
    21
    55
     3
     0
     5
     0
     0
     1
   168
   117
   234
   299
    44
   110
    23
    39
    86
    50
    29
    46
    16
   126
    61
     6
    31
    14
     0
     3
     0
     0
     0
     0
    71
    40
    62
   108
    18
    51
    37
    44
    40
    22
    85
    36
    26
    36
   158
   131
    67
    16
     0
     0
     3
     2
     0
     3
    29
   222
   187
   118
    37
    48
    18
    99
    29
    43
    43
    33
    78
    25
    90
   209
    48
    55
     0
     5
     5
     7
     0
     0
    69
    72
    56
   166
    17
    22
    22
   176
    23
    39
    49
    45
    49
    42
    75
   278
    21
    51
     0
     7
     4
     5
     9
     1
    56
   234
   123
   158
    23
    66
    46
    34
    24
    32
    76
    82
    33
    77
    20
    77
    82
    36
     2
     7
     0
     0
     8
     3
    27
    70
   123
   136
    70
    70
    75
    36
    43
    31
    76
    23
    56
     3
    62
   126
    52
    82
     0
     0
     6
     0
     0
     5
    37
    93
   228
   119
   112
    33
    15
    27
   129
    32
    33
    41
    20
   169
    71
   173
    76
    80
     0
     0
     6
     8
     0
     0
   124
    83
   312
    51
    39
    38
    36
    33
    24
    22
    64
    29
    38
    66
    34
    86
    22
    27
     0
    10
     3
     0
     0
     3
    44
    38
   222
    71
    26
    45
    25
    48
    41
    74
    65
    63
    18
    25
    35
   101
    37
    18
     5
     1
     0
     1
     0
     0
    63
    27
   172
    66
    89
    43
    64
    33
   105
    70
    41
    38
    55
    77
    33
    92
    70
    27
     4
     0
     0
     2
     3
     0
    24
   178
   140
    61
    57
    46
    46
    25
    18
    49
    68
    27
    11
    33
    79
    48
    35
    36
     4
     0
     0
     0
     7
     0
    56
   103
    90
   100
    77
    19
    50
    66
    30
    26
    42
    46
    45
    48
    75
   135
    19
    24
     2
     9
     8
     6
     0
     0
   137
   331
   185
    35
    22
    71
    38
    50
    85
    40
    29
     1
    35
    59
    78
    42
    34
    23
     0
     1
     0
     4
     0
     0
    49
   103
   195
   157
   171
    50
    62
    32
   211
    19
    56
    29
    26
   170
   327
   118
    55
    58
     4
     0
     0
     0
     4
     2
    28
    36
   115
   151
    41
    29
    20
    25
    28
    30
    25
    72
    68
    14
    61
   227
    32
    37
     0
     0
     0
     0
     1
     0
   123
    71
   196
   177
    86
    35
    34
    83
    32
    75
    16
   120
    41
    35
    76
    20
    27
    31
     2
     0
     8
     0
     3
     1
    62
   182
    91
   129
    70
    31
    28
    82
    39
    11
    35
    75
    28
    72
   139
   167
    25
     5
     0
     0
     0
     0
     0
     0
    56
   115
   166
    73
    50
    44
    42
    57
    40
    40
    27
    44
    30
    38
    54
   159
    29
    76
     0
     1
     0
     8
     0
     0
   100
    88
   175
    89
    82
    33
   107
    36
    25
    22
    62
    99
    39
    84
   231
   115
    39
    24
     0
     0
     0
     4
     0
     0
    75
   188
   271
    72
    49
    43
    49
    65
    39
    87
    62
    38
    41
    68
    79
    80
    13
    16
     2
     2
     5
     9
     0
     3
    11
   112
   181
   182
    45
   106
    35
   166
   164
    49
    51
    34
    61
    70
   104
   101
    55
    77
     0
     2
     0
     1
     0
     0
    30
   158
   271
   112
    30
    39
    35
    48
    28
    48
    91
    66
    40
    59
   115
   103
    15
    19
     0
     8
     0
     0
     0
     7
    75
   119
    30
   159
    30
    36
    43
    34
    38
    24
   176
    18
    53
    26
    71
    80
    32
    29
     0
     0
     0
     0
     0
     0
    96
   155
   155
    47
    33
    14
    62
    24
    38
    97
    64
    33
    24
   181
   100
    56
   178
    31
     0
     2
     0
     6
     1
     7
    38
    87
   165
    82
    76
    18
    26
    30
    60
    78
    57
    21
    62
    75
    30
   131
    41
     1
     0
    12
    12
     0
     2
     0
    72
   109
   150
    60
    16
     5
     7
    32
   184
    45
    31
    38
    31
    41
   111
    19
    22
    20
     0
     0
     0
     0
     0
     4
   111
   153
   157
    81
    44
    57
    75
    52
    65
   200
    35
    24
    54
    48
    87
   213
    37
    65
     0
     4
     0
     0
     0
     0
    60
   228
   179
    85
    43
    28
    63
    57
    59
    52
    24
   188
    28
    46
   107
   133
    68
    44
     0
    14
     0
     0
     4
     0
    33
    40
   201
    76
    55
    49
   169
   193
    34
    97
     6
    25
   156
    64
   233
    29
    22
    76
     6
     0
     0
     0
     0
     0
    39
    24
   223
    51
    38
    73
    62
    29
    42
    32
    30
    33
    73
    15
   103
    52
    81
    15
     0
     6
     2
     0
     1
     3
    54
   125
   267
   132
   111
    14
    81
   192
    68
    79
    37
    42
     4
    48
    55
   197
    34
    44
     0
     3
     0
     0
     3
     0
    67
   180
   179
   232
    61
    38
    68
    50
    22
    77
    34
    63
    18
    25
   238
    33
    44
    78
     0
     0
     0
     0
     0
     0
    74
    70
   188
   148
    33
   208
    17
    24
    19
   133
    34
    35
    37
   153
    16
    65
    47
    15
     0
    10
     3
     5
     9
     0
    55
   133
    74
    79
    28
    26
    79
    33
    58
    40
    42
    43
    73
    18
   179
   123
    24
    29
     2
     8
     0
     3
     0
     5
    89
   147
   197
   131
    69
    41
    47
    43
    21
    81
    46
    43
    23
    65
   134
    25
     6
    63
    11
     6
     2
     0
     0
     0
    64
   242
    60
   165
    37
    62
    16
    17
    29
    13
    73
    60
    73
    43
    68
    18
    23
    90
     3
     0
     6
     0
     2
     1
   107
   112
   281
    71
    23
    31
    38
    35
    29
    52
    46
    25
    62
    23
   181
    55
    22
    29
     0
     2
     0
     0
     9
     0
    61
    73
   112
   114
    60
   191
    55
    66
   170
   104
    41
    63
    32
   104
   249
    94
    30
    46
     0
    13
     6
     0
     0
     0
    20
   203
   261
   184
    32
   236
    48
    52
    59
    22
    42
    29
    33
    44
   223
   206
    76
    52
    10
     0
     3
     0
     0
     0
    39
    52
   361
    73
    44
    66
    41
    14
    27
    37
    32
    70
    36
    45
    53
    27
    34
    52
     0
     9
     0
     0
     0
     2
   109
   149
   330
   152
    25
    48
   106
    67
    57
   109
    33
    46
    69
    32
   203
    69
    67
    62
     0
     6
     0
     2
     0
     0
    36
   103
   163
   224
    28
    45
    58
    41
    31
    26
    27
    25
    75
   278
    29
    72
    44
    46
     1
    13
     6
     0
     0
     0
    11
    28
    67
   200
    28
    36
    39
    43
    30
    24
    15
    67
   202
    99
    27
   167
    29
    21
     3
     0
     2
     0
    13
     1
    44
    75
   190
    75
    65
    72
    38
    29
    28
    44
    86
    27
    85
    34
    89
   236
    22
    14
     0
     7
     6
     0
     0
     0
    26
   172
   204
    78
    36
    59
    64
    16
    28
   169
    58
    30
    78
    30
    84
    25
   107
    36
    19
     5
     0
     0
     0
     3
    72
   207
    90
   278
    36
    60
   193
    33
    91
    56
    46
    27
   140
    38
    72
    68
    72
    23
     0
     0
     0
     0
     6
     0
    19
   154
   246
   220
    38
    81
    48
    48
    53
    15
    27
   125
     7
    24
    42
    68
    47
    41
     0
     4
     0
     2
     0
     0
    68
    69
   258
   118
    37
   203
    82
    38
    40
   208
    11
    40
    19
   170
   197
   210
    69
    34
     0
     0
     0
     0
     0
     3
    62
    50
   119
   144
    55
    39
    47
    35
    50
    36
    37
    59
    33
    92
    13
    32
    15
    30
     2
     0
     0
     0
     0
     0
    23
    32
   192
    72
   181
    58
    23
    36
    20
   178
   184
    26
    34
    50
    48
    92
    27
    14
     0
     0
     0
     0
     4
     0
    81
    19
    32
    60
    38
    19
    43
    65
    29
    27
   212
    14
    37
   171
    97
    12
    36
    32
     1
     0
     0
    10
     4
     0
    50
    67
   298
    63
    34
    26
    69
    50
    42
    34
    47
    35
    25
    20
    38
    92
    73
    34
     0
     5
     1
     0
     5
     0
   137
    83
   233
    69
    53
    79
    93
    30
    58
    13
    24
    56
    15
    29
    22
   112
    71
    31
     4
     0
     2
     3
     0
     0
    37
    87
   160
    89
    34
   172
    18
    73
    26
    34
    25
    38
    32
   179
    14
    40
    27
    42
     5
     0
     8
    19
     9
     2
    45
   108
   272
    51
    76
    49
   198
    34
    55
    16
    30
    61
    24
   179
    57
   140
    57
    21
     7
     8
     0
     0
     0
     2
    88
   112
   268
    88
    30
    41
    58
   180
    50
    60
    91
   211
    31
   126
   301
    83
    58
    15
     0
     0
     0
     6
     7
     0
    71
   154
   101
    96
    42
    46
    32
    19
    77
    29
    45
    57
    91
    27
   154
    70
    29
    24
     0
     0
     0
     0
     0
     9
    18
    66
   251
    56
    21
    17
    33
    33
   113
    21
    38
   175
    30
    49
   106
   195
    18
    38
     0
     0
     0
     0
     1
     0
    40
   117
   110
    22
    80
    43
    29
    26
    48
    16
    35
    55
    41
    85
   201
    75
    30
    84
     0
     0
     0
     4
     1
     0
    45
    68
   109
   107
    10
    47
    44
    35
    32
    67
   169
    38
    21
    26
   108
    33
    48
    68
     2
     4
     0
     5
     0
     0
    85
    70
   190
    12
     9
    31
    28
    18
    61
    34
    75
    34
    50
    24
    49
    44
    34
    43
     0
     2
     2
     0
     0
     3
    45
    66
   292
   319
    68
    40
    41
    70
    59
    68
    60
    52
    57
    60
   192
   202
    35
    32
     6
     7
     0
     0
     0
     1
    52
   145
   226
   232
    24
   116
    46
    83
    30
    58
    62
    31
    45
    56
    33
   112
    45
    75
     0
     0
     6
     0
     0
     8
    99
   133
    78
   131
   180
    38
    20
    25
    36
   168
    10
   146
    42
    86
    70
    38
    54
    37
     9
     3
     0
     0
     2
     0
    59
   101
   157
    36
    73
   181
   186
    35
   174
    16
    21
    72
    19
   192
    29
    51
    27
    23
     3
     0
     4
     0
     0
     6
    67
   113
   142
   111
    29
    30
    41
    46
    73
    81
    35
    22
    33
    25
   287
    33
    28
    68
     5
     0
     6
     0
     0
     8
    82
    83
   325
   102
    46
   164
   114
    37
    23
    18
   128
    69
    30
    19
    69
    79
    39
    61
    10
     2
     0
     0
     0
     0
    53
    54
   142
   176
    66
    38
    13
    55
    30
    92
    22
    23
    76
    39
    71
    36
    27
    21
     8
     0
     0
     0
     0
     4
    47
    52
   195
   131
    98
    35
    43
    43
    31
    47
    23
    22
    15
   101
   207
    44
    52
    26
     0
     0
     0
     1
     6
     0
    75
   191
   239
   145
    64
   192
    28
    49
    29
    76
    51
   161
   116
    50
   202
   120
    71
    65
     0
     9
     6
     2
     6
     1
    50
    87
   111
    80
    18
    31
    98
    31
    46
    36
    40
    12
    44
    18
   169
   332
    44
    34
     4
     0
     1
     1
     0
     0
    33
    81
    60
   189
    54
    48
    68
    83
    93
    13
    32
    68
    94
    65
    10
   170
    47
   113
     2
     0
     0
     0
     2
     5
    73
   112
    98
    69
    83
    38
    33
    30
    27
    38
    43
    53
    25
    80
    55
   174
    25
    24
     2
     0
     0
     0
     0
     0
    38
    45
   189
   169
    35
    37
    33
    95
    44
   160
   161
    10
    32
    17
   198
    27
   190
    13
     0
     1
     0
     3
     0
     4
    47
   215
   253
   125
    76
    23
   115
    13
    28
    53
    37
    45
    36
    34
    70
    33
    38
    28
     0
    13
     3
     0
     6
     4
    41
   138
   287
    96
    37
    64
    23
    36
   103
    47
    12
    48
    49
    96
   239
   124
    31
   135
     0
     0
     0
     2
     0
     0
    87
    41
   243
   175
    50
    38
    28
    57
    29
    58
    20
    67
    70
    29
   155
   243
    54
    55
     6
     3
     1
     4
     0
     0
    62
    81
    75
    31
    34
    48
   186
   113
    77
    54
    24
    36
    43
    41
    63
    30
    46
    14
     0
     0
     0
     2
     2
    10
    61
    71
    49
    76
    39
    21
    29
    27
   160
    21
    63
    22
    27
    48
    63
    77
    19
    39
     0
    10
     0
     3
     4
     1
    23
   126
    41
   205
    52
    69
    44
    32
    36
    12
    32
    23
    70
    42
    68
   204
    27
    16
     0
     0
     0
     0
     0
     7
    36
   151
   235
   135
    57
    45
    29
    21
    49
    32
    32
    22
    36
    34
    94
    96
   113
    36
     0
     7
     0
     4
     0
     3
    64
   226
   129
    59
    44
    50
    45
    78
    21
    37
    13
    17
    40
    30
   277
   140
    31
    47
     0
     4
     0
     4
     0
     1
    29
   109
   184
   116
   220
    67
    23
   188
    60
    46
    46
   120
    83
    64
    44
   114
    63
    45
    18
     0
     0
     1
    12
     0
   106
   157
   235
    74
    41
    47
    40
    67
   230
    40
    54
    40
    36
    70
    63
    37
    87
   114
     2
     5
     0
     0
     0
     9
    30
    58
    65
    37
    17
    22
    62
   158
    15
   185
   179
    62
    64
    40
    34
   215
    24
    11
     0
     0
     4
     5
     3
     0
    35
    87
    95
   144
    67
    80
    28
    68
    30
    32
    78
    16
    86
    36
   112
    20
    49
    41
     0
     0
     0
     0
     8
     0
    30
    64
    63
   214
    77
    42
    37
    72
    61
    52
    76
    54
    89
    39
    70
   121
   103
    25
     0
    13
     0
     2
     0
     0
    55
   101
   274
    91
    36
    78
    24
    41
    36
    14
    36
    54
    40
    10
    54
    19
    64
    24
     4
     0
     0
     0
     2
     0
    34
   166
   125
   200
    74
    46
   176
    18
    29
    58
    52
    33
    30
    62
    60
   123
    48
    88
     3
     0
     4
     5
     6
     2
   110
   157
   161
    82
    22
   194
    33
    25
    24
    28
    44
    72
    69
    93
   142
   220
    84
    38
     0
     0
     0
     5
     4
     2
    23
   156
   564
    76
    92
    77
    24
    53
    42
    38
    98
    74
    57
    85
   196
   241
    71
    53
     0
     0
     0
     0
     0
     1
    40
   121
   189
   200
    29
   176
   129
    58
    36
    17
    32
    93
    20
    71
   248
    96
    22
    63
     0
     0
    10
     6
     2
     4
    33
   185
   165
   157
    39
    46
    42
    36
    69
    35
    47
    43
    26
    35
   124
    44
    26
    83
     0
     1
     0
     0
     0
     0
    32
    59
   195
   144
   116
    46
   196
     4
    88
    33
    36
    20
    53
   181
    48
   325
    76
    55
     0
     4
     7
     0
     0
     0
    23
   139
    92
   129
    73
    15
    24
    59
    43
    17
    33
    74
    28
    36
    40
    33
   168
    22
     0
     0
     0
     7
     0
     0
    30
   212
   278
   213
    26
    46
    41
    79
    52
    26
   171
    30
    96
    91
    37
    82
    68
     6
     0
     0
     0
     0
     8
     0
    38
   104
   423
   150
    57
    48
    90
    38
    42
   213
   183
   181
    84
    49
   136
   168
    22
    50
     7
     6
     0
     0
     3
     0
    49
   290
   103
   188
    91
    29
    83
    27
    79
    83
    37
    47
    46
    96
    46
    56
    61
    23
     0
     0
     0
     0
     0
     7
    67
   281
   154
   179
    56
    51
    47
    38
    43
   118
    30
    34
    27
    45
    96
   219
   164
    29
     5
     9
     8
     0
     0
     0
    52
    88
   218
   120
    85
    41
    38
    38
    33
    35
    31
   223
    25
    73
   206
    43
    83
    44
     0
     0
     0
     0
     2
     1
    21
   143
   112
    79
    45
    44
    33
    24
    37
    80
    31
    29
    50
    46
    72
    23
    19
    48
     5
     2
     8
     8
     0
     6
     2
    16
   118
   121
    99
    25
    43
    23
    28
    30
    33
    45
    26
    35
    29
    63
    93
    69
    40
     0
     0
     7
     0
     0
     0
    95
    64
   189
    43
    28
    60
    53
    23
    38
    46
   115
   190
    65
    50
    38
   166
    50
    27
     8
     0
     0
     2
     6
     0
    18
   233
    43
   166
    81
    81
    53
    56
    47
   113
    64
    34
    81
    62
   107
   142
    66
    74
     0
     0
     0
     0
     0
     8
   140
    40
   166
   138
    84
    66
    38
    69
    53
   104
    13
    56
    49
    24
   160
    89
    28
    37
     6
     2
    11
     0
     0
     0
    72
   144
   189
    83
    28
    68
    91
    45
    65
    50
    59
    66
    70
    80
    85
    47
    93
    27
     0
     0
     0
     3
     5
     0
    55
    34
   169
    86
   187
    24
    32
    87
    88
    49
   169
    44
    51
    22
   165
   129
    27
    30
     0
     0
     0
     4
     0
     7
    30
   113
   139
    70
    11
   150
    60
    52
    75
    25
    18
    91
    30
   101
   115
    28
    43
    19
     0
     0
     0
     0
     8
     7
    78
    62
   223
    67
    44
    34
   138
    25
    71
    30
   100
    60
    99
   205
   122
    90
    47
    33
     3
     0
     2
     8
     0
     0
    57
    64
   166
   120
    24
    67
    51
    46
    48
    24
    67
    90
    39
    35
    12
   165
    30
    41
     2
     4
     0
     1
     6
     0
   132
   131
   185
    84
    35
    37
    67
    53
    38
    35
    58
    14
    47
    36
   148
   205
    71
    21
     0
     0
    10
     9
     9
     0
    69
   134
   165
    48
    29
    69
    45
    31
    32
    29
    76
    88
    93
   166
   100
   117
    30
    29
    10
     0
     0
     3
     7
     0
    42
   114
   140
    97
    14
    32
    31
    21
    15
    25
    22
   158
    60
    74
    30
   110
    47
    49
     0
     6
     4
     6
     7
     1
    17
    58
   100
    72
    39
    94
   124
    51
   194
    40
    67
    41
    27
    81
    70
   167
    37
    85
     2
     1
     0
     6
     2
     6
    42
   155
   190
   118
    54
    73
    55
    24
   108
   154
    44
    14
    46
   121
   192
   268
    70
    30
     0
    10
    27
     3
     3
    11
    38
   270
   356
   172
    62
    45
    21
    31
   137
    56
    67
    60
    44
    43
    33
    91
    85
    40
     0
     6
     0
    15
     0
     5
    22
   103
   179
    79
    54
    27
    72
    41
    22
    61
    61
   121
    28
    21
    72
     9
    36
    30
     0
     0
     0
     9
    13
     5
    49
   185
   227
   130
    42
    47
   110
    56
    42
    52
    53
    85
   165
   119
    71
   140
    84
    49
     0
     0
     5
     0
     0
     0
    75
   172
   213
   234
    42
    66
    49
    24
    27
    27
    23
    31
    52
    41
   140
   136
    53
    45
     5
     7
    17
     6
    10
     0
    12
   252
   250
   248
    61
     8
    63
    38
   187
    45
    64
    45
    52
    96
    54
   107
    62
    37
     0
     0
     7
     2
     0
     0
    21
    52
   156
    90
    56
    30
    38
    55
    30
    47
   121
    34
    75
   176
   227
    85
    75
    83
     0
     2
     0
     0
     0
     0
    60
   112
   346
   173
    28
    24
    31
   210
    43
    31
    43
    49
    13
    27
    80
    22
    33
    32
     0
     0
     0
     0
     6
    15
    36
   149
   101
    87
    71
    64
    77
    46
    36
    25
    53
    40
    40
    27
   128
    30
    47
    35
     0
     8
     0
     3
     1
     0
    31
    84
   159
   132
   120
    56
    38
    51
   107
    67
    25
    43
    90
    39
   134
   115
    49
    40
     0
     0
     4
     0
     0
     0
    29
   253
   201
   181
    31
    23
    22
   206
    46
    31
    48
    30
    31
    47
    71
   280
    24
    56
     0
     0
     0
     0
     0
    10
    56
   216
   210
   127
    25
    70
    39
    27
    78
    70
    52
    90
    35
    46
    88
   143
    72
    51
     8
     0
     1
     0
     2
     0
    63
   224
    73
    39
    73
   173
    33
    42
    24
   100
    62
    58
    12
    47
   100
    74
    50
    81
     0
     9
     6
     0
     9
     0
    18
   161
   105
   187
    14
    57
    31
    65
    23
    14
    30
    55
    36
   125
    88
    86
    77
    28
     0
     1
     0
     0
     0
     4
    66
   143
    95
   198
   130
    77
    46
    69
    38
    74
    39
    43
    64
    30
   107
   161
    32
    11
     1
     0
     0
    13
     0
     0
    46
    78
   157
    50
    28
    59
    46
    16
   159
    12
    18
    28
    58
    21
    45
    54
    22
    62
    13
    10
     0
     0
     7
     5
   125
   231
   155
   179
     6
    62
    84
    31
    14
    81
    45
    19
   221
    33
   121
    71
    89
    55
     0
     0
     2
     0
     0
     0
    59
   130
   248
   218
    58
    52
    46
    92
    60
    47
    41
    46
    48
    81
   124
   168
    85
    44
     9
     0
     0
     0
     0
     0
   189
    76
   205
    97
    50
    64
    61
    46
    36
   174
    56
    55
    47
   176
    97
   115
    84
    37
     1
     6
     0
     0
     0
     0
    78
   133
   162
   217
    53
    35
    18
    25
    36
    34
    72
    57
    28
    18
   105
   121
    71
    64
     0
     7
    18
     2
     0
     0
    34
    56
   262
   229
   203
    52
    44
    40
    49
    43
    36
    30
    42
    73
   479
   100
    48
    19
     0
     0
     0
     0
     9
     0
    15
   128
   163
   212
    52
    38
    31
    98
    45
    45
    65
    75
    42
    40
    99
   196
    57
    52
     8
     0
     0
     0
     0
     0
    91
    63
   219
    84
   108
    24
    41
   185
    23
    92
    66
    45
   172
   209
    50
   105
    42
    34
     0
     0
     0
     0
     0
     0
    34
   333
   225
   188
    41
    22
    44
   102
    48
    25
   175
    50
    50
   150
    24
   214
    38
    35
     7
     0
     0
     0
     0
     6
    60
   149
   362
    75
   184
    81
    34
    45
    69
    53
    33
    92
    35
    62
   230
    72
    49
    46
     5
     0
    15
     5
     0
     0
    88
    23
   264
    93
    89
    25
    24
    45
    33
    90
    47
    48
    54
    47
   125
   185
    43
    70
     0
     1
     0
     7
    11
    11
    75
   122
   275
   136
   100
    50
    69
    43
   310
    64
    30
    75
   105
    99
    35
    38
    73
    36
     7
     0
     6
     0
     0
     5
    45
   107
   114
   160
    40
    76
    35
    14
    48
    47
    42
    50
    69
    22
    24
   121
    55
    32
     6
     0
     0
     6
     0
     0
    47
   218
   131
    84
    17
    76
    55
    30
    31
    82
    24
    51
    38
    55
   145
    92
   101
    82
     4
     5
     7
     1
     0
     3
    39
    68
   104
    82
   102
    40
    53
    58
    62
    81
    30
    44
    29
    42
    58
    74
    46
    33
     9
     0
     0
     0
     0
     0
    28
   162
   173
   195
    99
   164
    27
    29
    58
    92
    36
    39
    53
    43
    74
    45
    54
    63
     1
     3
     0
     9
     0
     0
   137
   227
   216
   240
    92
    48
   122
   107
   170
   101
    96
    34
    43
   139
   123
    80
    63
    34
     0
     0
     1
     6
    14
    18
    56
   284
   345
   166
    83
    87
    80
   124
   251
    41
    62
    48
    44
    36
   155
   198
    31
    71
     7
     0
     0
     0
     0
     1
    70
   106
   111
    62
    98
    41
    37
     6
    57
    94
    33
    42
    50
    29
   113
    98
    41
    51
     0
    10
     2
     7
     0
     0
    59
   152
   306
    62
    42
    75
    83
    75
    58
    15
    47
    80
    46
    91
    89
   179
    46
    28
     0
     0
    13
     0
     5
     0
    51
   188
   200
   213
   134
    63
    32
    56
    40
    21
    99
    70
    29
    61
    15
    94
    73
    32
     6
     6
     6
     0
    13
     0
    44
    70
   166
   116
    22
    26
    71
    26
   183
    55
   208
    60
    55
    39
   245
    99
    15
    83
     0
     5
     0
     8
     3
     0
    42
    97
   193
   160
    92
    40
    53
    52
    32
     5
    38
    60
    55
    16
   109
   274
    28
    70
     0
     1
     0
     6
     0
     7
    70
   192
   231
   155
    60
    47
    63
   191
    83
    70
    55
    44
    37
   186
   331
    43
    68
    51
     0
     6
     0
     0
     0
     6
    32
   105
   234
   178
    58
    89
    69
    71
   221
   102
   122
    96
   166
   176
    90
   150
    93
    35
     6
     0
     0
     0
     0
     6
    71
    83
   119
   135
    60
    36
    40
    34
    19
    44
    37
    99
   405
    41
   189
   311
    28
    67
     0
     0
     0
     0
     6
     6
    35
   132
   185
    67
    29
    57
    61
    55
    59
   136
   154
    35
    74
    28
   139
   298
    50
    66
    11
     3
     3
     5
     2
     0
    35
    71
   134
   120
    26
    52
    58
    27
    19
    26
    95
    29
    34
    11
    44
    90
    27
    36
     7
    18
     0
     0
     0
     0
   107
    90
   122
   127
    52
    62
    27
    62
    21
    68
   182
   203
    48
   148
    24
   238
    64
    54
     4
     0
     8
     7
     7
     9
    80
    22
    95
    29
    51
    21
    41
    36
    79
    93
   203
    35
    84
    31
   364
    23
   154
    49
     0
     6
     7
     0
     0
     7
    91
   213
   220
    71
    21
    55
    57
    36
    96
    80
    47
   207
    39
    60
    90
   264
    47
    56
     3
     1
     0
     2
     2
     4
   146
   202
   379
   193
    53
    58
    49
   137
    56
    70
    50
    52
    77
    70
   164
    32
   168
    38
     0
     1
     0
     0
    16
     0
    89
   122
   224
   110
    44
    65
    41
    40
    86
    34
    47
    96
   268
    44
    91
     9
    65
     0
     0
