    11
     0
     0
     0
     0
    54
    43
   109
    25
    29
    15
     6
    51
    22
     3
     6
    15
    21
    48
    17
    32
    24
    20
     4
     0
     0
     0
     2
     0
     3
    64
   137
    63
    30
    25
    14
    33
    20
    41
    31
    11
    12
    13
     5
    96
    24
    97
     0
     7
     0
     9
     0
     5
    42
    54
     7
   143
    60
    27
    22
     6
    22
    11
     9
    11
     6
    17
     6
    74
    29
    29
     0
     0
     0
     0
     3
     0
    28
    18
    90
   199
    35
    20
    62
     8
    24
    25
    15
     6
    18
    18
    61
   150
    21
    16
     9
     0
    15
     0
     0
     8
    10
    27
   189
    50
    30
    27
     8
    10
    17
    23
     2
    52
    24
    25
    22
     7
    21
     8
     0
     0
     0
     0
    10
     0
    25
   121
   100
    20
     7
    10
    37
     7
    10
    81
    90
    24
    31
    18
   102
    90
    14
    10
     0
     0
     0
     0
     0
     0
    28
    87
   110
    67
     6
   189
    10
    33
    50
    32
    71
    26
    18
    17
    32
    10
    22
    15
     0
     0
     2
     0
     3
     0
    66
   177
   170
    18
    78
    34
    27
    14
     9
    11
    49
    33
    10
    25
   156
    53
    12
   101
     0
     0
     3
     0
     0
     6
     9
    52
   178
     9
    21
    19
     5
    14
    54
    30
    20
    31
    11
    15
   152
   139
    42
    24
     0
     1
     0
     0
     0
     0
     9
     4
   176
    59
    20
    29
    15
    21
    11
     3
    76
    15
    80
   156
    28
    83
     4
    28
     0
     0
     0
     0
     0
     0
    13
    76
   163
    32
    80
    18
    12
    32
    11
    23
    10
     9
     5
    30
    19
    19
    13
    12
     7
     0
     0
     6
     0
     0
    13
    28
    56
    65
    31
    35
    34
    18
    12
    12
    12
    30
    17
     4
    10
    65
    10
    35
     0
     0
     0
     0
     3
     3
    18
    52
   175
    34
    18
    41
    26
    25
     2
    14
    67
    62
     7
    60
    17
    23
     8
    66
     6
     2
     0
     0
     5
     0
    20
    73
   146
    52
    11
    26
     4
    17
    21
    74
    12
     6
     7
   152
    49
    41
    25
    13
     0
     4
     0
     4
     0
     2
    11
   127
   111
   102
    84
    28
     2
    55
    16
    14
    26
    17
     3
    11
    31
    94
    13
    16
     0
     0
     0
     0
     0
     0
    18
    85
    55
    14
    27
    22
    11
    37
    23
    17
    14
    31
    14
    45
   168
    10
    49
    15
     0
     0
     0
     4
     0
     0
    29
    91
   212
    55
    66
    21
    11
    25
    16
     6
    31
    18
    10
     5
    62
    59
    20
   168
     0
    14
     0
     0
     0
     0
    33
   130
    70
    26
    19
     6
    22
    17
    13
    24
     8
    28
    42
    14
   132
   142
    23
    27
     0
     6
     3
     0
     0
    11
     0
    90
    60
    47
     4
    36
    21
    20
    39
   182
    55
     9
    19
     8
    98
    14
    34
     1
     0
     5
     0
     0
     0
     0
    58
    72
    29
    59
     9
    35
    26
    27
     7
    14
    22
    14
    44
    23
    56
    20
    21
    41
     0
     0
     0
     8
     0
     0
    15
    14
   116
    49
    14
    11
    37
    65
     9
    19
    17
    29
    49
    14
    33
    24
    14
    17
     4
     0
     0
     0
     0
     7
    22
   106
    60
    69
    53
    24
     7
    21
     0
    23
   188
    34
    10
     2
   162
    28
    19
    16
     0
     0
     0
     0
     0
     0
    14
    21
   132
   148
    20
    49
    44
    26
    13
    52
    36
    18
     8
    10
    15
    15
     4
    60
     0
     0
     8
     0
     0
     0
    45
    53
   109
    52
    19
    14
    55
    25
     7
    50
    25
    11
    29
    42
    54
    33
     7
    26
     0
     0
     0
     0
     0
     0
    60
    14
    54
    29
    26
    45
     9
    16
    30
   142
    25
    27
    51
    11
    53
    42
    24
    30
     0
     0
     1
     7
     0
     0
    81
    52
    16
   150
    10
    17
    17
    30
    66
    49
    29
    11
    18
    10
    12
    70
    19
    15
     0
     0
     0
     3
     4
     0
    65
    48
     8
   188
    29
    38
     4
     7
    57
    30
   158
    16
    22
    15
    26
   120
    14
    13
     0
     0
     0
     1
     8
     1
    33
    60
   190
    49
    26
    25
    40
    65
     8
    26
    37
    10
    18
   159
   153
   105
    36
    76
     0
     5
     0
     0
     0
     0
    33
    50
    81
   109
    23
     5
    20
    22
    32
    11
     5
    10
    65
    13
    35
    49
    23
    61
     0
     0
     0
     0
     0
     0
    14
    34
    23
    80
    16
    37
    27
    19
    46
   105
    18
    21
    26
    27
    30
    17
    11
    22
    10
     0
     0
     0
     0
     0
    44
    94
     7
    33
    16
    21
    21
    18
    37
    23
    21
    23
    28
    62
    12
    62
     5
    28
     0
     0
     0
     0
     0
     1
    52
   132
   134
   142
    36
    64
    14
    16
     9
    19
    31
    60
    10
    20
     3
     0
    36
    14
     2
     0
     9
     0
     0
     0
    54
   175
    13
    47
    28
    61
    10
    25
    33
     5
    10
     3
    16
     7
   164
    51
    23
    46
     0
     0
     0
     2
     3
     7
    11
    22
   155
   148
    79
     5
    18
    19
    19
    25
    38
    42
    14
    11
   171
   159
    54
    18
     0
     2
     0
     0
     8
     0
    25
    29
   109
    26
    36
    23
    29
    34
   116
    29
    14
    48
    11
    74
    36
   152
    55
    14
     0
     0
     0
     1
     0
     0
    64
    60
    47
    64
    26
    14
    23
    44
    26
    23
    58
    32
    69
    36
    65
    64
    40
    40
     6
     3
     0
     0
     0
     0
    11
    13
    94
    97
     5
    48
    10
    34
    58
    16
    12
    12
    12
    65
   104
    26
    16
    40
     0
     1
     0
     0
     0
     0
    20
    64
    60
    13
    38
    12
    25
     0
    32
    17
    11
    13
    19
     8
    33
    19
    11
    19
     0
     0
     0
     0
     2
     0
    57
    59
    94
    23
     3
    17
    17
    28
    11
     8
    57
    18
    19
    22
    19
   186
     8
     9
     0
     0
     0
     0
     0
     3
    32
    15
    51
    54
    15
    46
    25
   154
    29
    23
    11
    35
    34
    31
   227
     9
    19
    26
     0
     0
     0
     0
     0
     0
    60
    49
    99
    74
    27
    30
    30
    54
    13
    14
   159
    23
    59
    25
     9
    59
    11
    75
     8
     0
     4
     0
     0
     5
    68
    95
    92
    71
    16
    29
    19
    27
     7
    56
    37
    57
    26
    25
    64
    78
    30
    30
     0
     0
     4
     0
     4
     3
    42
    12
   110
     6
    11
     4
    30
    22
    50
     9
    13
    24
    18
    77
    45
    14
     8
    26
     0
     0
     0
     0
     0
     0
    62
   110
    12
    67
    18
    11
    13
    32
     7
    10
    14
    99
     4
    54
     1
    97
    11
    20
     4
     5
     0
     0
     0
     0
     9
    52
    99
    36
     2
    25
   164
    53
    27
     8
    36
    14
    35
    19
    35
    49
    13
    39
     0
     4
     0
     8
     0
     0
    16
     9
    99
   115
    31
    20
    34
     5
    10
    31
    44
    14
    13
    21
    29
   237
     6
    24
     0
     0
     0
     0
     0
     0
    42
     9
   104
    65
     5
    59
    52
    22
    23
    22
     6
    12
    18
    10
    13
    96
     5
    11
     0
     0
     5
     0
     0
     6
     1
    31
    19
   170
    30
    12
    11
    36
    39
    34
    22
    33
     7
     0
    64
    11
    59
    28
     4
    10
     0
     0
     0
     3
    78
    33
   124
   135
    15
    10
     9
    20
    11
    53
   154
    60
    13
    37
    21
   128
    16
    40
     0
     4
     0
     0
     0
     0
    26
   102
   101
    95
    13
    18
    60
    21
    27
    20
    36
     9
     1
    12
    97
    69
    42
    44
    10
     0
     4
     2
     1
     0
    10
    20
   206
    96
    28
    42
     1
    15
    18
     6
    62
    13
    14
    19
    15
    17
    21
    33
     6
     0
     0
     4
     0
     0
    14
    48
    98
    41
     2
    12
    23
    12
     7
    30
    12
    18
    22
     7
    48
    20
    22
    12
     0
     0
     0
     6
     0
     8
    12
    65
    15
     8
    17
     9
    47
    55
   178
     7
    58
    13
    27
    51
    47
    20
    26
    27
     0
     0
     0
     0
     0
     0
    12
    53
   112
    88
    11
    17
    22
    23
    43
    17
    16
    27
    27
    45
    19
    10
   161
    50
     0
     5
     2
     3
     0
     0
    21
    47
   100
   217
    20
    65
    29
    56
    47
    53
    17
    27
    38
    79
   122
    12
     5
    18
     0
     0
     0
     0
     0
     0
    20
    32
   150
    83
    23
    19
    19
    57
    27
    52
     9
    21
    33
    62
    26
    64
    21
    39
     0
     0
     1
     5
     0
     8
    53
    59
   141
    88
    47
    16
    21
     2
    22
    35
     4
    25
     3
    16
    19
    66
    12
     7
     0
     0
     0
     0
     0
     0
    18
   131
   191
    42
    16
    27
    19
    19
    19
    13
    33
    24
     9
    38
    15
    47
    31
    14
     0
     0
     0
     0
    13
     0
   107
    85
    94
    37
     3
     5
    13
    13
    17
    38
     8
    53
     5
    32
    83
     4
    17
    15
     0
     0
     0
     0
     3
     0
     9
    67
    73
    40
    32
    67
   201
    32
   167
    33
    34
    15
    25
    18
    30
    21
    76
    15
     0
     0
     0
     7
     8
     0
    22
    61
    54
    67
    33
    26
    18
    58
     9
    29
    34
    13
    24
   127
    51
    29
    14
    11
     0
     3
     0
     0
     8
     0
   155
    61
    61
   158
    12
    22
    27
    26
    45
     7
    50
    29
    17
    40
    85
    14
    56
    60
     0
     0
     1
     7
     0
     0
    15
    59
   111
    40
    21
    26
    38
    22
    42
    65
    13
    63
    83
     6
     3
    20
    24
    21
     0
     0
     0
     1
     2
     0
     3
    61
   175
    48
     8
    33
   162
    59
    22
    68
    53
     6
    16
    51
    62
    29
    26
    10
     4
     4
     0
     0
     0
     4
    68
    56
   217
    96
    18
     8
    18
    20
    18
    16
    36
    61
    25
    19
     7
    13
    15
    30
     3
     0
     0
     0
     0
     0
     9
   171
    53
    92
    19
    25
     6
    34
    25
    30
    39
    13
    59
     5
    21
   107
     9
    63
     0
     0
     0
     0
     0
     4
    63
    57
   103
    15
     8
    60
   163
    15
    66
    30
    22
    42
    15
    16
   136
   292
     6
    18
     0
     0
     0
     0
     0
     0
    16
   104
   102
   145
     8
    33
    31
     3
    25
    10
    20
    25
    18
    18
     9
     6
    20
     2
     0
     6
     4
     0
     1
     0
    53
    26
    35
    55
    50
    27
    16
    12
    24
    15
    41
    28
    57
    17
    63
    71
    26
    20
     0
     0
     0
     0
     2
     0
     8
   104
   143
   173
    22
    21
     4
    46
    19
    20
     0
    22
    17
    17
    51
    24
    32
    14
     0
     0
     9
     0
     0
     0
    12
    79
   143
    56
    31
    32
    25
    15
    54
    50
    26
    62
    20
     8
    45
    58
    12
    11
     0
     1
     0
     3
     4
     3
    11
    89
   173
    61
    52
    29
    17
     6
    19
    23
    13
     0
    38
     4
    16
    22
     9
    53
     0
     0
    10
     0
     0
     0
    16
   143
    29
    44
    20
    21
    16
     9
    17
    16
    23
    10
     9
    68
    15
    12
    24
    22
    10
     0
     0
     0
     0
     0
    65
   124
    52
   104
    17
    23
     4
    56
    23
    24
    20
    29
    62
     5
    43
    41
    11
     8
     0
     0
     8
     0
     0
     6
    26
    62
    95
     7
     5
     7
    10
    34
     8
    12
     4
    16
     9
    74
    55
    16
    20
     0
     0
     0
     7
     2
     5
     0
    64
    41
   158
     5
     7
     8
    53
    16
    10
     8
    67
    56
    18
     1
    25
    49
    59
    19
     8
    10
     0
     0
     0
     0
    28
   127
   174
     2
    36
    22
    17
    25
    12
    23
    68
     9
    72
    49
    70
    60
    53
    19
     4
     3
     0
     2
     0
     0
    15
    33
    60
    20
     8
    15
    29
    54
     9
    84
    30
    23
     4
    31
    52
    37
    19
    17
     1
     0
     0
     0
     0
     5
    44
    67
    21
    61
    16
    26
    11
    49
    10
    13
    44
    24
    22
    14
    62
    14
    28
    28
     9
     0
     2
     0
     0
     0
     1
   116
    11
   101
     8
    52
    34
    18
    52
    18
     9
     5
     8
    22
    25
    30
    43
    41
     0
     0
     0
     0
     1
     0
    28
   111
    64
   103
    16
    42
    22
    16
    10
     4
    42
     9
    70
     7
    22
    31
     3
    15
     0
     0
     2
     5
     0
     2
     6
    53
   108
    19
    19
    14
     0
     1
    40
   158
     5
    18
    23
   181
   153
    78
    17
     1
     4
     0
     0
     0
     0
     0
    62
     4
    30
    61
    15
    37
    21
    26
    22
    11
   154
    17
    17
    72
    75
    11
    23
    11
     3
     0
     0
     0
     3
     0
    13
    52
   103
    95
    17
    15
    36
    53
    30
    27
    46
    34
    54
    54
    40
    22
    70
    14
     0
     0
     0
     0
     0
     0
     3
    92
   140
     3
    15
     9
    12
    10
     9
    15
    24
    22
     8
    28
    42
    73
     6
     0
     0
    10
     0
     0
     0
     0
     5
    24
   194
    94
    88
    13
    61
    13
     6
    15
     1
    32
     4
    57
    12
   112
     8
    27
     2
     0
     0
     0
     0
     0
    19
    24
   102
    67
    20
     3
    27
    12
    24
    53
     4
    31
     6
    43
    27
    68
    24
    14
     4
     6
     0
     2
     0
     0
    36
    16
   118
    21
    61
     8
    36
    20
    22
    27
    42
    19
    14
     7
    47
    25
    10
    51
     0
     6
     0
     0
     1
     0
     6
    20
   132
    40
    27
     4
    21
    30
    25
     5
     9
     6
    54
    55
    27
   143
    30
     8
     4
     0
     0
     0
     0
     3
    26
    65
    44
     6
     9
    22
    30
    12
    16
     4
     9
     4
    21
    19
    73
   126
    38
    17
    10
     0
     0
     2
     0
     3
    59
    71
   208
    21
    64
    24
    26
   161
    18
     7
    20
    32
    11
    48
    64
    15
    27
     0
     2
     0
     0
     0
     0
    32
    66
   202
    67
    50
    56
    37
    28
    25
    29
    34
    13
    14
    47
   162
    52
   173
    26
     0
     3
     0
     0
     0
     0
    17
    41
    92
    24
    24
    18
    16
    12
    47
     5
    17
     9
    28
    25
     4
    20
     7
    16
     0
     0
     0
     5
     0
     0
    10
   117
   209
    42
    15
     8
    31
    32
     6
   162
    25
    17
    11
    32
   140
    37
    11
    20
     0
    15
     0
     0
     0
     0
    36
    12
    43
    19
    18
     8
    30
     6
    19
    51
    26
    14
    72
    12
    31
     5
    11
    27
     0
     0
     0
     0
     0
     0
    22
    69
   101
    84
    30
     8
     9
    27
    10
     2
    17
   195
    52
    50
    25
    54
     1
     6
     0
     0
     4
     8
     0
     8
    58
    93
   104
    13
    31
    23
    61
     8
    25
    28
    52
    21
    17
     4
    93
    99
    24
     7
     5
     0
     0
     0
     0
     0
    11
    12
   147
    87
    12
     3
    22
    28
    20
    15
    33
    25
    31
    17
    59
   150
    20
    75
     0
     0
     0
     5
     0
     0
    56
    12
   141
    96
    11
    20
     7
    21
     8
    15
    21
    27
    20
    13
    23
     9
    13
     7
     0
     0
     0
     1
     0
     0
    20
    65
    52
    51
    24
    20
    25
    20
     5
    37
    70
    43
    24
    20
    57
    53
    17
    11
     0
     0
     0
     0
     1
     0
    39
    45
    96
    46
    19
    34
    19
     8
    15
     3
     2
    57
    18
   157
    11
    15
    59
     8
     0
     0
     0
     1
     0
     0
    33
    15
    10
    91
    15
    62
     9
    21
    27
    23
    22
    33
    19
     5
    95
     9
    43
    21
     0
     0
     3
     0
     0
     0
    16
   107
    46
     7
    37
     0
    41
   168
     7
     5
    26
    17
    21
    14
    53
   122
    16
    25
     3
     0
    11
     0
     0
     0
    67
    20
    13
    56
    18
    20
    13
    56
    82
    27
    18
    71
    23
    29
    37
    33
   107
   156
     0
     2
     0
     5
     0
     8
    33
    20
    12
    33
     9
    16
     3
     9
    25
    93
    38
    19
    22
    49
   169
    27
    29
    49
     0
     0
     0
     5
     1
     0
    91
    13
   139
    10
     8
    24
    56
    10
    28
    14
    49
    10
    26
     5
    21
    49
    52
    19
     6
     0
     0
     0
     0
     0
    43
    14
    69
    54
    10
    40
    18
    19
     7
    12
    31
    22
     4
    13
    15
    78
    32
    21
     0
     2
     0
     0
     1
     0
    21
    50
   112
   178
     9
     8
     3
    26
    14
     6
    15
    15
    50
    15
    10
    51
    19
    14
     7
     1
     9
     8
     7
     0
    60
    55
   141
    54
     1
    14
    61
    22
    16
     8
    15
    14
    51
    50
    56
    16
    32
    15
     0
     0
     6
     7
     6
     0
     2
    48
    65
    50
   218
    30
    46
    22
    88
    57
     1
     2
    30
    13
   130
    22
    27
    19
     4
     0
     0
     0
    11
     0
    58
    94
    52
    49
    18
    69
    20
    16
    61
    13
    13
    31
    17
    20
    53
    80
    10
   157
     0
     7
     0
     0
     3
     0
   105
   114
    70
    53
    11
    32
    50
    39
    18
   150
    17
    24
    19
    14
   111
    55
    32
    30
     0
     0
     0
     0
     0
     0
     7
    21
     9
   129
    15
    17
    22
    13
    10
    25
    22
    56
    16
    22
    46
    15
     8
    44
     0
     0
     2
     5
     0
     0
    36
    57
    49
    60
    16
    13
    18
    24
    14
    34
    54
    14
    11
    31
   161
    51
     8
     0
     0
     0
     0
     0
     0
     0
    14
    49
    80
    48
    26
    28
     4
    56
    36
    11
   206
   157
    50
    19
    18
    10
     8
    17
     0
     0
     0
     0
     4
     1
    12
    84
   100
    21
     6
    62
    32
     9
    29
    11
    62
    13
    51
    13
    19
     2
    19
    24
     3
     0
     0
     0
     0
     0
    63
    63
   103
    58
   166
    13
    21
    10
     2
    48
     4
     8
    16
    15
    16
    57
    30
    18
     0
     0
     0
     0
     0
     0
    18
    51
    18
    83
    60
    23
    20
    57
    29
    19
    24
    31
    23
    20
   168
    68
     8
    25
     0
     0
     0
     0
     0
     0
    21
    72
    97
    39
    17
     9
    27
    15
    89
    37
    13
    19
    46
    24
    34
     3
     8
    34
     0
     0
     0
     0
     0
     0
     4
    71
    23
    47
    46
    21
    17
     5
    15
    20
     8
    17
     2
    12
    17
    10
    58
    48
     0
     0
     0
     0
     7
     0
    34
   133
    90
    91
    16
    48
    23
    19
    21
    11
    24
     5
    63
    35
     9
     9
    10
    10
     1
     0
     0
     0
     2
     5
    45
     9
    61
    44
     9
    16
    24
    27
    51
    24
    45
    13
     6
    10
    17
    18
    64
     0
     0
     3
     0
     0
     0
     0
    20
   127
    61
    16
     8
    15
    21
    10
     4
    34
    26
    11
     5
   200
   191
    57
    13
     5
     7
     0
     0
     2
     8
     0
    59
    54
   143
    49
     2
     4
    12
     6
    47
    26
    56
    18
    18
    32
    24
   121
    47
    56
     0
     0
     0
     5
     5
     0
    22
    41
    67
    10
    19
    20
    20
    12
    15
    14
    12
     3
    41
    14
   177
    63
    25
    39
     0
     0
     0
     1
     0
     0
    55
    66
    54
    57
    24
    46
    29
    57
    20
    12
    15
    26
    25
    30
    74
   141
    11
    24
     0
    13
     0
     0
     0
     0
     6
    17
    10
   101
     6
     8
    23
    39
    76
    61
    19
     6
     8
     4
    24
    12
    28
     9
     0
     0
     0
     0
     0
     0
    10
   106
   100
    59
    11
    22
    23
    20
    28
    12
     8
    23
    26
    96
    57
     9
    24
    23
     0
     0
     0
     1
     0
     0
    16
    45
   102
    15
    14
    16
   174
     8
     1
    26
    11
    27
    10
    19
    25
    63
    19
     1
     0
     0
     4
     4
     0
     0
    29
     3
    47
     5
    10
    10
    10
    17
    65
    26
    19
     7
    17
    60
    45
    10
    33
    15
     5
     2
     0
     5
     3
     7
    65
    14
    97
    89
    20
     8
     1
    51
    70
    14
    74
    22
    37
    19
    61
    58
    21
    16
     0
     0
     1
     4
     0
     0
    41
    49
   110
    35
    37
    65
   167
    13
    25
    44
    23
    26
    43
    11
    44
    85
    15
    18
     0
     0
     0
    11
     0
     0
    48
    27
    63
    12
    37
    18
    11
    77
    13
    31
     8
    23
     7
   173
   121
    33
    40
   103
     0
    11
     0
     0
     0
     8
    21
    76
    58
    58
    21
   154
     6
    30
     3
     9
    14
     7
    14
     5
    20
    22
    30
    33
     0
     0
     4
     0
     3
     0
     1
   155
   194
    45
    12
    13
    13
    11
    35
    21
    16
    17
     9
    19
    97
     8
    33
     5
     0
     0
     3
     2
     3
     3
    20
    45
    45
    66
    61
    48
    15
     8
     4
    10
    13
    23
     9
     1
   195
    69
     4
    70
     0
     0
     0
     0
     1
     0
    20
    17
    26
    32
    23
    63
    15
    14
    16
    12
    17
    26
    17
    14
    11
    13
    15
    29
     0
     0
     0
     0
     0
     0
    15
    83
    54
    87
    25
    54
    17
    19
    17
    72
    25
    12
    89
    15
    59
    56
    31
    28
     0
     0
     0
     0
     0
     0
    12
    93
   304
    57
    47
    11
    25
    34
    26
    13
    36
    13
     0
    72
    28
    53
    24
    17
     0
     2
     0
     0
     0
     8
    44
    98
    33
   116
    26
     7
     9
    10
    16
    16
    15
     6
    30
    25
     5
   104
    11
    16
     7
     0
     0
     0
     0
     0
    49
    48
    85
    11
    11
    33
    22
    18
    33
    12
     9
    16
    46
    11
    26
    28
     7
    16
     0
     0
     0
     0
     0
     0
     8
   101
   142
    80
    66
    12
     1
    13
    15
    21
    49
    17
    13
     4
   139
    14
     6
    26
     7
     0
     0
     1
     7
     1
    11
    69
   144
    50
    59
    22
    12
     9
    18
     8
    27
    44
    17
    16
    11
    11
    46
    70
     0
     0
     0
     0
     4
     0
    14
    55
    54
    28
     9
    15
     9
    10
    15
    16
    10
    37
     0
     3
    45
    28
     7
    11
     0
     0
     0
     0
     0
     0
    16
    49
   114
   145
    18
    25
     8
    22
    14
    14
    28
    37
    21
    44
    57
    23
     9
    65
     0
     0
     0
     0
     0
     1
    53
    56
    42
    97
    23
    16
    15
    12
    29
    31
    17
    47
     8
    29
    13
    33
    12
    36
     0
     2
     0
     0
     0
     6
     9
     9
    91
    53
    46
   162
    10
    22
    18
    40
    26
    19
    10
    40
    51
    65
    22
    12
     0
     0
     0
     0
     0
     0
    17
   130
    98
   105
    17
     8
    20
    44
    20
    23
    22
    10
    10
    31
   165
   196
    11
    31
     0
     0
     0
     0
     0
     0
    49
    13
   141
    38
    37
     9
    66
     3
     9
    22
    25
    15
    28
    65
    16
    25
    14
    12
     4
     0
     3
     0
     0
     0
     1
    60
    62
     6
    10
    22
     0
    15
     2
    30
    39
    28
    25
    37
    13
    89
     5
    34
     0
     0
     0
     0
     0
     0
    38
   123
    28
    90
    12
    10
     7
    64
    39
     7
     5
    13
     2
    12
     9
    13
    26
     8
     0
     0
     0
     0
     0
     0
     8
    80
    64
    86
    31
    10
    41
    11
    18
    26
    22
     3
    30
    15
    45
    49
    13
    21
     2
     0
     0
     5
     4
     0
    63
     9
    65
    16
    44
    40
    21
    12
    19
    15
    23
    24
    17
    39
    67
    10
     1
    80
     0
     7
     0
     7
     0
     0
     5
    58
   179
    81
    52
     4
    18
    54
    33
    24
    12
    22
    19
     5
   157
   156
    14
     9
     0
     0
     0
     0
     0
     8
    18
     1
   113
    56
    38
    25
    20
    13
    25
    20
    13
    16
    16
   110
     3
     4
    21
    21
     0
     0
     0
     0
     0
     5
    12
    62
   101
    58
    29
    15
    13
    23
    11
     4
    17
    24
     3
     4
    17
    24
    10
    56
     0
     0
     0
     0
     0
     0
    58
    72
    58
    54
    20
    18
    16
    12
    71
     6
    38
    33
     7
    26
    48
    49
     7
    15
     1
     0
     0
     0
     0
     0
    44
   136
   122
    28
    26
    11
    10
     2
    75
    26
    23
    16
    47
    16
     4
    59
    51
    24
     0
     4
     0
     0
     0
     0
    18
    52
    29
    90
    12
    11
    24
    46
    46
    15
    37
    20
    24
   189
    25
     9
    27
   156
     0
     0
     7
     0
     0
     0
    26
     7
   104
   129
    30
    18
    30
    15
    22
    28
     6
    28
   162
    12
    17
    47
    65
    66
     0
     0
     0
     8
     0
    12
    63
    26
    96
    28
    67
    15
     6
     5
    28
     8
     6
    39
    14
    23
    15
    29
    16
    27
     7
     0
     0
     3
     0
     0
     9
    69
   131
    12
    24
   163
    59
    11
    39
    19
    17
     7
     4
    55
   164
    51
    11
    48
     0
     0
     0
     6
     0
     0
    28
    53
    86
    26
    15
    37
    10
    85
     2
    18
    28
    19
     0
     7
   198
    16
    20
    21
     4
     0
     0
     0
     0
     0
    16
    28
   181
    12
    56
    27
    10
    21
    12
    12
    63
    21
    47
    31
     5
     7
    63
    30
     1
     0
     8
     0
     0
     0
    25
   171
    12
   143
    20
     3
    21
    48
    25
    25
     3
    27
     1
    11
    21
    56
    17
    14
     0
     0
     9
     0
     2
     2
    16
    13
   101
    64
     8
     9
    13
    11
    24
    14
     9
     0
    19
    42
     7
    15
    13
    26
     1
     0
     0
     0
     0
     0
    23
    41
    97
    51
     0
    32
    43
     6
    21
    11
    16
   147
    28
     0
     5
     5
    12
    33
     0
     0
     0
     0
     7
     0
    33
    36
    45
    29
    27
    17
    61
     0
   152
    31
    16
     9
    10
    10
    13
     7
    16
    15
     2
     0
     6
     0
     2
     0
    70
    89
     7
    61
    22
    18
    52
    11
    25
    19
    14
    19
    14
     8
    56
     7
     2
    37
     2
     0
     3
     0
     0
     0
    16
    47
    88
    62
    15
     7
     4
   156
    25
     0
    19
    17
     5
    39
    19
    11
    52
     3
     8
     0
     0
     0
     3
     0
     6
   101
   100
    26
    24
    70
     2
    17
    20
     7
    13
    48
    19
    15
    65
    94
     5
    12
     0
     0
     8
     1
     0
     0
    30
   134
   176
    62
    35
    27
     6
     4
    21
    28
     5
     8
    24
    15
    26
     6
     6
    33
     0
     0
     0
     0
     0
     0
     8
     3
    64
    12
    18
    24
    27
    21
    54
     8
     7
    22
    24
     1
    48
    13
     9
    36
     2
     0
     4
     0
     6
     0
    22
    93
   110
    94
    14
    18
    30
    62
    65
    22
    67
    17
    12
    56
     7
    48
    18
    19
     0
     2
     0
     0
     6
     7
    22
   102
    99
    67
    39
     9
     9
    31
    25
    12
    27
    31
     7
    53
    14
     2
    28
    21
     0
     7
     0
     0
     0
     0
    51
    47
    97
    13
    13
    22
    23
    27
    19
     1
     9
    23
    20
    10
    60
   208
    11
    18
     0
     1
     0
     0
     0
     0
    13
    11
   113
   138
     7
     2
    19
    12
    12
    27
    24
     6
    30
    14
    49
    27
    20
    10
     0
     0
     4
     0
     0
     0
   103
    87
   102
    88
    15
    23
     5
     9
    14
    22
    15
    60
    20
    70
    26
   155
    22
    22
     0
     0
     0
     0
     0
     0
    18
    59
   107
     9
     4
     4
    34
    20
    13
    17
    21
   172
     5
   154
    44
    21
    20
    59
     0
     6
     0
     0
     0
    10
    61
    36
   266
    48
    12
    19
    12
    32
    15
    14
     8
    21
     8
    11
    48
    16
     4
    27
     0
     0
     0
     0
     0
     7
    10
    80
   149
    72
    18
    26
    17
   180
    21
    18
    26
    31
    38
    26
   167
    71
     9
    19
     0
     4
     0
     0
     0
     5
    20
   108
    68
    21
    59
    17
    34
    62
    10
    22
    34
    18
    30
    40
    52
   109
    20
    27
     0
     7
     6
     0
     0
     9
     6
    58
    14
    65
    11
    18
    14
    14
     5
    10
    76
    77
    14
    62
    81
    60
    42
     7
    16
     0
     0
     0
     0
     0
     8
     6
     5
     3
    45
    24
    53
     9
    23
    31
     9
    19
    12
    12
    18
    54
    11
     7
     0
     0
     0
     0
     0
     0
    45
    19
    76
     9
    31
    31
     4
    24
    40
    12
    24
     9
    21
    24
    10
     1
    13
     7
     0
     6
     0
     3
     4
     0
     8
    87
   103
    19
     6
    21
     5
    64
     4
    23
    61
    20
    22
    25
   163
    74
    60
    56
     0
     0
     0
     0
     0
     3
    23
     8
    44
    13
    13
    51
    16
    58
    24
    58
    12
    57
    33
    50
     3
    22
    36
    22
     0
     7
     7
     0
     0
     0
     4
    49
   112
    54
    37
    12
    26
     8
    10
    17
    28
    17
    27
    18
    15
    35
    16
    50
     0
     0
     0
     0
     0
     0
    22
    53
    95
    54
    11
    77
    32
    47
    10
     8
     5
     6
    59
    30
    58
    58
    17
    25
     0
     0
     0
     0
     0
     0
    31
    46
    49
    26
     8
    25
    30
    33
     9
     4
     1
    26
     2
    26
     0
     8
    11
     9
     0
     0
     3
     9
     0
     0
    46
    39
    15
    22
     0
    26
    11
     4
    17
    15
   158
     6
    93
   154
    18
    10
    13
    10
     4
     0
     0
     0
     0
     0
     6
    14
    63
    64
     5
    15
    19
    14
     2
    64
     0
    52
    10
     2
     5
     5
     7
    19
     0
     0
     1
     0
     2
     0
    12
    58
    11
     7
    13
    28
     9
     9
    10
    12
     8
    24
     6
    14
    13
    69
    47
    11
    10
     0
     0
     0
     0
     4
     2
   127
    91
    64
    27
    18
     1
     6
    13
    13
    10
     7
    26
     0
     7
    53
    16
     5
     0
     1
    12
     0
     0
     7
    53
    73
   153
    17
    22
    24
    28
    11
    14
    28
    25
     7
    20
    25
    27
   110
    15
    18
     0
     0
     0
     0
     0
     0
    20
    18
    57
    46
     0
    15
    17
     6
    14
    10
    17
    70
     0
     4
    22
   103
    23
    19
     1
     0
     0
     0
     0
     0
    47
    32
    83
    11
     6
     6
    16
    21
    11
    15
     9
     8
    22
    28
    43
   110
     6
     2
     0
     0
     6
     0
     0
     0
     6
    70
   148
    42
    97
    55
    13
     9
    19
    23
     6
    65
    13
     5
    64
    52
    34
    37
     0
     0
     0
     0
     0
     0
     9
    49
   171
    26
     9
    15
     3
    21
    14
    14
    20
    25
    56
    31
    32
    58
    10
    91
     0
     0
     0
     0
     0
     0
     8
    55
    56
     1
    11
    16
    61
    40
    49
     4
    22
    29
    59
     9
     0
    25
    57
    12
     0
     0
     0
     5
     0
     0
    16
     8
    25
    84
     2
     3
    38
    10
     2
    28
    21
     6
     9
     7
    10
     2
    23
    23
     0
     0
     0
     0
     0
     8
    31
   107
    49
    98
     2
    13
    11
    14
    10
    13
    47
    13
    17
     7
    97
     7
    18
    14
     0
     0
     0
     5
     0
     0
     8
   181
    13
    36
    29
     6
    67
    52
    27
    79
    11
     9
    65
    54
   159
   211
    10
    69
     0
     0
     0
     0
     4
     6
    52
     7
   181
    27
    24
    18
     3
    12
    18
   165
     8
    19
    61
   155
    21
   157
    13
    17
     0
     0
     0
     0
     0
     0
    17
    99
   103
    51
    17
     2
     7
    44
    13
     2
     9
    12
     7
    13
    15
     7
    49
    67
     0
     2
     0
     0
     0
     6
    15
    48
    24
   121
    49
     2
    14
    15
     2
    10
    28
    13
    22
    13
    45
     5
    16
    31
     0
     0
     5
     0
     4
     0
    11
    16
    10
    68
    12
    13
    51
    30
   155
     7
    53
    19
    17
    18
    90
    10
    13
     5
     0
     0
     4
     0
     0
     0
    26
     0
    32
    94
    40
    18
    13
    11
     5
    13
     6
    24
    29
    32
   105
   162
    17
    14
     0
     0
     5
     0
     0
     0
    12
    93
   164
    49
    17
    45
    36
    11
    34
    24
     5
    10
    25
     8
    20
    58
    13
    22
     8
     4
     0
     0
     0
     0
    29
    71
    84
   178
    16
    23
    42
    13
    36
    17
    29
    30
    18
     5
    42
    39
    73
    15
     0
     0
     3
     1
     0
     0
   122
    12
   120
    13
     5
    13
     7
     7
    12
    23
    17
     3
    12
    44
     6
     9
    19
    69
     0
     0
     5
     0
     0
     4
    58
    13
    81
    23
     0
    26
     7
     5
    14
    14
     9
    10
    14
    17
    16
    46
    23
     8
     0
     0
     0
     0
     0
     0
     0
    22
    60
    11
     8
    53
    23
    14
     6
     2
     6
    24
    12
    17
   179
    42
    34
    11
     0
     0
     0
     2
     6
     0
     4
    42
    46
    53
    12
    49
    31
    21
    18
     3
    13
     3
     2
    17
    18
    63
    16
    18
     0
     0
     0
     0
     2
     1
     3
    91
    22
    36
     8
    10
    51
    10
    51
    48
     6
    15
     5
   152
    80
    54
     3
     7
     0
     0
     0
     0
     0
     0
    12
    51
     0
    20
    26
    24
     6
    44
    11
    31
     4
    13
    46
     7
    24
    37
    36
   157
     0
     7
     0
     0
     0
     6
    29
    77
    69
    51
    23
    14
     6
    20
     9
    20
     4
    14
    72
    25
    59
    13
    20
    19
     0
     0
     0
     5
     0
     8
     1
     8
    60
    27
    15
    20
    17
    10
    19
     1
    15
    15
    28
    27
   135
     8
    11
    12
     0
     0
     7
     0
     0
     0
    15
    84
    93
    60
    26
    34
    21
    36
    24
    16
    71
     4
    31
     6
    49
     9
    16
     7
     0
     0
     9
     2
     0
     0
    19
    59
    37
    51
    18
     0
     7
    30
    14
     3
    23
    12
     9
     7
    21
    93
     5
    11
     0
     0
     4
     0
     0
     8
    13
    54
    16
    55
    11
     9
    15
    29
    29
     8
   166
     9
    14
    44
    22
    11
    28
     3
     0
     8
     0
     0
     0
     0
    29
    48
     6
    13
     7
    52
     8
     9
    56
    45
    16
    21
    20
    57
     1
    18
    22
    20
     0
     0
     0
     0
     0
     0
     6
    95
    55
     0
    88
    21
    58
     8
    19
    49
    11
    58
    12
    52
    21
    10
    13
    19
     0
     0
     0
     0
     0
     0
    63
   105
   130
    66
     8
     5
    29
    17
    23
    21
    66
    72
    17
    21
    57
    67
    13
    15
     6
     0
     0
     0
     0
     9
     4
    84
   152
    87
    10
     5
     8
    23
    20
    29
     0
    24
    27
    16
    24
     9
    43
    11
     0
     0
     0
     2
     0
     0
    21
    91
    57
   129
    33
     1
    23
     0
    31
    53
    27
    22
    14
    66
    10
     6
    49
     7
     0
     8
     7
     0
     0
     0
    10
    92
     8
   131
    51
    16
    22
    17
    20
    48
    13
    42
   154
    41
    11
   102
     3
    62
     0
     3
     0
     0
     0
     0
    56
     4
    55
    57
    16
    13
    22
     9
    20
    16
    26
    57
    20
    20
   131
   105
    40
    19
     0
     0
     0
     6
     0
     0
     3
    13
   106
   129
    45
    27
     7
    20
    16
    22
    20
    13
    10
     7
   192
    17
    57
    14
     0
     0
     0
     0
    10
     0
    18
    51
    18
     9
    32
    36
     1
    48
    22
    10
    61
    42
    50
    19
    61
    18
    18
    42
     0
     0
     0
     0
     0
     0
    13
   101
    30
   106
    17
     9
    14
    18
    29
    10
    18
    28
    19
   167
    54
    16
    65
    21
     0
     0
     0
     3
     1
     8
     3
    10
    57
     2
     5
    14
    10
    60
    42
     8
    62
     8
    13
    14
    49
    54
    66
    12
     0
     0
     0
     7
     2
     0
     0
    34
    75
    82
    12
    26
    51
    29
     1
   150
     4
     4
    21
     9
   143
    67
     2
    11
     0
     0
     0
     0
     0
     0
    21
    26
   163
     6
     3
    14
    32
    14
     0
    10
    12
    26
     9
     7
    51
     0
    16
     1
     0
     0
     0
     1
     0
     6
     8
    80
    47
   145
    14
     2
    28
    43
     4
    18
    14
     8
    71
    11
   108
    18
    33
    13
     8
     0
     0
     5
     0
     0
     6
    63
    89
    69
     5
    14
   117
     7
    58
    47
    12
     5
     5
    11
     5
   164
     9
    18
     0
     0
     0
     5
     0
     5
     8
    46
    18
     6
    46
    10
    29
    19
    15
     6
    15
    21
    22
   170
    19
    33
    62
     0
     0
     0
     5
     0
     0
     0
    33
    11
    19
   204
    12
    26
    22
    59
    18
    38
    15
    25
    21
    28
     7
    73
    15
    35
     0
     0
     9
     0
    12
     0
    52
    59
     9
    58
     9
     7
    21
    11
     0
     3
    18
    13
    20
    17
    12
    63
    25
    12
     0
     3
     0
     0
     0
     0
     7
    20
    54
     9
     5
    26
    21
    24
    11
    13
    10
    11
    21
    22
     6
    16
     4
     5
     0
     0
     0
     0
     0
     0
    33
    17
     9
     6
    21
     8
    23
    27
     4
    20
    31
    19
    12
    69
    75
    11
    21
    13
     0
     0
     0
     0
     0
     0
    31
    48
    47
    21
    20
    18
   167
    68
     4
    24
     2
    26
    19
    18
    56
    19
     0
     0
     0
     1
     0
     0
     0
     0
    23
    64
    46
    59
    49
    23
    22
    15
    74
    26
     7
     9
    30
   165
    49
     4
    24
    12
     0
     0
     0
     0
     0
     0
    26
    54
   187
    91
     9
    46
     7
    56
    20
    16
     0
    34
    19
    22
    49
   161
     9
    22
     0
     0
     0
     0
     0
     0
    47
    59
    23
    26
    27
    21
    38
    15
     6
    59
    26
    22
    20
   186
    19
    42
    23
    10
     0
     2
     5
     0
     0
     3
     9
    25
   155
    52
    21
    15
    15
    21
    14
    16
    22
    53
    17
    12
    17
    22
    15
    19
     0
     0
     0
     0
     0
     0
    84
   138
    47
    62
    36
    11
    22
    12
    19
    25
    11
    44
    11
    10
    46
    20
   149
    20
     0
     0
     0
     0
     0
     0
     5
    13
   109
   102
    12
     4
    16
    13
    76
     7
    20
    30
    73
   210
    36
    15
    50
    20
     0
     0
     0
     0
     0
     0
     8
    12
    51
   129
    13
    34
   164
     8
    44
     8
    15
     6
     1
    13
    50
    34
    26
    18
     1
     0
     0
     0
     0
     0
    34
    45
    61
    97
    10
    13
    16
    27
    22
    11
    24
    19
     3
    53
     2
    57
    24
    59
     0
     0
     0
     3
    12
     4
    56
    84
    94
    19
    22
    20
    63
     2
    22
     0
    10
     8
    18
    19
    13
    37
    43
    22
     0
     0
     4
     0
     2
     0
    17
    25
     9
     7
    23
     8
    42
    19
    51
    11
    17
    21
     8
     5
    48
    55
    21
     6
     0
     0
     0
     0
     6
     0
    37
    50
    66
     8
    17
    11
    26
    18
    51
    18
    24
    10
    15
    14
    11
    14
    52
    16
     0
     1
     3
     0
     0
     0
    11
    55
    68
    19
    20
    82
    51
    10
    11
    11
    36
    31
    12
   204
    63
    48
    16
    30
     0
     0
     0
     0
     0
     0
    14
    63
    32
    59
    24
    28
    42
     7
    31
     3
    22
    19
     9
     8
    55
     8
    21
     6
     0
     0
     2
     0
     0
     0
    30
    24
    64
    16
    25
     7
     8
    40
     7
    28
    19
    24
    24
    12
    15
     2
    47
    12
     0
     0
     0
     7
     0
     0
     3
     5
    21
    47
    32
   161
    10
    37
    12
     6
     3
    14
     5
    12
    16
     5
    22
    19
     0
     0
     0
     0
     0
     0
    22
    51
   243
    72
    66
    11
    22
    16
    11
    20
    13
    62
    49
    32
    26
    66
    29
    29
     0
     0
     1
     1
     4
     0
     6
    96
    11
   150
     8
    17
    20
    18
     6
    19
    32
     3
    13
     8
    94
     6
    16
    10
     0
     0
     0
     0
     0
     6
    17
   101
    54
    14
     8
    18
    21
    47
     1
    14
     4
    22
     9
    16
    15
    58
    32
    28
     0
     0
     0
     1
     6
     0
    21
    91
    23
   185
     7
    20
    26
    18
     9
    57
    30
    93
    17
     9
   186
    22
    24
    16
     0
     0
     0
     0
     0
     0
    21
     9
    15
    93
     6
    12
     7
   158
    53
    13
     7
    12
    55
    21
     8
    10
     5
    28
     0
     0
     0
     0
     0
     3
    10
     6
    56
    55
    21
     7
     8
     2
    16
    51
    44
    10
    10
    25
    28
    68
    25
    14
     0
     6
     0
     0
     0
     0
    58
    15
    53
    44
     0
    11
     0
    32
    14
     9
    23
    20
    12
     3
     7
    20
    11
     5
     0
     9
     0
     0
     4
     0
    21
    54
    40
    85
     0
    23
    11
    18
    57
     2
    42
    25
   158
    15
    89
    76
    19
    26
     0
     0
     0
     0
     0
     0
    59
   104
    14
    12
    53
    21
    27
    30
    26
     4
    49
    48
    32
    39
    18
    63
    58
     6
     0
     0
     0
     0
     0
     0
    12
   107
   129
    24
    19
     6
    60
     8
    17
    27
    17
    21
    12
    30
    66
    25
    15
    14
     0
     3
     0
     5
     0
     0
    24
    53
    26
    53
    22
     2
     8
    56
    16
    10
     3
    39
    23
   147
    16
    10
     8
    20
     1
     0
     0
     0
     0
     0
    92
    53
    86
    55
    12
    18
    30
     1
    28
    55
    11
    16
     3
    11
     5
     8
    18
    22
     0
     1
     1
     9
     0
     0
    24
    57
    33
    63
     6
    14
     3
    12
    86
    30
    13
    14
     5
     4
    22
    10
    20
    11
     0
     2
     5
     6
     0
     0
    80
    54
    64
    12
    25
    20
    25
     8
    35
     1
     8
     3
     4
    18
    48
     9
     5
    57
     1
     9
     3
     0
     0
     0
     7
     5
   114
   102
    10
    11
    23
    30
    54
    60
    25
     8
    15
    66
    10
   164
    28
    63
     0
     0
     0
     0
     0
     0
    47
   138
    71
    16
    68
    19
    24
     3
    26
    24
   163
    56
    66
    10
    67
   102
    33
     7
     0
     0
     0
     0
     0
     0
    81
    50
   139
   172
    32
     8
     9
    31
     3
     8
     1
    21
    25
     8
    29
     0
    29
     9
     1
     0
     0
     0
     0
     0
    15
    50
    50
     4
    21
     3
    10
    18
    13
     6
    27
    18
    15
     7
     3
     6
    12
     9
     0
     0
     0
     0
    10
     0
    13
    22
    26
    67
     1
   161
    15
    24
    15
    25
    15
    83
    20
    25
    21
    17
    10
    63
     0
     1
     0
     0
     8
     0
    15
    47
   194
    56
    14
     7
    53
    25
     0
    15
    32
    16
    22
    23
    21
    12
    12
     7
     0
     0
     0
     0
     0
     0
    15
     4
    65
    56
     6
    15
    30
    16
    18
     6
     8
     9
    33
    25
    24
     7
    15
    65
     1
     0
     0
     0
     0
     0
    39
    93
    70
    26
    36
    60
    10
    58
    26
    17
    13
    39
     6
     0
    66
    17
    16
   105
     0
     0
     0
     0
     0
     0
    22
    70
   131
    18
    14
    19
    28
     8
    10
    46
    24
    23
    21
    11
    62
    14
     3
    20
     2
     4
     0
     0
     0
     0
    47
    67
    45
    15
    23
    56
    14
    10
    20
     8
    29
    10
    68
     8
    48
    53
    73
     0
     2
     0
     0
     0
     0
     0
    23
    97
   109
    57
    64
    55
    13
    22
    25
    58
     6
    13
    69
    25
    55
    10
    16
    19
     0
     0
     0
     0
     2
     0
    23
    16
   162
    89
    15
    22
    25
     4
     6
     4
    19
    33
   205
    20
    10
   165
    13
     5
     0
     7
     0
     0
     0
     0
     0
    21
    54
    93
     8
     4
    14
     6
     7
    15
    26
    13
     6
    53
    27
    66
     4
    28
     0
     0
     0
     7
     5
     0
    10
     5
    91
    47
    17
    19
    13
     7
    26
     9
     8
    11
    22
    48
    12
    12
    12
     0
     0
     0
     4
     0
     0
     0
     6
    82
   145
    94
    28
    24
    11
    28
   158
    13
    17
    33
    27
     2
   215
    65
    57
    18
     0
     3
     3
     0
     0
     0
     8
    12
    89
    27
    15
    23
    25
    22
    63
     2
    16
   167
    16
    17
    18
    15
    44
    40
     8
     0
     0
     0
     2
     0
    26
    49
    62
    48
     6
    11
   153
    23
     7
    15
    11
     2
     7
    11
    13
     0
    12
    17
     0
     0
     0
     0
     0
     0
    15
    54
    19
    19
     7
    12
    23
     9
    21
     4
    45
    58
    18
    21
    36
    13
    20
     2
     2
     0
     0
     0
     0
     1
    11
    12
    88
    50
    95
    11
    61
    15
    21
    10
    22
    15
    31
     1
     5
    43
    21
     7
     0
     0
     0
     0
     0
     0
    63
    92
    15
    70
    17
    38
    18
    22
    20
    61
    12
     0
    51
     8
    11
    47
     7
    36
     0
     6
     0
     0
     3
     0
    20
    62
    47
    59
    14
   150
    34
    12
    17
    23
    40
     7
    16
    19
    13
    31
    21
    17
     0
     0
     5
     0
     5
     0
    13
    57
    62
    68
    22
     4
    78
    62
    16
     9
    57
     2
    27
     3
    77
    11
    16
     8
     0
     0
     0
     5
     0
     0
    17
   101
   262
    93
    13
   156
    23
    58
    11
    14
     3
     6
    22
    19
    53
    55
    12
    18
     0
     0
     1
     0
     0
     0
     6
    61
    97
    78
    32
    21
     9
    16
    41
    10
    52
    13
    19
    47
    42
   290
    66
    17
     0
     0
     1
     0
     0
     0
    50
    63
     9
    66
    12
    32
    29
    27
    32
     5
    34
    53
    20
     7
   216
    12
    11
    27
     2
     0
     0
     0
     0
     0
    36
    43
    87
   105
    23
    14
     8
    17
    20
     6
   165
     6
    30
    12
    28
    62
    21
    14
     2
     0
     0
     0
     0
     4
    25
    25
    50
    30
    14
    17
     3
    22
     5
     6
    21
     4
    42
    12
     9
    21
     7
    25
     0
     0
     0
     0
     1
     7
    15
    75
   183
     8
    54
    67
    14
    36
    21
    11
    12
    16
    23
    13
    53
     9
    67
     8
     0
     0
     0
     0
     0
     0
    21
    16
    61
    37
    24
    16
    22
    55
    15
    27
    12
    29
    12
    36
    73
    51
    31
    33
     0
     0
     0
     0
     0
     0
    63
    18
    28
    40
    38
    17
    25
    27
    12
     9
    11
    23
    31
    33
    63
     2
    29
    57
     0
     0
     0
     0
     0
     0
    19
    55
    12
    42
     5
    18
    14
    16
    72
     9
    47
     8
     3
     3
     7
    24
    15
    15
     0
     0
     9
     0
     0
     0
     0
   107
   130
    27
    28
    26
   109
    11
    49
    12
     6
    18
    10
    30
    22
    11
    16
    20
     0
     4
     0
     0
     0
     7
    19
    55
    83
   110
    13
    24
    24
    43
    33
    33
    17
     0
     3
    15
     3
    21
    14
    18
     0
     5
     0
     0
     0
     0
     0
    10
    60
   139
     8
    39
     2
    43
    16
    48
    13
     1
    21
    32
    19
   164
     9
    10
    12
     2
     0
     0
     0
     6
     0
    55
    30
   149
    58
    20
    12
    14
     9
    17
    18
    73
     2
    18
    24
    60
    54
    44
    11
     0
     0
     0
     0
     0
     0
    23
     0
    60
   100
    23
   162
    30
    26
   158
    21
    20
    11
    51
    12
    73
    23
     8
     9
     0
     0
     3
     8
     0
     0
     4
    67
    47
    26
    10
    29
    16
    42
    21
    14
     8
     9
    11
    55
    20
    49
     8
     1
     0
     0
     0
     0
     0
     0
     1
    14
    18
     3
    14
    30
    12
    52
     8
    16
    11
     4
     9
    25
    15
     3
     6
     8
     0
     0
     0
     0
     0
     0
    59
    48
    66
    48
    18
    21
    14
    21
    13
    25
     2
    12
     1
    13
   181
    86
    23
    12
     6
     0
     0
     0
     0
     0
    29
     2
     0
    59
    22
    12
     0
    41
    10
    11
    25
    22
    13
    47
    14
    14
    12
    16
     0
     0
     0
     5
     4
     0
    37
    32
    51
   177
    15
     3
    22
    28
    13
    46
    19
    18
    18
     8
    55
    56
    30
    11
     0
     0
     2
     0
     0
     0
    48
    58
    19
    63
    21
    26
    47
    16
     9
    40
    12
    14
    11
    17
    15
     9
    24
     7
     0
     0
     3
     0
     0
     3
     8
    64
   107
   119
    56
     4
    68
    16
     5
   160
    36
   173
    28
    25
    58
    52
    23
    39
    10
    16
     0
     0
    11
     0
     9
    59
    77
    99
    28
    15
    44
     7
    27
     6
     4
    21
    25
    75
    32
    66
    34
    26
     0
     0
     0
     0
     0
     0
    12
    50
    92
   106
    19
    38
    15
    14
    15
    25
     8
    67
    30
     5
    46
    21
     8
     5
     0
     0
     0
     0
     0
     0
    37
    55
    23
    61
     6
     3
    10
     7
    60
    16
    42
    51
     9
    19
    97
    68
    10
    28
     0
     0
     0
     0
     0
     0
    78
    23
    42
     7
    26
    12
    12
    49
    15
     4
    12
    14
    19
    58
    38
    14
    23
    57
     0
     9
     0
    10
     0
     0
    24
    91
    87
    42
    12
    65
    63
    12
    12
    14
    18
    19
    17
    32
    11
    55
    19
    87
     0
     0
     0
     9
     2
     0
    16
    16
    92
    56
    20
    22
    44
    67
     2
     2
     6
    23
     7
    23
    16
    22
    24
    14
     1
     0
     5
     3
    11
     0
    25
    85
    67
    10
     5
    24
    13
     8
     6
    56
    23
    33
    26
    19
    75
   102
    19
    16
     0
     8
     0
     4
     0
     9
    59
   164
   132
    13
    31
    19
    32
    10
    69
     5
    39
    60
    21
    35
    48
    51
    34
     1
     2
     0
     0
     4
     0
     0
     8
    64
    55
    13
    25
    21
     3
    19
    15
    26
     9
   167
    56
    18
    16
     2
    29
    15
     0
     0
     6
     0
     0
     0
    12
    11
    49
     4
    17
    26
    10
    56
    55
    52
     5
    38
    18
    31
     9
    69
    21
     5
     0
     0
     9
     5
     0
     0
    60
   124
    31
   129
    10
    16
    22
     1
    31
    20
    26
     8
    15
   152
    71
    20
    31
    25
     0
     0
     0
     0
     0
     0
    48
    85
    20
    60
    19
    19
    35
    19
    14
    15
    38
    30
     9
    24
    46
   194
    27
    56
     5
     0
     0
     0
     0
     4
     4
    61
    92
    56
    46
    67
    21
    15
     8
     2
     4
     3
    27
    55
     5
    21
     8
    10
     0
     0
     0
     0
     0
     0
    16
    18
    53
    99
    38
    12
    23
    28
    31
    44
    36
     8
    27
    85
    52
    49
     6
     1
     1
     0
    12
     0
     0
     4
     1
   127
    53
    77
    24
    26
    14
     1
    15
    13
    33
    29
    40
    24
    83
   265
    14
    10
     0
     0
     0
     2
     0
     0
    41
    65
    22
     3
    36
     2
     8
    55
     2
    31
    16
    50
    43
    14
   158
   172
    29
    16
     0
     0
     0
     4
     1
     0
    50
    29
   190
   144
    22
    25
    46
   153
    24
    54
    27
    15
    26
    26
    55
    11
    19
     3
     0
     0
     0
     0
     0
     9
     5
    70
    84
    51
     9
    18
     8
    12
    34
    61
     0
    16
    11
    13
    13
    32
     9
    16
     0
     0
     0
     0
     0
     3
    58
    49
    60
    57
    34
    30
     7
    24
     4
    27
     5
   193
   157
    64
    23
    46
     5
    23
     4
     0
     0
     0
     0
     0
    16
    54
   138
     8
    10
    14
    38
    10
    30
    14
     5
    20
    22
    33
    15
    51
    17
    29
     2
     0
     6
     0
     0
     7
    50
    22
   146
    69
    31
     0
    26
    22
    23
    34
     9
    43
    16
    10
    18
    44
    15
    14
     2
     0
     0
     0
     0
     1
    10
    20
    69
    50
    35
    22
    19
    12
    67
    11
    26
    21
    14
    27
   156
   227
    33
    25
     0
     9
     0
     0
     0
     8
    17
    21
   144
    49
    20
   177
    13
    13
    19
    35
    18
    14
     6
    18
    57
    67
     4
    13
     0
    22
     0
     0
     0
     0
    14
    47
   134
    46
    15
    17
    21
    30
    20
     7
    13
    39
    18
    18
    10
    65
    18
     9
     1
    10
     5
     0
     0
     0
    34
   138
   108
    14
    13
    70
     9
     7
    18
    19
    17
    19
    10
    42
    28
    23
    25
    11
     0
     0
     6
     0
     9
     1
     0
    17
   135
    61
   197
    19
    10
    54
    69
    55
    15
    15
    19
    20
     0
    39
    24
    27
     0
     0
     0
     0
     0
     0
     9
    58
   128
     6
     7
    20
    23
    10
    16
    34
     5
    23
    74
    22
    22
   149
    10
    10
     0
     1
     0
     1
     0
     0
    90
    62
    39
    47
    14
    23
    22
    26
    45
     7
    35
    18
     9
    34
    70
    62
    47
    32
     0
     8
     0
     0
     6
     3
    20
   159
   134
    29
    13
    29
    29
    11
    24
    30
    18
    21
    20
    24
    54
    34
    10
    27
     5
     0
     0
     0
     0
     6
    20
    12
   100
    95
    44
    16
     4
    19
     3
    14
    41
    21
     6
    11
    10
   149
    25
    15
     1
     0
     2
     0
     0
     7
    58
    91
   170
    61
    64
    26
    23
    14
    30
    13
    51
    29
     7
    14
    13
    54
     9
    14
    10
     0
     0
     0
     0
     0
    10
    65
   150
    96
    35
    10
    15
    22
    33
    10
    10
     7
    55
    10
    37
    49
    55
    12
     0
     0
     0
     0
     0
     0
    68
    89
    90
    48
    14
    71
    50
     6
    51
    25
    22
    36
    13
    59
    12
    19
    23
    15
     5
     5
     0
     0
     0
     4
    21
    96
    63
    64
    45
    34
    81
    82
     7
    32
    21
    23
    13
    64
    26
    70
     7
    12
     0
     0
     0
     0
     0
     3
    27
    74
   101
    58
    12
    25
    37
    51
     4
     7
   110
    33
    23
    13
   246
    49
    37
    23
     3
     4
     4
     0
     0
     0
    26
    29
    23
    98
    25
    25
    12
    56
    21
    21
    66
    25
    56
    26
    55
    55
    47
    24
     5
     0
     3
     7
     0
     0
    27
    80
    76
    26
    19
     9
    28
     4
    29
    13
    31
    15
    27
    13
    78
    21
     8
    43
     4
     0
     0
     0
     5
     0
    26
   107
    87
    13
    14
    23
    16
     6
     6
     9
    11
    11
    22
    21
   369
    61
    15
    17
     4
     0
     5
     0
     0
     0
    18
    19
    10
    55
    14
    16
    11
    55
     9
    11
    13
    17
    16
    15
    38
    48
    19
    11
     0
     0
     0
     6
     0
     0
    15
   170
   124
     1
    63
    23
    28
    21
    19
    61
    12
    41
    12
     8
    21
   212
    13
    52
     0
     0
     0
     0
     0
     0
    14
    22
    86
    47
     6
    18
   139
    44
    17
     7
    67
    65
    24
   102
    55
    42
    28
    33
     0
     0
     0
     0
     3
     0
     9
    56
   137
    71
    17
    27
    45
    16
    27
    62
    25
    15
    13
    48
    31
    34
     9
    36
     7
     0
     0
     0
     0
     0
    18
    76
    58
   163
    16
    46
    41
    14
    38
    36
    60
    22
    32
    27
    73
   198
    38
    28
     4
     0
     1
     0
     0
     0
    16
    69
    49
   141
    52
    20
    24
    32
    14
    19
    28
    22
    31
    46
    53
    85
     9
    20
     8
     2
     3
     0
     0
     0
     8
    44
    50
    94
    24
    38
    20
    21
    11
    11
     8
   312
    21
     9
    79
   284
     1
    27
     7
     3
     0
     3
     0
     1
     0
    68
   124
    68
    25
     6
    16
    21
    13
     2
     5
     3
    78
    18
    54
   206
    19
    13
     0
     4
     0
     0
     3
     0
    30
   151
    13
    69
    27
     5
    25
     7
     9
    10
     0
    46
    14
    23
    13
    20
    15
    14
     0
     0
     0
     0
     0
     0
    33
    61
   157
   217
     8
    27
     9
    53
     8
     4
    27
    14
   150
    11
    63
    95
    20
     2
     2
     8
     0
     0
     0
     0
    31
   113
   189
    52
    25
    51
    27
    38
    11
     6
   168
    23
     7
    39
    94
    93
    12
    24
     0
     0
     1
     2
     0
     4
    80
    72
    51
    20
   104
     1
     2
    35
    23
    17
    58
    42
    20
    57
     5
   102
    21
    21
     9
     0
     0
     5
     0
     0
     3
     8
    48
    50
     7
    15
    23
    94
    17
    17
   158
    14
    17
    24
    20
    18
    12
     0
     0
