   117
     7
    16
     1
    14
    99
   297
   298
   232
   269
   139
   102
    97
   107
    81
   144
   511
    87
   169
   105
   286
   106
    61
     1
     8
     2
     0
     8
     0
   136
   278
   534
   260
    65
   109
   104
   123
    97
   101
   132
   282
    69
    67
   257
   179
   102
    84
     2
     0
     0
     7
     0
    11
   120
   157
   521
   137
   193
   104
    82
   135
   209
   156
    53
    30
   131
    93
   388
   189
    65
   104
    10
     0
     3
    22
    20
     8
   110
   126
   227
   112
    88
   217
    82
   249
    60
   103
   130
   105
    94
   133
   219
   171
   120
    70
     9
     9
     7
     7
    10
     0
   114
   255
   402
   290
    93
    82
   312
    81
   101
   113
   113
   161
    46
   220
   110
   108
   142
   294
    11
     8
     6
     9
     0
     0
   128
   187
   224
   214
   112
   158
   128
   144
   117
    82
   175
    87
    94
   138
   558
   276
    59
    99
     7
     6
     0
     6
    19
     0
   169
   362
   469
   503
   152
   120
   275
   183
   113
   127
   171
    97
    80
   247
   185
   462
   110
   133
     0
     4
    32
     7
     5
     0
    90
   179
   347
   272
    79
    66
   181
    94
   206
    51
   335
    95
   191
   161
   114
   373
    71
    92
     6
     8
     3
    10
    13
     0
    77
   152
   296
   260
   124
    67
    57
   222
   122
    79
    99
   204
   170
   100
   541
   370
    67
   202
     7
     0
    12
     6
     0
    12
   104
   107
   524
   167
    64
    36
   100
   125
   107
   123
   192
    96
    49
   343
   197
    92
    85
    86
     0
     0
     4
     6
     0
     4
   238
   247
   532
   199
   120
   110
    60
   248
    93
   148
    31
    73
   239
    96
   261
   372
   136
    91
     1
    10
     0
     8
     5
     5
   124
   292
   349
   302
   103
   259
   100
   278
   205
   115
   121
   109
   320
    85
   440
   505
   144
   178
     7
     5
     8
     5
    11
    17
   191
   324
   407
   206
   127
   140
   109
   154
    99
   123
   192
   412
   119
   403
   228
   242
    88
   100
     5
     0
     5
     8
     8
     5
   236
   332
   435
   467
   119
    74
   141
   180
   125
   106
   275
   180
    82
    65
   267
   115
   143
   163
     0
    13
     6
     7
     0
     6
   191
   271
   384
   333
   101
   157
   151
    81
   236
   119
    64
    42
   153
   359
   180
   405
    95
    90
     0
     6
     7
     5
     0
    15
    67
   246
   527
   286
   156
   209
    67
   110
   281
   112
    62
   253
    77
    57
    62
   157
    85
   110
     7
     1
    11
     4
     6
     0
    99
   212
   563
   215
   100
    49
   110
   209
   103
    41
   117
   108
   264
   145
   126
   234
   203
    47
     0
     0
     0
     8
    11
     0
   188
   343
   368
   373
    89
   107
    62
    63
    73
    66
   113
   102
   214
   196
   531
   244
   142
   128
     3
     0
     7
     5
    10
     5
   101
   360
   536
   233
    76
    88
    58
   106
    89
   149
   121
   107
   143
   117
   172
   143
    73
    83
     2
     0
     0
     1
     8
     0
    74
   249
   528
   194
   122
   128
   153
   184
   145
   118
   180
   117
   123
   173
   413
   292
   216
   141
     0
     4
     8
     0
     0
     2
   170
   251
   459
   184
   112
   121
   118
   311
   149
   114
   177
   241
   153
   137
    60
   261
   101
   195
     3
    14
     0
     0
     3
     0
   168
   370
   291
   294
   164
    89
    41
   143
    62
   191
   135
   141
    71
    78
   166
   255
   155
   104
    15
     2
     2
    11
     5
     3
   126
   190
   207
   243
    55
    89
    99
    92
    75
    63
   104
    32
   126
   133
   254
   239
    87
    74
     0
     3
     0
     1
     0
     4
   165
   192
   333
   341
    97
   208
   261
    70
   103
   204
    85
    69
    61
   160
   167
   115
    91
   122
     4
     6
    10
     3
     6
    12
   222
   180
   286
   328
   127
    66
    52
    75
   190
    57
   220
   175
   206
    89
   366
   185
   101
   141
     2
     0
     0
     2
     6
     2
   122
   372
   384
   273
   130
   113
   154
    94
    82
    98
   242
    42
    84
    91
    76
   282
   125
    92
    19
     0
    21
     0
     7
     7
   138
   324
   299
   102
    92
    63
    86
   245
    37
    52
   291
   138
   101
   151
   147
   170
    67
    90
     1
     0
     1
     2
     1
    11
   131
   343
   471
   317
   125
   127
   363
   107
   105
   168
   101
    69
    93
   109
   270
   252
   152
   202
     2
     2
     0
     9
     0
     7
    68
   227
   353
   264
    77
    68
   152
   301
   212
   205
   104
   117
    39
   284
   126
   185
    62
    82
     5
     2
     1
     0
     5
     8
   120
   265
   242
   290
   131
    90
   152
   128
    96
   122
    50
   215
   223
    71
   124
   149
    79
    74
     4
     9
    11
    11
     8
     0
   100
   198
   339
   221
   215
    99
    72
   169
   168
   133
   108
    69
    87
   202
   374
   158
   142
   126
     4
    15
     0
     0
     2
     2
   102
   172
   367
   340
    64
   105
    63
   112
   131
    59
    72
    97
    82
    68
   139
   234
   102
   134
     4
    20
     6
    11
     7
     7
    69
   261
   370
   111
   114
   105
    86
   108
   121
   140
   124
    78
    58
   102
   151
   229
   167
   253
     0
     0
     0
    12
     3
    17
   186
   603
   352
   139
   120
    98
   106
    68
   130
    93
   167
   135
    88
   185
   280
   235
    86
   112
     0
     0
     1
     0
     0
    11
   144
   349
   450
   163
   113
   110
   112
   221
    86
   116
    99
    86
   106
   128
   448
   197
   144
    78
     8
     0
     2
     8
    16
     0
   218
   199
   412
   333
   162
    38
   104
    91
   120
    63
   139
   243
    94
   276
   449
   203
    88
   110
     3
    12
     4
     6
     0
     5
   182
   338
   442
   186
    99
    95
   100
   174
    67
    92
    76
    83
   228
    51
   175
   148
    78
    83
    22
     6
     3
    10
     0
     4
   115
    75
   449
   224
   121
    44
    64
    81
   227
   241
   162
   237
    97
   285
   359
   161
    95
   177
     0
    15
     0
     0
     2
     0
   165
   160
   140
   203
    54
   180
    52
   148
   101
   185
    63
    99
   107
   249
   205
   145
    98
   114
     0
     0
     5
     7
     4
     2
   163
   485
   313
   383
   128
   128
   112
    85
   219
    53
    99
   125
   120
    47
    92
   206
   226
   111
    17
     0
     6
     7
     5
     0
    83
   309
   702
   314
   170
   125
   183
   144
   103
    96
   225
   117
    86
    64
   201
   122
    96
   190
     5
    23
     0
     8
     5
     1
    96
   342
   453
   325
    71
   200
   150
    90
    82
   142
    94
   173
   166
   323
   328
   203
   119
   139
     3
     7
     8
     0
     2
     5
   134
   160
   199
   324
   181
    82
    62
    97
   102
    63
    56
   134
    55
   187
   143
   148
   193
    78
     3
    13
    19
     3
     9
     4
    88
   214
   434
   169
   233
    31
    54
   144
   100
   131
    60
   236
   136
    84
   422
   404
    61
    66
     0
    11
     1
     6
     0
     7
   173
   152
   455
   301
    64
   125
    88
    68
    76
   117
   130
   142
   106
    97
   257
   189
    80
    67
    16
    14
     5
     9
     4
     7
   136
   272
   412
   267
    92
    66
   362
    72
    49
    60
   128
    90
    70
   292
   334
   117
   114
   110
    16
     6
     5
     1
     2
     7
    44
   323
   304
   249
   164
    77
    83
   150
   105
   253
   213
    59
   230
   190
   212
   441
   107
    42
     0
    16
     7
     0
    10
     0
    65
   242
   484
   432
   130
   191
   122
   154
    95
   260
    96
   159
   186
   173
   440
   232
   173
   150
     3
    11
     3
     4
    13
     7
   205
   518
   449
   361
   106
   159
    95
    69
   247
   222
   131
   158
   161
   431
   273
   329
   143
   131
     0
     2
     7
     8
    14
     3
   184
   309
   263
   285
   241
   195
    87
   103
   267
   114
    92
    87
    83
   176
   365
   301
    77
    69
     4
     2
     0
     4
     0
     2
    76
   328
   257
   344
    66
    68
   134
   260
   251
    84
   120
   135
   130
   108
   264
   471
    45
    88
    15
     0
     0
     5
     4
     0
   131
   395
   430
   307
   106
    67
    85
    74
   112
    60
   137
   149
    54
   136
   290
   214
   129
   140
     0
     0
     0
     3
     2
     0
    61
   114
   398
   293
    94
    82
   264
   234
   107
    60
   257
    90
   167
    78
    96
   350
   149
   107
     5
     6
     2
     0
     5
     0
   113
   333
   414
   106
   186
    41
   123
    42
   240
    85
    89
   232
    68
   539
   236
   289
    82
   153
     1
    10
     0
     0
     7
     4
   181
   184
   348
   164
    93
   123
   147
   105
   112
   122
   103
   140
   108
   139
   251
   432
   107
   158
     0
     6
     3
     6
     0
     6
   123
   216
   536
   425
   127
   142
    79
   156
    83
   106
   135
   114
   122
    86
   275
   227
    79
   121
     5
     0
     0
     8
     4
     2
    95
   268
   388
   478
    77
   105
    64
   225
    88
   130
    81
    50
   152
    79
   172
   149
    69
    90
     0
    13
     7
    15
     4
     7
   107
   394
   318
   208
   195
    92
   115
   155
    96
   193
   115
   132
    63
    71
   156
   292
    98
   154
     3
     1
    14
     1
     5
     5
   189
   266
   442
   429
    90
   101
    80
    60
    90
   105
   104
    99
    64
   162
    65
   156
   253
    73
     6
     4
     0
     0
     3
     2
   163
   244
   454
   264
    61
   172
    85
   107
    74
   120
   137
   119
    91
   125
   114
   155
    91
    59
     4
     5
    12
    13
     3
     0
   127
   199
   338
   301
    93
    64
    95
    79
   136
   109
   137
    81
   212
   200
   186
   299
   115
   188
     8
    14
     6
     0
     9
     9
    85
   215
   402
   564
    95
    93
   112
   102
   134
    85
   101
   119
   138
    90
   278
   113
    94
   108
     0
     2
     6
     0
     0
     8
   229
   505
   463
   411
   165
   137
   191
    91
   127
   134
   114
    64
   131
   139
   127
   343
    93
   168
     4
     0
    14
     0
     4
     4
   126
   306
   370
   684
    58
    49
    69
   139
    89
   127
   216
    60
    91
   130
   246
   266
    54
    49
     9
     0
     4
    28
    12
     3
   113
   242
   220
   197
   101
   250
   138
   104
   253
   272
    81
   107
    66
   129
   126
   282
    72
    95
    12
     3
    10
     0
     8
     8
    85
   381
   253
   169
   126
   152
   130
   128
    99
    84
    94
    91
   120
    76
   312
   237
    87
   139
     7
     2
    11
     0
     7
     7
    91
   382
   604
   313
    75
    79
   120
   168
    40
    63
    67
   326
    74
   103
   564
   156
    55
   171
     0
    12
    12
     7
    24
     0
   125
   190
   364
   212
    93
    76
   213
    73
   160
    75
   111
   264
   103
   253
   113
   131
   104
    60
     6
    13
     2
    11
     3
    19
   137
   314
   218
   413
    56
   150
   201
    74
    71
   113
   155
   135
    62
   121
   228
   375
   114
   110
    16
     0
     2
     4
     0
    13
   162
   487
   561
   314
   103
   215
    98
    94
    73
    93
    83
   158
    65
   229
   542
   363
   147
   155
    33
     3
     2
     2
    11
     0
    94
   266
   313
   196
    66
   164
    81
    57
   158
   141
   137
   103
    93
   149
   406
   321
   173
    85
     1
     3
     0
     6
     3
     0
   109
   324
   481
   229
   113
   119
   143
    75
   142
    65
    63
   101
    92
   381
   279
   138
   160
   115
     0
     0
     0
     0
    19
    10
   159
   219
   417
   391
   145
   141
   283
   100
   289
   110
   154
   127
    62
    79
   120
    84
   143
    55
     7
     0
     7
     2
     3
     6
   103
   273
   321
   476
    73
   146
   195
   124
    88
    75
    55
   123
   126
    99
   281
   224
    86
    64
     0
     0
     2
     0
     5
     0
   130
   198
   349
   287
    84
   103
    70
    60
   115
    53
   161
    92
   143
   246
   102
   116
   103
   174
     0
     9
     0
     0
     3
    21
   238
   340
   364
   420
   187
   165
   191
   147
    45
   140
    96
   102
   100
   136
   309
   357
   175
   114
     5
    10
    13
     0
     1
     7
   187
   393
   420
   236
    69
   135
    67
   187
    75
   121
   155
   187
    81
   261
   391
   294
   188
   184
     2
     4
     4
    10
     6
     3
    95
   192
   434
   336
   106
   131
    96
   100
    90
    65
    80
    95
   115
    56
   120
   249
    73
   171
     2
     0
    13
     0
    13
     8
   132
   255
   357
   171
   133
   182
    94
    76
    77
   213
   165
    96
   111
   161
   279
   229
    80
   240
    12
     0
     5
     2
     3
     0
    87
   219
   368
   282
    70
   105
    60
    57
    84
   113
    57
   152
   161
   211
   539
   157
   142
   126
     3
     5
     1
     1
     8
     3
   119
   338
   679
   406
    61
    88
    73
   135
   194
    72
   197
   178
    85
   170
   407
   188
   208
    65
     4
     0
     0
    10
     7
     3
   104
   330
   591
   208
    65
    88
    98
   126
   104
   239
    69
    69
    46
   131
   120
   309
    99
   101
     7
     8
     3
    16
     3
     0
   165
   296
   525
   363
   141
   109
    50
    85
   162
   103
   217
   112
   175
   136
   124
   200
   115
    77
     3
     5
     0
     5
     0
    16
   270
   424
   393
   160
    93
   172
   211
    78
    85
   132
   174
   154
    96
    86
   350
   378
    96
   181
     8
    16
     3
     5
     0
     0
    50
   337
   482
   369
   171
    81
    75
   176
   129
    68
   121
    82
    89
    58
   162
   330
    84
    55
    11
     9
     4
     5
     5
    16
   139
   192
   210
   240
   403
   128
   106
   127
    61
   364
   236
   170
    86
    76
   489
   183
   146
   111
     0
     1
     4
     3
    12
     0
    61
   199
   242
   195
    78
   239
    75
   142
    51
    84
    97
   148
   101
   107
   447
   205
   124
    45
     8
    18
     8
     7
     0
     0
   138
   394
   530
   134
    78
   171
   106
    91
   111
    85
   137
    51
    23
   181
   243
   116
   112
    30
    12
     0
     9
     4
     8
     8
   226
   296
   310
   203
   120
   110
    60
   123
    87
    86
    84
   232
   123
   200
   287
   261
    88
    69
     0
     0
    11
     5
    10
     2
   150
   235
   300
   272
   159
   115
   108
   154
   214
    92
   127
   124
    96
   104
   207
   121
    92
    85
     0
     0
     0
     0
    18
   144
   206
   405
   445
   118
   124
   147
   101
    87
    75
   126
   106
   264
   299
   294
   266
   164
   137
     0
     0
     0
     6
     5
     3
   179
   247
   251
   245
   116
   144
   104
    41
   115
    97
    59
    48
   110
   145
   332
   190
    86
    84
     0
     3
     3
     7
     0
     0
    67
   224
   410
   263
    65
    79
    61
   117
   227
    97
   106
   151
    65
    69
   358
   152
    83
   134
     0
     0
     3
     7
    17
     0
   153
   190
   449
   387
    46
    95
   190
   112
   199
    58
    77
   102
    77
    74
   365
   151
    77
    93
     3
     8
     1
     3
     2
     7
   111
   197
   326
   291
   130
   143
   100
   151
   171
   157
    74
   230
   124
   146
   170
   253
   115
    57
     0
     7
     0
     0
     0
     0
   104
   315
   238
   229
    68
   106
   135
   109
   137
    75
   106
    38
    75
    92
   205
    95
    82
   164
     5
     9
     6
     4
     0
    17
   144
   365
   275
   434
   129
   115
    98
    69
   113
   148
   187
    54
    89
   417
   104
   230
    81
   180
     1
     1
     6
     1
     7
     0
   149
   317
   380
   282
   120
   108
   144
    69
   143
   149
   154
   165
   186
   215
   169
   206
    80
    81
     1
     3
    13
     6
     7
    18
    84
   287
   273
   196
   225
    80
    69
    83
   111
   111
   289
    69
    97
   131
   293
   461
    86
   126
     0
     0
     0
     3
     3
     1
   156
   141
   352
   332
   118
   122
    51
   199
   279
   149
   124
   219
   139
   258
    85
   215
   117
   147
    12
     9
     0
    16
     9
     6
    88
   327
   261
   196
   100
    86
    64
    76
    31
    30
    76
   132
   101
   117
   173
   123
    69
   132
     0
     0
    10
     0
     6
     1
    67
   325
   417
   282
   125
    88
   119
    77
    96
   171
   100
    53
   113
    69
   160
   184
   120
   108
     0
     0
     1
     0
    15
     7
   112
   255
   366
   453
    45
   130
   132
    82
    82
   171
   208
   114
   108
   126
    83
   384
   107
    54
     6
     5
     6
     7
     7
     8
   105
   241
   575
   293
    89
    74
   122
   157
   175
   233
   152
   179
   170
    54
   352
   151
   135
   172
     0
     8
     2
     7
     5
     7
   121
   226
   567
   180
    84
   154
   100
   136
    69
   131
    91
   169
   238
   213
   187
   148
    69
   109
     0
    11
     1
     8
     0
     6
   143
   204
   417
   254
    73
   128
   251
   107
   269
   210
   214
   134
    92
    98
   288
    89
    59
   116
     5
     1
     8
    14
     3
    16
   148
   209
   442
   289
   137
    89
   141
    46
   178
    94
   126
   147
   128
   166
   254
   216
    85
   102
     2
     3
     0
     2
     0
     5
   118
   197
   306
   253
    83
   103
    85
    59
   154
   103
    73
    98
   128
    73
   238
   101
    58
   176
     0
     0
    14
     0
     7
     7
    80
   151
   284
   301
    78
    92
   109
    90
   201
    92
   115
    67
   114
   122
   137
   139
    86
    56
     2
     0
     7
    15
    15
     0
   175
   400
   274
   257
   104
   152
   167
   140
    61
    84
   202
    99
    50
   260
   254
   159
    88
   147
     0
     0
    16
     4
     4
    10
   111
   374
   466
   401
   128
   132
   153
   236
   154
   179
   108
   238
    96
   325
   318
   159
   227
   245
    10
     4
     9
     0
     8
    12
   143
   544
   569
   252
    89
   107
   340
   161
    96
   247
    97
   119
   121
   203
   341
   331
   149
   117
     2
     0
     1
     6
     0
     6
   116
   341
   371
   216
   125
    90
   169
   112
   101
    68
   171
   144
    96
    57
   170
   112
   139
   123
    12
     9
     9
     2
     0
     6
   103
   150
   402
   196
    80
    49
    73
    95
    72
   213
   258
   147
    45
   254
   157
   221
    30
    88
    14
     0
     8
     5
    10
     0
    47
   346
   406
   183
    85
   253
    97
    87
   269
    80
   133
    78
    99
    69
   154
   161
    69
    94
     2
     7
     8
     0
     0
     0
    79
   281
   363
   252
   132
   109
    79
    85
   107
   111
   155
    69
    56
    95
   152
   266
    39
   105
    11
     4
     5
     7
     3
     0
   204
   185
   255
   177
   191
   116
   171
    66
   201
    99
    86
   114
    57
    51
   149
   231
    92
    88
     0
     0
    15
     0
     0
     2
    42
   390
   147
   145
   197
   171
   116
    95
   143
   108
   107
   199
   306
   121
   372
   158
    78
    55
     8
     2
     0
     2
     0
     3
    77
   364
   384
   526
   150
    81
    72
   146
    73
   152
   114
    41
    86
   179
   152
   217
   121
   174
     2
    17
     8
     2
     5
     0
   109
   229
   563
   310
    72
    75
   142
    97
    33
   120
   140
    78
   152
   103
   164
    95
    74
    52
     5
     0
     0
     0
     0
     3
    89
   247
   197
   280
   108
    86
   134
   110
   103
   215
    93
   106
    50
    91
   218
   107
   196
    51
     5
     0
     5
     5
     5
    10
    38
   348
   338
   190
   244
    69
    76
   108
   127
   243
   108
    93
   139
   121
   340
   179
    70
    74
     0
     0
    11
    12
     0
     8
    77
   227
   571
   226
   115
    84
    63
   105
    51
    97
    61
   121
    96
    71
   180
    82
   117
    62
     0
    15
    13
     8
     1
    10
    69
   186
   366
   168
   102
    50
    97
    52
   149
    60
    70
   152
    97
   185
   313
   335
    95
   129
     6
     0
     6
     9
     0
     3
   213
   291
   433
   208
   105
    90
    69
   233
   131
    91
    68
   166
   134
   132
   212
   134
    54
    59
     4
    14
     0
     1
     1
     2
   121
   364
   319
   288
    99
    71
   206
    67
    74
   329
    98
   119
   132
   264
   253
   283
   101
    90
     9
     2
     3
     0
     0
     0
    91
   207
   395
   155
   143
    91
   133
    83
    90
    66
    69
    57
    97
   203
   134
   190
    57
    87
     2
     0
    10
    13
     3
     4
   143
   295
   291
    73
   138
    66
   189
   106
   104
   113
    76
    75
   142
   190
   389
   176
    68
    56
     3
    10
     0
     0
     0
     0
    69
   200
   266
   245
    75
    99
    35
   230
    96
    68
   108
   341
    68
    59
   479
   164
    59
    98
     0
     1
    10
     3
     0
     2
   114
   103
   543
   293
   112
    66
    77
    85
   145
    64
    81
    80
   129
   161
   311
   371
   116
    66
     0
     8
     7
    13
    22
     2
   182
   207
   399
   282
    55
    55
    54
    95
   107
    90
    83
    50
    82
    64
   210
   143
   128
    95
     0
     8
    10
     0
    13
     0
    87
    90
   637
   142
   122
   141
    83
    68
   113
   108
   145
   115
    78
    92
   350
   131
   113
   109
     0
     5
    11
     6
     9
    12
   110
   332
   509
   296
   118
   158
   118
   242
   165
    82
    59
   110
    83
   207
    91
   297
    51
    75
     0
    13
     0
     9
     0
     7
    55
   190
   510
   106
    61
    69
   109
   107
    82
   113
    77
    61
   112
   151
   159
   306
    58
    97
     0
     0
     7
     7
    21
     3
    74
   233
   606
   146
   124
    82
    77
   255
    65
   160
    68
   103
    80
    32
   191
   203
   119
    60
     0
     0
     2
     5
     1
    15
   136
   166
   311
   312
    63
   122
    71
   121
    82
    80
    72
    77
    86
    80
   115
   268
    41
   116
     6
     0
     9
    13
    16
     0
   132
   272
   642
   376
    90
    67
   106
   155
    86
    75
   235
   113
   129
   129
   168
   233
    90
   159
    17
     1
     6
     6
     5
     3
    90
   215
   252
   235
   114
    83
    60
   107
   100
   194
    69
    66
    73
   138
   229
   167
    88
   147
     4
     2
     0
     6
     1
     0
    94
   250
   387
   190
    60
    87
   190
    85
    84
   253
    92
   180
    83
   227
   170
   380
   207
   127
     0
     5
     0
    15
     9
     6
    98
   344
   367
   324
   103
   223
    62
    91
   114
   264
    65
    87
   165
    86
   520
   170
    65
   151
     0
     0
     0
     7
    12
     5
   101
    98
   233
   236
   235
    49
    88
    47
   101
    34
    86
   210
   226
   220
   349
   232
    91
   170
     6
     3
    14
    18
     9
     0
    64
   290
   301
   324
    70
   132
   131
    77
   108
   118
   124
    41
    83
   260
   215
    70
   163
    68
     0
     1
     0
     0
     8
    10
   144
   273
   160
   159
    77
    96
    75
    74
    82
    82
   114
    93
    76
   106
   515
   173
    80
   146
     5
     3
     0
     1
     7
     0
    64
   414
   209
   223
    69
   136
    83
    75
   155
    62
   120
    72
    76
    91
   145
   119
    85
    35
     6
    11
     0
     0
     5
     0
    50
   271
   231
   127
    70
    53
   202
    56
    60
   108
    98
    59
   117
    70
   363
   203
   142
    75
     8
     9
     1
     1
    11
     0
    48
   161
   668
   200
   309
   168
    78
   121
   137
    52
   397
    65
    87
   145
   276
   132
   111
   126
    17
     7
     1
     9
     0
     1
   124
   286
   309
   235
    76
   235
   173
    73
   120
   142
   142
    78
   255
   179
   438
   126
   126
   123
     0
     0
     0
     0
     8
     4
   108
   251
   228
   176
    79
   133
   173
    41
   183
    64
   174
    76
    54
   316
   212
   132
   126
   127
     7
     1
     0
    11
    18
     2
   108
   379
   362
   244
    47
   135
   116
   263
    76
   210
    85
   242
   110
   100
   232
   206
   208
    82
    18
     7
     5
     6
     0
     0
    66
   141
   382
   201
    96
    59
    72
    67
    79
    53
    90
    49
    76
   236
    48
   241
    48
    49
    17
    11
     3
     0
     0
     0
   116
   168
   431
   229
    60
   124
    99
   100
   133
    83
    67
   104
   110
   208
   327
   244
    54
    56
     0
     0
     0
    15
     2
     2
    95
   156
   322
   300
    72
    80
    83
    72
    78
    75
    96
   136
    70
   104
   297
   232
    75
   125
     0
     0
    14
     4
     0
     3
   178
   331
   333
   237
    40
   137
   156
   242
   138
   127
   131
   129
   142
   175
   166
   176
   177
   120
     1
     0
    10
    11
     5
    10
    96
   136
   468
   289
   110
    53
   116
    89
    82
   159
   195
    81
    76
   132
   120
   481
    93
   154
    12
     2
     0
     0
     3
     5
    92
   148
   324
   146
    84
    55
   101
   121
    65
    75
    75
    38
    82
   415
   285
    68
   132
   131
     8
     3
     4
     8
     4
     1
    71
   286
   329
   416
    98
    85
   217
   131
   129
   121
    51
    25
    70
   200
    98
   170
   180
   121
     7
     0
     9
     7
     0
     0
    76
   328
   281
   292
    81
   195
    76
   121
    89
   121
    70
   124
    77
   421
    94
   226
    86
   106
     7
    14
     0
     8
    21
     2
    95
   180
   288
   219
   199
    76
   108
   149
    49
   105
   127
   106
   129
   154
   202
   281
    95
   112
     6
     5
     0
    10
     4
     5
    51
   203
   411
   107
    90
    85
    43
    50
    33
    81
    40
    59
    66
   128
   162
   300
    74
    71
     0
     9
     8
     5
    18
     3
    90
   283
   570
   547
   117
   119
   119
    99
   127
    97
   129
    69
    86
   123
   141
   672
   114
    80
     6
     1
    15
     0
     0
     0
    80
   157
   189
   320
    77
    89
   139
   210
   228
    72
    56
    95
    61
    61
   126
   363
   292
   104
     0
     5
     9
     0
     4
     1
    44
   156
   431
   300
    96
    94
    57
    62
    68
   135
    52
    36
    80
   242
    72
   320
    78
   124
    13
     0
     2
    14
     7
     0
   117
   405
   202
   224
   155
    78
    99
   108
   232
   123
    80
    86
   221
   437
    94
   331
    94
    92
     7
     7
     2
     9
     0
     9
    79
   270
   292
   258
    64
    55
    71
    96
    48
   110
    80
    67
    42
   252
    61
   284
   106
    57
    16
     0
    19
     7
     0
     4
    64
   193
   325
   242
    78
   118
    49
    87
    90
    60
   163
   100
    92
   191
    97
    50
   108
   114
     0
     0
     3
     0
    14
     0
   249
   258
   222
   371
    92
   138
   194
   254
    45
    73
    92
   130
   260
    84
   190
   327
    65
    68
     0
     9
     8
     6
     3
     1
    53
   413
   305
   495
   138
    75
    94
    91
   151
    77
   213
    69
   255
   124
   332
   276
   349
    76
     8
     1
    14
     0
     7
    23
   165
   303
   191
   295
   134
    94
   168
    82
   158
   139
    72
   104
   125
   138
   196
   180
   141
    79
     0
     0
     3
     6
     6
     6
    56
   232
   382
   485
    62
    61
   118
    41
    76
   106
    84
    99
    49
    57
   260
   156
    21
    36
     3
     6
     6
     5
     1
     0
   105
   190
   302
   241
   112
    53
    95
    64
   212
    84
    44
    93
    50
   213
   257
    95
   109
    63
     5
     0
    11
    18
    18
     0
   134
   178
   270
   163
    67
    37
    89
    68
   171
   203
    66
    91
   106
    65
   326
   193
    46
    94
     2
     6
     2
     3
     1
     0
    91
   249
   434
   289
    92
   119
    43
   108
    99
    67
   104
   184
   229
   151
   250
   233
    56
   115
     4
     5
     0
     7
     1
     0
    95
   210
   263
   250
   118
   115
   115
   138
   290
    92
   191
    87
   100
   237
   446
   159
    72
    61
    18
    15
     0
     1
    12
     6
    99
   184
   672
   419
    99
    94
   127
    48
   377
    59
    78
    71
    82
    74
   181
   308
   173
   103
     7
     3
     1
     9
     9
    19
   174
   156
   420
   212
    85
    99
    84
   353
   150
    92
    79
    86
   124
   145
   136
   147
   195
    71
     0
     2
     7
     5
    11
     3
   109
   113
   262
   381
    69
    90
    89
    47
    61
   175
    78
   101
   182
   251
   279
   208
    93
    79
     0
     4
     6
     0
     8
     0
    46
   304
   164
   257
   166
    77
    94
    64
    97
    48
    72
    20
   119
   417
   143
   142
    84
    83
     6
     2
     4
    12
     0
     0
    47
   214
   287
   149
    62
   110
    79
    59
   127
    68
    34
   171
   125
   121
   229
   203
    56
    70
     0
    20
     0
     0
     0
     7
   131
   479
   463
   240
    57
    54
    36
    77
   114
    86
   109
    47
    79
   542
   295
    47
   115
   122
     2
     0
     4
     6
     0
     1
   142
   140
   239
   164
   134
    70
   213
    52
    94
    64
    56
   285
   105
    63
   184
   220
   129
   139
     8
     2
     0
    15
     0
     2
   143
   273
   226
    91
    96
    77
    97
   170
    90
    70
   348
   110
    97
   316
   151
    94
   174
   167
     6
    13
     7
    15
     0
     0
   117
   493
   265
   562
   103
   139
    51
   113
   147
   106
   225
    58
   155
    94
   201
   168
    76
   298
    12
     8
     0
     5
     7
     2
    86
   195
   254
   193
   136
    60
   158
   148
   207
    55
    58
    52
    33
   425
   159
   174
   125
    75
     0
    18
     0
     0
    15
     0
    41
   181
   539
   258
    50
   128
    89
    66
    59
   149
   106
   225
    67
    92
   283
   400
    75
    53
     2
    20
     7
     2
     0
     3
    57
   328
   329
   195
    71
   131
    73
    54
   116
   264
   110
    66
    50
   128
   260
   251
    70
    54
     0
     9
     0
     6
     1
     3
   110
   124
   231
   315
   102
    82
    59
   153
   112
    56
    81
    62
    96
   308
   288
   140
    51
   122
     0
    11
     0
     0
    11
    11
   108
   361
   316
   172
    66
    79
    40
    98
   171
   217
   117
   107
    49
   122
   296
   166
   196
   124
    11
     0
     1
     1
     6
     3
    82
   198
   273
   330
   101
    82
   124
    84
   230
    88
   271
   106
   260
   141
   367
   197
    63
    76
     3
     0
    19
     1
    19
    14
   118
   318
   311
   297
    81
    87
   104
    65
    94
   164
   125
   252
   240
    95
   139
   323
   117
    62
     0
     5
     0
     8
     4
     0
    95
   369
   352
   333
    60
   105
    86
    54
    57
    85
    70
   110
    62
   181
   204
    38
    58
   117
     6
     0
     0
     5
     0
     3
    82
   262
   347
   300
    78
   106
   110
    64
   198
    60
    66
   136
    62
    93
   119
   269
    99
    86
     3
     0
    16
     0
     6
     4
    68
   217
   447
   177
   164
   113
    48
    84
    67
    82
    64
    37
   127
   211
    82
   106
    85
    71
     1
    11
     3
    11
     6
     1
   171
   201
   368
   200
   146
   123
   143
    43
   128
   118
    81
    42
    50
    99
   218
   133
    49
    81
     2
     3
     0
     0
     4
     0
   145
   188
   219
   195
   106
    94
   179
   241
   199
    79
    64
   153
    86
    84
   203
   229
    57
   101
     9
     1
     4
     4
     0
     6
   100
   195
   328
   344
    98
    63
    66
   107
    75
    72
   139
   162
   110
   191
   138
   158
    54
    90
     2
     2
     3
     0
    23
     8
   141
   135
   474
   337
   119
   156
    89
   129
    82
   159
   141
   113
    85
   107
   219
   128
   123
    68
     1
     0
     6
     7
     5
     4
    79
   101
   354
   130
    46
    92
   107
   180
    66
    54
    57
    57
    52
   154
   154
   211
    59
    89
     4
     3
     0
     2
     1
     8
    43
    92
   353
   362
    96
    75
   246
   112
    83
    97
   112
    88
    70
    69
    53
   125
    60
   102
     0
     0
     0
     0
     2
    10
   109
   188
   174
   402
    52
    93
    69
    93
    60
    82
    80
    53
    41
   118
    70
   376
    51
    96
     9
     1
     0
     8
     0
     5
   114
   122
   192
   291
   177
   148
    96
    59
    69
    56
    77
   136
    60
   352
   139
   225
   111
    93
     3
     0
     0
     0
     4
     2
    99
   242
   404
   388
   230
   208
    43
    60
   132
    71
    97
    63
    36
    81
   104
   337
    83
    67
     0
    17
    21
     8
     8
     5
   130
   156
   419
   312
   251
    69
   124
   120
   157
    97
    76
   100
   117
   111
   343
   203
    92
    81
     4
     0
     0
     2
    10
    10
    54
   366
   482
   245
   117
   225
    68
    63
    57
   104
   106
   123
   128
    80
   155
   607
    86
    85
     9
     6
     2
     0
     2
     0
    90
   300
   211
   360
    68
    84
    93
    99
    49
    58
    97
   198
    68
    93
   272
    65
   100
   131
     0
     7
     0
     0
     7
     0
   126
   269
   214
   210
   121
    72
   186
    88
    89
   104
   196
    46
    75
    80
    99
    32
    62
   107
     1
     3
     0
     6
     0
     5
   109
   153
   328
   224
    58
    91
   101
    87
    52
    80
    53
    59
    31
   236
   178
   408
   125
    51
     1
     1
     0
     3
     0
     6
   241
   230
   270
   205
    51
    55
    59
    47
    66
   134
    67
    96
   118
    66
   263
   388
    94
    41
     2
     0
     3
     1
     0
     8
   115
   140
   197
   204
    64
   106
    76
    62
   118
    59
    82
    57
   104
    71
   313
   147
   120
    41
     7
     0
     8
     6
     0
     0
   102
   336
   286
   369
   152
   255
   118
   115
   227
   271
   104
   127
   177
   244
   217
   108
    93
   152
     9
    18
     0
     0
     6
     1
   165
   291
   274
   336
   163
    39
   111
   123
    97
    57
   106
   114
   271
   153
   144
   163
    80
   112
    13
     7
     0
     0
    11
    10
    73
   160
   341
   219
    64
    43
    95
    43
   227
    58
    44
    60
    41
   497
   301
   125
    46
   143
     3
     0
     0
     4
     1
    22
    70
   132
   443
   292
   153
    62
   104
   133
    62
   126
    64
    89
    95
    61
   118
   141
   125
    58
    10
     8
     1
     0
     0
     0
    63
   255
   279
   263
    47
    93
    78
    55
    79
    67
   297
    56
    59
    72
   184
    52
    86
   111
     7
    10
    13
     0
     0
     4
    69
   149
   473
   262
   113
   135
   154
    73
   121
   171
    92
    60
    87
    43
   115
   126
    86
   111
     0
     3
     0
     0
     7
     2
   114
   222
   344
   341
    70
    62
    44
    97
    68
    83
    81
    84
    49
   190
   226
   110
   120
    74
     8
     3
     7
     0
     4
     6
   130
   201
   313
   172
   126
    72
    64
   102
    93
    69
    36
   122
    95
    98
   136
    99
   106
    74
     0
     5
     0
     5
     0
     6
   149
   219
   320
   192
    54
   191
    90
   109
   198
   136
    59
    69
    89
   308
   319
   117
   128
    63
    21
     0
     4
    13
     0
     0
   112
   357
   262
   186
    74
    59
   121
    71
    68
    74
    82
    89
    66
    93
    57
   116
    45
    51
     7
     6
     5
     4
     8
     6
   122
   169
   155
   234
   180
   104
    73
    35
    78
    42
    50
    53
    86
   116
   368
   125
    56
    85
     0
    12
     5
    11
    12
     9
    93
   107
   399
   385
    43
    77
    52
    51
   199
    47
    46
    60
    20
    44
   142
   197
   162
    93
     0
     0
    13
     0
     6
     0
   108
   113
   416
   144
    56
    91
   103
    69
   110
    38
    84
    53
    67
    85
   204
   223
   133
    39
    14
     3
    10
    16
     3
     1
   137
   169
   246
   118
    37
   104
   107
    53
   234
    53
    86
    79
    46
   192
   225
   264
    79
   102
     0
     4
     5
    14
    12
     0
   137
   304
   396
   500
    55
   144
   115
    62
    87
   128
   101
   129
    89
   174
   122
   190
   139
   149
    11
     5
    12
     0
     0
     2
    73
   259
   383
   203
    69
    41
   208
    48
    52
    54
   185
    79
   121
   126
   142
   337
   104
   110
     4
     0
     0
     6
     8
     0
   130
   379
   401
   129
   147
    96
    70
    91
    71
    58
    64
    74
    76
    76
   137
    97
    52
    74
     4
     5
     9
     0
    14
     9
    84
   134
   223
   214
    68
    54
    67
    95
    78
    90
   222
    49
   100
   118
   196
    94
    72
   137
    10
     0
     7
     8
     1
     0
    58
   296
   164
   111
    99
   120
   109
   110
    91
    95
   102
    71
    81
    33
   333
   111
    58
    85
     6
     3
     5
     0
     4
     2
    89
   220
   312
   113
    42
   106
    94
    76
    48
    64
    44
    53
   193
   129
   232
    44
    40
    96
    11
     0
     0
     7
    18
     0
    66
   105
   149
   302
    94
    54
    41
   100
    50
   137
   196
    68
    59
    43
   258
   162
    77
    55
     3
    15
     3
     9
     8
    15
   120
   157
   480
   381
   187
    84
    69
   172
    62
   112
    72
    66
    52
   280
   184
   391
    76
   120
     6
     0
     3
     6
     0
    10
    59
   136
   379
   382
    90
    88
   156
    67
   165
    57
    81
    74
    76
   122
   114
   159
   155
   148
     0
     0
     2
     1
     0
     8
   106
   108
   339
   300
    57
    84
   119
    84
   220
   147
    65
   124
   119
    51
   111
   197
   104
    94
     4
     0
     0
     9
     7
    26
    45
   169
   467
   194
   112
    65
    89
    71
   191
   129
    73
   115
   171
    63
   124
    39
   171
    63
     1
     0
     0
     0
     0
    10
    94
   149
   420
   136
   126
   116
    74
    80
   232
    52
    77
   117
   145
    97
   167
   228
    66
    57
     6
    11
     0
     1
     3
     8
    50
   157
   166
   240
   109
    73
    48
    74
    70
    72
    88
   125
   207
    97
   229
    45
    74
    65
    11
     0
     0
     6
     1
     7
    89
   101
   333
   181
   231
    95
    58
    79
   204
    75
    51
    96
   157
    67
   283
   179
    76
   149
     1
     1
     7
    14
     0
     0
   191
   174
   359
   308
   118
    72
   181
   119
   100
    95
   226
    81
   114
   369
   347
   179
   115
    54
     0
     2
    10
     0
     6
     7
    79
   219
   401
   270
   114
   101
   141
   282
    71
   201
   133
    55
   217
   108
   153
   391
    58
   109
    11
     0
     0
     5
     0
     9
   172
   121
   224
   179
   355
    73
    54
   195
   124
   140
   100
    78
   103
    85
   264
   357
   124
    82
     5
     7
    10
     0
     9
     0
    90
   168
   474
   287
    71
    86
    31
    67
    42
   128
   116
    53
    80
   146
   180
   175
   119
    50
     3
    11
     6
     8
     0
     0
   103
   242
   275
   137
    53
   196
   106
   220
   137
   134
    93
    86
    45
   109
    88
    91
    60
    66
     4
    18
     5
     9
     0
     0
    88
   253
   257
   333
   124
    64
   111
    87
   114
    98
   105
    56
    50
    79
   219
   183
    64
    97
     6
     6
     0
     4
     0
    15
    42
   264
   349
   115
    89
   100
    94
    73
    53
   101
   146
    47
   101
   245
   158
   272
    92
    89
     8
    10
     0
     6
     2
     0
    42
   365
   132
   162
   256
   214
    97
   169
    52
   114
    62
    92
   116
   108
   134
   361
   233
   227
     7
     9
    11
     8
     7
     2
   194
   222
   302
   347
   139
   156
    78
   121
    85
   118
    62
   116
   346
   118
   460
   299
    53
    71
    11
     8
     2
     5
     9
     7
    52
   126
   304
   434
    94
   142
   130
    65
    75
    78
    46
    91
   131
   118
   361
   339
   113
   191
     2
     0
     0
     0
    10
     0
   114
   207
   290
    78
    76
   176
    65
    62
   143
    80
    90
   114
    54
   301
   109
   176
   236
    36
     0
     0
     4
     1
     5
     6
    96
   231
   131
   415
    66
    99
    84
   123
    31
    85
    59
    56
    69
   211
    74
   190
    63
    61
     0
     1
     6
     5
     3
    10
   121
   260
   129
   142
    91
   119
    64
   134
    68
   236
    46
   191
    97
    65
   224
   128
   142
    74
     0
    11
     7
     3
     1
     4
   122
   222
   342
   148
    89
    77
   106
    56
    95
   102
   152
   118
    71
    96
    76
   167
    61
    59
     7
     2
    10
     0
     4
     0
   135
   409
   287
   186
   125
    78
   129
    45
   117
   105
   261
   126
    86
   459
   209
   227
    62
    74
    11
     0
     0
     6
     2
     0
    68
   403
   284
   350
   120
   118
    72
   290
    84
    57
   134
   130
   102
   167
   252
   556
   165
   114
     7
     4
     5
     0
     0
     1
   166
   250
   419
   185
    63
   166
    89
   134
   136
    42
   116
    74
    57
   147
   156
   289
   140
   102
     3
     0
     0
     8
     8
     0
    74
   338
   391
   296
    78
    58
    80
    59
    86
    47
   112
   117
   129
    66
   158
   240
    84
    78
     0
     9
     3
    15
    13
     0
    95
   282
   220
   173
    92
   100
    45
   112
   354
    48
    71
   104
    38
   233
   285
   122
   109
   130
     6
     0
    11
     4
     4
     1
   112
   244
   358
   185
    75
    96
    80
   110
    47
    60
    96
    62
    47
   180
    80
   132
    46
    48
     3
     0
    12
     8
     2
     0
    53
   173
   310
   144
    49
    86
    52
   193
    93
    55
    86
    63
    51
    62
   169
   195
   159
    69
     0
     9
     2
     1
     3
     3
   129
   224
   434
   159
    76
   170
   114
   153
    95
    62
   127
   217
   137
    78
   384
   208
   123
   105
     3
     5
     2
     3
     6
     2
   105
   156
   560
   217
   112
   120
   202
    80
   262
   141
    74
   122
    84
   236
   151
   295
   166
    42
     6
     3
     0
     5
     5
     0
    59
   186
   315
   245
    53
    99
    57
    79
    47
   261
    44
    41
    88
    98
   278
   110
    61
   153
     3
     0
     2
     1
     8
     0
   153
   207
   379
   144
    62
    77
   222
   154
   240
    45
    57
    94
    59
   104
   331
   215
    52
    48
     0
     8
     0
     7
     1
     0
   111
   313
   350
   163
    99
    65
    61
   117
   157
    50
   129
   167
   223
    58
   364
   103
    35
   205
     0
     0
     0
     4
     8
     4
   101
   193
   246
   189
    96
   136
    34
   115
    55
    37
   192
    43
    77
    64
    94
   145
    82
    54
     5
     9
     0
     2
     0
     0
    46
    91
   488
   208
   119
    70
   208
    89
    67
    65
    83
   122
   195
   150
   115
   191
    91
   119
     0
    10
     7
     0
    17
     7
   154
   213
   435
   299
    73
   128
    82
   226
    75
   146
   180
   107
   138
   115
   157
   265
    88
    91
     8
     0
     2
     0
     1
     3
   122
   160
   457
   157
   205
    72
   135
   171
   174
   222
   102
    80
   140
    83
   184
   184
    95
    87
     0
     0
     0
     3
    15
     0
   105
   351
   216
    73
   180
   122
    90
   116
    53
   104
    79
    73
   106
    61
    49
   180
    99
   139
     0
     0
     4
    11
     0
     0
   125
   209
   687
   202
   210
    90
    62
    38
   239
    43
    86
   187
    69
   107
   193
   236
    86
   102
    11
     4
     0
     2
     0
     0
    79
   227
   237
   305
   117
    76
    71
    75
    80
   185
   195
   231
    74
   114
   278
   360
    46
    80
     2
     0
    10
     0
     7
     0
   120
   226
   340
   214
    76
    38
    58
   144
    65
   141
    80
    66
   123
    70
   158
   110
   135
    73
     0
     0
     0
     0
     0
     0
    68
   449
   323
   462
    58
    77
   118
   146
   183
    49
    82
   198
    75
   128
   318
   137
    60
    53
     7
    13
     0
     9
     7
     0
    71
   242
   510
   312
   123
    16
    73
   138
    75
   103
    73
    47
    90
   132
   295
   108
   162
   124
     0
     0
     2
     1
    10
    11
    58
   352
   459
   342
   127
   198
    39
   122
   274
   264
   144
   118
   138
   108
   118
   211
    82
    59
     0
     6
     0
    11
     1
     0
    93
   240
   351
   212
    42
    72
   214
    78
   111
    58
    74
    88
   142
    64
   357
   211
    92
   109
     0
     7
    12
     0
     0
     0
    95
   174
   309
   318
    73
    83
   138
   108
    61
    60
   218
    71
   172
   220
   162
   118
    31
    98
     3
     5
     9
     0
     0
     5
    70
   210
   334
   310
    98
   102
    80
   135
    74
    86
    69
    82
    79
   152
    81
   375
    77
   119
     3
    10
     0
     0
     0
     2
    60
   152
   230
   145
    40
   125
    97
   151
    52
   164
   214
    90
    90
   138
   110
   114
    49
    67
     6
     0
    17
     1
    10
     7
   123
   154
   170
   299
    72
    71
   251
   114
    97
   202
    80
    66
    71
   127
   120
   194
   152
   178
     0
     8
     0
     2
    11
     4
   127
   235
   585
   185
   158
    71
    72
    88
   122
   218
    62
   133
    95
   175
   458
   229
   126
   150
     5
     7
     0
     7
     0
     3
   122
   355
   585
   188
   136
    63
   124
   207
   114
    57
   113
   107
   118
   155
    84
   223
    91
   114
    15
     0
     0
     2
     0
     0
    94
   174
   390
   171
    68
    53
    63
    53
    63
    95
    95
    55
    43
   200
   233
   215
    60
    70
     5
     7
     2
     2
     0
    11
   129
   238
   392
   160
    39
   120
    96
    68
    76
    87
    87
    51
   100
    66
   252
   135
   128
    85
    11
     0
     4
    12
     6
     0
    67
   134
   299
   178
    85
    56
    38
    81
    27
    94
    91
   142
   102
    54
   109
   208
    63
    36
     7
     3
    15
     9
     0
     0
   110
   313
   450
   285
    68
   252
   119
    87
    52
    89
    75
   143
   197
    32
   396
   167
    82
   106
     7
     8
     0
     0
     0
     0
    89
   163
   530
   229
    82
   219
   105
   201
   125
    50
   125
   129
   131
    64
   107
   227
    78
    60
    14
     6
     0
    11
     0
     3
   126
    99
   507
   235
    75
    83
    55
    65
    57
   155
    81
   205
    82
    82
   410
   158
    81
    63
     8
     6
     4
     8
    11
     0
   136
   196
   577
   285
   157
    51
   117
    92
    62
   119
    93
   104
   215
   556
   143
   362
   234
   121
     8
    10
     1
     8
     2
     1
    84
   495
   261
   204
   148
   134
    94
   111
    88
   142
   121
    63
   108
   109
   215
   163
    87
    69
     0
     0
     3
    10
     2
     3
    54
   266
   358
   208
    86
   141
    51
    48
   136
    53
    67
    87
    76
   227
    84
   105
    48
    51
     7
     8
     5
     0
     6
     0
   137
   371
   167
   164
   106
    72
   111
    83
   190
    75
    48
    58
    69
   127
   341
   170
    61
    59
    11
     0
     0
     2
     0
     0
    50
   431
   294
   379
   222
    45
    92
    81
   133
    83
    67
   115
    58
    99
   197
   182
    44
    88
     6
     0
     0
     0
     0
     0
   184
   318
   185
   282
   112
   105
    42
    93
    90
    58
    55
   186
    83
   100
   171
   111
    72
   106
    11
     3
     7
    15
    28
     0
   180
   227
   319
   382
   105
   288
    76
   146
    95
    85
   155
   101
   108
   118
   266
   319
   118
   129
     0
     9
     3
     8
     7
    12
   203
   329
   363
   226
   164
    94
   110
   155
    98
    90
   186
    78
    98
   274
   420
   236
    90
   177
    13
     0
    24
     7
     0
     0
   222
   339
    96
   381
    63
   286
    60
    58
   118
   139
    98
   181
    56
   156
    85
   125
   141
    73
     8
     0
     0
     0
     4
    13
   226
   201
   331
   185
   128
   145
   146
    98
   101
   117
    78
   107
   147
    34
   244
   158
    92
   162
     0
     1
     1
     0
    18
     1
    57
   322
   644
   144
    70
    66
   188
   169
    27
   156
    47
   109
    43
   285
   189
    84
   105
    72
     4
     4
     4
     1
     0
     0
    86
   360
   381
   403
   145
    59
    54
    46
   110
   275
    67
    70
    65
   127
   142
   105
   203
   121
     1
    14
     2
    22
     0
     2
   187
   197
   241
   456
   136
    78
   103
    53
    59
    64
   198
   148
   122
   175
    79
   142
   169
    77
    26
     6
     8
     0
     7
     8
   143
   334
   469
   296
   325
   153
   140
   142
    77
   161
    79
   215
    80
   140
   354
   129
   120
    84
     0
    17
     1
    13
     3
    11
   214
   279
   512
   442
   128
    68
   128
    64
   178
   137
   170
   100
   184
   191
   326
   124
   250
   168
     0
     0
     1
     0
     9
    15
   119
   214
   182
    60
    74
    54
    70
   124
    94
    47
   117
    83
   116
    95
   296
   230
    68
    66
     5
    13
     5
     0
     4
     5
   173
   238
   194
   255
   134
    57
    80
    47
    50
   220
    91
   123
    90
    59
   349
   118
    74
    70
     2
     0
    18
     7
     8
     0
    66
   267
   387
   370
    96
    71
    77
   140
    28
    98
    74
   132
    50
    59
   473
   134
    81
    56
     2
     4
     1
     0
     1
    15
     0
    78
   250
   390
   241
    59
   107
    36
    47
    70
    62
    50
    77
   139
   122
   320
   182
   102
    57
     5
     7
    12
     4
     0
     0
    46
   209
   179
   273
    43
    67
   161
   208
    93
    44
    98
   167
    62
   107
    96
   161
    69
    86
     0
     0
     0
     0
    13
     3
   165
   265
   286
   136
   158
   101
   189
    96
   121
    43
   109
   125
    71
    85
   605
   264
    59
    81
     9
     0
     0
     3
    13
     8
   182
   193
   384
   287
   108
   182
   204
    80
   115
    84
    95
   162
   141
   175
   189
   269
    61
   138
     0
    10
     9
     8
     8
     0
   132
   241
   199
   292
   226
   112
    84
   110
   113
   109
   127
   101
   132
    80
   207
   120
    84
    92
     0
    11
     4
     1
    26
     5
    48
   189
   260
   301
    61
   144
    87
    88
    93
    52
    75
    89
   139
    88
   209
   278
    60
   143
     0
     0
     0
     0
     0
     8
   152
   382
   268
   327
   113
    86
    49
    69
   219
    93
   111
    60
   210
    76
   200
   212
   250
   120
     0
    18
    19
     6
     1
     8
    74
   237
   444
   111
    59
    65
    79
   107
   108
    95
    89
    60
    83
    85
   303
   161
   144
   142
     1
     0
     1
    10
     0
     8
   149
   317
   456
   264
    78
    57
    79
   128
    79
    88
   138
    45
   120
   111
   102
   225
   111
    50
    18
    14
    38
     2
     1
     0
   120
   380
   365
   173
   130
   231
   105
   144
    81
   299
    92
   229
   108
    68
   231
   140
    87
    49
     0
     5
     9
     2
     3
     0
   159
   188
   346
   199
    83
    82
    88
   285
    87
   168
    69
   100
    75
   366
   237
   147
   111
    99
    14
     0
    19
    11
     8
     8
   138
   295
   289
   208
   113
    96
   101
   142
    76
    72
    61
    64
    69
   124
   311
   301
   163
    73
     7
     0
     2
     0
     0
     7
   116
   252
   280
   214
   148
    97
    64
   307
    57
   199
    93
   126
    64
    70
   107
   160
   141
   140
     8
     0
     3
     4
     2
     5
    90
   328
   355
   235
   207
    88
   384
   166
   127
    46
    77
   122
   313
    50
   168
   210
   121
   100
    10
     5
     7
     2
     0
    12
    71
   125
   330
   259
    76
    40
   217
    84
    66
    57
   135
   178
   152
   143
   124
   210
    77
   106
     8
     2
    10
    16
     0
     2
   123
   247
   323
    97
   119
    96
    68
   277
    84
    85
    68
   126
   119
    75
   288
   223
   166
    84
    10
    15
     6
    14
     7
     5
    96
   334
   588
   274
   153
   101
    92
   161
    80
    89
   128
   310
   227
   152
   137
   140
   137
   136
     6
     1
     6
     7
     3
     3
   196
   302
   277
   308
    83
    60
    72
   125
   105
   123
   163
    82
   118
   284
   312
   109
    83
    78
     0
     4
     9
     0
     1
    16
   106
   286
   598
   311
   106
    58
   100
    83
    73
    38
    96
   115
   104
   102
    24
   409
    93
    31
    14
     9
    10
    19
     3
     3
    95
   192
   142
   349
    80
    70
    70
    36
   122
    81
   104
    90
   144
    94
   279
   180
   180
    64
     2
    11
     0
     0
     3
     7
   101
   152
   201
   285
    79
   107
    64
   209
    82
   103
   238
    89
    78
   106
   368
   387
    99
    69
     0
     0
    21
     0
     5
     1
    82
   341
   314
   357
   108
   147
    84
    73
    96
   131
   108
   116
    65
    55
   207
   132
    45
   100
    17
    14
     7
     7
     8
     6
   170
   162
   437
   158
    78
   108
    83
   134
    72
    71
   166
    35
   261
    80
   112
   222
    86
   120
     3
    10
     6
     0
    14
    13
    67
   310
   271
   228
   110
   171
   101
   250
   104
   131
   261
   130
    62
    85
   251
   380
   162
    81
     7
     8
     0
     6
     0
     9
   134
   351
   191
   183
    62
   121
   143
    97
    96
    65
    78
   135
    80
   150
   287
   232
    98
   125
     7
    14
     7
     0
     0
     5
   100
   149
   316
   118
   111
   201
   216
    53
   198
   107
    61
   249
   120
    50
   155
   382
    78
   108
     0
     0
     3
     0
     6
    12
    55
   190
   349
   192
    61
    54
    65
   106
    87
   174
    69
    53
    54
    68
   167
    85
   198
    58
     6
     2
     3
     2
     1
     6
   127
   245
   365
    89
    58
   111
    86
   126
    78
    60
    86
   118
    63
   264
   215
   143
    88
    50
     3
     2
     3
     2
    14
     9
    69
   183
   497
   271
    77
   103
    78
    78
   221
   157
   119
   139
   154
   171
   204
   162
    67
    60
     8
     7
     0
     0
    21
     1
    89
   241
   480
   263
    49
   163
    38
    96
   149
   132
    89
   130
   253
   196
   199
   262
   134
    82
     8
     6
     6
     7
     2
     0
   135
   284
   769
   373
    54
   103
   290
   109
   113
   152
    68
   135
   120
    95
   134
   198
    95
    64
     3
     2
     0
     9
    16
     5
   239
   357
   379
   399
    96
   107
   105
    58
    68
    80
   165
   154
    44
   315
   392
   200
   113
   131
     3
     0
     3
     3
    18
     2
    94
   237
   237
   317
    70
   206
    46
    80
   200
   249
   100
   171
    99
   140
   164
   161
   169
    56
     4
     8
     2
    10
     5
    11
   248
   280
   523
   341
    87
   110
    51
    66
   225
   120
   148
   191
    72
    71
   285
   380
   107
   109
     0
     7
     9
     1
     1
     6
   134
   249
   327
   185
    65
    54
    95
    73
   108
   185
    63
    52
    58
   125
   295
   202
    86
    75
     0
     9
     6
     0
     7
    11
   103
   211
   326
   246
    59
    97
   159
    69
   122
    77
   109
   229
    71
    33
   154
   139
    84
   117
     0
     0
     3
     0
     8
    11
   137
   221
   500
   210
    65
    95
    54
   122
   134
   106
   126
    97
   113
    76
   318
    74
   104
    76
     0
     9
    11
     7
    15
     6
   175
   329
   595
   200
   107
   238
   176
   117
    52
   166
    60
   114
   129
   281
   150
   349
   127
   135
     2
    15
     4
     8
    16
     8
    89
   251
   337
   396
   122
   242
   117
   103
    55
   102
   118
    98
   124
    55
   133
   125
    84
   157
    10
     0
     2
     1
     0
     0
    94
   150
   301
   198
    83
   120
   254
    77
   100
    74
   108
    76
    43
    98
   143
   209
    56
    66
     0
     4
     7
     0
     4
     0
   113
   337
   394
   498
    92
   100
    88
    41
    97
   154
    87
    93
    53
   279
   116
   181
    85
    62
     0
    10
     0
     0
     7
    23
    99
   246
   453
   330
   203
   145
    85
    87
    73
    49
    97
    87
   181
    52
   223
    84
    77
    90
     0
     4
     8
     4
     5
    10
   153
   122
   435
   150
   129
    70
   110
    58
   139
   220
    48
   132
    94
   115
   254
   128
   122
    68
    14
     8
     0
     5
    14
     7
   119
   219
   491
   223
   135
   415
    64
    52
   106
    98
    72
    81
    97
   144
   357
   265
    72
   297
     7
     0
     9
     6
     4
    11
   158
   285
   367
   203
   116
   160
    99
   206
   135
   140
    80
   135
   143
   243
   559
   274
   113
   100
     6
     5
     5
     7
     1
     4
   130
   292
   442
   250
   163
    96
    75
   240
   121
    54
   173
    87
   182
   150
   281
   215
    99
   139
    16
     1
     1
     4
     2
     4
    79
   256
   419
   281
    74
   102
    87
   130
    86
   121
   203
    98
   116
   113
   107
   394
   135
   208
    11
     2
     2
    16
    11
     0
   232
   414
   352
   125
    59
    88
    70
    67
   112
   230
   114
    82
   112
    98
   239
   357
   219
    94
     0
     0
     1
    10
     8
     0
   120
   525
   467
   210
   292
   238
    77
    70
   112
   129
    34
    78
    74
   154
   312
   155
    82
    77
     7
     2
     0
     8
     0
     7
    91
   241
   360
   344
    73
   125
    99
   113
   152
    92
    62
    62
    66
   127
   367
   213
    62
   102
    14
     1
     6
     0
     5
     8
    92
   229
   410
   248
    92
   122
    59
    85
   156
    71
    88
   153
   120
   270
   169
   127
    79
   173
    24
     6
     7
    15
     8
     0
   103
   246
   301
   371
   121
   133
   126
   123
   135
    85
    88
    77
   141
   255
   241
   396
    41
    60
     7
     6
     7
     3
     6
    13
   101
   295
   508
   551
   291
    86
   159
   106
   150
   154
   153
   149
   183
   169
   250
   313
   258
   118
    11
     0
     6
     0
     0
     9
   132
   276
   199
   318
   230
   179
   113
   117
    62
    96
    67
    72
    73
   266
   160
   124
    43
    74
     2
    13
    14
     9
     4
     0
    86
   268
   254
   273
   114
   107
   137
   108
    62
    61
   121
   304
    74
   285
   170
   211
   311
   107
     4
    11
     0
     4
     0
     7
   110
   181
   550
   125
    47
   180
   106
    58
    58
    66
    40
    58
    74
    86
   129
   133
    63
    38
     3
     1
     2
     8
    14
     1
    68
   308
   359
   215
   103
   140
    48
   113
    46
   161
    61
   252
    86
   102
   146
   151
    90
   119
     0
     3
     9
     2
     9
    16
    95
   154
   496
   256
    69
    62
    68
   111
   112
   105
    90
   123
   118
    98
   199
   302
    86
    71
     6
    13
     3
     5
     9
     0
   119
   395
   435
   214
   116
   135
   216
    70
   143
   307
   276
    70
    53
   286
   486
   237
    80
    66
     0
     9
     1
     2
    11
     0
   107
   398
   570
   338
   114
    94
    94
    62
    55
   193
   104
   221
   424
    93
   277
   269
   133
    19
     0
     0
     0
     1
    28
     8
    74
   124
   350
   321
   202
   191
    78
   123
    93
   230
    71
    97
    75
    67
   192
   194
    45
     0
     0
