    88
     3
     1
     0
    13
    65
   210
   178
   163
    64
    52
    30
    53
   107
    28
    94
    63
   226
   191
   344
   184
   136
    26
     0
     3
     2
     0
     3
     4
    51
   102
   273
   177
    54
    78
    46
    24
    59
   191
    32
    82
    80
    59
   162
   207
    61
    76
     0
     0
     6
     9
     0
     6
    87
   361
   410
   200
    25
    67
    57
    51
    76
    57
    44
    24
   131
    75
    90
   233
    62
    33
     0
     1
     1
     0
     0
    10
    38
   116
   165
   211
    69
   110
   148
    48
    81
    40
   123
    72
   278
    85
   130
    91
    39
    25
     0
     0
     0
     0
     2
     0
    80
   226
   181
   144
    52
   173
    51
    78
    64
    56
    51
   164
    61
   366
    90
   178
    42
    61
     2
     0
     0
     0
     9
     0
   144
   146
   372
   352
    32
    90
    55
    98
   100
   115
    66
    63
   115
   230
   337
   136
    72
   107
     0
     3
     0
     4
    12
    11
   113
   339
   405
   346
    44
    57
    54
    67
    60
    79
    61
   103
   113
   121
   228
   217
   149
    89
     0
     0
     0
     9
     1
     5
    40
   235
   227
    14
   102
   121
    25
    51
    61
   167
    51
    85
    39
    22
   256
    12
    32
    36
     1
     0
     0
    10
     0
     7
    40
   239
   364
   119
    34
    20
    22
   204
    66
   127
    64
    32
    45
    37
    63
   101
    51
    79
     0
     3
     0
     7
     1
    11
   181
   246
   338
   291
   229
    69
    98
    33
   103
    43
    74
    30
    30
   107
   237
   256
    81
    92
    14
     0
     0
     5
     7
     0
    66
   133
   170
   334
    52
    55
    77
    93
    47
   175
    84
   141
    32
    39
    97
   335
    46
    59
     0
     0
     0
     0
     3
     2
   104
   149
   295
    96
    54
    94
   215
    35
    71
   106
    73
   224
    76
    48
    99
   267
    96
    65
     0
     9
    10
     0
     5
     2
   131
   221
   152
   120
    82
    75
    72
   223
    70
    62
   275
   125
    65
    98
   225
    75
    41
    51
     4
    12
    13
     5
     5
     0
   160
   225
   215
   399
    54
   100
    39
    64
   109
    62
    57
   132
    63
   206
   384
   136
    65
    37
     0
     6
     0
     9
     6
     1
    25
   254
   244
   205
    96
    29
    35
    58
   216
   192
   335
    40
   170
    69
   304
   116
    88
    60
     5
     0
     0
    12
     0
     9
    35
   170
   193
   340
    51
    73
    19
    81
    29
    71
    61
    99
    56
   257
   215
    93
    65
   108
     0
     0
     7
    12
     1
     4
    57
   116
   329
   124
    17
    98
    69
    58
    39
    73
    56
   222
   213
    72
   249
   244
    30
    50
     0
     6
     4
     5
     7
     0
    32
    95
   205
   199
    59
   122
    62
    37
    54
    85
    27
    61
    70
    41
    54
    53
   105
    90
     0
     0
     0
     5
     1
     1
    41
   165
   304
   284
   107
   141
   103
    56
    87
    32
    60
    31
    77
   113
   198
   131
    89
    36
     4
     0
     0
     0
     0
     0
    89
   115
   271
   133
    85
    69
    71
   115
    73
    70
   114
    58
    89
   186
   268
    90
   135
    39
    15
     7
     8
     0
     2
     2
   117
   134
   228
   168
    66
    84
   117
   133
    55
    87
    73
    79
    73
   139
   202
   235
    91
   106
     0
     0
     0
     0
     0
     7
    95
   196
   295
   272
    37
    52
    60
    91
    69
    79
    60
    61
   166
    61
   227
   257
    50
    36
     0
     2
     5
     0
     4
     0
    30
   146
   189
    46
   110
    45
    57
   146
    68
   108
    62
    43
    45
    85
   160
   145
    92
   150
     7
     0
     0
     3
     6
     0
    83
   209
   171
   252
    79
    48
    56
    64
   226
    58
   100
    56
    64
    33
   379
   147
    53
    82
     0
     7
     4
     5
    12
     4
    36
   112
   239
   109
    61
    36
    67
    52
    51
   143
    45
    50
   141
   234
    85
   103
    63
    87
    15
     2
     0
     2
     0
     2
    50
   120
   504
    89
    48
   194
    36
    55
   113
    68
   132
    49
    31
    73
   377
   182
    51
    42
     0
     8
     0
    15
     8
    11
    52
   167
   462
    58
    70
    59
    59
    59
    70
    55
    97
    48
    48
    90
    61
    72
    75
    74
     6
     0
     1
     4
    15
     1
    68
   312
   320
   389
    79
   204
    84
   152
    66
    58
   124
    49
   113
    53
    97
   113
   210
    87
     2
     0
     6
     5
     2
     0
    68
   263
   255
   220
    33
    73
    47
    59
   218
    44
    54
    37
    75
    51
   413
   150
    85
   118
     0
     0
     0
     6
     0
     3
    65
   101
    96
   135
   135
    91
    44
    50
    86
    79
    42
   107
    58
   171
   221
    66
   111
    45
     0
     9
     4
     5
     0
     0
    58
   326
   123
   180
    65
    51
    59
    33
    64
    85
    53
   124
   148
    62
    36
    80
    78
    54
     9
     0
     0
     1
     0
     6
    48
   187
   283
   101
    47
   167
    53
    60
    53
    31
   195
   197
   108
    75
    95
   187
    53
    39
     0
     0
     0
     0
     0
    10
    50
   169
   330
   199
    53
    22
    29
    75
    43
   120
    79
    89
    65
    88
    89
   107
   132
    96
     4
     6
    11
     4
     0
     1
    68
    72
   248
   195
   208
    77
    52
   224
    51
    84
    95
   263
   252
    42
   213
   305
    56
   110
    12
     0
     0
     0
     4
     2
    46
   185
   272
   145
    60
    59
    79
    55
    52
    53
   172
    63
    58
    99
   114
    56
   128
   131
     0
     8
     0
     0
     2
     0
   100
   185
   201
   241
    68
   178
    60
    36
    19
    69
    77
    67
   153
    70
   168
   268
   105
    32
     0
    11
     6
     0
     2
     0
    73
   142
   231
   139
    38
   228
    59
    60
    58
    42
    19
    47
    48
    41
   135
   186
    53
    60
     3
     0
     0
     0
     1
    19
    68
   142
   266
   120
    57
   133
    56
    72
   135
   123
    44
    99
    74
    31
    40
    96
    56
   236
     0
     1
     0
     3
     0
     0
   140
   263
   155
   221
    42
    86
    63
    72
    73
    89
    55
    40
   175
   114
    48
    34
    49
    40
     0
     5
     2
     0
     6
     0
    62
   334
   257
   269
    49
    82
    76
   111
   111
    74
    71
    58
    61
   232
   175
   172
    64
    93
    12
     0
     0
     1
     0
     0
    35
   183
   313
   191
    57
    74
    69
    52
   126
    83
    87
    40
    76
    81
    58
    72
   132
    35
     8
     0
     2
     6
     0
     5
    56
   255
   241
   176
   121
    97
   100
    80
    39
   193
   263
    97
   112
   237
   209
   233
   230
    83
    14
     5
     8
    13
    10
     0
    96
   113
   385
   126
    15
   155
    37
    55
   199
    31
    76
    95
   105
   215
   204
    15
    79
    67
     6
     3
     1
     6
     0
     1
   113
    95
   126
    20
    71
    31
   198
    60
   175
    45
    47
    32
    94
    98
   140
    77
    26
    44
    17
     0
     9
     6
     9
     0
   137
   175
   182
    86
    58
    89
    58
    80
   342
    18
   231
    91
    52
   168
   178
   137
    56
    72
     6
     0
     0
     4
     4
     2
    47
   113
   253
   357
   114
   121
    87
   351
    82
    60
    62
    37
    56
   249
    68
   127
    38
   114
     0
     5
     5
     9
     3
     0
    33
   164
   279
   160
    81
    46
    43
    70
    58
    92
    26
   127
    84
    72
   243
   363
    66
    57
     0
     7
     1
     2
     0
     0
   107
   223
   219
   194
   104
    57
   132
    55
    54
   157
    64
    38
    84
    99
   183
   295
   127
   103
     0
     0
     4
     0
    11
     1
    69
   314
   338
    66
    56
    79
    47
   163
   100
    71
   209
    73
   119
    48
   182
    92
    75
    77
     0
     3
     0
     0
     0
     0
   112
   176
   626
   301
   223
   188
    41
    30
   108
   149
   132
    31
   142
    64
   294
   128
    39
    68
     7
     0
     0
     1
     0
     8
   149
   201
   287
   111
    49
    57
    80
   205
    86
    31
    45
    44
    37
    46
   184
    86
    47
    30
     3
     1
     0
     6
     4
     7
    48
   119
   165
   199
    82
    66
    74
   123
    59
    51
    82
   117
    26
    37
    95
   282
    74
    47
     0
     9
     0
    11
     0
     0
    96
   186
   331
   192
    50
    74
   114
    46
    46
    61
   103
    92
    29
    92
   196
    90
    89
    74
     0
     8
    13
     0
     0
     0
    37
   184
   173
    45
    49
    68
    75
    89
   113
    33
    64
    52
    35
    74
   147
   198
    91
   113
     8
     1
     5
     0
    12
    16
    61
   331
   329
   287
    61
    70
   129
   278
    70
    30
   105
    58
   149
    72
   227
   185
   246
    93
     0
     5
     0
     0
     0
     8
   170
   210
   556
   299
    21
   206
    56
    96
    91
    76
   140
    47
   142
   127
    90
    78
   100
    50
     2
     1
     8
     4
     0
     6
   158
    40
   192
   277
    87
    52
   103
    20
    43
    35
    35
    70
    37
    37
    21
   136
    60
    64
     2
     0
     4
     2
     0
    14
    82
   102
   143
   299
    76
    37
    32
   200
    49
    49
   130
    73
    57
    53
   265
   186
   118
    67
     0
     6
     3
     3
     4
     3
    71
   200
    17
   171
    47
    39
    55
    62
   235
    29
    76
    46
   102
    94
    31
   238
    81
    66
     0
     0
     4
     6
     0
     5
    93
   264
   226
    52
    45
    90
    15
   102
    36
    45
   211
    63
    76
   142
   222
    69
   127
    58
     8
     7
     8
     0
     9
     0
    61
   168
   304
    92
    93
    56
    52
    55
   224
    60
    37
   270
   143
   228
    83
    74
    93
    57
     4
     7
     7
     0
     0
     0
   134
   136
   172
   338
    73
    53
    71
    38
    49
   107
    71
    85
   115
    60
   182
   367
    64
   105
    10
     0
     8
     0
     0
     8
   102
   246
   253
   202
    80
    87
   110
    30
   178
    68
   126
   115
    50
    97
   506
    72
    82
   101
     6
     0
     0
     1
     4
     1
    66
   184
    93
   284
    47
    49
   109
    33
   222
    69
   117
   169
    65
   130
    83
   215
    41
    25
     0
     7
     7
     0
     9
     6
    89
   198
   407
   136
    76
    63
    79
   104
    92
    68
   142
    74
    68
   151
    99
    54
    62
   192
     0
     0
     0
     0
     8
     0
   130
   122
   321
   138
    83
    63
    48
    51
   185
   157
   190
    65
    48
    47
   260
   201
    61
    34
     0
     5
     0
     5
     0
     0
    41
   222
   395
   137
    51
   106
   210
   135
    90
    31
    77
    35
   175
    46
   170
   197
    53
    81
     0
     0
     0
     4
     3
     0
    28
   264
   331
    96
    69
    68
    95
    96
   121
   184
   118
    32
    42
    39
   252
   182
    38
    71
     0
     0
     0
     0
     8
    10
    70
   189
   403
   137
    67
    99
    45
   140
    71
    17
    76
   148
   211
    99
   181
   120
    44
   227
     1
     0
     7
     1
     1
     0
   107
   301
   244
   239
   103
    73
    65
   116
    50
    79
    63
    60
    51
   241
   146
   144
    56
    95
     3
     0
     0
     7
     4
     1
    35
   205
   120
   222
   141
    34
    73
    61
    60
    52
    35
    61
    53
   231
   162
   123
    89
    74
     0
     6
     1
     1
     0
     0
   119
    91
   184
   133
    83
    66
    50
    43
   120
    20
    83
   122
    36
    31
    77
    80
    30
   100
     0
     0
     8
     2
     0
     4
    71
   148
   168
   316
    71
    67
    70
    86
    44
    64
    70
    70
    57
    90
   177
   205
    87
    65
     5
     0
     0
     6
     0
     0
    65
   116
   159
   201
    82
    73
    36
    42
    57
    39
    99
    55
    68
    61
   418
   129
    96
   141
     0
     0
     0
     0
     9
     0
    78
   145
    45
   150
    54
    32
   100
    72
    32
    43
    12
    73
    35
    91
    26
   123
    52
    47
     0
    10
     0
     0
     8
     2
   143
   165
   653
   198
    34
   126
    50
    54
    82
    50
    97
    69
   140
   139
   152
    47
    59
    41
     0
     2
     0
     2
     0
     2
   102
   165
   160
   282
    84
    75
    58
    58
    67
   267
    78
   132
    59
   106
   220
   104
   104
    86
     0
     1
     0
     5
     0
     7
    43
   112
   165
   102
    52
    21
    47
    38
    49
    75
    67
    22
    45
    33
   170
   240
    39
   104
     0
     2
    13
     0
     0
     0
    63
   176
   257
   165
    43
   102
    64
    38
    50
    42
   182
    77
    52
    51
    38
   440
   122
    82
     3
     4
    10
     9
    12
     0
    27
   255
   307
   233
   132
    54
    24
    40
   106
    59
    37
    49
    48
    61
   161
   456
    57
    84
     4
     0
     0
     5
     2
     9
    65
   158
   205
   154
    73
    61
    83
    60
    57
    52
    50
    51
    48
   113
   225
   110
    64
    85
     0
     4
     7
     6
     0
     0
   109
   118
   244
   129
    48
    29
    76
    48
    68
    37
    31
    60
    81
    28
   185
    64
    27
    83
    14
     1
     1
     5
     0
     0
    24
   257
   329
   177
    31
    82
    89
    74
    55
   197
    93
    94
   225
    32
   171
    95
    52
    91
     0
     0
     0
     2
     5
     7
    73
   172
   409
   219
    76
    39
   127
   121
   138
    52
    86
    69
   105
   129
    71
   405
   114
    77
     4
    12
     8
     1
     5
     0
    47
   171
   204
    54
    68
    52
    69
    65
    98
    28
   129
    33
    90
    71
   176
   209
    14
    63
     0
     0
    14
     0
     0
     6
    66
   160
   220
   113
   115
    36
    47
    52
    72
   156
   237
    74
    87
   122
    85
    86
    49
    70
    11
    15
     0
    13
     7
     5
    94
   236
   373
   304
    83
    92
   123
    33
    76
    88
   161
   181
   122
   196
    70
    46
   121
    61
     0
     0
     0
     0
    11
     4
   173
    75
   278
   229
    95
    33
    55
    98
    53
    45
    66
    44
    34
   233
   276
    43
    53
    74
     7
     0
     5
     0
     8
     0
   110
   160
    92
   151
    75
    13
    68
    84
    25
    97
    48
   125
    58
   225
   318
    66
    97
    34
     0
     0
     0
     1
     8
     5
   104
   264
   154
   318
   101
    70
    51
    54
    97
    70
    34
    62
    59
    52
   105
   106
    59
   104
     0
     0
     0
     0
    11
    81
   248
   267
   333
    40
    60
    50
    69
    64
   100
   158
   188
   169
    71
    82
    52
    48
   127
     0
     0
    15
     0
     0
     0
    36
   110
   223
    88
   117
    44
    85
    51
    72
    31
    64
   114
   154
    71
   211
    94
    89
    52
     0
     4
     0
     0
     9
     0
    35
   175
   129
   217
    31
    45
   170
    44
    34
    63
    72
    62
   138
   151
    57
    57
    88
    48
     4
     3
     1
     0
     8
     7
    96
   105
   319
   135
    46
    31
    80
    60
    67
    70
    97
    72
    33
   116
   259
   101
    75
    34
     3
     9
     0
    10
     1
     0
   140
   323
   282
    66
    45
   185
    40
    49
   184
   122
   106
    51
    54
   182
   136
   242
    40
    68
     0
     7
     0
    14
     7
     6
    36
   185
   385
   165
    38
    49
    51
    58
    94
    53
    60
    98
    79
    79
   143
   278
    22
    67
     0
     2
     7
     0
     0
     0
    58
   152
   513
   234
   132
    70
    93
    62
    73
    78
    69
   101
    48
   102
    25
    92
    69
    61
     8
    14
    10
     9
     0
     0
   111
   206
   256
   149
    83
   122
    79
    38
   200
    75
    39
   149
    75
    97
    86
   169
    61
   125
     0
     0
     3
     0
     1
     0
   131
    67
   263
   190
    43
    92
    57
   381
    41
    73
    68
    60
   136
    86
    68
   183
    40
    50
     3
    10
     6
     0
     0
    12
    76
   100
   377
   113
    38
    41
    64
    19
    45
    68
    62
    29
    88
    44
   130
   138
    46
   206
     0
     0
     0
    10
     0
     0
    93
   112
   213
   104
   116
    90
   105
    50
    82
   135
    68
    70
    50
    78
   237
   165
    37
    54
     0
     0
     0
     0
     0
     0
    64
   133
   206
   207
   126
    45
    48
    24
    65
    66
    57
    33
    46
   244
   139
    98
    48
    56
     0
     3
     7
    17
     5
     0
    24
    30
   159
   153
    24
    58
   203
    52
   113
    66
    32
   132
    47
   175
   130
   232
    26
    82
     0
     7
     0
    10
     0
    28
   129
   331
   212
   219
   107
   113
    59
    70
    31
    58
    33
    98
    51
   240
    69
    93
   105
    82
    17
     9
     0
     0
     0
     7
   164
   135
   183
   128
    55
    41
    52
   201
   224
    33
    81
    46
    99
   106
   137
    55
   193
    52
    11
     0
     0
    11
     0
     0
   110
   152
   346
   170
   102
    93
    42
    45
    51
    53
   123
    19
   165
    81
    82
   116
    37
    92
     9
     0
     0
     3
    10
    10
    26
   179
   270
   146
    24
   203
    85
    42
    55
    52
    44
    52
    66
    50
   305
   137
    36
    81
     0
     0
     0
     0
    21
     0
    76
   103
   218
    71
    33
    83
    97
    84
    40
    36
    36
    78
    28
   177
   151
   124
    46
    72
     3
     0
    12
     0
     0
     6
    88
   277
    96
   154
    44
   117
    42
    63
   200
    34
    47
    76
    84
    37
   241
   118
   140
    51
     0
     0
     0
     3
     0
     0
    63
   141
   238
   175
    42
    86
   104
    47
    94
   121
   180
    45
    44
   254
    94
   401
   187
    85
     0
     0
     0
     0
     9
     2
   121
   134
   305
   154
    70
    57
    48
    80
    34
    77
   244
   113
   122
   228
    61
   230
    70
    54
     1
     0
     0
     0
    11
     0
   108
   232
   240
   291
    68
    86
   174
   132
   100
    55
   188
    68
    99
    60
   133
   131
   105
    94
     2
     6
     0
     4
     0
     0
    88
   135
    91
   145
    58
    50
    34
    61
    55
    33
   109
    26
    59
    69
   131
    77
    35
   102
     0
     1
     0
    11
     2
     2
   113
   146
   294
   167
    39
   138
    42
    69
    32
    37
   190
    67
   241
    84
   242
    99
    51
    43
     5
     6
     0
     8
     5
     0
    56
   194
   267
   188
    59
    76
   175
    95
    50
    75
    49
    68
    61
    69
    74
    99
    62
    48
     3
     0
     0
     5
     0
     2
    35
   166
   222
    54
   112
    75
    33
    27
    70
    39
    54
    37
    59
    96
   166
    95
    55
    53
     0
     0
     0
     0
     0
     0
    53
   117
   126
   210
    37
    92
    71
    67
    27
    72
    71
    50
    43
   112
    36
    63
    45
    37
     4
     8
     0
     0
     0
     0
   142
   231
   234
   222
    76
    38
   111
    39
    40
    88
   123
    90
    81
   108
   127
   304
   103
    55
    10
     7
     0
    16
     0
     0
    98
   147
   225
   120
    34
    30
    23
    39
    48
    77
    58
   102
    38
   229
   468
   154
    73
    74
     0
     0
     0
     0
     2
     1
   129
    65
   200
   110
    41
   115
    31
    51
    30
    78
    78
    52
   221
   328
   132
   222
   170
    87
     2
     0
     0
     4
     2
     7
    74
   163
   130
   317
    40
   104
    67
   178
    41
    74
    50
    53
    55
    37
   221
    96
    40
    28
     0
     1
     0
     1
     0
     0
    80
   278
   397
   203
    78
   108
    96
   116
    66
    26
    88
    34
    30
    46
   404
   101
    78
    70
     0
     0
     1
     4
     0
    18
    85
   158
   183
   109
    60
   179
    83
   147
    47
    62
    53
    36
    38
    63
   404
   143
   106
    70
     0
     0
     7
     0
     2
     2
    78
   332
   161
   216
    56
    91
    89
    37
    42
    11
    79
   102
    27
    69
    20
   159
    49
    81
     0
     2
     0
     0
     0
     0
   114
   240
   246
   118
   205
    36
    83
   134
    96
    29
   126
   112
    58
    99
   137
   150
    42
    38
     5
     0
     0
     7
     0
     0
    75
   142
   366
    54
    79
    44
    59
    55
    77
   117
    76
    75
    31
   112
   243
   129
    60
   106
     7
     0
    13
     0
     0
     0
    61
    87
   382
   119
    67
    37
    91
    65
   139
    45
    31
    23
    55
   108
    36
   271
    81
    53
     2
     1
     9
     0
     5
     2
    75
   252
   173
    83
    43
    51
    48
    88
    45
    48
    26
    98
    47
   174
   238
   128
    68
    39
     0
     6
     4
     0
     8
     1
    97
   113
   336
   192
    89
    37
    27
    70
    45
    43
   176
   184
    33
    93
    48
   200
    75
    22
     5
     3
    17
     1
     0
     0
    28
   233
   420
   125
   181
    60
    49
    43
    90
    65
   109
    23
    43
    61
   145
    75
    54
   106
     0
     0
     7
     5
     5
     0
    38
   108
   199
   128
    19
    30
    56
    42
    83
    19
   174
    36
    72
   196
   133
    51
    38
    66
     0
     0
     1
     4
     0
     0
    67
   137
   239
   137
    54
    44
   130
    77
    33
    52
    45
    95
    47
    44
   138
    51
    37
    39
     0
     0
     2
     2
     8
     0
    32
   196
   449
    92
    61
   122
   126
    77
   131
    51
   113
    38
    73
   143
   347
    49
    42
    46
     0
     1
     0
     4
     4
     6
    31
   100
   206
    68
   204
   104
    65
   192
   171
    46
   109
    57
    88
    50
    76
   118
    28
   127
     0
     0
    17
     2
     0
     0
    73
   136
   274
   137
    36
    41
    87
    60
   186
   220
    91
    44
    34
   186
   248
   175
    61
    86
     3
    11
     3
     8
     0
    10
    94
   231
   342
   160
    34
    35
    22
    35
   151
    39
    14
    32
   255
   249
   144
   135
    56
   118
     6
     0
     4
     0
     5
    10
    51
   112
    49
   143
    60
    75
    51
    34
    39
    72
    33
    89
    33
    52
   110
    31
    60
    27
    11
    11
     0
     3
     0
     4
   127
   173
   179
   116
    54
    34
    56
    37
   110
    54
    46
    69
    65
    52
    71
    63
    61
    66
     0
    10
     0
    21
     2
     0
   114
   115
   249
    85
    39
    86
    59
    40
   127
    55
   103
    71
    68
    31
    64
   183
    51
    36
     0
     6
     5
     0
     1
     0
    73
   223
   292
   109
    54
   171
   207
    58
    78
    80
   170
    71
    27
   123
   229
   127
    66
    45
     1
     0
     5
     0
     0
     0
    76
   102
   247
   116
    28
    44
    67
    40
    27
    83
    41
    42
    47
   113
    50
   139
    39
    97
     2
     8
     0
     6
     2
     5
    54
   123
   251
    58
   281
    97
    95
    41
    46
    37
   192
    54
    61
    62
    80
   128
    93
    40
     5
     0
     2
     5
     0
     0
   103
   281
   165
   143
    80
    81
   128
    78
    64
   121
    88
    53
    30
    79
    52
    73
   102
    40
     0
     0
     1
     1
     0
    20
    83
   163
   236
   177
    32
   128
   133
    24
    31
   167
    58
    39
    11
   183
   124
   172
    41
    22
     5
     0
     0
     0
     0
     4
    53
   216
   324
    77
    69
    99
    30
    52
    49
    66
    58
    21
    67
    47
   158
   148
    89
    61
     8
     0
     6
     1
     0
     4
    48
   162
   260
   143
    38
    66
    37
   195
    62
    62
    54
    68
    49
    80
   192
   237
    68
    77
     0
     6
     0
     6
     1
     0
    41
   171
   195
    92
    60
    60
    84
    53
    37
    79
   163
   193
    57
    85
    37
   151
   111
   122
     8
    10
     0
     0
     0
     0
    51
   163
   260
   148
    35
    76
    63
    56
    81
    48
    41
    26
    45
    90
    73
    60
    48
    94
     0
     0
     1
     6
     6
     0
    35
    56
   267
   100
    46
    94
    24
    51
    20
    37
    59
    47
    56
    95
    54
    28
    30
    67
    12
     9
     0
     4
     8
     0
    44
   198
   200
   123
    41
    73
    24
    87
    48
   109
    26
   197
    41
    34
   256
   129
    42
    21
     0
    12
     2
     5
     0
     0
    42
    71
   348
   132
   172
    64
    37
    40
    84
    62
    30
    35
    61
    52
   154
   102
    34
    61
     4
     0
     0
     0
     0
     0
   103
   181
   153
    96
    70
    77
    15
    43
    39
    77
    26
    27
    45
    71
   121
   158
    75
   103
     2
     0
     8
     0
    10
     3
    57
   117
   179
   238
    45
    56
    62
    96
    92
    76
    59
    41
   127
    21
    57
   121
   113
   114
     0
     0
     0
     6
     1
     2
   115
    39
   348
   223
    44
    62
    50
    44
    99
    68
    45
    42
    85
    66
   228
   167
    96
    45
     0
     5
     4
     0
     0
     0
    95
   247
   280
   183
    59
    40
    83
    60
    26
    73
    40
    71
    44
    35
    81
   101
    37
    40
     1
     0
     5
     0
     0
     1
    81
   104
   179
   130
   206
    89
    44
    40
    32
    69
   113
    41
    37
    44
   144
    98
    60
    93
     0
     0
     0
     0
     9
    10
   136
   148
   291
    91
    42
    49
    49
    78
    43
    70
    53
    56
    81
    78
    89
   165
    96
    42
     3
     0
     0
    13
     3
     9
    96
   137
   294
   111
    71
    49
    92
    67
   178
    13
   113
   175
    18
    57
   173
   112
    29
    89
     0
     0
     0
    15
     8
     9
    60
   209
   412
   176
    23
   185
    91
   179
    30
    33
    43
    79
   155
    69
   260
    20
    67
    33
     0
     6
     1
     5
     4
     7
   167
   207
   332
   186
    59
    91
    65
   104
   224
    36
   100
    44
    62
   105
   134
   255
    63
    68
     0
     0
     0
     5
     5
     0
    57
   275
   274
   232
    41
    61
    44
    35
    62
   116
    37
    97
    96
    56
   109
    93
    60
    26
     2
     6
     3
     0
     5
     9
    73
   176
   253
    58
    28
    79
    59
    63
    40
    16
    47
    45
    76
    36
    68
   115
    35
    44
     2
     6
     2
     5
     0
     0
   143
    86
    67
   118
    91
    87
    78
    80
    98
    40
   133
    53
    47
    91
    68
   100
    26
    37
     0
     0
     6
     0
     5
    11
    96
   239
   218
   217
    76
    91
    68
   147
    48
    64
   117
    43
    53
   181
   184
   116
    38
    51
    15
     0
     0
     5
     0
     0
    47
    56
   209
    82
    93
    58
    33
   106
    23
    67
    39
    37
    49
    24
    77
   163
   184
    54
     2
     0
     3
     1
     1
     2
    47
   102
   271
    41
   213
    84
    41
    46
    54
    78
    85
    90
    24
    37
    38
   122
    35
    39
     0
     0
    14
     9
     3
    10
   116
   167
   404
   107
   111
    59
   108
    61
    30
    78
   226
   260
    62
    42
    39
   120
    21
    35
     0
    11
     0
     9
     0
     0
   117
   284
   232
   224
    58
    45
    82
    47
   112
    74
   126
    77
    63
    96
    45
   333
    73
    39
     4
     0
     1
     0
     0
     4
    87
   143
   380
    65
    40
    76
    35
    72
    20
    58
    63
    50
    28
    37
   263
    42
    24
    64
     0
     0
     0
    16
     1
     7
    14
    51
   326
   180
    71
    61
    89
    15
   119
    65
    55
    40
    46
   180
   111
   109
   100
    48
     7
    10
     9
     0
    10
     0
    29
   142
   246
    47
    86
    44
    33
    46
    22
    34
    53
    44
    48
    87
    68
    43
    56
    30
     7
     0
     5
     3
     0
    16
    86
   207
   361
    87
    97
    51
   109
    69
    57
    62
   110
    28
    41
   183
    58
   254
    21
    47
    14
     0
     8
     0
     3
     0
    56
    92
   166
    57
   129
    73
    63
    50
    53
    69
    62
    10
    76
    58
    78
   148
    71
    36
     0
     1
     9
     3
     2
     0
    72
   135
   275
   138
    84
    47
    48
    24
    74
    43
    52
    49
    47
    74
   182
    79
    76
    84
     1
     3
     1
     0
     0
    13
   135
   169
   302
   148
    58
    47
    33
    91
   110
    55
    27
    85
    31
   336
   162
    72
    69
   116
     0
     0
     0
     0
     3
     0
    34
   205
   123
    90
    36
    28
    64
     7
    36
   211
    65
   108
    50
    42
   126
   105
    23
    92
     6
     0
     6
     0
     0
     5
    71
   275
   219
   264
    50
    62
    30
    49
    44
    48
    94
    80
    26
    93
   127
    96
    46
    52
     0
     3
     3
    11
     7
     1
    50
   116
   271
   255
    39
    83
    23
    22
    67
    80
    70
    26
    38
   152
   126
    59
   129
    49
     0
     1
    14
     0
     0
     0
    23
    68
   223
   125
    42
    26
    32
    46
    56
    30
    46
   193
   122
    51
   208
   293
    79
    51
     2
     0
     0
     0
     8
     3
    25
   133
   141
   111
    54
    50
    54
    50
    43
    46
    37
    42
    69
    43
   319
   164
    85
    27
     8
     5
     5
     7
     0
     5
    51
   118
   306
   154
   247
    33
    48
    58
    36
    50
    92
    44
    32
    49
   139
   211
   110
    57
     0
     0
    10
     4
     1
     1
    34
   187
   185
   275
    93
    46
    48
    41
    42
    77
   148
    35
   179
   335
   110
    56
    60
    78
     0
     1
     0
     0
     0
     0
   100
   109
   105
   128
   112
    28
    70
    50
    31
   193
    37
    90
    94
    28
   102
    98
    54
   172
     0
     7
     0
    10
     7
     0
    39
   126
   264
   285
    23
    68
    52
   112
    59
    46
    55
    16
    69
   100
    55
   396
    53
    48
    17
     0
     2
     6
     4
     0
   110
    46
   190
   138
    83
    24
   178
    37
    57
    87
    40
    67
    13
    88
    89
    46
    27
    31
    13
     0
     4
     0
     0
     9
    50
   169
    79
   152
    80
    86
    20
    42
    39
    37
    90
    82
    41
    65
   237
    34
    80
    47
     0
     4
     0
     0
     8
     7
    22
   176
   158
   218
    42
    11
    41
    60
    51
    33
    54
   177
    27
    93
   111
   358
    70
    40
     2
     6
     0
     0
     0
     0
    30
   208
   184
   352
    84
   105
    60
    35
    46
    84
    42
    24
    48
   178
    84
   189
    69
    46
     3
     8
     0
     8
     2
     0
    84
   344
   173
   198
    75
    45
    58
    91
   139
    34
    55
    35
    69
    83
   106
   296
    55
   124
     0
     1
     5
     4
     9
     0
    40
   103
   378
    67
    12
    29
    93
    62
     9
    44
    37
    38
    58
    27
   324
   139
   176
    42
     3
     0
     3
     0
     9
     3
   112
   203
   260
   136
    50
    57
    37
    30
    37
   111
    44
    38
   115
   181
    28
   122
    47
    66
     2
     8
     0
     0
     0
    10
    28
   186
   220
    53
    55
    91
    52
    24
    47
    44
    42
    53
    36
   238
   201
   102
    68
    23
    12
     0
     0
     4
     0
     4
    11
    91
   260
   168
    44
    83
    78
    73
    43
    44
    71
    33
    96
    54
   258
   100
    53
   104
    16
     0
     0
     0
     0
     0
   112
   249
   223
   214
    79
    62
    73
    24
    47
   166
    35
    59
    49
    34
   168
   159
    23
    27
    13
     0
     2
     1
     8
     0
    67
   200
   326
   312
   211
   132
    47
    34
    54
   100
    75
    57
   101
    48
   210
   112
   126
    70
     0
     0
    14
     0
     4
     0
    85
   147
   411
   311
    87
    88
    79
    90
    48
   121
    23
   172
    51
    75
   129
    39
    92
    80
    10
     0
     0
     7
     0
     4
    93
   242
   361
    99
    53
    44
    33
    55
   125
    49
    30
    77
    35
    42
    34
    44
   109
    27
    16
    10
     0
     0
     0
     5
    65
   152
   188
    95
    27
    77
    53
   157
    48
    61
    78
    34
    40
    75
    67
   116
    64
   196
     6
     3
     7
     0
     0
     6
   162
    99
   221
   238
    74
    46
    54
    33
    55
    74
    30
    24
    56
    34
   175
    88
    48
   105
     0
     6
     0
    11
     4
     0
    29
   163
   399
   256
    48
    49
     8
    55
    42
    46
   151
    21
    40
   201
    63
   309
    64
    35
    12
     0
     0
     0
     7
     0
    55
   207
   290
    64
    48
    50
    48
    91
    30
    71
    47
    66
    38
    69
    73
   261
    34
   147
     9
     4
     3
    10
    14
     3
    67
   277
   340
   192
   106
    57
    32
   203
    91
    53
    29
   119
   185
   191
   153
    78
   103
    25
     0
     0
     0
     5
     0
     9
    27
   185
   412
   176
   110
   212
    50
    50
    77
    49
    56
    67
   124
   238
   123
    44
    60
   112
     3
     0
     0
     0
     7
     0
    87
   104
   198
   132
    76
    37
    37
    35
    43
    48
     7
    62
    39
    35
   235
    85
    74
    23
     0
     0
     4
     0
     0
     3
    36
   118
   295
   114
    98
    50
    83
    52
    56
    98
    99
   104
    82
    35
    14
    85
    81
   114
     0
     9
     0
     5
     0
    10
    85
    90
   196
   165
    54
    43
   112
    47
   107
    53
    47
    19
    56
    44
   139
   165
    33
    19
     0
     4
     0
     0
     4
     6
    57
   104
   125
   107
    36
    90
    85
    21
    25
    34
    35
    73
    54
    81
    46
    24
    27
    41
     4
     1
     2
     0
     0
     8
    76
    87
   163
    77
    63
    82
    98
    67
    58
    84
    30
    25
    17
   150
    32
   138
    69
    25
     0
    11
     0
     0
     4
     2
   134
    36
    96
   195
    93
    61
    24
   120
    80
    86
   107
    60
    59
    59
   108
   147
    43
    54
     0
    16
     0
     8
     0
     0
    58
   317
   138
   132
    71
    48
    59
   106
   174
    75
    40
   102
   251
    52
   241
    38
   101
    29
     2
     0
     0
     4
     0
     1
    92
   141
   140
   182
    33
    52
   180
   103
    46
    29
    27
    77
    47
    28
    35
   131
    42
    25
     0
    13
     6
     3
     4
     0
    49
   101
   255
   118
    36
    65
    27
    74
    70
    38
    42
    56
    96
    55
    90
    59
    83
    32
     0
     5
     0
     0
     0
     0
    60
   236
   470
   145
    21
    45
    87
    22
    68
    48
    36
    10
    18
    42
    29
   121
    96
    33
     0
     2
     0
     1
     4
     3
    73
    27
    64
   168
    47
    42
    64
    61
    32
    98
    28
    77
    56
    55
    26
   108
    67
    92
     5
     0
     0
     6
     0
     0
    60
   194
   165
   152
    71
    32
   133
    39
    61
    49
    73
    33
    46
    50
    58
   161
    29
    82
     3
     8
     5
     3
     8
     0
    28
   288
   279
   139
    40
    47
    28
    55
    51
    77
    47
    58
    87
   103
    73
   123
    30
    81
     0
     4
     0
    10
     1
     0
   117
    90
   226
   241
    50
   106
    54
    26
   101
    55
    88
   116
    57
   184
   233
   122
   122
    81
     0
     0
     0
     0
     0
     1
    48
   180
   260
   174
    47
    43
    50
    22
    54
   116
    32
    45
    43
    71
    61
   169
    90
    95
     0
     0
     6
     0
     1
     1
   109
   104
   296
    73
    52
    21
    49
    32
    15
    36
    58
    65
    95
    52
   165
   231
    62
    47
     2
     0
     0
     0
     0
     0
    35
    46
   259
   108
    43
    58
    81
    81
    27
    60
    47
    32
    95
   183
    95
   101
    54
    41
     0
     6
     0
     0
     0
     9
   150
    98
    81
   169
    51
    62
    32
    25
    46
    62
    39
    26
    41
    77
   458
   109
    80
    30
     7
     0
     0
    10
     5
     8
    53
    99
   321
    51
    55
    55
   102
    28
    61
    62
    62
    41
    71
    76
    47
    39
    38
    39
     3
     0
     2
     9
     0
    12
    72
   138
   167
   183
    22
   105
   137
    50
    67
    78
    27
    35
    52
    40
   120
   278
    86
   180
     0
     7
     0
     0
     1
     4
    81
   111
   243
   284
   103
    80
   131
    66
    35
    65
    68
    77
    63
    34
   153
    89
    74
   101
     0
     7
     7
     0
     0
     0
    93
   215
    67
   118
    14
    25
    46
    72
    54
    85
    91
    88
    33
    67
   165
   158
    23
    28
     0
     0
     0
     1
     5
     6
     8
   257
   304
   178
    37
    48
    13
    95
    86
    55
    41
   184
    55
   198
    32
   117
    43
    43
     0
     7
     0
     0
     0
     0
    82
   137
   193
    33
    61
    37
    95
     8
    59
    92
   130
    35
    23
    32
   312
   302
    40
    63
     1
     8
     3
     1
     0
     3
    40
   219
    64
   305
    64
    71
     5
    27
    66
    28
    40
     9
    58
    32
   110
    29
    67
    47
     3
     0
     1
     0
     0
     0
    95
   200
   164
   136
    52
    90
   168
    31
    91
    54
    40
    71
    43
    33
    35
    75
    78
    24
     0
     0
     0
     5
     4
     9
    91
   147
   330
   239
    40
    50
    89
    90
    85
    39
    49
    59
    58
    59
   110
    55
   110
    77
     3
     6
     1
     0
     0
     0
    56
   353
   262
   108
   184
    35
    56
    53
    87
    65
   200
   103
    68
    85
   126
   234
    54
    92
     0
     4
     0
     6
     0
     0
    49
   264
   234
   163
    62
    54
    46
    44
    65
    33
    40
    47
    54
    62
   221
    75
    54
    74
     0
     0
    18
     0
     7
     0
    43
   153
   124
    74
    28
   185
    44
    71
    81
    77
    36
    45
   119
    69
    81
   103
    26
   115
     7
     0
     4
     2
     4
     0
    58
    79
   347
   211
    57
    90
    85
    63
   110
    69
    92
   131
    38
   255
    59
   186
    92
    64
     1
     0
     6
     4
     0
    10
    28
   212
   268
   113
    26
   112
    63
    32
   185
    23
    80
    87
    69
    24
    89
    61
   116
    66
     0
     8
     0
     0
     5
     0
   152
   255
   353
   105
    45
    42
    46
    42
    46
    74
    31
    46
    44
    76
   125
    67
    54
    53
     5
     0
     0
     0
     0
     0
   161
   152
   440
   205
    57
   156
    65
    97
   101
    28
   239
    57
    49
   204
   134
   254
    66
    94
     5
     0
     8
     0
     3
     4
    47
   155
   158
   171
    40
    52
    44
    52
   121
    55
    45
    64
    68
   242
    91
   119
    70
   101
     5
     0
     0
     0
     2
     0
   110
    82
   132
   176
    73
   170
    39
    72
    34
    33
    76
    27
    58
    38
    24
   256
    69
    48
     0
     5
     0
     4
     2
     1
    40
   131
   242
   128
   106
    59
    54
    31
    44
    24
    43
    33
    65
    74
   105
   113
    58
    53
     2
     0
     0
     3
     0
     2
    46
   233
   255
   213
    30
    64
    81
    29
    65
    65
    55
    35
    23
   211
   158
   154
    34
    33
     0
     0
     0
     0
     6
     0
    99
   165
   190
    86
    55
    45
    87
    30
   106
    41
    90
    66
    36
   101
   228
    25
    15
    37
     0
    12
     0
     0
     8
     0
    80
   169
   131
   105
    32
    89
    37
    51
    27
    27
    34
    25
    39
   112
    34
    74
    27
    40
     6
     0
     0
     0
     0
     0
    34
   158
   310
    77
    67
    56
    60
    40
    40
   105
    49
    54
   177
    90
   254
   160
    31
    95
    15
     9
     9
     0
     0
     0
    30
    41
   137
   218
    66
    39
    56
    24
    39
    43
   105
   161
   127
    44
   105
   179
    46
    20
     9
     2
     0
    10
     0
     3
    73
   171
   116
    70
    25
    38
    61
    27
    24
    59
    38
    64
    49
   181
    90
    58
    47
    37
     1
     1
     0
     0
     0
     0
    62
   119
   223
   261
    54
    28
    42
    63
    39
    75
    97
   199
    45
    83
    92
    21
    65
    45
    12
     4
     5
     0
     0
     1
    62
   125
   396
   212
    37
   120
    30
    33
    38
    57
   187
    53
    81
   123
   363
    54
   195
    52
     8
     4
     0
     0
     0
     6
    84
    86
   199
   127
    36
    72
    27
    25
    55
    90
    18
    61
    43
    98
    96
    82
   103
    53
     0
     0
     5
     1
     0
     0
    53
   119
   183
    41
    83
    37
    50
    37
    44
    58
    42
    22
    16
    31
   219
    93
    41
    18
     3
     0
     0
     4
     0
     0
    52
    77
   246
   187
    27
    34
    84
    43
    52
    88
    77
   105
    42
    26
   103
   315
    53
    38
     1
     8
     8
     1
     9
     3
    93
    56
   189
   199
    35
    75
    60
   156
    33
    25
   206
    43
   252
   126
   144
    50
    43
    28
     0
     3
     0
     0
     9
     1
    80
   361
   200
   221
    52
    64
    32
    34
    96
    84
    30
    55
    30
    63
   222
    78
    43
    76
     0
     0
     0
     6
     2
     0
   131
   118
   306
   123
    96
    87
    82
    42
    32
    45
    27
    54
    44
    71
   178
    19
    26
    32
     1
     7
     0
     0
     0
     2
    34
   102
   263
   173
    90
   155
    35
    54
    33
    35
    39
   187
    50
    27
    88
   117
    58
    52
     0
     0
     6
     0
     0
     7
    80
   300
    36
   184
    71
    47
    84
    45
    54
    86
    46
    37
    36
    47
    64
    98
   103
    66
     8
     2
     1
    14
     0
     0
   115
   196
   133
   148
    50
    20
    63
    87
    30
    25
    28
    37
    66
    73
   117
    70
    93
    55
    11
     0
     0
     2
     0
     3
    97
   180
   242
   170
    31
    32
    35
    32
    55
   137
    68
   135
    38
    52
   182
    60
    78
    54
     5
    14
     1
    14
     8
     0
    45
   238
   261
   158
    74
    79
    45
    81
    71
    72
    46
    68
    31
    44
    44
   220
    18
    57
     2
     3
     0
     1
    12
     1
    22
   220
   109
   107
    39
   191
   304
    14
    53
    19
    39
    46
    38
    49
   203
   261
    51
    34
    13
    12
     0
     0
     1
     0
    26
   130
   170
    31
    47
    62
    44
    46
    42
    81
    67
    74
    27
    84
   299
    61
    88
    45
     0
     3
    11
     3
     0
     5
    57
   213
   189
   174
    68
    28
    31
    63
    40
    73
    38
    43
    23
    49
   173
    87
    73
    78
     3
     0
     6
    10
    12
     0
    71
    96
   222
    85
    28
    46
    51
    30
    49
    41
    73
    42
    81
   198
     7
    69
    25
    38
     4
     0
     0
     2
     0
     0
    99
   213
   255
   199
    68
    43
    50
    75
    84
    30
   100
    41
   208
    23
    46
    45
    74
    47
     2
     6
     0
     3
     0
     2
   162
   137
   332
   204
    47
   134
    49
    64
    70
    89
   194
    44
    75
    51
   193
    84
    82
    98
     0
     2
     0
     0
     5
     0
   117
   202
   201
   147
    24
   185
    34
    82
    41
    43
   108
    92
    80
    52
   152
   226
    54
    42
     4
     2
     0
     4
     3
     0
    23
   103
    99
    67
    65
    26
    74
    46
    38
    45
    64
    46
    25
    24
   242
    64
    93
    62
     0
     0
     0
     0
     0
     3
    47
   279
   243
    43
    43
    57
    81
    39
    22
    71
    24
    40
   106
   201
   117
    86
    51
    40
     0
     0
     0
     3
     2
     2
    51
   164
   299
   154
    36
    42
    74
    29
    57
    47
    27
    54
   200
    82
   241
   100
    77
    61
     6
     0
     5
     0
     0
     0
    51
   166
   161
    99
    84
    42
   132
   103
   108
    22
    17
    79
    46
    62
   108
    69
    44
    91
     0
     9
     0
    10
     3
     9
    42
   149
   159
   144
    70
   105
   186
    34
    80
    47
    44
    34
    52
   113
   158
   122
    96
    31
     5
     0
     0
     0
    12
     0
   121
    40
   272
   202
    84
    38
    84
   105
    49
   144
    62
    63
    50
    96
   218
    88
    96
    85
     0
     7
     3
     6
     0
     0
   128
   235
   169
   324
    81
    62
    78
    47
    51
    70
    87
    64
    97
   100
    96
    73
    55
    83
     4
     0
     0
     5
     6
    15
   103
    97
   422
   168
    34
    48
    74
    30
    98
    49
    39
    87
    32
    85
   335
   130
   100
    76
     0
     0
     1
     0
    13
     1
    57
   131
   196
   123
    29
    57
   129
    14
   214
    38
    52
    39
   221
    42
    68
    58
    34
    41
    10
     0
     0
     6
    10
     0
    89
   226
   114
   142
    24
    47
    45
    84
    58
    31
    56
    79
    31
    62
    48
   123
    65
    50
     3
     0
     0
     0
     0
     3
    94
    96
   239
   105
    73
    35
    50
    77
    50
    90
    27
   120
    40
   173
   119
   239
    26
    39
     1
     0
     0
     3
     0
     0
    22
   195
   201
   107
    59
    25
    29
    77
    40
    69
    43
    65
    26
   260
   190
   152
    38
    47
     0
     0
     3
     3
     3
     2
    33
   312
   365
   197
    61
   114
    54
    95
    66
    61
    93
    47
   103
    64
   292
    53
    19
    99
     0
     0
     0
     0
     4
     0
   128
   136
   194
   138
   180
    93
    56
    67
    52
    51
   129
    61
   107
    42
   139
   164
   104
    57
     4
     0
    11
     0
    10
     7
    45
   175
   221
   159
    54
    23
    76
    78
    65
    66
    63
    58
    60
    82
   203
    64
    90
    76
     0
     3
     0
     0
     0
     3
    36
   150
   163
   187
    54
    42
    54
    64
    52
    65
    49
    16
   150
    68
   291
    76
    90
   106
     0
     2
     0
     0
     1
     8
    26
   161
   152
   121
    53
    51
   183
    63
    64
    57
    45
    75
    51
   220
    90
    50
    80
    75
     0
     4
     7
     9
     6
     2
   100
   315
   175
   123
    86
    58
    45
    88
   176
    89
    34
    28
    66
    65
    67
    46
    60
    47
     6
     0
     3
     7
     4
     4
    30
    48
   234
   121
    55
    24
    82
    44
    18
    23
   100
    37
    59
   217
   174
    88
    41
    33
     0
     5
     1
     4
     0
     0
   209
   290
   383
   160
   106
   121
    52
    52
    67
    50
   111
    41
    22
    51
   137
   169
    40
    97
     0
     0
     3
     0
     3
     1
    61
   282
   241
   229
    60
    41
    46
   103
    61
    27
   124
    37
    44
    43
   102
   157
    57
    46
     0
     9
     0
     3
     0
     5
    87
    39
   574
   177
    95
    40
    47
    44
    88
    24
   133
    92
    86
   102
    77
    38
    79
    65
     0
     2
     3
     2
     1
    20
    80
   286
   172
   234
    45
    42
    55
    32
    78
    27
    69
    91
    98
    92
    56
   187
    41
    34
     0
     0
     0
     0
     3
     0
    77
    76
   197
   154
    75
    86
   197
    65
    33
   105
    30
    49
    54
    65
    25
    61
    82
   173
     0
     0
     5
     0
     0
     0
    52
   124
   181
   215
    49
    29
    45
    79
    96
    33
    34
    23
    45
    27
   110
    88
    57
    66
     2
     4
     0
     1
     7
     6
    57
   118
   272
   184
    47
    42
    30
    81
    92
    39
    33
    41
    50
    48
    29
   182
    34
    65
     0
     4
     7
     0
     7
     0
    34
   254
   393
    95
    40
   191
    60
    66
    26
    54
    39
    86
    61
    26
    90
    68
    74
    48
     3
     0
     7
     0
     0
     0
    77
   183
   110
   141
    38
    95
   101
   199
    44
    64
    82
   113
    58
   226
   164
   210
    66
    28
     0
     5
     0
     0
     5
     0
    43
   229
   400
    52
    32
    86
    94
    45
   187
    45
    21
    55
    30
    87
   154
   123
    40
    36
     5
     7
     0
     6
     1
     0
   109
    77
   329
   174
    47
   107
    50
    59
    21
    39
    24
    63
    45
    72
    58
   113
    34
    57
     0
     0
     9
     0
     6
     5
    45
   101
    78
   280
    95
    74
   105
    84
    61
    57
   105
    28
    33
    75
   224
    48
    86
    34
     4
     6
     9
     0
     0
     4
    56
   111
   285
   237
   102
    68
    62
    53
    69
   136
    32
   231
    72
    79
    89
    81
    80
    41
     0
     4
     8
     0
     7
     4
    66
   130
   244
   179
    40
    64
    86
    40
    69
    89
    30
    44
   116
    38
   217
   110
    84
    46
     7
     0
     0
     8
     6
     0
   111
   238
   329
   196
    33
    64
    57
    49
    50
   235
    50
    61
    77
    41
    75
   169
    55
    56
     0
     0
     0
     6
     5
     0
   101
   239
   236
   231
    61
    98
    44
    58
    63
    64
    61
    41
    55
    69
    92
   148
    61
    48
     0
     9
     4
     0
     4
     7
    72
   138
   334
   199
    17
    98
    22
    56
   327
    57
    49
    76
    53
    59
   169
   151
    69
    23
     0
     1
     5
     0
     0
    12
   127
   289
   129
   161
    98
    62
    50
    41
    26
   246
   166
    45
    80
    51
    65
   235
    96
    59
     8
     0
     0
    11
     0
     0
    69
    67
   309
   159
    65
    37
    33
    37
    34
    31
    61
    47
    68
    52
   313
   163
    58
    61
     0
     6
     8
     4
     5
    11
     6
    38
   112
    29
   181
    46
    50
    87
    39
    32
    46
    37
    92
    85
    71
   111
   205
    82
    63
     0
     0
     0
     0
     6
     0
    56
   161
   272
   148
    57
    44
    71
    61
    51
    28
   124
    53
    98
    82
   244
    31
    78
    65
    12
     0
     0
     6
     0
     0
    54
   315
   332
   104
    38
   230
    57
    71
    85
    65
   216
    48
    50
    79
   314
   111
    49
    48
     5
     1
     0
     7
     7
     4
   127
   147
   188
   218
    52
    51
    37
    32
    55
    95
    53
    64
    55
    48
   130
   256
   100
   125
     0
     0
     2
    11
     0
     6
    96
    74
   161
   100
   121
    23
    74
   222
    31
    31
    36
    52
    60
    40
   324
   121
    40
    53
     4
     4
     0
     3
     6
     5
    49
    74
   153
   199
    57
    42
    54
    40
    66
    54
    35
   219
   150
    67
    87
   147
    74
    47
     0
     1
     3
     8
     0
     9
    18
    89
   301
   250
   129
    23
   111
    60
    13
    79
    72
   232
    51
    21
    48
   250
    48
    64
     9
     0
     4
     3
     3
     9
    47
    82
   234
   119
    84
   172
    34
   144
    23
   113
   307
    34
    95
    93
    85
   186
    50
    54
     6
     0
     8
     0
    13
     0
    67
   272
   400
   200
    35
    95
   118
    52
    88
    67
    95
    38
    33
    65
    56
    12
    48
    90
     0
     0
     0
     0
     1
     1
    93
    74
   123
   343
   121
    87
    42
    79
    29
   136
   165
    68
    55
    46
   185
   131
    47
   104
     2
     7
    20
     0
     0
     0
    98
   181
   169
   112
    49
    63
    91
    43
    57
    59
    66
    39
    77
   141
   358
   138
    25
    79
     6
     8
     0
     0
     0
     0
    56
   221
   137
   160
   166
    86
    36
    39
    43
    39
   214
    80
    62
    40
   123
   154
    40
    42
     0
     4
     3
     9
    10
     4
    73
   125
   238
    74
   212
   105
   128
    35
    74
    56
    44
   240
    54
   351
    99
   187
    83
    42
     0
     5
     0
     1
     0
     0
    35
   300
   260
   117
    45
    28
    60
    41
    68
    48
    53
    30
    28
   118
    34
    65
   156
    71
     4
     0
     2
     0
     0
    14
    83
   146
   110
   130
    22
    27
    60
    83
   169
    47
    41
    23
    77
    57
    90
   104
   197
   123
     5
     5
    11
     2
    17
     5
    65
    27
   142
    71
    90
    30
   107
    86
    37
    40
    31
    65
    15
   167
   167
    27
    31
    31
     8
     8
     6
     0
     1
     0
    82
   229
   211
   185
    51
    20
   133
    53
    79
    90
   208
    58
    93
    43
   259
   209
    86
    42
     6
     1
     3
     0
     0
     0
   132
   222
   500
   173
    51
   145
    15
   164
    66
    71
    39
    79
    77
   132
   161
   253
    46
    32
     0
     4
     5
     2
     0
     0
   106
   231
   334
   161
    27
    34
    30
    22
    52
    41
    70
    80
    79
    21
   251
    96
    23
   128
     0
     0
     0
     4
     8
     0
    24
   273
   509
   223
    63
    46
    41
    83
    47
    66
    46
    13
    40
    62
    96
    87
    40
    26
     0
    10
     0
     0
     8
     0
    51
   219
   280
   102
    44
   194
    45
    77
   219
    62
   135
    69
    53
   212
    75
    57
    40
    18
     3
     0
     2
     0
     0
     0
    86
   151
   299
   144
   131
   104
    89
     7
   174
    56
    28
    49
    50
    54
   144
   117
    24
    73
     0
     4
     0
     7
     1
     8
    47
   320
   335
    86
    56
    51
    88
    65
    43
    61
    35
    89
    55
    42
   196
    75
    31
    39
    13
    15
     7
    23
     0
    10
   140
   189
   160
   235
    94
   120
   192
    59
    44
    73
   117
    55
    67
   124
   211
    90
    90
    89
    12
     6
     5
     0
    11
     0
   101
   240
   210
    80
   137
    51
    33
    88
    96
    48
    35
    49
    58
    77
    75
   212
    58
    60
     0
     0
     4
     8
     2
     0
    81
   207
   218
   196
    42
    75
    27
    39
    98
    61
   113
    74
    79
    44
   122
    49
    73
    90
    12
     7
     8
     0
     6
     0
   119
   121
   248
    57
    22
    38
    54
    69
    35
    50
    52
    62
    88
    28
   132
   129
    57
    90
     0
     7
     0
     0
     0
     0
   137
    82
   189
    66
    75
    42
    52
    64
    64
    79
    35
   228
    41
    72
   180
   240
    39
    53
     5
     0
     0
     1
     0
     4
    74
   241
   323
    65
    25
    89
   171
    35
    36
    42
    30
    46
    25
    62
    71
    68
   117
    81
     5
     0
     8
     2
     7
     0
    41
   203
   281
   149
    39
    80
   109
    53
    68
    33
    42
    85
    57
    47
    31
    70
    61
   127
     1
     1
     0
     0
    10
     0
    38
   196
   204
   122
   115
    47
   200
   199
    73
    61
   130
    51
    38
    81
   418
    89
    66
    62
     0
     5
     0
     3
     0
     0
    56
   223
   392
   197
    31
   185
   143
   121
    95
    50
    48
    83
    91
   258
   209
   255
    45
   114
     2
     5
     2
     0
     6
     0
    88
   129
   328
   241
    59
   121
    56
    67
    63
    71
   118
    67
    63
    49
    38
   109
    27
    34
     0
     0
     3
     9
     3
     0
    59
   142
   195
   285
    47
    78
    59
   118
    40
    58
    42
    97
    86
    48
   384
   124
    63
    58
     0
     3
     4
     0
     7
     0
    54
    37
   244
    76
    91
    43
    29
    48
    47
    19
    39
    84
    84
    50
    56
   178
    42
    51
     0
     0
     4
     0
    10
     0
    72
    40
   266
   169
    62
    89
    37
    44
    69
   171
    39
    32
   278
   166
   126
   106
    60
    53
     0
     2
     3
     0
     9
     3
    66
   201
   339
   183
    37
    43
    78
    35
    23
   124
    95
   190
    42
    97
    80
   258
    57
   132
     0
     5
     0
     2
     0
     0
    79
   241
   266
   281
    16
    36
    43
    16
    96
    56
    49
    55
   143
   125
   119
   125
    32
    71
     0
     0
    12
     5
     0
     8
    20
   165
   326
   297
    60
    70
   104
    87
   264
    70
    76
    58
    49
   244
   168
    72
    84
   110
     5
     4
     4
     0
     2
     0
    20
   126
   203
   323
   108
    31
    44
    48
    32
   122
    60
    50
    63
    43
   199
   231
   129
    57
     0
     4
    18
     0
     6
     0
    38
   140
   332
   165
    25
    40
    86
    90
    76
   200
    40
    52
   216
   216
   118
   233
    73
   110
     0
     0
     0
     0
    10
     0
    79
   134
   333
    58
    32
    48
    33
    31
    85
    49
    47
   189
    33
    55
   248
    74
    38
    92
     8
     0
     0
     2
     4
     7
    75
   240
   312
   117
    65
    97
   101
   111
    78
    58
    72
    50
    45
   191
   246
   294
    72
    42
     5
     1
     1
     0
     3
     0
    21
   123
   282
   355
    69
    82
    46
    54
    44
    32
    74
    80
    45
    63
   142
   175
    31
    85
     0
     0
    10
     1
     0
     0
   106
    89
   494
   294
    60
    24
    86
    93
    46
    61
   110
    86
    93
   335
   153
    84
    30
    47
     0
     0
     4
     7
     6
     4
   115
   266
   304
   240
    72
   126
   133
    42
    60
    77
    54
    40
   172
   108
   106
   150
    79
    22
     2
     0
     1
     0
     8
     2
    48
   218
   332
   166
   101
   164
    74
    51
    71
    52
    88
    47
   121
   184
    72
   122
    27
   127
     0
     0
     1
     0
     0
     2
   130
   306
   202
   270
    48
    95
    40
    47
    76
   129
    56
    49
    60
   173
    42
   212
    40
    84
     0
     0
     1
     0
     4
     0
    70
   179
   180
   320
   132
    32
    47
    78
    63
    35
    79
    52
    87
   226
   118
   117
    55
    39
     0
     0
     6
     0
     0
     0
    80
   150
   199
   341
   233
    68
    84
    56
    45
    41
    46
    44
    31
    30
   139
    74
    50
    82
     0
     0
     0
    12
     3
     0
    83
   313
   201
    61
    64
    78
   100
    47
   125
    57
    90
    33
    70
    81
    92
   127
    97
    48
    12
     8
     1
     0
     0
    11
    82
   342
   222
   192
    94
   151
    49
    46
    42
    94
    86
    57
    39
    52
   142
   109
   124
    49
     3
     0
     0
     3
     0
     0
    53
   170
   499
   239
   110
   186
   212
    58
    67
    93
    54
    85
    98
    84
   136
   103
    81
    40
     8
     0
    12
     0
     7
    10
   112
   223
    36
   106
    62
    32
    79
   194
    99
   149
   111
    51
    70
    37
    36
   256
    50
    26
     0
     8
     4
     0
     0
     0
    45
   102
   232
   345
    33
    52
    70
    65
    83
   202
    65
    47
    55
   193
   138
   270
    46
    28
     5
     6
     0
     0
     0
     5
    78
   278
   339
   113
   124
    72
    47
    94
   105
    49
    81
    86
    38
    83
    90
    79
    82
    43
     0
     9
     0
     4
     0
     0
    99
   184
   241
   203
    56
    32
    38
    35
    70
    88
    35
    42
    40
    54
    97
    53
    39
    65
     0
     0
     1
     0
     0
     8
    31
    82
   232
   115
    36
    72
    38
    47
   202
    44
    34
    58
   201
    34
    14
   116
    22
    31
     8
     0
     0
     2
     2
     0
   136
   138
   269
   122
    64
    40
    71
   251
    60
   108
    67
    53
    38
   148
   110
   133
    84
    39
     0
     0
     0
    14
     0
     8
    72
   124
   336
   133
    77
    58
   317
   102
    70
    41
    79
    88
   214
    80
   360
    79
    84
   113
     5
     8
     9
     0
     0
     0
    65
   107
   207
   137
    43
    56
    83
    96
   110
    47
    60
    55
    66
   180
   176
   117
    47
     0
     0
