    40
     0
     0
     2
     0
    13
    83
    59
    55
    15
    20
     8
    16
    17
    12
    24
    42
    10
    25
    18
   158
    29
    78
     9
     0
     0
     0
     0
     0
     1
   122
    95
     5
     3
    12
    15
     7
    30
    27
    16
     7
    14
     1
    71
    53
     3
     5
     0
     8
     0
     0
     0
     0
    17
     4
   204
    69
    25
    16
    18
    20
     8
    25
    24
     9
    23
     7
    47
     7
    21
     1
     0
     7
     0
     0
     9
    10
    12
     8
    86
    12
     7
    10
     4
    14
    14
     9
    20
    11
     6
     9
    11
    67
    69
    13
     0
     0
     0
     0
     0
     7
    21
    55
    41
    43
     6
    15
    13
    15
    13
    13
    17
     4
    24
   102
   145
    55
    18
    14
     0
     0
     0
     0
     0
     0
     4
    23
    92
    52
    15
     6
    25
    49
    12
    13
    70
     9
    13
    14
   103
    20
    25
    20
     2
     0
     0
     0
     0
     0
    39
     8
   103
   103
     0
    18
    31
    19
    30
    17
    52
    49
     6
    30
     9
    17
    24
    20
     1
     0
     0
     0
     0
     0
    22
    89
   131
    13
    12
     4
     6
     6
    36
    86
    21
    13
    18
    25
    42
     7
    19
     0
     0
     0
     0
     7
     0
     0
    70
    99
    57
    12
     8
    21
    13
    47
    24
    14
    21
    35
    13
    12
   142
    61
    23
    40
     0
     0
     0
     0
     6
     0
     1
    69
    66
    19
    22
     9
    13
    96
    29
    15
    13
     0
    17
    31
    27
    49
     7
    19
     0
     0
     0
     0
     0
     0
     5
    85
    28
    18
    66
    16
    15
     4
     2
    16
    25
    26
    12
     7
     5
     3
     8
    46
     4
     4
     0
     0
     0
     0
    19
    12
    61
    97
     6
    14
    14
    20
     1
    46
    16
    18
    55
    32
     5
    57
    27
    25
     0
     0
     0
     6
     0
     0
    16
    13
     4
   107
     5
    16
    10
    73
    76
    27
    51
    34
     3
   129
   105
    20
    13
    33
     0
     0
     0
     0
     7
     0
    59
     7
    18
     7
     7
    17
    32
    63
    22
    17
    10
    11
    17
    18
   193
     4
    25
    14
     0
     0
     0
     6
     0
     0
    77
    45
    14
     4
    53
    12
    18
    22
    53
     6
     5
    12
    14
    13
   186
    32
    19
    21
     0
     0
     0
     0
     0
     0
     9
    16
    59
    22
    12
     8
    15
    10
    22
    17
     6
     7
    35
    14
    62
    65
    15
     0
     0
     7
     0
     0
     0
     0
    62
   131
    55
    16
     8
     8
    74
     8
     5
    27
    18
    15
     7
    11
    34
    61
    16
    16
     0
     5
     5
     0
     0
     0
    14
    89
    48
     8
    17
    24
     0
   129
     8
     7
     9
     9
    26
    17
    20
   151
    11
     8
     0
     3
     0
     0
     0
     8
     5
    55
   141
    30
    11
     9
    28
    24
    18
     8
     0
    17
    17
    10
    11
     6
     5
    39
     0
     0
     0
     0
     0
     0
    17
    32
    69
    17
     9
     7
    22
    21
     9
     3
     3
    60
    45
    27
    23
    26
     7
    23
     0
     6
     0
     0
     0
     0
    14
    21
    19
   133
    19
    18
    17
    60
    17
    15
     5
    31
    28
    17
    12
     9
   145
    15
     0
     0
     0
     7
     0
     0
    24
    12
    49
     3
    15
     8
    17
    15
    14
    16
    27
    11
     4
    16
    14
    10
    13
    34
     1
     0
     9
     0
     0
     0
     0
   131
    64
   103
    15
     9
    53
     9
    20
     9
    19
    15
    17
    57
     4
    16
    24
    16
     0
     0
     0
     4
     0
     0
     0
    18
    43
    94
     9
    25
     2
    30
    14
     5
     0
     7
    11
    99
    47
    57
     8
    31
     0
     0
     0
     0
     8
     0
     8
   183
    17
    33
    23
    63
    27
    10
    19
    17
    14
     4
    13
    18
    28
    11
    58
    17
     0
     0
     0
     0
     0
     0
     4
    50
   170
    50
     7
    44
     8
    39
    17
     9
    27
    15
     5
     3
    13
    43
    16
     9
     1
     0
     0
     0
     0
     0
    15
    77
   135
    60
     9
    35
    22
     4
    22
    10
    20
    17
     0
   189
    62
    58
     3
     0
     0
     0
     0
     7
     1
     0
    23
    47
   166
    37
     6
     3
    19
    26
    14
     3
    20
    31
     7
    34
     1
    15
    41
     8
     5
     0
     0
     0
     0
     0
     9
    13
    22
   140
    59
     2
     2
    12
    20
    36
    11
    55
     2
   336
     7
    44
    24
     2
     0
     0
     0
     0
     0
     0
    12
     1
   120
    45
    18
    14
    12
     4
    19
    46
    47
     6
     5
    15
   143
     7
    48
     3
     0
     0
     1
     0
     0
     0
     8
    18
    12
    12
     0
    44
    11
    15
     9
     0
    33
    31
    15
    11
    41
    54
     2
    34
     0
     0
     0
     0
     0
     0
    13
    91
    85
    22
    18
    14
     1
    17
    15
     9
    23
     8
    23
    18
     9
    48
    10
    16
     0
     0
     5
     0
     0
     0
    34
    44
   130
    83
     8
    24
    13
     9
    16
    17
    22
   145
     1
     0
    51
     4
    91
    37
     7
     8
     0
     0
     8
     0
    17
    26
    24
    15
     7
    20
    24
    27
     8
     5
     5
    23
    32
    89
    65
    66
    79
    18
     0
     6
     4
     0
     0
     0
    23
    62
    88
   188
    24
    23
    14
    13
    32
    36
    28
     7
    22
    15
    23
    50
    10
    15
     0
     0
     0
     0
     0
     0
     3
    13
   101
    65
    16
    20
    12
    33
     8
    19
    14
     9
     8
    37
    15
   250
    12
    19
     0
     0
     0
     1
     1
     4
     9
     8
    62
    13
    11
     9
    41
    10
    16
     6
     8
    46
    15
     8
    21
    50
    19
    15
     3
     8
     0
     6
     0
     0
    32
    89
    53
    88
    68
    18
    14
    13
    51
    13
    12
    20
     4
    15
     2
    47
    41
    21
     3
     0
     5
     1
    11
     0
    10
    23
    17
    87
    13
    16
    20
    13
    19
    10
     7
    23
    27
    15
    15
     4
    18
    23
     0
     0
     8
     0
     7
     0
    35
    60
    27
    88
    11
   155
     4
    14
    58
     7
    44
     6
    14
    18
   154
     9
    55
    11
     0
     0
     0
     0
     0
    10
     8
   132
    59
    20
    28
    16
    22
    10
    66
    97
    25
    18
    15
    15
    33
    19
     9
    13
     0
     0
     0
     0
     0
     0
    60
    33
   157
     0
    90
    14
    28
     0
    39
    23
    30
    21
    38
     6
    45
    73
    37
    57
     0
     0
     0
     0
     1
     0
    29
    60
    21
    93
    22
    20
     6
    15
    10
    27
    11
    22
    11
    50
     9
   153
    55
    54
     0
     0
     0
     0
     0
     3
    17
    15
   123
    96
    18
    60
    15
     7
    16
    61
    20
    47
    13
    12
     7
   151
    26
     8
     0
     0
     0
     0
     0
     0
    14
     0
   110
    48
    36
    22
     1
     7
    72
     9
    18
    10
    20
    64
     0
     9
    50
     2
     0
     7
     0
     0
    10
     0
    58
     7
   118
    30
    22
    14
    26
    18
    15
    47
     8
    64
     5
    15
    11
     7
    64
     6
     0
     0
     2
     0
     0
     2
    27
    19
    75
    54
    29
     5
    18
    22
    25
   154
    23
   156
     6
    18
    16
    56
     4
    10
     0
     0
     0
     4
     0
     2
    18
    22
    57
    44
    70
    18
    11
    83
    29
    37
    64
    17
    35
    48
    98
    93
     9
    11
     0
     0
    10
     0
     0
     0
     5
    23
    56
    17
   148
    29
    13
    42
    11
     8
    24
    22
    29
    13
     1
     9
    20
    11
     9
     0
     0
     0
     0
     0
    11
    65
    89
    84
     3
    70
    29
    37
     8
     8
     4
    36
    18
    23
   132
    61
    17
    15
     2
     1
     0
     0
     0
     0
     1
    30
    64
    48
    17
     6
    13
    33
    56
    16
    26
    13
     9
    46
    55
    14
     5
    21
     0
     1
     0
     0
     0
     1
    69
    62
    11
    35
    51
    26
    16
    57
   149
    20
    20
    54
    38
    62
    11
     4
     7
     0
     0
     0
     0
     1
     0
     0
    34
    54
   137
   143
    23
    11
    60
     3
    48
    38
    14
    44
     0
     1
   102
     6
    18
    13
     0
     0
     0
     0
     0
     0
     7
    21
   139
   138
    25
    22
    14
    16
     4
    26
    16
     8
    24
    18
    15
    69
    23
    14
     8
     0
     0
     0
     0
     1
    22
    71
   152
   153
    19
    28
    15
   159
    12
    26
    76
    28
    46
    60
    45
    17
    56
     8
     2
     0
     6
     0
     0
     0
    31
    15
    85
    17
    26
     8
    14
    31
    10
    18
    50
    16
    30
    17
     6
    22
    29
    28
     0
     0
     0
     5
     0
     9
    53
    26
   132
    34
    17
    13
    13
    33
    30
    30
   144
    17
     8
     4
    14
    20
     7
   164
    11
     0
     0
     1
     6
     0
     5
    63
    97
   173
     0
    10
    20
    19
    21
     2
     5
   160
    11
   144
    23
    29
    41
     3
     6
     0
     2
     8
     0
     4
    35
    65
   130
    52
   155
     8
    23
     7
     3
    18
     7
    14
    11
    30
    58
    59
    20
     3
     6
     0
     6
     0
     0
     0
     5
    60
    87
   123
    15
    14
    14
    69
    10
    10
    15
     4
     9
     1
    22
    40
    12
    21
     8
     0
     0
     0
     0
     0
    32
    77
   106
    45
    11
     5
    12
     8
    24
     5
     7
     5
    12
     7
    98
    59
     6
    32
     0
     0
     2
     0
     0
     5
    55
    40
    97
    22
    76
     5
    25
    14
    28
    27
     4
    18
    11
    18
    62
    12
     5
    10
     0
     0
     0
     0
     0
     0
    23
    70
    89
    61
    19
    12
    14
    17
    30
    26
    16
    23
    28
    18
    22
    78
    25
    52
     0
     0
     0
     0
     0
     0
    41
   145
    27
    33
    11
    24
    19
     8
    33
    13
    15
    18
     1
    12
   151
    12
    36
    10
     0
     0
     0
     0
     0
     0
     4
    18
   143
    89
     4
    10
    10
    14
     7
     2
    18
    22
    49
    10
    10
    67
    15
    27
     0
     1
     0
     0
     0
     2
    18
    77
    57
     6
    13
     6
     1
     2
    17
    15
     1
    12
    13
    21
    11
    61
    14
    12
     0
     0
     0
     0
     0
     0
    37
    67
    88
     0
    24
    24
     7
     4
     0
    23
     9
    13
    21
    44
    15
    65
    31
    40
     0
     0
     0
     2
     5
     3
    16
    67
    63
     2
     0
    81
     7
     0
    20
     6
    15
    17
     9
    17
    23
    14
    21
    25
     0
     0
     0
     0
     0
     0
    19
    22
    97
    97
     9
    16
     1
    35
     7
    30
    25
    19
    21
    65
     6
   180
    18
    13
     6
     0
     3
     0
     0
     0
    27
    52
    51
     6
    57
    20
    30
    40
    19
     9
    13
    22
    22
    12
    15
    18
    30
   152
     0
     0
     0
     0
     7
     0
    25
    83
    57
    54
    32
    25
    15
    27
    11
     6
     1
     8
    43
     4
     0
     0
    17
    18
     0
     0
     0
     2
     0
     0
    28
    60
   132
     3
    18
    16
    10
    29
    11
    25
    25
     0
    14
    46
   103
   235
    21
    16
     0
     2
     0
     4
     5
     0
    43
    51
   176
    13
    14
    11
    15
    35
    14
    70
   164
     5
    12
     8
    14
    18
    14
     5
     0
     1
     0
     0
     0
     2
    88
    57
     9
    43
    47
     8
     7
    22
    16
    25
    14
     2
    11
    19
     8
    58
     7
     2
     0
     0
     0
     0
     0
     0
    27
     5
   148
    54
    12
    16
    15
    13
   156
    20
    27
    11
     9
    16
   205
    51
     9
     9
     0
     0
     7
     0
     0
     0
     8
    43
   199
     7
    26
     1
    19
    16
    15
    26
    19
    60
     5
    10
   152
    12
    13
     8
     1
     0
     0
     0
     0
     0
    12
    12
    48
    46
    19
    17
    13
     8
    19
    14
     7
    10
    50
    17
    66
    52
    12
    25
     5
     0
     4
     0
     0
     0
    57
     8
     7
    11
    10
     7
     8
    13
    30
    15
    15
    57
     0
    11
     8
     7
    25
    79
     0
     0
     0
     0
     5
     7
     9
   120
    50
     9
    15
    13
     0
    15
    47
    10
     6
    10
    20
    59
     0
     8
    21
    14
     6
     3
     1
     0
     1
     3
    30
    57
    47
    78
    13
     2
     8
    13
    31
    22
     2
     3
    22
    27
     4
    14
     4
     0
     7
     0
     5
     0
     0
     0
    10
    30
    23
    49
     4
    59
    20
    10
    28
     8
     4
     8
    21
     3
    45
    12
     9
    23
     0
     0
     0
     0
     0
     0
    88
   131
    14
    42
    18
    26
     2
    10
    10
    23
     1
   141
    17
     0
    30
    19
     0
    14
     0
     0
     1
     0
     0
     8
    11
   106
   133
    10
    11
    30
    29
    12
    34
    15
     5
    17
     2
    10
    17
    65
    32
     6
     0
     0
     6
     0
     0
     0
    12
    54
   246
    51
    14
     9
    21
    17
     3
    20
    20
     9
     9
    20
    42
    40
    12
    16
     0
     0
     0
     0
     0
     5
    27
    86
    51
    50
    17
    15
    23
   151
    22
    23
    13
    18
     7
    74
    14
    28
    64
    16
     0
     0
     0
     0
     0
     0
    21
    17
    74
    81
    57
    17
    24
    28
    21
    56
    17
    11
     3
    21
     9
     7
     6
     3
     1
     5
     0
     0
     3
     0
    18
     0
    94
     9
    15
    21
    26
    13
    64
    10
    21
     1
    45
    19
    65
    92
    19
     7
     0
     0
     0
     0
     2
     5
    57
    16
    10
    14
    62
    23
    10
     5
    18
    17
    47
    12
    20
    16
   147
    55
    12
     8
     0
     0
     0
     0
     3
     0
     5
    95
   131
    43
    11
    24
    17
    58
     8
    12
    25
    10
    17
   105
   156
     6
    12
    25
     2
     0
    10
     0
     3
     0
    22
    62
    99
    65
    19
    33
    18
     7
    56
    11
    34
    13
    17
   159
    20
    10
     8
    19
     0
     0
     0
     0
     0
    23
   125
    89
   161
    22
     8
    16
    18
    42
    15
     9
    80
    17
     5
    39
    74
    19
    12
     0
     0
     3
     0
     4
     0
     6
    12
    78
    93
    12
    21
    49
    63
    16
     4
    22
     2
     8
     6
    53
    23
     5
    11
     0
     0
     0
     1
     0
     1
     9
    12
    92
    15
     4
    21
    21
    16
    35
     0
    13
     3
     4
     8
    16
    19
    57
    12
     0
     0
     0
     0
     0
     3
    18
    54
    91
     7
    15
    19
    22
    17
     5
    14
    23
    24
     3
    10
     6
    63
    11
    10
     0
     0
     0
     3
     0
     3
    40
    18
    69
    11
    32
     9
    13
    13
    11
   164
    56
    15
    31
     2
     7
    55
    55
    19
     4
     0
     8
     0
     0
     7
    20
     9
    11
    14
    27
     1
     2
    14
    17
    17
   164
    24
    26
     3
    21
    32
     9
    29
     0
     0
     4
     0
     0
     0
    18
     7
    55
    47
     6
    10
    21
    14
    21
    13
    12
    17
     7
    11
     8
    92
    14
    27
     0
     0
     0
     0
     8
     2
    12
    15
   105
    32
    18
    15
    27
     9
     8
   148
   162
    25
    17
     7
     4
    59
    24
    23
     4
     0
     0
     3
     0
     0
    13
   100
     7
     6
    22
    27
    18
    88
     4
    12
    11
     6
    12
    12
    47
     0
    17
    69
     0
     0
     6
     8
     0
     2
    27
    62
    50
   131
    67
    14
    20
     5
    11
     9
     3
    45
     3
    18
    25
    66
    43
    20
     4
     0
     4
     0
     0
     0
    26
    51
   145
    12
    10
    47
    14
     8
     5
    23
    18
    30
    13
    16
    52
    45
    59
    44
     0
     3
     0
     0
     2
     0
    13
   133
    42
    52
     8
    14
     3
    21
    13
    21
    21
    18
    12
     6
     9
    51
    17
    30
     4
     0
     0
     0
     0
     0
    14
    55
   130
    46
    14
   155
    13
    17
     6
    11
    11
    31
     4
     1
    11
    11
    27
    24
     0
     4
     0
     0
     2
     0
    12
    20
    60
     7
    47
     5
   150
    21
    16
    20
    51
     7
    34
    72
    16
    19
    16
    10
     0
     0
     0
     0
     2
     2
     9
    19
    57
   121
    35
    17
   170
    16
    11
     3
    10
    43
    21
    50
    42
    22
    13
    24
     9
     0
     0
     0
     0
     0
    10
    65
    92
    17
    25
    17
    34
    14
    22
     8
    13
    35
    16
    20
    67
    45
    17
    54
     0
     0
     0
     0
     0
     0
    21
    54
   104
    55
     6
    22
    44
     3
    25
    49
    11
    22
    21
    13
    46
     6
     6
    22
     0
     7
     0
     0
     2
     0
    30
     3
   125
    41
    21
    15
    12
    13
    11
    68
     7
    27
     7
    55
    18
    44
    28
    12
     0
     0
     1
     0
     3
     0
    61
    53
    14
    61
    24
     8
    12
     5
     3
    15
     1
     7
    12
     7
    10
     7
    19
    11
     0
     0
     3
     0
     0
     0
    55
     0
    88
    35
     9
    23
    17
    19
    43
    16
    11
     4
     0
   162
    26
    41
     3
     7
     0
     0
     0
     4
     0
     0
    12
    16
    51
    53
     0
    14
    12
    18
    32
     7
    13
    10
    22
    15
    21
    14
    14
    25
     0
     0
     0
     0
     0
     0
    11
    58
    93
    23
    33
     9
    32
    25
    38
    54
    12
    16
    14
    24
    45
   131
    29
    28
     0
     0
     0
     6
     0
     0
    15
    10
     3
    14
     0
     7
    11
    11
    24
     0
    13
    11
     9
    26
     0
   187
     6
    20
     0
     0
     0
     0
     0
     0
    16
    23
    78
    10
    12
    13
    12
    13
     3
    27
    14
   142
    16
    19
     5
     8
     1
     6
     0
     0
     0
     0
     0
     7
     8
    83
    22
   115
    34
     0
     0
    14
     9
    16
    15
     8
    56
     6
    44
    18
     3
    13
     0
     0
     0
     0
     9
     3
    14
     2
    53
    53
    28
    16
    52
    12
    42
     3
    25
    10
     2
    44
   162
    49
    47
    26
     0
     0
     0
     0
     0
     0
     9
    28
    53
     0
    13
    11
    12
     0
    12
     6
    19
    17
    62
    18
    13
    46
    31
    19
     8
     0
     9
     0
     0
     0
     3
   136
    91
    13
    40
   161
    17
    18
    40
     3
    17
    20
    54
     8
     4
    28
    21
    21
     0
     0
     0
     0
     0
     0
    18
     8
    82
    60
    33
    22
    18
    10
    52
    31
   145
    65
     4
    55
     6
    90
    48
    25
     0
     2
     0
     0
     0
     0
    21
     8
    63
    19
    22
    22
    24
    12
    24
     3
    15
    36
    27
    11
     8
    55
    60
     3
     0
     0
     0
     0
     0
     2
    10
   109
    88
    90
    15
    50
     3
     8
    25
    22
    14
    16
    12
    15
    66
    90
     9
    22
     0
     9
     0
     0
     0
     0
     6
     9
    61
    66
    17
    18
    13
     8
    16
    25
    16
    19
     9
    20
    16
    91
     9
     5
     0
     0
     0
     0
     0
     1
    73
    49
   134
    87
    44
     9
    22
    19
    28
     7
     2
     9
     8
     5
    20
    15
    46
    16
     0
     0
     0
     0
     0
     0
    32
    42
     9
    52
    26
    16
    13
     8
    16
     9
    13
    10
    12
    15
    16
    24
    18
     3
     4
     0
     0
     4
     0
     4
    10
     5
    47
     4
     8
    33
    33
    20
    14
    57
    20
    12
     1
     7
    57
    97
    47
    26
     5
     0
     0
     0
     0
     0
    13
    76
    55
     8
    10
    10
    37
    15
     9
    14
    26
    24
    12
     6
    58
    61
    13
    50
     0
     0
     0
     0
     0
     0
     1
    45
    48
    86
     2
     5
    40
    22
    13
    15
    22
    10
     0
    31
   159
     5
    57
    10
     0
     0
     0
     0
     0
     0
     1
    40
     4
    12
    17
    11
    14
     7
     7
     0
    33
    51
     3
    10
     1
    74
    25
     3
     0
     0
     0
     0
     0
     0
     3
    84
    13
    56
    19
    54
    27
    16
     7
     8
    10
    14
     5
     9
     0
    19
     7
    17
     9
     1
     0
     0
     0
     0
    14
    57
     9
    58
     9
    45
     9
    11
    15
     3
    11
    48
    56
     6
    51
    12
     0
    35
     0
     0
     8
     0
     0
     0
    11
    50
    52
    50
    16
    14
    72
     2
    11
    23
     8
    13
    66
   189
   159
    55
    47
    19
     0
     0
     0
    10
    10
     0
    17
    15
   146
    12
    23
    17
    61
     6
    26
    19
   100
     4
     3
     4
    16
    22
    11
    22
     0
     0
     0
     8
     0
     4
    15
    19
    92
    60
    17
    16
    31
    10
    75
    19
    28
    15
    14
     2
     0
     9
    16
    13
     4
     0
     0
     0
     3
     0
    10
    48
    31
    10
    25
    14
    23
    10
    19
     5
     8
    19
    37
    35
    29
    55
     5
     8
     0
     2
     0
     2
     0
     0
     0
    27
    97
    61
     5
    11
     2
     2
     4
    15
    39
    11
    24
    17
     8
   101
    20
    13
     0
     0
     0
     7
     0
     0
     3
    49
    95
    48
     2
     6
     6
     2
    10
    14
    14
     9
    24
     1
     5
    13
     9
     6
     0
     0
     6
     0
     0
     0
    53
    88
     4
   131
     0
    58
     9
    19
    14
    21
    11
    12
    13
     9
    19
    48
    10
    12
     0
     0
     0
     0
     5
     0
    15
    54
   100
     0
     9
     3
    51
     6
    20
    45
    20
     7
    23
     4
     8
     3
    42
    13
     0
     0
     0
     0
     0
     0
     4
    92
    58
     8
    24
    10
    33
     6
    10
    28
     0
    60
    21
    29
    91
    11
    64
    18
     5
     0
     0
     0
     0
     0
    98
    56
    54
     9
    20
    22
    21
   238
    24
     6
    22
     0
    16
    18
   155
    66
    22
   156
     0
     0
     0
     0
     0
     0
    19
    14
    13
    10
    34
    10
    12
     1
    14
    13
   151
    16
    11
    18
    91
    17
    31
    32
     0
     0
     0
     0
     0
     0
    16
    15
    91
     2
    13
    13
    33
    21
    15
    10
    25
    58
     6
    31
     8
     9
    24
    18
     0
     2
     0
     0
     0
     0
     6
    96
    96
    57
    19
    20
    43
     8
     7
    56
    20
    36
    13
     6
    12
    12
     6
    21
     0
     0
     1
     0
     0
     0
     9
    16
    86
    12
    23
    21
    10
     9
     5
    14
     9
    23
     0
     4
    18
    21
    19
    16
     0
     0
     4
     0
     0
     0
     6
     3
    63
   150
    10
    11
    45
    19
    19
     9
     4
    24
    11
     8
    16
    19
    10
    13
     4
     0
     0
     0
     7
     0
     7
    60
    64
    11
    35
    14
    13
     8
    60
    26
    20
   158
    15
    22
    14
    12
     3
     9
     0
     0
     2
     3
     0
     1
    54
    95
    21
    65
    16
    10
     7
    20
     8
    50
    16
    11
    26
     1
    49
    21
    17
    34
     0
     0
     0
     0
     0
     0
     5
     9
     9
    69
     0
    20
    11
    20
    14
    12
     9
    54
    10
     6
     8
    21
    24
     0
     0
     0
     0
     0
     0
     0
     6
    22
    42
     8
    17
    18
    16
    12
    19
    20
    10
    18
    11
     8
    16
    61
    10
     7
     0
     0
     2
     9
     3
     0
     9
    23
    33
    45
    27
    59
     8
     6
    11
    18
    44
    24
     9
     7
    40
     7
    15
    13
     0
     0
     0
     0
     2
     6
    15
    11
    84
    48
    10
    24
    66
   199
     2
     4
    23
    20
    18
     4
     1
     8
    18
     1
     0
    13
     0
     0
     0
     9
    61
     0
    56
     9
     8
    24
     6
    51
    15
   147
    53
    20
    17
    30
     5
    82
    18
    16
     0
     3
     0
     0
     0
     0
   131
   169
    27
    21
    11
     8
    66
     3
     4
    23
    15
     8
    84
     0
    12
   137
    11
    11
     0
     0
     0
     0
     0
     2
    26
   123
   236
    54
    23
    11
    15
    51
    24
    18
    38
    23
     0
    11
    22
    30
    13
    17
     0
     0
     0
     0
     0
     3
     4
     6
    21
   124
    10
    12
     4
    17
   158
     7
    13
     2
    14
    11
    17
     7
     9
     5
     0
     0
     0
     0
     1
     0
     1
    41
    46
     8
     8
    12
     9
    34
     8
    20
     5
    11
     3
    35
   146
   152
    14
     8
     0
     0
     0
     0
     0
     0
    34
    85
    59
   105
    14
    10
    21
    11
   149
    23
    10
    17
    20
    33
    50
     8
     3
    17
     0
     0
     0
     0
     0
     0
     4
    20
    45
     8
     3
     3
    18
     9
    14
    49
    18
    17
    20
    13
    94
    24
     3
     9
     0
     0
     9
     0
     0
     0
    38
    43
    96
    43
     4
     8
    13
     5
    55
    23
    16
    10
     6
    25
     0
    28
    25
    20
     0
     0
     0
     0
     0
     0
     5
    70
   184
    82
    19
    22
     2
    24
    18
    14
    52
     2
    10
    41
    86
    71
     6
     7
     0
     0
     0
     0
     3
     0
    19
    14
    53
    17
     7
     8
     5
     6
    57
     6
    14
     9
    10
    37
    15
   149
     1
    12
     0
     0
     0
     0
     0
     0
     6
    16
   120
   108
     6
     6
    23
    29
     9
    13
     8
     8
     5
     7
   167
    56
     5
     8
     0
     0
     0
     0
     0
     0
    20
    12
    88
    51
     9
    11
     6
     5
    17
    13
    12
    15
     4
    18
     4
    16
     8
    16
     0
     0
     0
     0
     0
     3
    89
    14
    97
     8
     0
    22
    18
    12
     6
     9
    14
     7
     3
    41
     8
    54
     4
    21
     0
     0
     0
     0
     0
     0
    45
   105
    10
    55
    41
     1
    27
    13
    23
    42
    12
     9
    44
    19
    59
    51
    25
     5
     4
     0
     0
     0
     0
     0
    18
    57
   195
    12
     5
     5
     3
    31
    19
    13
    10
    12
    11
     5
    44
    48
    15
    23
     2
     0
     1
     0
     0
     0
    10
    61
    89
    82
    20
    27
     9
   111
    51
     6
    25
    25
     8
    70
    56
     5
    15
    18
     0
     0
     0
     0
     0
     5
     1
     9
    99
    94
    29
    17
    24
     8
     8
    14
     4
     5
    23
    17
    16
    15
    19
     0
     0
     0
     0
     0
     0
     0
    15
    26
    19
    43
     6
    18
    17
     2
     8
     7
    40
    22
    12
     1
    94
    22
     9
     5
     0
     0
     0
     2
     0
     2
    14
     2
   174
    96
    25
    27
    56
    21
    13
    27
     2
    28
     6
    12
    22
    35
    19
    10
     0
     0
     1
     0
     0
     0
     7
     9
    52
    14
     5
    26
     2
     8
   164
     6
     8
     8
    33
   152
     3
     3
     0
     3
     0
     0
     0
     1
     0
     5
    11
    55
    87
    55
    12
     9
     2
    13
    29
     2
     2
    12
    49
    47
   151
    62
     9
    56
     0
     0
     0
     0
     0
     0
     7
    54
   157
     6
     4
    23
    21
    39
    17
     1
     2
     0
    22
    53
    16
     0
    24
     7
     0
     0
     0
     2
     0
     7
    30
    48
   153
    48
    24
    33
     3
    15
    12
    12
    29
     8
    16
    24
     8
    67
   150
    21
     5
     0
     0
     0
     0
     0
     5
     5
    56
    52
    23
    49
     1
     5
    23
    16
    16
    10
     7
    41
     6
    15
    23
    22
     0
     0
     0
     3
     0
     0
    95
    63
    52
    19
     5
    16
    51
     5
     8
    13
    56
     4
    20
    11
    15
    46
    16
    20
     0
    13
     0
     3
     5
     0
    17
     2
   178
    62
    29
    50
    13
    18
    25
    21
    10
    21
     3
    14
    14
     8
    20
    12
     0
     0
     0
     0
     0
     0
    26
    46
     7
     6
     3
    23
    12
     9
     4
    20
    20
    44
    12
    19
    42
    47
    34
     3
     3
     0
     1
     0
     5
     0
     5
    53
    53
    59
    42
     2
    13
     0
    13
     3
    20
    16
    46
    17
     5
    22
    28
    28
     0
     0
     0
     0
     0
     0
    21
    13
   190
    12
     2
     6
     1
    29
     5
    22
     5
    10
    12
    15
   103
     7
    12
     1
     0
     0
     0
     7
     0
     0
    36
   137
    99
    46
    25
    20
    23
    26
    34
    18
    15
    55
     2
    17
     9
   226
     9
     0
     6
     0
     0
     0
     0
     0
     7
    29
   130
    55
     6
     8
     7
    18
    40
    25
    16
    46
    29
    54
     7
    50
     9
    30
     2
     0
     0
     0
     0
     0
    76
     1
   132
     0
     0
     3
    23
    51
    22
    17
    14
     8
    21
     6
    20
    18
     7
    26
     0
     0
     0
     0
     3
     0
    30
   128
    16
     7
    10
    12
    13
    18
     9
    15
    12
    15
   148
    36
    29
     7
    14
    10
     0
     0
     0
     0
     0
     0
    12
   103
    53
    15
     6
     4
     9
    13
     0
     9
    25
     4
    57
     3
    79
     0
     6
     6
     0
     0
     8
     0
     0
     0
    15
    21
    52
    51
     5
    19
    18
     0
    19
    43
     0
     0
     8
    49
    59
     6
    12
    47
     0
     5
     0
     0
     0
     0
    27
    39
    93
    61
     3
     4
    15
    10
     6
     7
     4
     4
    12
    13
    10
    94
     8
    11
     2
     0
     0
     0
     0
     0
    13
    48
    48
    66
    15
    24
    16
   145
    13
    50
    10
   159
    29
    21
    17
    18
    12
    13
     0
     0
     0
     5
     0
     0
    26
    20
   158
    95
     8
    29
    33
    23
   148
     8
    15
    50
     5
     9
    13
    18
    16
   156
     0
     0
     0
     0
     0
     0
    15
    45
    65
    71
    60
     9
     8
   148
    20
    89
     7
    18
    12
    20
    15
     8
     8
    14
     1
     0
     2
     0
     0
     0
     8
    61
    47
    10
    15
     5
   200
     5
     7
    57
     6
    14
     4
     2
     3
   155
    25
    17
     0
     0
     1
     0
     0
     0
    12
    35
    84
    41
     6
    17
     6
     6
     6
    20
    14
    11
     9
     9
    44
    10
     9
    20
     0
     0
     4
     7
     0
     0
    11
    11
    90
    14
    21
    15
     2
    30
    10
     5
    18
    17
     7
    47
   153
    59
     0
     5
     0
     0
     0
     0
     6
     0
     0
    50
    11
    20
    12
     8
     4
   143
    14
    26
     3
     2
     4
    42
    12
     4
     4
    23
     0
     0
     0
     0
     0
     2
    19
    31
   102
    16
    60
   145
     3
    43
    19
     0
    11
     8
    67
    12
   154
    12
    24
    14
     0
     0
     0
     0
     0
     6
    14
     8
    94
    10
    13
    12
     7
    23
    10
    14
    50
     9
     7
    12
     4
    17
     7
     0
     0
     0
     0
     0
     0
     0
    10
    53
    30
    48
    15
     0
    30
     9
    15
    16
     2
     9
     8
     4
    51
     4
    19
    11
     0
     0
     0
     0
     0
     0
     0
    58
   100
    54
    12
    21
    27
    16
    15
    16
     4
     8
     2
    12
     4
     9
    52
     8
     0
     0
     0
     0
     0
     8
     8
     8
    14
    37
    21
     2
    10
    24
    21
   191
     1
    12
    22
     1
     7
     5
    15
    11
     0
     0
     0
     0
     2
     2
     0
     4
    52
     9
     5
     6
     6
    13
    51
     3
     8
    19
     4
    30
    17
     5
    26
     3
     0
     0
     0
     0
     0
     0
     7
    10
     7
    47
    12
    17
     1
     0
    16
     9
    81
     0
     7
    56
     6
    49
     0
     6
     0
     0
     0
     5
     0
     0
    19
    21
     6
   126
    14
     5
    48
    10
   142
    23
     5
    53
    17
    14
    12
    44
     9
    33
     0
     0
     0
     0
     9
     0
     9
   105
    95
    13
    12
    56
    22
    15
    14
   148
    10
    37
    21
    18
    82
    11
     9
     9
     0
     0
     0
     0
     0
     0
     0
    18
    43
    45
    14
     0
    10
    62
     9
    22
     4
    12
     9
    18
    17
    18
     6
    13
     0
     0
     0
     0
     0
     0
    18
    43
    20
     0
     5
    11
    14
     2
    17
    30
    23
     3
    17
    34
    13
    49
    31
     7
     0
     0
     0
     0
     0
     4
     6
    10
    55
    47
     5
    16
    23
    22
    15
    20
    10
    74
     2
    12
    41
    43
     3
    19
     0
     0
     0
     0
     0
     0
     5
    24
    12
   101
    15
    11
    15
     7
     4
    15
    19
     2
    13
     3
    41
   192
     0
    33
     8
     2
     4
     0
     0
     0
    22
    96
    46
    51
     2
     0
   148
     9
    10
    46
    21
    54
    46
    13
    11
    41
    24
    19
     0
     0
     0
     0
     0
     0
    39
    41
   175
   114
    60
    10
    19
    14
    17
    19
    53
     3
     3
     7
    17
    56
    16
    10
     0
     0
     1
     0
     0
     5
    13
   160
     2
   157
    10
    14
     5
     7
    14
     6
     2
    22
    10
    24
     4
    56
    16
    44
     0
     0
     0
     0
     0
     9
    26
    15
     1
    16
    17
     0
    33
     1
     6
    11
     0
    23
    19
     5
    50
     7
     8
    51
     7
     2
     0
     0
     0
     8
     4
   144
    51
    54
    15
     9
    12
    23
     9
    51
     7
     5
    10
    55
    28
     0
   150
    51
     0
     2
     0
     0
     0
     0
     3
   108
    85
    43
    17
    12
    16
    17
    28
    10
     1
     5
    13
    15
    22
    54
    18
     7
     0
     1
     0
     3
     0
     0
    63
     8
    58
    22
    13
    19
    29
    14
     9
    23
    12
     7
    18
     7
     9
    42
     0
    20
     0
     0
     0
     2
     1
     0
    17
    49
   101
    57
     1
     0
     5
    10
    13
     7
    28
     2
     8
     9
    12
     6
     4
    24
     0
     0
     0
     2
     1
     0
    17
    44
    86
    42
     8
     3
    18
    12
    24
     7
    25
    11
    20
     7
     6
    24
     7
    12
     0
     0
     6
     0
     0
     0
    17
    57
   166
    26
     6
    18
    10
     7
    54
    21
    10
    24
    63
    21
    10
    54
     9
    16
     0
     0
     0
     0
     0
     0
    22
    26
    82
    12
     8
    10
    22
    11
    12
     0
     5
     8
    12
     8
     6
    44
    11
     6
     2
     0
     0
     0
     0
     1
    16
    10
    17
    50
    22
    18
    20
    14
     6
     2
    10
    42
     6
    14
    26
    17
    12
     6
     5
     0
     0
     0
     0
     0
    24
     4
    61
    15
    10
    13
    20
     4
    14
     4
    20
    20
    25
    14
    68
    18
     9
    18
     0
     0
     0
     4
     0
     0
    17
    58
    47
    10
    96
     9
     7
    14
     9
     6
     8
    22
     8
     7
    53
    44
    20
    38
     0
     0
     0
     0
     0
     0
    15
    12
    13
    21
    12
    25
    45
    11
     7
     5
    13
    27
     0
    12
    10
    22
    20
     2
     0
     1
     0
     0
     0
     0
     4
    58
    57
     8
     9
    13
    12
    16
    13
     8
    17
    18
     0
    10
    25
    11
     3
     5
     0
     0
     0
     0
     8
     0
     9
    18
     7
   118
     2
     7
    70
    13
     7
    30
    21
    17
    17
    12
     9
    10
    10
    14
     0
     0
     0
     0
     0
     0
     4
    95
   149
    11
    14
     5
   190
     5
   153
    21
   161
   154
    15
    14
    15
    10
    15
    18
     0
     0
     0
     2
     5
     0
     2
    20
   121
    53
    10
    11
    10
    19
    27
     7
    22
     9
     6
     5
     5
    12
     2
    25
     0
     0
     5
     0
     0
     0
    24
    29
   125
    10
     9
     0
     0
     7
     9
    18
    15
    16
     4
     9
    14
    18
    18
     5
     0
     0
     0
     0
     0
     0
    14
    82
    16
    42
    33
    14
    45
     7
     4
     8
    14
     3
    19
     8
    43
    13
    13
    14
     6
     1
     0
     0
     0
     0
     4
    12
     7
    46
     7
    19
    56
    12
    38
     8
    29
    18
     5
    15
    13
    44
     1
     9
     0
     0
     0
     0
     0
     0
    14
   122
    17
    10
     9
    21
    22
    13
    11
     9
    15
     3
     5
    32
    50
    60
     9
    16
     0
     0
     0
     7
     0
     0
     8
     7
    21
    10
    18
    21
     4
    51
    10
    18
    11
    17
     0
    76
    88
    30
    25
     6
     0
     0
     0
     0
     8
     0
    11
    52
    12
    23
     2
     3
    28
     8
    23
     3
    14
     9
     0
    13
     6
     8
    10
    10
     7
     0
     0
     3
     0
     0
    25
     7
    52
    93
    20
    13
    15
    10
    22
     9
    14
    20
     6
     2
    24
     1
     8
     4
     0
     0
     0
     0
     0
     0
    17
    14
     3
    93
    12
    13
    12
    16
     9
    18
     9
     8
     1
    16
   238
     8
     0
     6
     0
     0
     0
     0
     0
     0
    12
    57
    55
    52
    25
     2
    16
    10
    17
    27
     6
    21
    52
    49
    58
     6
     0
    49
     0
     0
     0
     0
     0
     0
     0
    59
     0
     3
     4
    14
    15
    26
    12
     7
    14
    19
     3
     1
     8
     1
    57
     8
     4
     0
     0
     0
     0
     0
    27
   102
    92
    49
    12
     8
    62
     9
     3
    21
    14
    41
     2
   155
    13
    10
     7
     6
     0
     0
     0
     5
     0
     0
    17
    45
   121
    25
     7
    18
    14
    61
    23
     2
    20
    19
    22
    45
    12
     9
    17
    21
     4
     2
     0
     0
     1
     0
    51
     8
    41
    27
    14
     7
    50
    24
     5
     3
    67
   153
    14
    12
   285
    54
     2
    17
     0
     0
     0
     0
     0
     0
     3
    33
    51
    13
     9
     9
     6
    46
     4
    16
    22
    90
    15
     0
    18
    47
     6
     6
     0
     0
     0
     0
     0
     0
     7
     8
    15
    13
     6
    23
     7
     7
    55
     2
     8
     3
     5
    60
    46
    27
     9
     0
     5
     0
     0
     0
     0
     0
     8
    14
   124
    44
    36
    16
     3
    53
    40
     8
     9
    21
     7
     6
    26
     0
     5
    21
     0
     0
     0
     0
     4
     0
     4
   175
    62
    12
     7
    55
    63
    19
    13
    24
     0
    50
     6
    10
    52
    51
    21
     1
     0
     0
     0
     0
     0
     0
    11
    16
    93
    14
     3
    14
    15
    59
     7
     4
    27
    14
    41
    65
    97
    89
     4
     7
     5
     0
     0
     0
     0
     1
    17
    45
    48
    17
     4
     2
    61
    28
     5
    20
     8
     6
    14
    27
    15
   165
     2
     6
     0
     0
     0
     0
     4
     0
     9
    57
    62
    49
     9
    17
    10
    21
     7
    14
    21
     2
     6
    27
    19
     5
     0
    22
     0
     4
     1
     0
     0
     0
     6
    43
    90
    44
     8
    21
    11
    20
    18
     1
     3
    33
     5
     6
    16
    44
    29
    13
     0
     0
     0
     0
     0
     0
     9
    49
    45
    88
    18
    11
    50
    54
     2
    59
    22
    17
     4
    64
    19
    14
     5
    10
     5
     0
     0
     0
     0
     0
    15
    21
   125
    95
    14
    16
    25
    18
     8
    17
    22
     1
     9
    33
     8
    90
     2
    11
     0
     0
     0
     0
     0
     0
     8
    44
    45
    54
    10
     1
     4
     6
    25
     6
    12
    15
     9
    59
    44
    27
    17
     8
     0
     0
     0
     0
     6
     0
    27
    46
    23
    24
     6
   115
    41
    38
    17
     9
    13
    25
    24
    22
    54
    80
   153
    30
     0
     0
     0
     0
     0
     0
    55
    56
    46
    14
     3
    19
    12
    38
     9
     9
    27
    17
    26
     4
    51
    67
    20
     9
     0
     0
     0
    12
     1
     4
    15
     7
    52
     7
    14
     4
    65
     4
     6
    15
    22
     8
     2
     8
    70
     9
    15
    17
     0
     0
     0
     0
     0
     0
    70
    54
     4
     6
    23
     0
    13
    14
    18
    31
    18
     3
    10
    18
     5
     2
     1
     1
     0
     0
     0
     1
     0
     0
    25
    57
    90
    51
     4
    34
    10
    21
    10
     2
     6
    32
    12
    14
    20
    20
    15
    20
     0
     0
     0
     0
     4
     0
     7
   134
    52
    23
     9
    10
     2
     9
     9
     9
    14
     6
     5
    10
    17
     5
    18
    33
     0
     0
     0
     0
     0
     0
    59
    20
     3
   129
    13
     0
    12
    12
    13
    27
    28
     5
    11
    18
     8
    46
     0
     6
     0
     0
     0
     0
     0
     0
    18
    52
    66
    99
    25
   151
    21
    95
    19
    63
    26
    60
    17
    13
   114
    55
    59
    13
     0
     0
     0
     0
     0
     0
     8
    21
   151
    50
     2
    29
   157
     5
     9
    14
    25
    12
    30
    24
    64
    16
    16
    18
     0
     0
     4
     0
     0
     0
    32
    42
    45
    15
    11
     7
     2
    21
     5
    26
    10
    21
     0
    22
    30
    22
    16
    20
     0
     0
     0
     0
     0
     0
    15
    49
    48
    43
    58
     6
    22
    25
    18
    20
    33
    28
    20
    11
    12
   160
    17
     9
     0
     0
     0
     0
     0
     0
     5
     8
     1
    47
     9
    11
    16
     8
    15
     8
     0
    28
    21
    15
     9
     4
    18
    15
     0
     0
     0
     0
     0
     0
     3
    25
    42
    51
    12
    68
    55
    29
    46
     4
    17
     4
    20
     9
    15
    84
     0
    49
     0
     1
     0
     0
     0
     3
     5
    22
    94
    66
    11
     1
    11
    19
    17
     6
    24
     0
    10
    23
    12
    54
    82
    14
     0
     0
     3
     0
     2
     0
    13
    57
    57
    10
     6
    14
     7
    28
    14
     9
    39
    13
    18
     5
    48
    11
     0
    16
     0
     0
     0
     0
     3
     0
    29
    86
   137
     3
    13
    22
    24
    17
     1
     5
    19
    19
    17
     7
    15
    16
    22
    15
     4
     0
     0
     0
     0
     0
    42
    70
   110
     2
     3
    39
    16
   144
     3
    19
    48
    40
     4
    12
    81
    11
     1
     6
     0
     0
     0
     0
     7
     0
    11
    60
    87
    23
     7
    10
     5
    20
    13
     8
    17
    17
     0
    48
     0
    14
    17
    18
     0
     0
     0
     0
     0
     0
    11
    16
   133
    26
     0
     1
    16
    13
    28
    17
     4
    14
    17
    53
     7
    47
    13
    13
     2
     0
     0
     0
     9
     0
    23
     2
    41
    68
     7
     2
    41
     7
    14
    11
     8
    67
    17
    18
    13
    24
    18
     8
     0
     0
     0
     0
     5
     0
     7
    49
    90
    41
     5
    18
     1
    27
    16
    28
    21
    16
    12
    11
     5
    56
    17
    41
     0
     0
     9
     1
     0
     0
    19
    11
   143
    54
    53
    10
    24
     7
    20
    11
    24
    19
    68
     8
    14
    22
    55
    17
     0
     0
     0
    10
     0
     0
     9
    30
    93
   130
    60
     4
    18
    27
     4
    47
    52
    65
    16
    21
    10
    57
    19
    18
     0
     0
     0
     0
     0
     4
    53
    28
    93
    84
     0
    17
    12
    11
    26
    10
     6
     7
    16
     4
   226
     1
    36
    56
     4
     0
     0
    10
     0
     0
    43
    47
     7
    17
     5
    20
    15
     8
    32
     8
    24
    25
     0
     8
   165
    10
     3
    46
     2
     0
     0
     0
     0
     0
    15
    58
   101
    10
    14
    35
    23
     4
    13
    62
     1
    10
     1
     1
     7
    52
    19
    12
     0
     0
     0
     0
     0
     0
    18
     7
   122
    82
    15
    20
    18
    15
    12
     4
    17
     5
    11
     6
    59
    13
    13
    56
     0
     5
     0
     0
     0
     0
    52
   123
    91
   128
     9
    11
    17
    19
    17
    54
   139
    18
     1
    15
    44
    12
     3
    22
     4
     0
     0
     0
     0
     1
     7
     0
   167
    98
    12
    28
    13
     0
     7
    13
    25
    22
     9
    17
    27
     9
     3
    63
     0
     1
     0
     3
     0
     2
    13
    15
    46
    53
    25
    19
    14
    29
    43
    22
    21
    20
    25
    62
    68
     7
    15
    10
     0
     0
     0
     0
     0
     0
     4
    36
    17
   109
    16
     0
    23
    12
    60
    32
    10
    23
     6
    19
     0
     7
    24
    75
     0
     0
     0
     2
     0
     0
     2
    53
    36
     5
     4
    24
    27
     1
    54
     5
     4
    13
    28
   156
    48
    77
     5
    10
     9
     0
     0
     0
     4
     0
    32
     4
    49
    19
    10
    11
     7
    22
    10
    30
    11
    66
    16
    23
    84
     0
    42
     0
     1
     0
     0
     0
     0
     0
    54
    94
    58
    54
    21
    23
     8
    12
    19
     3
    16
    14
    29
    23
    63
     6
     7
     5
     0
     0
     5
     0
     0
     0
    28
    28
   168
    44
    20
    20
    18
    18
    21
     7
    15
     6
    15
     4
    18
    16
     2
    12
     0
     0
     0
     3
     0
     0
    36
    98
   181
    17
    14
    17
     6
    27
    20
    21
    34
     9
    18
    30
   166
    28
    20
    18
     0
     0
     0
     0
     0
     0
    62
    19
    99
    53
     8
    33
    18
     6
   148
    47
    24
    24
    15
    28
    44
     4
    11
     4
     4
     0
     0
     0
     0
     0
     7
     0
    68
    53
     3
    10
    32
    13
    23
    19
    16
    26
    14
   184
    50
    14
    19
    10
     0
     0
     8
     0
     0
     0
   114
    82
    66
    49
    21
    47
     6
    17
    19
    15
    15
    14
    35
    25
    48
    60
    34
    47
     0
     5
     0
     0
     0
     0
     2
    58
    67
    18
     3
     4
    12
     2
    10
    12
     6
     1
     7
    16
     5
    10
    20
     8
     0
     1
     0
     0
     0
     0
    13
    77
    41
   106
     8
    20
    12
    11
    58
     3
    19
    16
    21
    49
    47
    88
     7
    32
     0
     0
     0
     0
     0
     0
     7
    53
   122
    52
    27
     0
    15
    10
     9
     8
     9
     8
     0
    23
    66
     0
     6
     9
     0
     7
     0
     6
    10
     0
     9
   138
    55
    63
     5
    10
     5
    21
    12
    51
     7
    56
    10
    40
    31
    21
    13
    11
     0
     0
     0
     5
    11
     0
    15
    13
    98
   126
    21
     7
    22
    15
    41
    21
    12
    12
    18
    22
    12
   101
    10
    44
     0
     0
     0
     0
     0
     7
     6
     1
   130
    10
    13
    11
     2
     8
    27
     3
     8
    16
    16
    93
    56
    11
    12
    17
     0
     0
     0
     0
     0
     0
    48
    10
    26
   120
    16
     7
   152
     4
    17
     6
    19
    17
     6
     2
    22
     9
     8
     5
     0
     0
     0
     0
     0
     4
     5
    81
    70
     5
     7
    25
     3
    42
    16
     3
     5
     7
    22
     7
     4
    16
    63
    16
     0
     5
     0
     0
     0
     0
    11
    19
     4
   131
     0
     6
    17
    19
    10
    17
    53
    13
    67
    18
    61
    94
    14
    22
     0
     7
    11
     0
     0
     0
    11
    23
    84
    75
     6
    24
     8
     9
     2
    10
    15
    45
    22
    28
    16
    10
    29
     5
     0
     2
     0
     0
     0
     0
    10
   131
   100
     5
    15
    20
    34
     8
    22
    22
     7
     0
    19
     5
    53
    43
     0
    20
     7
     0
     0
     0
     0
    10
    16
   124
    31
   103
    52
    17
    16
    53
     8
    24
    31
    14
    17
     6
    14
    55
    76
    24
     8
     0
     0
     0
     2
     0
    20
    55
    90
    83
    13
     8
    17
    16
    20
    47
    12
    20
    89
    13
     7
    29
    30
    22
     6
     0
     0
     0
     0
     0
     9
   142
    11
    21
    22
     3
     0
     8
    11
     8
    19
    14
    81
    12
     9
    15
     8
     8
     0
     0
     0
     0
     0
     0
    27
    24
    98
    46
    39
     9
    66
    11
    57
    23
     7
    14
    58
     2
    51
     4
     9
    20
     0
     0
     0
     0
     0
     0
     0
     9
    15
    57
    86
    23
     7
    23
    29
    60
    13
     7
   156
   150
     0
    27
    17
     7
     9
     0
     0
     0
     0
     0
     0
     6
     8
    16
    20
    11
     7
    29
    11
     9
     7
    65
    16
    15
    16
     4
     4
    17
    18
     0
     0
     0
     0
     0
     0
    29
    91
    97
    79
    33
     8
     1
     6
    20
    32
     3
    23
     0
    10
    19
    24
    16
    31
     8
     0
     0
     0
     0
     1
    59
    17
    62
    48
    19
    24
    45
    21
     0
    27
    54
    29
     8
     4
    87
    46
    25
    21
     0
     0
     0
     0
     0
     0
     4
    32
    89
    30
    10
    24
    17
    20
     2
    11
    24
    22
    81
     8
    42
     7
    15
    12
     0
     0
     0
     0
     0
     0
    11
    65
    60
    26
     3
    14
    21
    21
     9
     6
    12
   166
     6
    53
    24
    30
    14
    23
     0
     0
     0
     5
     0
     0
    26
    47
   142
    53
    16
    20
     9
    52
     9
     3
    12
     8
    11
    15
    17
    25
     9
    13
     0
     0
     0
     0
     0
     0
     7
    20
   128
    16
    27
    20
     7
    18
    12
    21
    48
    18
    19
    51
    45
    28
     0
    20
     0
     0
     0
     8
     0
     7
     7
    48
    58
    20
    23
     5
    17
    19
    17
     6
   169
     2
    18
    24
    36
    42
     5
     9
     0
     6
     0
     0
     0
     6
    22
    10
    93
   115
     8
    17
    74
    30
    17
    14
    14
    35
     1
    29
    42
   132
     5
     8
     8
     0
     0
     9
     0
     0
    16
    54
    60
     9
    20
    45
    17
    64
     0
    30
    26
    10
     0
   190
   159
     3
    15
    33
     0
     0
     0
     0
     0
     0
     9
    22
    48
     3
     8
    21
    19
    18
    12
    22
     5
    11
    19
    30
   146
    55
    13
    10
     0
     5
     6
     0
     0
     0
     8
     9
    55
    23
    50
     7
    11
    11
    14
    25
     7
     1
    27
     0
    11
     7
    15
     6
     0
     0
     0
     5
     0
     0
    23
    84
   128
   119
    26
    10
     5
    19
     2
     0
    48
    28
    23
    19
     2
    43
     7
    47
     0
     1
     0
     0
     0
     0
     0
    93
    87
     9
     4
     8
     3
     4
    15
     8
     7
    12
    13
     6
    13
    63
    12
    28
     0
     0
     0
     0
     0
     0
    12
    22
    61
    47
     9
     7
    24
    14
     9
    25
     7
     4
    17
    27
     5
    42
    13
    22
     0
     0
     0
     4
     0
     0
    32
   175
    49
   132
    24
   153
     9
     0
    25
    26
    14
     1
    15
    17
    54
    29
    14
    17
     0
     0
     0
     0
     0
     0
    19
    83
    57
    23
    19
    17
    25
     5
    19
    22
    10
     8
     7
    22
     7
    42
    10
    54
     0
     0
     0
     0
     0
     0
    22
    44
    41
    15
    12
    19
     9
    25
    12
    21
    21
    10
     2
    23
    24
   155
    15
    48
     0
     0
     2
     0
     0
     7
    19
   103
    55
    60
    16
    11
    60
     7
     2
    44
    28
    26
     9
    12
    13
    27
    30
    14
     0
     0
     0
     0
     0
     0
     5
    13
    10
   103
     1
    19
    14
    25
     2
    23
    20
    16
     8
    17
    20
     3
     1
    17
     0
     0
     0
     5
     0
     0
     0
    15
    63
    18
    51
    10
    25
    27
    16
     7
     6
    22
    39
     4
     8
    23
     2
     7
     4
     8
    10
     0
     0
     0
    23
    67
   104
    60
    27
    18
     9
    26
    13
    30
    18
    17
    12
    17
    59
    13
    13
    21
     0
     8
     0
     0
     1
     0
     9
    11
    55
    56
    53
    24
    31
     1
    10
    34
    12
    97
    20
    15
    25
    56
     7
    13
     0
     8
     2
     0
     0
     0
    22
   106
     9
    81
     7
     3
    10
     6
    73
    22
    13
     1
    18
    34
   181
    13
    11
    13
     0
     0
     3
     0
     0
     0
    55
    56
    47
   136
    12
    18
     2
    50
    18
    41
    11
     2
    19
     9
    55
     7
    13
     5
     0
     0
     0
     7
     0
     0
    15
    19
     1
    58
    21
     6
   151
    28
    27
    18
    42
    15
    13
     5
     9
    15
    33
     4
     0
     0
     0
     0
     1
     0
     6
    55
    15
     4
     3
    47
     9
    34
    18
    21
    35
     8
     9
     6
    47
    10
    14
    15
     0
     0
     2
     1
     0
     9
     8
    32
    85
    62
    15
     0
    64
     3
    66
     3
    19
    16
    19
    55
    52
    26
     3
     9
     0
     7
     0
     0
     1
     0
    13
    16
    55
    19
    21
    41
    18
    18
    17
    91
    15
    17
     4
    66
    15
    18
    11
     1
     0
     0
     0
     3
     0
     0
     7
    14
    60
   100
    31
    22
   148
    19
    27
     0
     9
    19
    25
     0
    23
     5
    10
    26
     0
     0
     0
     0
     3
     0
    18
     4
   169
    63
     9
    19
    54
    26
    10
    18
    15
    13
    22
    12
    11
   162
    11
    20
     0
     0
     0
     0
     0
     0
     5
    50
    40
    24
    12
    37
    17
     7
    19
    12
    11
    24
    22
    29
    12
     8
    28
    25
     0
     0
     0
     0
     2
     5
   107
    61
     3
    27
    25
    18
     2
    10
     6
     0
    29
    25
     5
    59
    66
    21
    34
    13
     0
     0
     8
     0
     0
     0
     6
    26
   128
     4
     7
     8
     3
     1
   151
    25
    32
    17
    14
    71
     9
    50
     8
     7
     1
     0
     0
     0
     4
     6
     0
    68
    53
    53
    38
    33
    16
    15
    44
     3
     5
     3
    19
    27
    78
    49
    26
     1
     0
    10
     0
     0
     0
     0
    69
    12
    52
    51
    28
     4
    12
     5
    30
     4
    18
     6
    13
    11
    95
   156
    19
    60
     0
     1
     0
     0
     0
    10
    24
    42
   101
    20
    27
    25
    20
    21
     8
    16
    17
   161
    22
   202
    25
    15
    62
     9
     0
     0
     0
     0
     0
     8
    17
    59
   168
    52
    13
    23
    27
   156
    68
    53
    18
    30
    25
    14
    27
    60
    27
    25
     0
     0
     6
     3
     0
     0
    13
    30
    28
    55
     7
    19
    22
    24
     7
    39
    11
     8
    24
    48
    21
    12
     4
     9
     0
     0
     8
     5
     0
     0
    19
    45
   148
     0
    34
    18
    19
     0
    28
     5
    34
     7
    17
    10
    68
    93
     9
    12
     0
     8
     0
     1
     0
     5
    20
   109
    70
   110
     0
    47
    14
     6
    10
    14
    15
    11
    33
    22
     2
    56
     8
    15
     6
     0
     0
     0
     0
     5
    50
    23
   104
    18
    33
    92
    10
     6
    30
     7
     8
    12
    12
    53
    91
    18
    56
     5
     3
     0
     0
     3
     0
     2
    49
   129
   126
    23
     8
    13
    28
     9
    35
     4
    28
    48
    36
    56
    35
    51
    19
    20
     6
     3
     0
     0
     0
     9
    20
    22
    89
    54
    25
    46
     5
    14
     8
    28
    19
    71
     7
    16
    58
    18
     6
    24
     0
     0
     5
     0
     0
     0
    42
    60
   153
    48
    37
    16
     4
     5
    31
    31
     7
    27
    20
     7
    13
    18
    13
     5
     0
     0
     0
     0
     0
     0
     6
    99
    58
     3
     6
    18
     6
    53
     9
     2
    21
     8
    13
    14
     9
     9
    32
    13
     0
     0
     0
     2
     5
     8
    28
    27
    45
    42
    19
    20
    15
    18
     8
    15
    10
     7
    18
     5
    12
     3
    17
    34
     9
     0
     0
     2
     7
     3
    20
    41
    43
    17
    20
     9
    13
    18
    15
     7
    11
    21
    13
     9
    50
    10
    23
    15
     2
     0
     0
     0
     0
     0
    29
     8
    98
    48
    13
    15
    21
     6
     7
    15
    33
    17
    31
    38
     8
    10
    74
     5
     0
     0
     0
     3
     0
     0
     8
    93
   133
    27
    11
    64
     2
     9
    32
    16
    21
    61
    24
    59
    54
    62
    17
     5
     0
     0
     0
     0
     0
     0
    15
    22
   111
   100
    23
     9
    46
    10
    19
    34
     7
    18
    31
    56
     5
    52
    32
     9
     0
     0
     0
     0
     7
     0
    71
    10
    44
     0
    48
    28
    17
    14
    14
    17
    22
     9
    14
    13
    40
    13
    16
     4
     0
     6
     0
     0
     0
     0
    23
     7
    49
    42
     8
    35
    32
    52
     4
     4
     5
    38
    16
     2
    59
    22
    10
    11
     4
     0
     0
     0
     0
     0
    12
     9
   100
    64
    29
    14
    19
     9
     8
    20
    26
    17
    21
    22
    46
    18
     5
     8
     0
     0
     0
     0
     0
     0
     9
     5
    42
    80
    20
    17
     7
    14
    59
    14
    14
     9
     3
     4
    37
     2
    12
    18
     0
     0
     0
     0
     0
     0
    23
    22
    54
   101
    24
     4
    22
     8
     0
     9
    27
    13
     0
    16
    31
    19
     9
     6
     0
     9
     0
     0
     1
     4
     4
    89
    64
    47
    19
    10
     5
     0
    15
    10
     1
     6
    19
    10
    21
    25
    11
    12
     0
     0
     0
     0
     0
     6
    91
    50
    54
   106
     4
    16
    17
    48
    10
    22
    14
    20
     9
     8
    57
    57
    45
    51
     6
     0
     0
     0
     0
     7
     9
    13
    59
    23
    12
    28
     2
    42
     5
     2
     2
    25
    13
    11
    18
    99
     9
    21
     0
     0
     8
     0
     0
     0
    11
    90
    56
     3
    23
    24
    54
   149
   148
    15
     3
    11
    25
     2
   155
    59
    18
     0
     0
