    36
     0
     0
     0
     0
    28
    65
   245
   203
    91
    18
    35
    13
    38
    41
   165
    31
     7
    28
    89
    35
    43
    27
     0
     0
     0
     0
     2
     0
    20
   153
   193
    31
     4
    58
    50
    40
    28
    63
    31
    44
    27
    24
   131
    54
    56
    36
     0
     4
    10
     0
     0
     0
    75
   100
   369
    57
    69
    25
    24
    66
    30
    68
    59
    30
    42
    17
    50
    18
    17
    46
     0
     4
     0
     6
     0
     2
    86
    98
   178
    79
    37
    32
    16
    25
    36
    45
    18
    54
    23
    77
    39
    25
    26
    23
     0
     6
     0
     0
     0
     7
    25
    18
    88
   122
    16
    78
    16
    14
    25
    59
    66
    80
    17
   218
    58
    30
    54
    16
     6
     0
     0
     0
     0
     7
    64
   123
   238
   139
    29
    60
    43
    97
    44
    63
    35
    67
    23
    54
    88
     8
    29
    40
     0
     0
     0
     0
     2
     0
    26
   115
   293
   127
    26
    79
    48
    47
   217
   206
    26
    70
    55
    14
    59
    46
   206
    85
     2
     0
     0
     1
     0
     0
    71
    31
    62
   144
    19
    71
   225
    41
     7
   102
    77
    13
    24
    79
   108
    25
    56
    69
     2
     6
     0
     5
     0
     1
    64
   189
    35
   109
    29
    25
     8
    44
    52
   149
    58
    25
    82
    73
    62
    18
    11
    37
     0
     2
     7
     1
     0
     0
    58
    80
   131
   133
    16
    47
    56
    37
    22
    42
    37
    68
    43
   124
   147
    17
    41
    27
     5
     0
     0
     0
     0
     0
    49
    72
   139
   190
    18
    33
    16
    35
    36
    22
   174
    51
     3
    57
   147
   112
    34
    66
     3
     0
     5
     3
     0
     0
    44
    32
   215
    53
    76
    17
    34
    62
    27
    81
   163
    20
    88
     7
    18
    17
    60
     8
     0
     0
     0
     0
    10
     0
    92
    95
    59
   105
    21
    63
    38
    44
    50
    33
    33
    35
    62
    33
    44
    50
    34
    33
     2
     0
     0
     0
     0
     0
    22
    88
   286
   120
    56
    34
    59
    36
    23
    38
    29
    41
    74
    25
    62
    50
    30
    24
     0
     0
     0
     0
     0
     1
    23
   122
   115
    33
    35
    42
    57
    91
    39
    27
    44
    32
    23
    30
    63
    23
    73
    25
     7
     0
     0
     0
     0
     0
    90
    26
    42
   184
    45
    69
    18
    31
    24
    20
    19
    53
    50
    17
    81
   143
    20
    24
     0
     0
     0
     0
     4
     5
    20
    29
   196
   179
    26
    32
    50
    30
   171
   102
    44
    17
    80
    61
    85
    89
    14
    18
     0
     2
     0
     0
     7
     9
    23
     2
    53
   179
    11
    87
    24
   122
    62
    32
    66
    69
    19
     4
    90
    63
    22
    51
     0
     0
     0
     2
     5
     0
    25
   146
    85
   106
    39
    57
    29
    41
    32
    57
    47
    12
    16
    32
   110
    80
    44
    87
     0
     0
     0
     0
     0
     8
    82
    69
    97
   124
    86
    55
    83
    43
    34
    80
    37
    27
    50
    45
   156
    90
    12
    27
     4
     0
     6
     8
     4
     4
    23
   230
   163
   102
    61
    41
    63
    90
    27
    34
    27
    54
    13
   187
    60
    40
    61
    61
     7
     0
     1
     0
     0
     3
    69
   148
   183
   128
    81
    24
    42
   119
    62
    20
    14
    33
    38
    37
   108
    97
    31
    57
     0
     0
     0
     0
     0
     1
    67
    66
    62
    96
    43
    68
   172
    77
    82
    33
    36
    20
    27
    71
    36
    52
    11
    31
     7
     5
     3
     0
     0
     2
    33
   163
    26
   130
    23
    22
   100
    16
    50
    69
     8
    39
    51
    35
    24
    44
    33
    74
     4
     5
     0
     0
     0
     0
    44
    22
   233
   116
    12
    34
    19
    36
    26
    27
    10
    24
    24
    27
   108
    62
    59
    27
     0
     6
     0
     0
     8
     2
   110
   155
    56
    95
   179
    52
    32
    33
    83
    51
    12
    17
    12
    54
    30
    86
    44
    21
     8
     0
     0
     0
     0
     0
    48
   140
   116
   311
    64
    47
    82
    32
    11
    26
    48
    28
    28
    43
   158
    96
     6
    64
     0
     0
     0
     7
     0
     0
    86
   136
   173
   233
    41
    89
    38
    15
    31
    30
   203
    20
    65
    69
    51
   106
    41
    41
     0
     0
     0
     4
     0
     0
    38
   141
    74
    76
    12
    45
    45
    37
    38
    59
    74
    34
    21
    37
    67
   358
     4
    63
    13
     7
     1
     3
     5
     0
    39
    95
   256
    33
    12
    26
    25
    57
    26
    68
    23
    62
    62
    12
    18
    89
    16
     6
     0
     0
     0
     0
     0
    10
    28
    67
   235
    95
    77
   149
    72
   110
    33
   190
    45
    87
    76
   181
    22
    14
    58
    91
     0
    13
     0
     0
     4
     3
    63
   105
   157
    30
    44
    21
    25
    28
    14
    21
    31
    42
    45
    14
    16
    32
    41
    49
     0
     0
     0
     0
     0
     0
    86
   118
    63
   123
    42
    43
    65
    59
    37
    52
    26
    22
     2
    33
    61
    17
    38
    12
     0
     4
     0
     3
     6
     7
    83
   236
   128
    74
    82
   184
   170
    74
    19
    18
    40
    36
    21
    34
    35
    40
    55
    71
     0
     0
     0
     0
     2
     0
    26
   212
   141
   174
    68
    47
    37
    92
    59
    46
    35
    28
    37
    61
   232
    85
    42
    87
     0
     0
     0
     9
     0
     0
   121
    61
   269
   113
    32
    20
    59
    15
    22
    50
    31
     9
    18
    54
   207
    22
    39
    27
     6
     0
     0
     2
     5
     0
    29
    74
   154
    93
    76
    31
    17
    18
    70
    84
    29
    54
    54
    94
    32
    94
    77
    50
     0
     0
     0
     0
     0
     0
    54
   133
   140
   157
     5
    22
    17
    64
    43
    62
    33
    15
    63
    26
    53
   113
    17
    18
     7
    11
     0
     0
     6
     1
   111
    61
   134
   230
    78
    13
    26
    30
    37
    68
   161
    42
   205
    50
    28
   167
    38
    23
     4
     4
     0
     0
     6
     5
   114
    58
    60
    61
   160
   198
    63
    37
    23
   185
    14
    87
    43
    82
    66
    38
    29
    19
     4
    10
     0
     0
     0
    16
    29
   325
   199
   136
    21
    23
    40
    81
    50
    46
    22
    78
    30
    42
    35
    36
    36
    33
     1
     0
     0
     9
     0
     1
    89
   238
    35
   184
    90
    27
    22
    71
    34
    19
    16
    43
    62
    27
   207
   260
    58
    38
     5
     0
     0
     2
     0
     5
    70
   148
   231
   148
    35
    34
    49
    21
   172
    44
    38
    47
    24
    39
    75
   358
    19
    70
     0
     0
     0
     0
     0
     0
    68
    59
    75
   106
    70
    39
    18
    69
    34
    74
    29
   188
    32
    33
    63
    65
    37
    36
     0
     7
     5
    11
     2
     0
    41
   131
   263
    61
    21
    74
    29
    11
    20
    18
    15
    39
    36
    34
    75
   126
   170
     8
     0
     0
     0
     6
     0
     0
    36
   190
   112
    38
    64
    40
    29
   104
    61
    29
    25
    80
    34
    34
   188
   191
    11
    29
     2
     4
     3
     0
     0
     8
    32
   108
   180
    72
    22
    23
    41
    26
    30
    27
    19
     6
    36
    32
    13
    28
    16
    66
     2
     4
     3
     0
     5
     0
    35
   128
   102
   136
    31
    46
   104
    69
    40
    22
    12
    74
    29
    35
    26
    14
    42
    22
     0
     7
     0
     5
     0
     4
    49
   163
   204
    39
    34
    34
    28
    27
    34
    70
   192
    34
   179
    68
    57
    64
    20
    26
     0
     3
     2
     0
     0
     1
   107
    34
   166
    64
    69
    56
    15
    25
    34
    61
    22
    52
    27
    16
    20
    94
    15
    70
     2
     0
     0
     0
     0
     7
    59
   114
   197
   116
    14
    47
    32
   104
    63
    14
    19
    17
    43
    32
    76
    31
    35
    26
     0
     0
     0
     0
     0
     1
    13
    90
   258
    57
    39
     9
    25
    68
    22
    40
    32
    20
    95
   165
    12
    72
    23
    17
     0
     0
     0
     2
     0
     0
    33
   111
   168
    93
    49
    76
   136
    34
    75
    51
    85
    31
    42
     7
    25
   155
    61
    19
     9
     5
     2
     0
     2
     0
    61
   146
   121
    98
    44
   187
    26
    44
    37
    54
    76
    48
    85
    33
   182
   107
    14
    27
     0
     0
     0
     2
    10
     0
   110
   278
    78
   103
    67
   163
    73
    50
    38
    62
    48
    44
    39
    72
   198
   162
    97
    53
     0
     0
     3
     0
     8
     0
    91
   126
   134
   153
    56
    21
    30
    62
   105
    35
   109
    28
    22
   182
   123
    79
    26
    78
    14
     0
     0
     0
     0
     0
    56
   151
   174
    62
    14
    89
    24
    41
    46
    24
    14
    10
    44
    36
   160
    72
    34
    41
     7
     0
     0
     0
     0
     0
    41
   135
   289
   103
    13
    85
    30
    32
    35
    42
    77
   152
    49
    24
    62
    41
    37
    29
     0
     0
     5
    15
     2
     0
    10
    64
   161
    64
    24
    20
    31
    50
    21
    63
    30
    19
    27
    68
    39
    61
    30
    45
     0
     0
     0
     7
     0
     7
    71
    28
   142
    71
    34
    19
    57
    38
     7
    92
    30
    58
    63
   231
    69
   191
   120
    58
     0
     4
     2
     7
     0
     0
    68
    58
   126
   138
    30
    84
    16
    79
    25
    18
    26
    14
    30
     6
   255
    38
    23
     2
     4
     9
     0
     0
     2
     0
    19
    66
   169
   114
    27
    61
    81
    36
    25
    43
    73
    47
    41
    25
    19
   123
    42
    88
     2
     4
     0
     0
     0
     0
    42
    40
   204
    34
    23
    59
    29
    16
    46
    16
    61
    41
    30
   130
   200
    45
    67
    56
     0
     0
     0
     7
     0
     4
    31
    19
   184
    70
   117
    83
    19
    26
    28
    51
    52
    80
    82
    17
   117
    48
    38
    51
     0
     0
     3
     0
     3
     0
    51
    23
   224
   193
    62
    50
    39
    40
    64
    66
    13
     2
    36
    43
    57
    54
    25
    31
     3
     3
     0
     0
     0
     0
    28
   105
   175
   143
    49
    24
    29
    43
    17
    12
    21
    15
    35
    23
   161
    74
    38
    35
     7
     0
     9
     0
     0
     0
    76
    81
    63
    62
    44
     9
    30
    20
    20
    66
    28
    27
    13
    33
    24
   177
    36
    34
     0
     0
     0
     0
     0
     0
    32
    31
    89
   178
    14
    47
    22
    49
    26
    36
    63
    24
    38
    61
    35
    38
    18
    22
     0
     5
     0
     0
     6
     0
   114
    29
    58
    96
    20
    49
    37
    94
    37
    57
    50
    77
    15
    40
   388
    31
    71
    23
     7
     0
     1
     0
     5
     7
    80
    97
    84
    17
    35
   100
    32
    98
    43
    43
    54
    31
    68
    77
   164
    88
    22
    32
     2
     1
     2
     6
     0
     0
    58
    93
    67
   141
    25
    28
    60
    28
    43
    32
    35
    28
    60
    40
    83
    17
    15
    31
     0
     0
     0
     7
     0
     1
    49
    47
   136
   172
    10
    64
     6
    14
    15
    64
    15
    38
    19
    31
    43
     8
    65
   118
     0
     0
     8
     2
     0
     1
    37
   139
   262
    23
    44
    22
    29
    20
    33
    33
    26
    27
    74
    56
   152
    24
    19
    63
     0
     0
     0
     6
     9
     2
    11
    69
   148
   299
    31
    45
    15
    22
    33
    32
    91
    23
    66
    15
    29
    23
    30
    24
     0
     0
     1
     0
     0
     0
    90
   246
    95
   103
    12
    28
   179
    27
    18
   179
    37
    13
    33
    10
   110
   213
    61
    72
     0
     0
     0
     0
     9
     6
    95
   131
   270
   242
    52
    90
    62
    13
    36
    28
    42
    27
    39
    29
    31
    52
   112
    58
     0
     8
     0
     0
     6
     0
    55
    94
    46
   131
    41
   194
    59
    39
    54
    33
    17
    30
    97
   186
    40
   131
    32
    53
     0
     0
     0
     0
     0
     0
    29
   107
   155
   169
    21
    25
    28
    24
    37
    47
    46
    67
    65
    13
    88
    15
    52
    41
     0
    13
     0
     5
    20
     0
    55
   135
    92
    77
    45
    37
    50
    31
   101
    43
    24
    22
    72
    42
    36
   141
    39
    28
     0
     1
     0
     0
     0
     5
    28
    20
   178
    64
    39
    34
    32
    42
    29
    30
    57
    19
    43
    25
    66
    53
   211
    50
     0
     0
     1
     6
     0
     0
    39
    23
   276
    68
    36
    40
    33
    55
    67
    56
    38
    19
    27
     8
    85
    73
    54
    20
     0
     4
     0
     0
     0
     7
    21
   107
    69
   143
    37
    30
    18
    95
    66
    64
    15
    56
    56
    28
    73
    86
    62
    24
     0
     7
     2
     0
     0
     0
    42
   112
   199
   160
    54
    36
    24
    12
    58
    73
    35
    35
    48
    63
    23
   156
    14
    36
     0
     0
     2
     0
     0
     0
    18
   150
   185
    91
    63
    16
    49
    32
    14
    42
    32
    23
    24
     7
   265
    28
    25
    84
     0
     0
     9
     5
     0
     0
    36
    90
   242
    90
    23
     9
    37
    36
    50
    47
    52
    53
    36
   199
   168
    93
    38
    83
     0
     0
     0
     7
     0
     0
    29
    75
    91
   178
    11
    67
    56
    21
    26
    29
    41
    33
    14
    49
   106
   165
    25
    72
     0
    12
     0
     0
     0
     0
    65
    70
   177
    41
    38
    46
    31
    53
    64
    13
    28
    30
    32
    68
    95
    28
    17
    27
     0
     0
     0
     0
     0
     0
    49
   137
   218
   136
    45
    15
    76
    60
    12
    38
    36
    36
    27
   310
    30
    38
    78
    37
     0
    14
     0
     0
     0
     0
    34
    95
   232
    90
    48
    76
   177
    34
    97
    14
    42
    49
    77
   193
   114
   112
    20
    33
     1
     1
     4
     0
     0
     1
    99
    39
   232
    64
    66
    22
    41
    35
    80
    63
    40
    22
    52
    69
    86
   224
    34
    61
     2
     0
     0
     0
     7
    38
    93
   134
   192
    37
    66
    37
    68
    64
    23
    61
    55
    49
    83
    84
   158
    51
    26
     0
     7
     0
     4
     5
     1
    30
   197
    57
   209
    35
    52
    13
    38
    39
    33
    21
    80
    68
   110
    63
    83
    78
    17
     0
     2
     0
     0
     0
     0
    69
    40
   248
    62
   151
    38
   209
    63
    19
   189
    47
    24
    50
    95
   121
    10
    24
    79
     7
     8
     0
     0
     0
     1
    28
    64
    53
   132
    18
    21
    14
    52
    31
    27
    16
   100
    36
    35
    66
    31
    20
    20
     8
     0
     0
     3
     3
     7
     6
    10
    94
    16
    18
   108
    80
    54
   208
    29
    46
    37
    89
    43
   117
    67
    35
    35
     0
     0
     0
     4
     1
     0
    63
   115
    75
    28
    23
     6
    44
    29
    20
    62
    17
    11
    25
    16
    78
   216
    15
    38
     1
     0
     7
     3
     0
     0
    40
   100
   188
   135
    36
   145
    35
    29
    63
   304
    56
    42
    36
    75
   169
   339
    62
    39
    12
     1
     0
     0
     0
     0
    95
   112
   118
   191
    51
    40
    23
    47
    31
    31
   192
   103
    34
   209
    92
   119
    86
    50
     0
     4
     4
     4
     1
     6
    29
    97
   107
    32
    39
    85
    20
    32
    25
    85
    20
    28
    64
    44
   266
    25
    33
    33
     0
    10
     0
     1
     6
     0
    72
   112
   243
   167
    24
   221
    56
    33
    24
    30
    73
    35
    25
    36
    24
    89
    60
    50
     1
     8
     0
     0
     0
     3
    80
    86
    88
   106
    44
    25
    60
    37
    19
    24
    22
    29
    64
    29
    37
    59
    18
    48
     0
     7
     0
     0
     0
     1
    25
   115
    98
   151
    61
    15
    68
   155
    56
    35
    79
    31
    34
    13
    28
    70
    38
    40
    10
     2
     0
     0
     0
     0
    43
   141
   343
   136
    32
    72
    72
    68
    54
    40
    66
    33
    60
    35
   173
    75
    50
    63
     1
     2
     0
     0
     0
     0
    32
   103
    15
   138
    43
    26
    45
    35
    39
    70
    13
    67
   114
    57
   103
    66
    33
    45
     2
     4
     7
     0
     1
     5
   135
    86
   170
   143
   246
    54
    24
    59
    28
    25
    31
    21
    19
    73
    17
   128
    51
   114
     0
     0
     3
     0
     0
     0
    40
    81
   141
   111
    31
    69
    36
    42
    10
    18
    72
    27
    24
    50
    60
    19
    69
    20
     0
     0
     3
     0
     0
     0
    19
    78
    86
    65
    34
    53
    23
    62
    31
    19
    47
    30
    17
     8
   181
    29
    42
    41
     0
     3
     0
     0
     7
     0
   108
    61
    73
    66
    33
    42
    35
    21
    17
    31
    43
    17
   204
    33
    83
    25
    23
    21
     0
     0
     0
     0
     6
     0
    28
   186
    92
    63
    23
    20
   131
    43
    71
    49
    83
    78
    30
   165
    85
    29
     9
    54
    14
     8
     0
     8
     0
     3
    34
    64
   106
   103
    27
    18
     9
    24
    34
    43
     7
    22
    30
    19
    98
    17
    20
    19
     1
     0
     0
    13
     6
     8
    28
   106
   135
    84
    46
    43
    55
    60
    27
    34
   162
    62
   181
    76
    79
   175
    66
    70
     2
     3
     4
     8
     4
     3
    91
   203
   111
   112
    82
   102
   176
    30
    52
    54
    23
    36
    17
    32
   114
    71
    48
    39
     0
     0
     4
     0
     3
     0
   103
    38
    59
    79
    53
    17
    37
    81
    34
    10
    61
   161
     0
   175
    52
    39
    20
    27
     3
     3
     5
     0
     0
     2
    13
   164
   114
   110
    18
    10
    25
    37
    33
    43
   180
    29
    36
    99
   190
    60
    17
    28
     0
     6
     6
     0
     4
     0
    26
    24
   165
   197
    33
    31
    28
    46
    40
    16
    44
    10
    27
    66
   162
    25
    34
    70
     0
     0
     2
     0
     0
     0
    69
   160
   228
    60
    23
    42
    55
    36
    79
    59
    40
     2
   150
   126
    79
    71
    28
    17
     2
     0
     0
     7
     3
     0
    65
    75
   278
    72
    17
    30
    56
    52
    29
    87
    50
    32
   163
   160
    50
     8
    45
    22
     6
     0
     7
     0
     0
     0
    43
    78
    92
    15
    29
    16
    15
    27
    15
    27
    11
    37
    23
   175
   134
    37
    20
    24
     0
    14
     0
     0
     0
     0
   111
   167
   202
   133
    59
    36
    50
    37
    24
    27
    42
    35
   167
   186
    51
   139
    49
    20
     0
     5
     9
     0
     0
     0
    31
    55
   224
   116
    50
    54
    16
    55
    56
    33
    20
    19
    19
    60
    19
    68
    18
   111
     0
     0
     0
     0
     0
     0
    16
   129
   292
   157
    16
    55
    25
    59
    35
    59
    31
    19
    35
    86
    79
    19
    24
    26
     0
     2
     5
     0
     5
     0
    32
   111
    89
    50
    54
    25
    32
    19
    34
    23
    34
    27
    22
    55
    76
    74
    31
    33
     0
     0
     0
     0
     6
     0
    36
    69
   170
   119
    22
    16
    18
     9
    45
    24
    37
    16
    92
   231
    67
    17
    40
    51
     0
     0
     2
     1
     3
     6
    43
    54
   139
    11
    38
    72
    40
    28
    15
    84
    41
    39
    24
    88
    17
    94
    24
    19
     0
     0
     9
     0
    10
     5
    39
    15
   275
   148
    64
    14
    63
    52
   163
    46
    33
    19
    28
    52
   169
    51
    42
    38
     0
     0
     3
     0
     0
     0
   132
   110
   123
   155
    81
    84
    73
    35
    41
    79
    19
    69
    59
    45
    37
   107
    42
    40
     0
     0
     7
     0
     4
     0
    42
   108
    19
    56
    46
    35
    15
    37
    35
     7
    94
     9
    55
    73
   106
    67
    29
    48
    12
     0
     0
     4
     0
     0
    22
   158
    62
   189
    14
    28
    24
    12
    54
    16
    16
    66
    22
   126
    31
    27
    46
    23
     0
     1
     9
     2
     0
     0
    40
    52
   109
     2
    32
    11
    50
   163
     7
    40
    44
   181
    81
    15
    39
    25
    21
    29
     0
     0
     0
     5
     5
     0
    26
    57
   226
   168
    16
     7
    30
    28
    19
    33
    16
    80
    23
    51
   164
   153
    23
    77
     0
     0
     0
     0
     7
     0
    11
   180
   165
   179
    23
    11
   232
    41
     6
    43
    29
    40
    26
    62
    15
    74
    29
    37
     4
     0
     2
     0
     0
     0
    46
   181
   149
    99
    18
    40
    56
    29
    33
    41
    14
    36
    59
    17
   240
    44
    61
    55
     0
     0
     0
     0
     0
     0
    15
    90
   156
   131
    31
    61
    39
   113
    46
    27
    40
    41
    28
   160
    54
   104
    30
    75
     4
     1
     9
     0
     6
     0
    33
    43
   106
   116
    58
    47
    38
    20
    23
    22
    11
    41
    42
    43
    56
    17
    29
    43
     0
     0
     0
     0
     0
     5
    11
    74
   146
    67
    27
    19
    16
    20
    42
   165
    81
    26
    17
    25
    35
    71
    74
    24
     8
     6
     0
     2
     0
     6
    64
    98
   176
    97
    41
    17
    24
    35
    36
    44
    97
    46
    22
    17
    55
    84
    15
    55
     1
     0
     0
     0
     0
     9
    18
    18
   184
   152
    38
    58
    32
   142
    22
    66
    29
    17
    25
    43
    20
    78
    89
    44
     0
     3
     0
     3
     0
     8
    34
    55
   167
    61
    14
    14
    16
    45
    14
   169
    28
    40
    38
    40
   103
    94
    35
    16
     0
     0
     2
     6
     0
     5
    27
    89
    29
   208
    67
    40
    38
   111
    53
    30
   106
    44
    43
    61
    63
    68
    38
    37
     3
     0
     1
     2
     2
     0
    18
    34
   120
   207
    36
    21
    66
    53
    36
    47
    21
    21
    24
     7
    25
    26
    70
    28
     9
     8
     0
     0
     0
     0
    74
   129
   128
    33
    18
    17
    35
     9
    23
    21
    33
    36
    15
    48
   164
    68
   166
    47
     5
     0
     8
     0
     9
     0
    64
   131
   138
    55
    24
   150
    40
    14
    15
    24
    21
    66
    68
   164
    12
   104
    22
    26
     0
     0
     0
     2
     2
     0
    70
    44
    88
    51
    10
    32
    79
    25
    71
    44
    24
    31
    47
    18
   110
    58
    67
    34
     0
     0
     3
     6
     0
     0
    17
   121
   120
    39
    24
    95
   158
    37
    31
    21
    42
    20
    23
    18
    71
   225
    25
    50
     0
     3
     0
     0
     3
     0
    56
   113
    94
    61
    19
    19
    24
    21
    22
    21
    41
    36
    27
    17
    60
    24
    21
    33
     2
     2
     0
     0
     2
     0
    31
    69
   146
    73
    34
    26
    61
    24
    24
    35
    31
    19
    30
    31
   241
    70
    27
    29
     5
     6
     0
     7
     0
    16
    22
   154
    79
   100
    30
    56
    49
    49
    57
    41
    42
   108
    67
    53
    18
   219
    20
     3
    11
     9
     0
     4
     0
     0
    27
    68
   139
   189
    32
    12
    12
    21
    73
    35
    20
    53
    39
   207
    82
    64
     8
    70
     0
     1
     0
     0
     3
     0
    31
   145
   155
   144
    12
    46
    73
    25
    23
    40
    25
    75
    43
    37
     0
    68
    25
    54
     0
     0
     0
     0
     8
     0
    23
    23
   140
   214
    31
    16
    65
    23
    29
    25
    26
    15
    31
    26
    19
   128
     9
    46
     0
     0
     0
     0
     0
     0
     8
    29
   189
   162
    47
    11
    31
    88
    15
    11
    31
    51
    30
    49
    18
    70
     9
    34
     0
     0
     8
     0
     8
     0
    13
   175
    85
    72
    35
    84
    15
   117
    93
    13
    40
    62
     8
   188
     9
    13
    27
    19
     0
     0
     8
     8
     0
     2
    36
   179
   147
    25
    25
    33
    35
    90
    43
    31
    66
    16
    18
     8
    21
    22
    36
   106
     0
     0
     7
     6
     0
     3
    99
    27
   390
   218
    51
    23
    13
    26
   133
   165
    60
    38
    42
    66
   110
    37
    70
    39
     0
     3
     8
     7
     5
     4
    24
   184
    45
    98
    21
    27
    54
     5
    28
    42
    20
    25
    67
    38
   110
    21
    25
    83
     0
     0
     0
     0
     2
     0
    70
    60
   134
    66
    26
    25
    40
    45
    13
    34
    60
     7
    33
    65
   102
    91
    19
    19
     3
     0
     0
     0
     0
     2
    51
   220
    74
    68
    39
     8
    24
    11
    17
    37
    41
    15
     9
    32
    27
    62
    34
    31
     0
     1
     0
     0
     5
     0
    63
    22
    48
   109
    22
    34
    30
    38
    33
    21
    74
    17
    20
   175
   210
    20
    84
    19
     7
     0
     0
     0
     0
     1
    22
    84
   153
   127
    28
    19
    27
    18
    47
    15
    15
    38
    31
   172
    30
   225
    45
    53
     0
     4
     0
     3
     0
     0
    23
    52
   117
    54
    51
    19
   121
    76
    12
    51
    38
    37
    27
    31
    49
   102
    76
    40
     0
     0
     3
     0
    12
    12
   101
   338
   184
   103
    33
    56
    58
    22
    27
    20
    51
    79
    49
    20
   110
   186
    45
    21
     2
     0
     0
     0
     3
     0
    71
    12
   140
     9
   181
    27
    67
    58
    26
    24
    19
    36
    19
    61
    87
    28
    65
     0
     0
     0
     2
     0
     0
     0
    35
   148
   139
    79
    32
    34
    13
    24
    13
    11
    58
    33
    57
   107
   165
    97
    60
    39
     0
     0
     5
     0
     0
     0
    28
    44
    97
    79
    61
    30
    33
   145
    20
    35
    58
    29
    31
   116
    67
    37
    24
    72
     9
     0
     0
     0
     5
     0
    15
    97
    61
    88
    11
    45
    53
    23
    48
    32
    29
    43
    15
   104
   142
    19
    60
    27
     0
     7
     0
     4
     7
     0
    99
    16
   195
    27
   206
    36
    34
    38
    38
    26
    15
    10
    84
    15
    74
   105
    22
    26
    11
     0
     1
     0
     0
     0
   115
    83
   144
    83
   183
    20
    39
    32
    26
    32
    19
    41
    67
    31
   226
    47
    20
    35
     0
     7
     0
     0
     3
     8
    30
    57
   199
   125
    30
    27
    46
    31
    35
    91
    20
    42
    41
    23
    73
    27
    44
    16
     0
     0
     1
     5
     3
     0
    22
   181
   164
    71
    43
    30
    13
    27
    33
    31
    19
    13
    25
    83
    72
    28
    29
    15
     0
     3
     0
     0
     0
     1
    30
    57
   148
    58
    24
    29
   214
   164
    16
    25
   158
    18
    29
     9
   207
    38
    10
    24
     3
     0
     0
     0
     0
     2
    29
    97
    82
    67
    29
    18
    16
    46
    42
    14
    95
    31
    30
    73
   277
    65
    31
    29
     0
     7
     0
     0
     0
     8
    20
   100
   211
   107
    50
    44
    30
    52
    39
    71
    40
    33
    26
    18
   207
    46
    61
    67
     1
     0
     0
     1
     0
     1
    56
    41
   150
    95
    50
    16
    56
     9
    24
    33
    38
    28
    80
    18
   168
    23
    14
    65
     7
     3
     5
     0
     3
     0
    75
    85
   228
    98
    37
    44
    36
    79
    31
    41
    19
    69
    38
    30
   236
    24
    34
    83
     0
     0
     0
     0
     0
     5
   102
   116
    77
    24
    27
    72
    26
    37
    30
    50
    61
    34
    42
    69
    64
   201
    27
    16
     0
     0
     0
     0
     0
     0
    38
   102
    68
    68
     7
    16
    46
    61
    77
    10
    19
    72
    18
    26
    96
   197
    25
    23
     0
     0
     0
     2
    14
     5
    11
    49
   109
    19
    14
    21
    50
    81
    13
    41
    44
    19
    82
    14
     7
    64
    18
    78
     5
     1
     0
     0
     0
     0
    37
    71
   111
    47
    34
    62
    23
    31
    24
    17
     4
    61
    34
    27
   159
    31
    25
    20
     0
     2
     0
     9
     1
     0
    36
    21
   101
    33
    57
    22
    17
    69
    22
    37
    22
    14
    40
    68
    22
    70
    33
    60
     3
     0
     0
     9
     7
     8
    83
   109
   198
    12
    28
    23
    28
    16
    23
    18
    32
    24
    15
    58
   302
    27
    25
    30
    10
     2
     2
    17
     0
     0
    29
   165
    27
    32
    21
    73
    54
    28
    43
    33
    55
    36
   178
     8
    26
    36
    38
   107
     0
     0
     0
     0
     0
     6
    75
    33
   199
    94
   109
    30
   108
    32
    49
    30
    10
    18
    48
    84
   178
    35
    27
    60
     2
     0
    10
     5
    11
     0
    26
    52
    36
    46
    23
     7
     7
    29
    23
    16
    34
    85
    79
    16
   132
   151
    40
    71
     3
     3
     0
     0
     3
     0
    15
    59
   219
   110
     7
    62
    53
    14
   129
    33
    13
    11
    16
   103
   158
    73
    36
    48
     8
     0
     0
     2
     0
     0
    58
    64
    13
    94
    73
    75
    16
    11
    20
    13
    12
    20
    23
    25
   205
    60
    57
     3
     0
     2
     0
     2
     5
     0
    21
   148
   146
   151
    32
    53
    25
    19
    10
    27
    13
     7
    19
    25
    77
    76
    38
    27
     0
     6
     1
     0
     0
     0
    16
   131
   186
    93
    56
    15
     9
    35
    18
    36
    45
    15
    50
    70
   150
    55
    21
    16
     2
     8
     0
     0
    10
    13
    37
     7
   134
    73
    20
    19
    23
    91
    42
    13
    54
    43
    56
    70
   118
   478
    23
   158
     0
     0
     0
     5
     4
     0
    26
    63
   171
   112
    44
    76
    17
    69
    80
    72
    36
    55
    48
    24
   185
   116
    13
    30
     6
     2
     1
     0
     3
     0
    50
    23
    97
   191
    25
    19
   177
    46
    12
    73
    58
    37
    28
   103
    30
    13
    34
    10
     0
     0
     8
     0
     5
     0
    19
    53
   139
   175
    31
    45
    32
     7
    22
    46
    27
    28
    84
     9
   191
    52
    20
    11
     0
     0
     0
     0
     7
     0
    36
    63
   180
    70
    17
    16
    24
    34
    32
    23
    42
   153
     6
    29
   142
    60
    43
    16
     0
     1
     0
     4
     5
     0
    28
   125
   178
    58
    30
    26
    22
    57
    29
    26
    25
    29
    30
    38
    58
    65
    57
    47
     0
     5
     0
     0
     0
     0
    25
   132
   107
   133
    29
    11
    25
    27
    83
     7
    32
    63
    87
    23
    30
    57
    37
    32
     0
     0
     0
     0
     9
     0
    36
   177
    71
    28
     9
    39
    40
    22
    72
    22
    63
    38
    42
    34
   151
    62
    20
    66
     4
     0
     0
    10
     0
     0
    15
    52
   141
    92
    18
    37
    36
    73
    40
    54
   130
    32
    49
    36
    23
    21
    13
    62
     0
     0
     0
     0
     0
     3
    72
   195
   202
    44
    24
    20
    26
    46
   221
    19
    41
    26
    12
    43
     6
    66
    24
     4
     7
     0
     0
     0
     0
     0
    13
    60
    62
    56
    25
    26
    22
    13
    13
    36
    21
     7
    54
     8
   131
    70
    35
    17
     0
     0
     4
     0
     3
     0
   118
   121
   149
   153
    74
    16
    29
    32
    16
    41
    30
    82
    58
   143
    24
     4
    22
    29
     0
     0
     0
     7
     0
     4
    71
    75
    61
   171
     5
    33
    31
    53
    28
    22
    50
    14
    77
   158
    20
    51
    27
    30
     0
     0
     0
     0
     1
     0
    19
    29
   131
    60
    63
    44
    66
     2
    48
    20
   228
    15
    25
    29
   300
    11
     4
    43
     0
     4
     0
     3
     0
     0
    14
   176
    93
    50
    28
    14
    38
    40
    45
    77
    18
    33
    39
   185
    78
    58
    29
    37
     4
    11
     0
     0
     0
     0
    25
   139
   224
    31
    40
    41
    20
    72
    26
    40
   219
   164
    59
    18
   194
    47
    19
    31
     7
     0
     0
     0
     0
     2
    15
    42
    25
   174
    75
    21
    30
    72
    20
    48
    26
    30
    23
    10
    70
   107
    49
    20
     0
     0
     0
     0
     1
     0
    71
    96
    71
    16
    20
    62
    25
    41
    34
    27
    58
    14
    17
    21
    32
   195
    41
    29
     1
     0
     9
     0
     2
     0
    20
    85
   109
    22
    26
    49
    24
   146
    12
    38
    21
    58
    36
    22
    35
   288
    31
    26
     3
     7
     0
     0
     0
     0
    36
    61
    65
    84
    22
    25
    35
   109
    26
    22
   141
     8
    12
    15
    43
   101
    83
    29
     0
    10
     0
     9
     0
     0
    34
    81
   146
    99
    12
    31
    25
    13
    19
    22
    37
    28
    22
    31
    17
    25
    28
    31
     5
     0
     0
     0
     0
     1
    14
   151
   193
    32
    38
    23
    39
    55
   201
    19
    57
    31
    21
    45
    22
    40
    64
    75
     2
     0
     0
     4
     0
     0
    35
    77
   210
   111
    41
     7
   119
   202
    53
    25
    66
    27
    14
    44
    44
    30
    46
    56
     0
     0
     0
     0
     8
     0
    20
    56
    85
    41
     7
     4
    38
    32
    28
    37
    65
    21
    85
    24
    29
    50
    13
    29
     0
     2
     4
     0
    12
     6
    15
    59
   132
    64
    21
    21
    66
    74
    82
    38
    39
    64
   157
    18
   117
    71
    21
    13
     0
     1
     0
     0
     0
     0
   106
   118
   234
    68
    57
    22
    21
    52
    20
    63
    17
    22
    48
    66
    97
    51
    14
    29
     8
     0
     0
     0
     9
     0
    25
   111
    56
    16
    32
    26
     9
    38
    22
    73
    17
    77
    10
    23
    60
    28
    10
    57
     5
    25
     0
     1
     7
     0
    19
    76
    96
    56
    16
    54
    43
    70
    44
   217
    37
    30
    19
    23
    20
   102
    19
    37
     2
     8
     0
     0
     1
     0
    56
   165
   134
   129
    76
   145
    20
    21
    45
    43
   156
    31
    27
    85
    99
    18
    17
    40
     7
     8
     0
     0
     6
     0
   134
    15
   141
   209
    19
    93
    76
    31
    23
    67
    81
    21
    18
    70
   159
    28
   118
    19
     6
     0
     0
     4
     0
     7
    73
    86
   100
    75
    24
    29
    88
    13
    37
   187
    28
     9
    26
    30
    66
    17
    34
    35
     3
    16
     0
     3
     0
     0
    24
    36
    15
   150
    81
     2
   335
    29
    56
    44
    10
    35
    19
     2
    25
    22
    20
    25
     6
     0
     1
     0
     0
     0
    41
    98
   142
   104
    22
     2
    34
    38
    15
    53
    36
    42
    91
    21
    72
    60
    34
    23
    12
     1
     0
     7
     0
     6
    35
    97
    33
    66
     9
    18
    55
    32
    20
    25
    18
    19
    23
    23
    32
    99
    10
    60
     0
     0
     0
     0
     0
     0
    38
    73
    28
    95
     2
    34
    23
    31
    42
    31
     6
   160
    43
    47
    65
   103
    15
    23
     5
     0
     0
     0
     0
     0
    87
   142
   210
   179
    29
    36
    32
   197
    52
    17
    23
    23
    38
    14
    56
    30
    27
    86
     0
     4
     7
     5
     0
     5
    33
   115
   117
   149
    34
    28
    61
    16
    26
   102
    68
    31
    33
   148
    57
   176
    48
    18
     3
     1
     5
     0
     4
     5
    58
   114
   151
    87
    14
    15
    61
    11
    18
    38
    36
    40
    16
    15
    11
    19
    24
    32
     0
     0
     3
     0
     0
     0
    15
   126
    70
    91
     9
     6
    59
    29
    35
    27
    34
    24
    69
    21
   127
    73
    16
     5
     0
     0
     0
     0
     0
     5
     8
    72
   139
   114
    27
     8
    20
    60
    28
    12
    21
    21
    35
     6
    14
    98
    86
    13
     0
     7
     4
     0
     7
     0
    36
    21
    63
   195
    24
    22
    24
    13
    60
    36
   117
    27
    51
   160
    30
    39
     7
    76
     0
     0
     4
     0
     0
     3
    15
    84
   107
    14
    58
    16
    50
     5
    16
     9
    37
    27
    65
    53
    87
    53
    58
    25
     0
     0
     0
     0
     0
     0
    34
    25
    63
    67
    40
    29
    96
    42
    48
    27
   162
     7
    34
    57
   118
    90
    39
    44
     1
     3
     0
     0
     0
     0
    29
   218
    99
   261
    27
    66
    21
    25
    35
    31
    35
    25
    63
    40
    48
   146
    26
    30
     0
     0
     0
     0
     0
     3
    44
   137
   131
    13
    28
    49
    16
    28
   212
   155
    18
   199
    60
     9
    56
   189
    28
   100
     5
     9
     3
     7
     0
     2
    10
    12
   204
    58
    16
     9
    48
    19
    26
    19
    52
    75
    10
    10
     7
   164
    30
    28
     0
     1
     3
     0
     0
     0
    58
   101
    67
    20
    35
    21
    53
    15
    36
    25
    42
    57
    26
    20
     9
    37
     8
    47
    15
     0
     7
     0
     0
     0
    68
   171
   167
    24
    35
    53
    37
    58
    28
    34
    78
    73
    39
    27
    82
   103
    57
    11
     8
     0
     4
     1
     0
     0
    45
    59
    61
    16
    12
    16
    28
    30
    85
    29
    27
    15
    22
    18
    59
    36
    56
    28
     0
     4
     0
     0
     5
     0
    35
   107
   116
   149
    37
    29
    22
    23
     7
   157
    27
    21
    22
    56
   177
   165
    56
    37
    11
     0
     0
     5
     0
     0
    20
   163
    60
   130
   109
    12
    24
    33
    53
     7
    26
    30
    15
   101
   109
   178
    36
    71
     0
     7
     0
     0
     0
     0
    24
    86
    46
    64
    32
    19
    51
    31
    33
    39
    17
     7
    10
    18
    23
    60
    45
    43
     0
     0
     0
     0
     0
     0
    38
   128
   115
    20
    27
    67
     5
    18
    35
    41
    37
    30
    32
    10
    56
    57
    56
     9
     0
     0
     0
     1
     0
     0
    68
   102
    55
    20
    25
    26
    36
    55
    17
    46
    12
    28
    28
    43
    17
    31
    90
    22
     0
     0
     8
     2
     0
     0
    22
    59
    73
   125
    56
   150
    14
    30
    44
    12
   110
    26
    65
    16
    20
    17
    24
    76
     0
     2
     0
     3
     0
     0
    60
    73
   104
    64
    14
    13
    33
    23
   124
    32
    23
    29
    28
    43
    29
    32
    18
    33
     0
     4
     0
     0
     0
     0
    34
   231
   166
    26
    25
    39
    38
    22
    24
   173
    44
    46
    68
    23
   269
   116
    14
    72
     1
     0
     9
     4
     0
     0
    16
   176
    98
    77
    27
    20
    59
    37
    90
    42
    54
    12
    16
    18
    26
   117
    18
    30
     0
     0
     8
     7
     9
     3
    15
   107
   113
    37
    16
   138
    11
    17
    32
    38
    24
    73
    21
    37
     2
    51
    41
    13
     0
     0
     9
     6
     6
     0
    47
    65
   119
    91
    26
     4
    17
    18
    44
    15
    44
    35
    64
   171
    66
    22
    16
    24
     0
     9
     6
     6
     0
     0
    22
    56
   156
   116
    13
    18
    86
    25
    16
    55
    66
    21
    52
    57
     7
    61
    52
   100
     0
     0
     0
     0
     2
     3
    40
    30
    89
    43
    20
    45
    26
    14
    37
    17
    24
    32
    23
    34
   140
    28
     9
    31
     0
     0
     1
     0
     0
     8
    18
   168
    51
     9
    17
    20
    27
    37
    24
    20
    58
    21
    34
   222
    73
   108
    35
    27
     0
     0
     4
     0
     9
     1
   101
   131
    33
    57
    42
    30
     7
    20
    44
    57
    46
    11
    44
    41
   217
    22
    30
    54
    13
     0
     2
     1
     0
     0
    99
    52
   252
    75
    29
    27
   166
    24
   176
    26
    15
    74
    45
    70
    37
    34
    69
    25
     0
     0
     0
     1
     0
     0
    11
    20
   130
    31
    76
    55
    72
    42
    12
     7
    26
    32
    31
    13
    86
    42
    22
    23
     2
     0
     2
     0
     0
     0
     9
    91
   197
    88
    48
    23
     4
     6
    25
    43
    20
    17
    35
    26
    20
    66
     9
    62
     0
     0
     0
     0
     0
     0
    55
    76
    79
   124
    33
    21
    23
    22
    27
     1
    34
    15
    31
    19
   166
    43
   143
    84
     0
     0
     0
     0
     7
     8
    20
   139
    46
    15
    45
    26
     8
    71
    25
    24
    35
    76
    68
    26
    70
    28
    11
    14
     0
     4
     0
     0
     0
     0
    32
    15
   246
    84
    34
    48
    17
    36
     7
    22
    25
    66
    24
    59
   157
    52
    23
    35
     0
     0
     0
     5
     2
     0
    13
    78
   130
    71
    15
    12
    38
   170
    28
    52
    31
    72
    30
    31
    30
    26
    61
   103
     0
     0
     7
     0
     2
     3
    22
   100
   269
   106
    18
    53
    56
    20
   112
    31
    72
    33
    40
    38
    83
    30
    35
    25
     0
     0
     0
     0
     0
     0
    25
   200
   227
    58
    88
    12
     6
    49
    25
    25
    42
    33
   177
    99
    10
    19
    35
    16
     3
     0
    13
     0
     4
     6
    44
    13
    20
    59
    24
    49
    36
    49
    34
    55
    33
    25
    21
    13
    66
    50
    37
    33
     0
     0
     0
     1
     0
     3
    19
    56
    93
   120
    51
    19
    35
     6
    14
    25
    19
    55
    44
   170
   151
    62
    14
   104
     1
     0
     0
     1
     0
     1
    39
    83
    52
    13
    17
    16
    21
    31
     6
    79
    82
    29
    42
    26
    15
    24
     3
    29
     0
     0
     1
     0
     0
     0
    19
   142
    60
    86
     4
    10
    88
    58
    40
    19
    31
    13
    22
    15
    21
   219
    68
    23
     4
     0
     4
     2
     0
     5
    60
   125
   278
    59
    10
    16
    18
    39
    10
    64
    82
    75
    26
   102
    28
    65
    44
    35
     0
     0
     0
     8
     8
     4
    32
   153
   192
    69
    22
    35
    44
    70
    75
    46
    32
    32
    20
    41
    65
   199
    79
    43
     0
     2
     0
     0
     0
     0
    68
   103
   219
    55
    70
    46
    67
     2
    36
    34
    11
    67
    21
    57
     6
    12
    28
    22
     2
     4
     0
     3
     2
     0
    34
    66
   174
    84
   197
   106
    21
    23
    78
     5
    23
    36
    23
    15
    18
    67
    16
    24
     8
     0
     5
     0
    10
     2
    17
   141
    96
   145
     3
    31
    20
    25
    21
    38
     6
    62
    68
    39
    49
    27
     5
    18
     0
     5
     0
     0
     5
     0
    20
   158
   246
    72
    22
    30
    61
    22
    50
    24
    31
    56
    20
    57
   102
    21
    25
    27
     8
     0
     0
     2
     0
     0
    32
    12
   272
   113
    36
    38
    20
    28
   156
    11
     0
    27
    29
    26
    23
    97
    12
    28
     0
     0
     0
     0
     3
     0
    26
   207
   152
   101
    11
    20
    70
    66
    28
    37
    16
    79
    29
   163
   145
    29
    34
    16
     5
     0
     0
    14
     0
     5
    32
   182
   107
    61
    32
    16
    28
    71
    52
    40
    31
    13
    56
    50
   105
    97
    31
    25
     0
     0
     0
     0
     2
     0
    20
    23
   105
    20
    27
    70
    36
    25
    25
   157
    37
   171
    44
    82
   112
    27
   174
    19
     0
     0
     0
     0
     3
     0
    13
   104
   143
   119
    19
     2
    46
    69
    21
    43
    19
     5
   170
    21
    65
    36
    34
    14
     0
     0
     0
     0
     0
     2
    27
     8
   270
    92
    18
    29
   164
    26
    36
    40
    18
     2
    28
    16
    26
    17
    19
    20
     2
     0
     0
     0
     0
     0
    34
    58
   205
    12
    26
    13
    38
    39
    18
    40
    21
    51
    80
    31
   108
    36
    65
    28
     0
    10
     0
     1
     0
     3
    51
    24
   177
    15
     8
    15
    21
    37
    26
    40
    18
    11
    35
    32
    59
    34
    14
    28
     0
     0
     6
     0
     0
     0
    67
    61
   146
    85
    30
    51
    29
    29
    66
    67
    31
    47
    28
    55
     0
    86
    15
    49
     0
     9
     0
     0
     0
     0
    76
    37
   195
   101
    34
    35
    63
    57
   160
    31
    49
    16
    16
    47
    70
    20
    40
    23
     0
     0
     0
     0
     0
     3
    32
    65
   146
    60
     8
    23
    25
    22
    23
    14
    17
    34
    15
    11
    22
    63
    94
     9
     8
     3
     0
     0
     6
     0
     8
    93
   243
    22
    14
    26
    30
    22
    28
    21
    23
    18
    13
    34
    26
    35
    20
    40
     0
     0
     8
     0
     0
     0
    12
    63
    72
   114
    13
    17
    30
    70
    12
    45
    28
    22
    17
    25
     5
    90
    78
    57
     0
     0
     1
     0
     0
     0
    22
   163
    87
   118
    19
    22
    32
    32
    19
    32
   156
    15
    32
    57
    76
    12
    19
    38
     5
     0
     6
     8
     1
     0
    35
   104
    83
    43
    68
    23
    17
    11
    38
    18
    25
    26
    35
    67
    53
    50
    55
    24
     0
     5
     0
     3
     0
    14
    48
   175
    58
   111
    16
    50
   103
    51
    36
    94
   206
    49
    42
   115
   134
    29
    53
     0
     2
     4
     0
     0
     0
     3
     9
   211
   127
   174
    43
    21
    71
    37
    37
    39
    33
     7
    65
    80
    83
    16
    36
    29
     0
     1
     0
     2
    13
     4
    17
   110
    18
    41
    12
    20
    35
    32
    23
    23
    22
    34
    42
    31
    12
    56
    17
    22
     0
     0
     0
     0
     5
     2
    16
   146
    95
   105
    26
    43
    26
    14
    94
    29
    50
    30
    27
   200
    70
    54
    37
    79
     2
     3
     0
    10
     0
     0
    86
   102
    63
    78
    24
    14
    30
    27
   101
   149
    25
    24
    11
    14
   143
    33
     8
    20
     2
     0
     1
     0
     7
     0
    31
    38
   109
    84
    34
    25
    10
    22
    26
    25
    40
    18
    21
   167
    89
   215
    17
    30
     0
     0
     7
     0
     0
    12
    17
   155
   213
   103
    13
    21
    28
    39
    42
    15
   106
    14
    13
    23
    63
    43
    20
     5
    16
     3
     0
     0
     1
     0
    10
    34
   168
    60
    41
    57
    39
    25
    39
    63
    46
    39
    31
    44
    58
    24
    52
    90
     0
     7
     3
     5
     0
     0
    18
   207
   274
   147
    14
    49
    47
    89
    32
    18
    36
    40
    26
    62
    45
   181
    99
    67
     0
     0
     0
     0
     0
     3
    29
   109
    94
    61
    56
    52
    15
    33
    31
    51
    30
    37
    29
    56
   122
    72
    28
    30
     0
     6
     1
     0
     0
     0
    53
    84
   158
   108
    51
    40
    69
    44
    18
    26
    72
    33
    19
    72
   207
   210
    60
    22
     1
     0
     1
     0
     0
     5
    92
   137
   124
   196
    11
     9
    22
    24
    76
    19
    66
   108
    55
    35
    22
   116
    42
    32
     0
     0
     3
     0
     3
     0
    11
   110
   165
    20
    70
    31
    36
    32
    87
    31
    23
    61
    68
    20
    23
    61
    13
    45
     0
     0
     0
     0
     0
     3
    30
   137
   179
   117
    56
    89
    55
    42
    24
    24
    40
    41
    19
    71
    42
    38
    29
    14
     1
     0
     0
     0
     0
     0
    66
    60
    78
    56
    25
    39
    40
    24
    74
    47
    37
    40
    55
    76
    29
    19
    56
    10
     2
    13
     6
     6
     0
     0
    25
    19
   232
    99
    30
    69
     8
    14
    31
    80
    89
    38
    24
    74
    78
    68
    53
    72
     0
     0
     3
     0
     0
     0
    22
    20
   108
    59
    56
     7
    19
   136
    75
    19
    27
    49
    88
    35
    33
    57
    37
    18
     0
     0
     8
     0
     5
     8
   183
    59
   105
    62
    18
   158
    17
    28
    15
    18
   100
    19
    22
    49
    39
   242
    32
    11
     0
     8
     7
     4
     0
     2
    28
   173
    12
   151
    30
    16
    51
    42
    22
    17
    21
    34
     5
   102
    59
    77
    37
    10
     0
     0
     1
     0
     0
     0
     0
    20
    21
   104
    54
    23
    37
    20
    21
    24
    41
    23
    63
    26
   148
    28
    89
    28
    23
     5
     3
     7
     1
     8
     2
    97
    99
    42
   182
    42
    42
   176
    15
     8
    40
    35
    25
    35
    36
    92
    50
    24
     9
     6
     0
     8
     0
     0
     0
    54
    16
   178
   170
    47
    40
    27
    27
    32
   190
    22
    19
    45
   106
    20
   184
    30
    25
     1
     5
     1
     0
     0
     0
    12
   223
   208
   146
    40
    52
    18
    24
    52
    34
    64
    40
    18
    82
   173
    24
    29
    13
     0
     0
     0
     0
     0
     5
    26
    18
   156
    96
    34
    39
     9
    27
    19
    34
    39
    24
    39
    50
   166
    32
    24
    54
     0
     4
     0
     0
     5
     0
    13
   135
   108
   173
    52
    14
    38
    23
    31
     8
    30
    23
   149
    97
    57
    42
    46
    68
     9
     0
     0
     0
     0
     0
    34
    41
   180
    66
    97
    39
    14
    14
    16
    58
    25
    56
   108
    19
    82
    96
    33
    27
     0
     0
     3
     0
     0
     0
    18
    65
   140
    21
    54
    33
    29
    44
    19
    27
   167
    54
    74
    57
   212
    80
    11
    17
     0
     3
     5
     0
     0
     0
    37
   106
   118
    38
    21
    28
     8
     6
    32
    14
    68
    34
     8
    22
    14
    27
    21
    35
     0
     0
     0
     0
     8
     0
    29
   135
   266
    89
    90
    21
    59
   188
    43
    53
    30
    89
    75
    69
   165
    75
    19
    43
     0
     6
     0
     0
     2
     8
    30
   164
   116
   162
    38
    30
    91
    43
    55
    76
    31
    30
    23
   215
    41
    87
    13
     4
     0
     0
     0
     0
     3
     6
    85
   128
    51
    55
    13
    31
    22
    79
    89
    32
    19
    11
    35
    29
    13
    18
    12
    59
     0
     0
     2
     0
     0
     0
    42
    63
   316
    73
    18
    26
    38
    43
    14
    30
     9
    44
    80
    25
    82
    59
    24
    26
     0
     0
     0
     9
     1
     0
    44
    59
   141
   134
    23
    34
    22
    19
    20
    32
    74
    90
    45
    58
    11
    27
    61
    38
     4
    13
     5
     0
     0
     5
    36
    30
   150
   103
    25
    65
    60
    26
    21
    28
    12
    28
     8
    73
   281
   142
    16
     9
     9
     4
     0
     1
     0
     0
    36
    32
   195
     6
    17
    43
    16
   144
    81
    17
    22
    20
    35
    32
   110
    39
    20
    20
     0
     1
     0
     0
     0
     1
   100
    29
   196
   173
    39
    43
    25
    44
    45
    34
    29
    86
    49
    63
    26
    31
    16
    35
     2
     0
     8
     0
     3
     2
    26
   199
   225
    57
    27
    36
    30
    49
    29
    55
    41
    26
    11
    23
   108
    30
    43
    23
     0
     0
     2
     1
     2
     0
    46
    76
    65
   189
    18
    62
    28
    29
    28
    33
    34
    24
    22
    34
    18
   116
   199
     6
     0
     0
     3
     0
     0
     8
    37
   198
   110
    70
    24
    25
    27
   115
     6
    17
    11
    37
    19
   165
   273
    79
    23
    16
     8
     5
     0
     5
     0
     0
    19
   125
   102
    77
    57
    76
   196
    29
    52
    22
    14
    42
    43
    43
   219
    78
    82
    20
     0
     0
     0
     0
     3
     1
    19
   180
   152
   160
    38
    85
    24
    30
    33
    53
    15
    81
    22
    44
   123
   336
    23
    71
     1
     0
     0
     0
     1
     0
    86
   138
   163
    33
    38
    10
    25
    31
    24
    27
    74
    60
    57
    32
    72
    34
    19
    31
     0
     0
     0
     0
     4
     0
    72
    98
    95
   221
    54
    29
    28
    40
    72
    34
   133
    39
    34
    71
   115
   170
    91
    22
     2
     0
     0
     8
     0
     0
    41
    85
    97
    78
    30
    32
    43
    36
    27
    51
    54
   159
    40
   202
    83
    56
     9
    34
     0
     0
     0
     0
     5
     0
    23
   115
    64
    78
    14
    16
   222
    54
    14
    12
    38
    17
    68
    35
   175
    63
    28
    49
     9
     0
     0
     0
     0
     2
    55
   155
   165
    78
    70
    14
    36
    24
    26
    18
     9
    30
    81
    22
    68
    62
    33
    19
     0
     2
     0
     0
     0
     0
    16
    54
    61
    38
    22
   112
    29
    36
    36
    43
    24
    73
    67
     6
   265
    66
    66
    48
     0
     0
     0
     0
     0
     0
    25
    89
   203
    67
    70
    86
     3
    57
    25
    30
    12
    22
    19
    18
    22
    99
    25
    34
     0
    11
     0
     0
     7
     0
    34
   160
    90
   189
    72
    21
    33
    42
    17
   164
    19
    20
    42
    45
    61
    32
    54
    24
     5
     0
     8
     0
     0
     0
    48
   112
   113
    74
    41
    35
    34
    30
    79
    17
    32
    52
    26
    24
   105
    15
    35
    68
     0
     7
     0
    11
     0
    11
    35
   147
   114
    84
    65
    39
    61
    20
    21
    53
   174
    73
    52
   193
   105
    29
    54
    95
     0
     0
     0
     0
     0
     0
    30
   236
    97
    56
    53
    18
    64
   106
    74
    65
    13
    71
    78
    51
    99
    88
    17
    39
     0
     1
     0
     0
     0
     0
    13
    22
   283
   118
    28
    36
    61
    15
    40
     9
    42
    60
     7
    22
    23
    78
    19
    47
    13
     4
     0
     0
     0
     0
    25
    90
    94
    15
    17
    23
    34
    28
    57
    48
    46
    69
    11
    28
   110
    56
    27
    41
     0
     5
     0
    10
     0
     0
    66
    96
    68
    40
    30
    12
    40
    14
    14
    12
    42
    39
    29
    34
    32
    91
    46
    31
     0
     2
     7
     0
     0
     0
    57
   122
    79
    67
    60
    29
    25
    43
    35
    30
    67
    63
    31
    72
    71
    74
    26
    19
     3
     9
     5
     0
     3
     0
    66
   274
   193
   214
    15
    67
     6
    44
    27
    61
    41
    23
   104
    51
    60
   106
    71
    20
     2
     0
     2
     0
     0
     0
    69
   141
   244
   119
    29
    45
    35
    28
    29
    28
   165
    60
    34
   233
   165
    26
    63
    79
     0
     2
     0
     0
     3
     4
    48
   153
    77
   114
    20
    72
    15
    50
    33
    30
    51
    19
    29
    29
   127
   280
    23
    68
    11
     0
     0
     0
     0
     0
    27
    42
   187
   100
    22
     1
    35
     4
    83
    49
    54
     8
    14
    78
    66
   150
    34
    38
     6
     5
     0
     0
     6
     0
    36
    76
   226
    50
    40
    69
    32
    60
    27
    40
    93
    32
    36
   118
    81
   161
    37
    16
     1
     7
     0
     1
     0
     0
   116
    21
   111
    57
    31
    41
    30
     9
   161
    77
    26
    13
    25
    19
   109
   137
   171
    20
     0
     0
     0
     8
     0
     0
    32
    51
   117
   111
    16
    20
    47
    22
    16
    29
    81
    62
    33
    16
    35
    98
    17
     0
     0
     6
     0
     0
     0
     0
    91
     6
   105
   253
    70
    29
    51
    59
    36
    33
    22
    86
    78
    23
   110
   206
    29
   171
     0
     5
     0
     1
     3
     0
    21
    72
   140
   150
    45
    27
    41
   100
   281
   217
    38
    28
    81
    21
   256
   236
    63
    26
     8
     0
     5
     8
     0
     6
    34
   137
   322
    73
    59
    18
    21
    24
    25
    81
    30
    44
    27
    97
   136
    19
    57
    18
     0
     0
     0
     0
     5
     0
    29
    98
   159
     4
    39
    86
    75
    15
    24
    42
    23
    31
     8
   212
   225
   219
    21
    63
     0
     2
     2
     0
     8
     0
    37
   193
    75
    12
    28
    51
    15
    27
    43
   164
     5
    29
    27
    51
    71
    55
    27
    21
     0
     0
     0
     6
     0
     2
    80
    67
   131
    66
    31
    44
    10
    22
    31
    52
    49
    66
    97
    38
   103
    60
    20
    34
     0
     0
     0
     0
     0
     0
    34
   112
   190
   195
    26
     9
    27
    31
     8
    36
    22
    20
    23
    81
    25
   293
    17
    24
     0
     0
     0
     0
     0
     3
    52
   225
   239
   107
    55
    30
    70
    77
    46
    49
    14
     7
    39
    35
   143
   141
    39
    36
     0
     3
     0
     0
     3
     0
    96
   142
   238
    43
    44
    20
    41
   119
    42
    36
    91
    39
    33
    59
   332
   120
    72
    38
     0
     1
     0
     0
     0
     4
     9
   233
   173
   180
    13
    40
    65
    33
    72
   306
   120
    51
    60
    21
   170
   132
    97
    37
     0
     0
     0
     0
     0
     0
    33
    78
   115
    23
    47
    20
    53
    35
    89
    21
    78
    67
    38
    59
    48
    63
    42
    29
     1
     3
     0
     8
     4
     0
    18
    94
   224
    59
   158
    15
    12
    55
    78
    59
    28
    93
    34
   152
    37
   110
    12
    10
     0
     0
     8
     0
     4
     0
    41
    92
   159
    60
    33
    41
    16
    49
    31
    23
    19
    21
    16
    80
     8
    31
    32
    43
     3
    11
     0
     0
     0
     4
    82
   154
   109
    69
    33
    51
    54
    20
    29
    20
    63
    37
    31
    46
    91
   100
    12
    29
     2
    10
     4
     0
     1
     0
    73
   144
   178
   153
    52
    61
    28
    79
    44
   200
    52
    43
    22
    53
   249
    97
    29
    23
     9
     0
     0
     0
     0
     0
    48
   155
   129
    98
    63
    74
    53
    35
    66
    48
   188
    22
    16
    55
    15
    57
    36
    34
     5
     0
     0
     1
     8
     0
    34
    50
    87
    98
    60
    77
    51
    41
    38
   173
    38
    33
    19
    88
    60
   123
    82
     0
     0
