     5
     0
     0
     0
     0
     4
     5
    16
    30
     6
    30
     6
     3
     9
    15
    14
    15
    12
     6
    11
    49
     0
    38
     0
     6
     0
     0
     2
     0
    22
     2
    89
    47
    13
     7
    10
    14
    11
    45
     9
    53
    12
     5
     9
     9
     0
    27
     0
     0
     7
     0
     0
     0
    15
     7
     7
    86
     3
    15
    17
     4
     9
     9
    12
    56
     0
    50
   101
    98
    10
     9
     1
     3
     4
     0
     0
     0
    51
    48
    50
   225
    23
    20
    22
    15
     3
    11
    37
    13
    18
   149
    52
    19
    10
    16
     3
     0
     0
     0
     0
     0
    27
    57
    91
   178
    25
    42
    25
    10
     0
    15
     8
    19
    18
    59
    10
    14
     8
    29
     0
     7
     0
     0
     0
     0
    34
    65
    47
    46
    10
     2
    12
    18
    32
    19
    23
     7
    17
    10
     5
    17
    52
     9
     0
     0
     0
     2
     0
    12
     4
     4
    75
    14
     3
     2
    61
     7
    15
    17
    34
    10
     5
    48
     8
    21
     5
    43
     9
     0
     0
     0
     0
    10
     3
    55
    48
    17
    49
    16
    38
    10
    15
    20
    12
    56
    16
    22
     4
    12
     3
     3
     0
     0
     0
     0
     0
     0
    11
    79
    51
     5
    41
    11
     0
    29
    12
   154
    14
    11
    26
     7
    20
    31
    12
     2
     0
     0
     1
     0
     0
     0
     7
    13
    24
     5
     2
    30
    31
    26
     0
     7
    15
     2
    70
     4
     6
    13
    13
    12
     0
     0
     0
     0
     0
     0
     6
    26
    41
    17
     7
     3
    40
     8
     6
    15
     0
     0
    20
    14
    20
     0
    11
     2
     1
     0
     0
     0
     0
     8
     5
   124
    49
   167
    10
    27
    23
     7
    11
    14
    22
    21
    56
    37
    10
    26
     6
    23
     0
     6
     0
     0
     3
     0
    18
    99
    94
    41
    32
    14
     2
     2
     7
     9
    24
     6
    10
   136
    20
    39
    11
    15
     3
     0
     0
     0
     0
     0
    28
    48
    53
     3
    29
    19
    13
     7
    13
   163
    21
    35
     9
    18
    18
   157
    11
    12
     6
     2
     0
     0
     0
     0
     0
    52
    87
    48
    10
    22
     6
    48
    13
    10
    19
     8
    51
     0
    20
    62
    34
     2
     0
     0
     0
     0
     0
     0
    12
    49
    22
    53
   150
    18
     2
     5
     0
    10
     2
     7
    14
    33
    62
    13
     8
    10
     0
     0
     0
     8
     0
     0
     6
    77
    10
    72
    10
    18
    56
    12
    22
    19
    21
    11
    17
     8
     2
    11
    30
     5
     0
     0
     7
     0
     0
     5
    24
    11
    51
    10
    12
    10
    13
    25
    24
     7
     0
     9
     0
    26
   150
    41
    10
     6
     0
    10
     0
     0
     0
     6
    13
    93
    17
    44
     5
    15
    48
     7
    12
    12
     6
     0
     4
     7
   154
   207
     8
    25
     0
     0
     2
     5
     0
     4
     5
    93
   103
    87
     4
     8
    21
    86
    11
    17
   166
    12
    23
    64
    64
    52
    22
    43
     0
     0
     0
     1
     0
     0
     8
   107
     0
    95
    10
    73
    19
    67
     8
    71
    65
    18
    46
    11
    25
     5
    22
    15
     0
     0
     4
     0
     0
     3
     3
    43
    44
    86
     6
    17
     7
    23
    13
     1
    18
     9
     3
    13
    13
    17
    12
    10
     0
     0
     0
     0
     0
     0
    10
    46
     2
    47
     7
     7
    20
    15
    13
     9
    25
     4
    29
     1
    58
    55
    18
    98
     0
     0
     0
     0
     0
     2
    39
    22
    82
     4
    14
    11
     2
     3
     9
     7
     7
    11
    14
     9
    10
    12
    54
    46
     0
     3
     0
     0
     0
     0
     0
    20
    13
    54
    16
    15
     9
     0
    52
    19
    17
    20
    17
    12
    17
    59
    16
    41
     0
     0
     3
     0
     2
     0
     2
    48
    58
     7
    22
    11
    30
     2
    27
    49
    16
    14
    18
     3
   190
    17
    18
    41
     3
     0
     0
     1
     0
     0
    23
    78
    52
   185
    51
    56
    22
    49
     0
    18
     9
     9
    17
    15
     8
   155
     6
    11
     0
     0
     0
     0
     0
     0
    56
     0
     6
    16
    36
    12
    17
    18
     7
     6
     7
    15
    12
    55
    47
    20
     9
    14
     0
     0
     0
     0
     0
     0
     6
    11
     9
    19
    18
    29
    21
   140
    11
    42
    22
     7
    10
    62
    15
    10
    14
    20
     0
     0
     5
     0
     0
     0
    51
    10
    15
    56
    41
    18
    25
    11
    15
    18
    12
    10
     5
     6
     9
    61
    24
     8
     0
     5
     8
     0
     0
     0
    12
    12
    24
    13
    20
     9
    14
    10
     0
    15
    18
    25
     6
    13
     6
    72
    10
    19
     0
     0
    11
     4
     5
     3
    30
    87
   157
    29
    31
    30
    86
     4
    21
    19
     4
    21
     7
   158
     3
     7
    25
    19
     0
     0
     0
    10
     0
     0
     0
     6
    10
    11
   145
     3
    41
     6
    20
     8
    17
     7
    21
   162
   299
    11
     5
     1
     7
     0
     0
     0
     0
     8
    66
   120
   102
    68
     6
     6
     5
    26
     9
    16
    24
    18
    14
    12
   196
     8
    19
    18
     0
     0
     0
     0
     0
     0
    30
    11
   128
    49
    13
    22
    12
    14
    12
    20
    36
    19
    13
   105
    25
    51
     7
    18
     0
     0
     7
     0
     0
     1
    30
    58
    49
     7
     2
    25
     5
    17
     6
   136
   158
    12
     6
    23
   152
     8
    11
     8
     2
     9
     0
     7
     0
     0
    11
    91
    53
    44
    15
    13
    18
    12
    14
     9
     8
     9
    36
    19
    12
    49
     8
    18
     0
     0
     0
     0
     5
     0
     6
    62
   101
    10
     7
    43
    18
     6
    14
    22
    22
     5
     3
    10
    86
    44
    26
    13
     0
     2
     0
     0
     0
     0
    33
    89
    16
     2
    18
   160
    12
     2
    23
     2
     0
     7
    12
     0
    51
    17
    14
     9
     0
     3
     0
     4
     9
     0
    67
     3
   143
    49
    13
    63
    19
    28
     8
    14
    20
    42
     1
    34
    92
     5
    11
    16
     0
     0
     0
     0
     0
     0
    35
     2
    76
   100
     1
    10
    20
    14
    14
    47
    11
    32
    24
   182
    59
    51
     4
    65
     0
     0
     0
     0
     0
     0
    18
    19
    10
    62
     9
    20
    64
    31
    12
    77
    18
     0
    12
    12
    12
    10
     7
    32
     0
     0
     0
     0
     0
     3
    21
     8
    52
    99
    19
    48
    12
     5
    16
    49
    17
     8
    15
     4
    50
     9
     5
    23
     0
     0
     1
     0
     0
     1
    24
    13
   103
    49
    22
     9
     0
    20
     9
     6
    10
    28
    13
    16
    38
    22
     8
     5
     0
     4
     0
     0
     0
     0
    27
    59
    95
    15
     9
     9
    10
    10
    22
    11
     7
    15
    13
    32
     5
    14
     0
    10
     0
     0
     0
     0
     0
     0
     6
    43
    56
    14
     7
     0
     8
    30
     0
    26
     7
     3
    18
    56
    49
    24
    12
     0
     5
     0
     0
     0
     0
     0
    59
     0
    17
    55
    54
    15
    23
     1
   151
    14
    18
    10
    66
    11
    28
    16
    19
    20
     0
     3
     0
     0
     0
     0
     5
   107
    97
    17
    25
   154
    20
    31
    11
     8
    17
    17
    26
    13
    71
    11
    12
     2
     1
     5
     0
     0
     0
     0
    17
   115
   188
    40
     7
    27
    33
    66
    27
    21
    23
     5
    12
    62
     7
    52
    27
     6
     0
     0
     0
     0
     2
     1
    13
     4
    11
    68
    16
    24
    17
    13
    17
    14
    18
     6
    14
    12
    22
     2
    35
    13
     0
     0
     0
     0
     8
     0
    10
    11
     5
    46
    62
    23
    12
    10
    50
    49
    84
    14
    41
    60
    10
    42
     1
    10
     0
     8
     0
     0
     0
     0
    15
    80
   125
    52
     7
    14
    17
    61
    26
     8
    14
     6
    42
    35
     7
     1
    17
    27
     0
     0
     8
     0
     0
     0
     2
    48
     1
    61
    17
     9
    25
    10
    25
     8
    16
    23
     2
     4
   119
    18
    17
     2
     1
     0
     0
     0
     2
     0
     5
    94
     5
    64
    13
     9
    20
    23
    11
    58
    21
    10
    25
     5
     6
    20
    20
    17
     0
     0
     1
     0
     0
     7
    13
    62
    95
    32
    13
     9
    24
    34
     7
   153
    29
    52
    20
    17
    54
    29
    16
    10
     0
     0
     8
     0
     0
     0
     7
    49
   104
    28
    24
     0
     5
    18
    17
    61
    73
    20
    37
    73
    44
    23
    34
    13
     0
     0
     3
     0
     3
     0
    17
     1
    51
     5
     4
    13
     5
    25
     6
    14
     9
    22
    14
     3
    40
    15
     4
    40
    10
     0
     0
     0
     5
     2
    13
    10
   105
    62
     2
    12
    15
    12
     2
     5
    36
    10
     7
     9
    25
    49
     3
    23
     0
     0
     0
     1
     3
     0
    15
    61
    21
    94
    23
    43
    23
    24
    55
    15
     0
     5
    53
    20
    27
    55
    11
    31
     0
     0
     0
     0
     0
     0
    43
    47
    30
    19
    42
    16
     3
    21
     6
     8
     9
    12
     6
    46
     8
    37
    64
     6
     0
     0
     0
     0
     5
     0
    20
   103
    96
    50
    14
     9
    18
    42
    15
    16
     4
     7
    23
    10
    38
    17
     4
    12
     9
     0
     0
     0
     0
     6
    12
    37
    45
    17
    18
    10
    37
    11
    20
    21
     4
     0
    18
     7
    14
    15
    19
    14
     0
     0
     0
     0
     0
     0
    12
    10
   104
   138
     0
    18
    18
    10
    14
    12
    16
    10
    23
    22
     5
    13
    18
    41
     7
     0
     0
     0
     0
     4
    55
    81
    45
    84
    14
    26
    25
    17
    14
     5
    36
    11
    31
     1
   186
    49
     0
    13
     2
     0
     0
     0
     0
     0
    10
    13
     9
    91
    18
    22
     7
    19
    24
    19
   157
    25
     3
    20
   151
    44
     3
    31
     0
     0
     0
     0
     0
     0
    22
    43
    98
    99
    14
    14
    27
     1
     8
    11
     1
     5
     4
    26
    10
    14
     4
    11
     0
     0
     4
     3
     0
     0
    14
    44
    92
    10
     7
    20
    14
     6
    18
    12
     2
    22
     9
    44
    21
    71
    51
    12
     0
     0
     0
     0
     0
     1
    11
     4
    63
     1
    28
    16
    45
    10
    50
     9
     6
    12
    22
    12
     6
    22
    19
    22
     0
     0
     0
     0
     3
     4
    62
    21
   181
    57
    28
    12
     6
    25
    20
    23
    17
    45
    31
     2
    36
    25
    10
     5
     0
     0
     0
     0
     8
     0
    62
    10
    93
     9
    16
    12
    15
    25
    16
    35
    12
     4
     0
    22
    29
    35
     2
    18
     0
     0
     0
     0
     0
     0
     8
     3
    19
    50
     0
    11
    35
     7
     4
     0
    20
    27
    12
    54
    15
    49
     7
    14
     0
     6
     0
     0
     0
     4
    48
   101
   103
    13
     2
    60
    20
     5
    10
    43
     5
     5
    12
     7
    44
    55
    20
    17
     1
     7
     0
     0
     0
     0
    20
     0
    49
    50
    12
    44
    34
    18
    19
    16
    23
     0
     8
    60
    25
    45
    30
     9
     0
     0
     3
     0
     0
     0
    19
    50
    51
     7
     2
    51
     4
     8
     6
    15
     2
    22
    14
     4
    14
    39
     5
    14
     0
     3
     0
     0
     3
     0
     9
    56
    14
     8
    26
     8
     7
    19
     9
    67
    13
    13
    11
    22
    29
    14
    35
    49
     0
     0
     0
     0
     3
     0
    17
    19
     7
    32
     2
    10
   188
    10
    24
    19
   157
    67
    25
    26
    49
    57
     9
     4
     0
     0
     2
     0
     0
     0
     7
    70
    45
    63
    30
    26
    34
     0
    16
    10
    46
    28
    14
    10
    29
    55
    30
    21
     6
     0
     0
     0
     0
     1
    20
    47
    43
     7
     4
    12
    19
    14
    19
     5
    39
     0
    29
    13
    11
     2
     5
    24
     0
     0
     0
     2
     0
     0
     6
    43
   151
   122
    47
    57
    53
    26
    33
     7
     6
     1
    10
    27
    56
     0
     8
    10
     0
     5
     0
     0
     0
     0
    39
    53
    45
    54
     5
    48
    28
    13
     5
     1
     2
     9
    19
     9
     6
    29
    27
     5
     7
     0
     0
     0
     0
     0
     3
    46
    44
     8
    41
    15
     8
   141
    14
    10
    12
     2
     6
    28
    75
    42
    10
    32
     0
     0
     0
     0
     0
     5
    12
    53
   129
    82
    10
    54
    28
    26
     8
    11
    42
     8
     7
    54
    18
    45
     5
     3
     0
     4
     0
     7
     4
     0
    99
   109
   101
     1
     9
    45
    42
     0
    16
   158
     4
     8
    24
    45
   200
    52
    11
    10
     0
     3
     0
     0
     0
     0
    17
     7
    57
    71
    10
    23
    45
    35
    19
     6
    26
    21
     8
     6
   119
    13
     9
   101
     0
     0
     0
     0
     0
     0
    14
    45
    85
    55
    15
     4
     7
     1
    24
    19
   141
    24
     4
    16
    21
    44
     1
    25
     5
     4
     5
     0
     0
     6
     9
   108
    19
    25
    19
    17
     8
    23
    27
    12
   102
    21
     7
    39
    38
     2
    54
    12
     0
     0
     0
     0
     0
     0
    70
    11
   132
    50
    44
     9
     7
    17
    21
    19
    10
    32
    23
    13
     2
    99
    18
    13
     1
     0
     0
     0
     0
    13
    60
     8
    65
   191
    22
    14
    47
     3
    28
    50
    12
     7
     3
    52
    29
    40
    11
    15
     1
     6
     0
     0
     0
     0
    61
    85
    12
    57
    16
    18
    23
     3
     8
     5
    12
    21
    11
    10
     9
    11
    20
     1
     0
     0
     0
     0
     0
     2
     5
     0
    54
    22
    16
    25
     3
    16
    19
    12
     9
    14
    15
    16
   108
    21
    20
    23
     0
     0
     0
     0
     0
    13
    55
    99
    13
     7
     5
    22
    13
    19
     3
    13
    58
    21
    18
     2
   145
    10
    11
     0
     2
     0
     3
     0
     0
    62
    13
    94
    45
     7
    10
     3
     8
    26
   101
     5
    11
    20
    31
    18
    19
    11
    23
     0
     0
     3
     0
     0
     5
    15
    18
    88
    12
    12
    52
    14
     2
    19
     1
     2
    15
    52
    10
    78
    53
    32
     9
     0
     0
     0
     0
     6
     2
    16
    51
    90
     4
     6
     5
     9
     4
    52
    30
     0
    14
    10
     8
    49
    51
     4
    12
     2
     7
     6
     5
     0
     0
     7
    42
    99
    21
    13
    14
    54
    37
    33
    15
    14
    11
    19
    13
    15
    89
    21
    17
     0
     0
    10
     0
     0
     0
     3
    12
    86
     4
     8
     9
    14
     3
     1
    14
    20
     5
     7
    20
    46
    22
    19
    22
     0
     0
     0
     0
     0
     0
     7
    49
   224
    52
     6
    69
    15
    12
    15
    53
    19
    27
     8
    79
    52
    20
    10
    12
     0
     1
     0
     0
     0
     2
    18
    52
    53
     5
    15
     2
    23
    10
    19
    33
    20
     9
    23
    12
    78
    52
    13
    23
     0
     7
     0
     0
     0
     0
    20
    45
    45
     0
    31
     2
     6
    25
    14
     7
    10
    23
    12
     0
    43
    19
    11
    58
     0
     0
     0
     1
     0
     0
    60
     6
   145
    14
     4
     6
    13
     2
     4
    11
    23
    14
    54
     4
   182
    54
    25
    19
     0
     0
     0
     0
     0
     4
    67
    60
    50
    20
    10
    14
     8
     8
     9
    14
     0
     9
    19
    40
    23
     8
    19
    21
     0
     4
     0
     0
     0
     0
    20
    43
    56
     9
    17
     5
     6
     7
    18
    56
    87
    18
    11
    56
     0
     9
     1
    12
     0
     0
     0
     0
     0
     6
     2
    96
    40
    49
    13
    12
     0
    17
    19
    11
    21
     0
    55
    12
   131
    13
     0
    17
     0
     0
     2
     0
     0
     0
    51
   110
    10
    23
    12
    17
    59
    18
    16
    16
    13
     3
    17
    19
    56
    24
     9
    10
     0
     0
     0
     0
     0
     0
     0
    58
    94
    48
     5
    62
     7
    12
     0
     0
    11
    13
     7
    18
     9
    22
    12
     4
     0
     0
     0
     0
     0
     0
    26
     0
    43
     9
     4
    25
    15
    11
    26
     4
    18
    10
     9
    34
   207
    26
    19
    12
     0
     0
     0
     0
     0
     5
     7
    28
    15
    16
     0
    40
     4
     0
    12
    50
    53
     7
     8
    17
    18
     6
     8
     9
    17
     0
     0
     0
     0
     0
    12
    49
   148
    21
    31
    33
    11
    12
    47
     0
     7
    17
     3
    14
    49
     0
    24
     7
     0
     0
     4
     0
     0
     0
    12
   125
    85
    15
    20
    28
     4
    19
    15
     7
     7
    17
    19
    23
   144
   101
     3
     6
     2
     0
     0
     0
     0
     0
    12
    53
    46
    47
    13
    20
    57
     7
    12
    44
     6
     0
    19
     8
   146
    16
    22
     3
     0
     0
     5
     0
     2
     0
    11
    54
    48
    46
    13
    21
     4
     5
     3
    14
    10
    21
    41
    45
    14
    11
     1
    23
     0
     0
     0
     0
     0
     0
     5
    59
    59
     4
    50
    18
    27
    15
    43
   164
    13
    41
    26
    14
    45
    15
    12
    16
     0
     0
     0
     0
     0
     4
    15
     3
    84
     5
     6
     7
    34
     6
    33
     0
    18
    32
    18
   288
    52
     6
     4
    21
     0
     0
     0
     0
     0
    12
     8
    54
    48
    52
    27
    23
    31
    14
     6
    22
    10
    48
    13
    25
    10
     3
    24
    61
     0
     0
     0
     0
     6
     0
    29
    16
     9
    83
    49
     5
     5
     6
     4
     0
    10
     4
    12
    97
   146
    16
     7
   142
     0
     0
     0
     0
     0
     0
    75
    96
    49
     9
     6
     9
    29
     8
     1
     5
     6
    11
     0
     6
    15
    11
    18
    16
     0
     6
     0
     4
     0
     0
    41
    19
    34
    10
    11
     0
    12
    16
    23
    22
    11
     2
    13
    13
    46
    12
    20
    14
     0
     0
     0
     0
     0
     0
    14
    66
   162
    52
    17
    23
    10
    23
    23
     0
    17
    37
    15
    25
    13
    51
    14
    24
     0
     5
     0
     0
     7
     0
     3
    13
    54
    21
     7
     9
     9
    13
    31
    24
    23
    31
    14
    10
    22
    22
    14
    25
     0
     0
     0
     0
     0
     0
     6
    86
    57
    46
    14
    17
    25
    19
     0
    12
     3
    16
     3
    12
    19
    67
    10
     8
     0
     0
     0
     0
     0
     0
     4
     9
    98
    45
     2
    13
     5
     5
     8
    24
    24
    14
     4
    99
    31
    17
     2
     4
     0
     0
     0
     0
     0
     0
     0
    79
    90
    55
    20
     6
     4
     9
     0
    16
    11
    24
     3
   172
    55
    63
     3
     8
     0
     3
     0
     0
     0
     0
    50
    13
    48
    17
     1
     8
    13
     9
    11
     5
    10
    24
    17
     9
    13
   134
    19
    23
     3
     0
     6
     0
     0
     0
    51
    50
    23
    13
    54
    17
     0
    21
     3
     5
    46
     7
    23
    30
    22
    53
     4
     7
     0
     0
     0
     0
     0
     0
    23
   105
    46
    92
    11
    16
    26
     4
    14
     9
     5
     9
    25
    92
    96
     3
    17
     6
     0
     8
     0
     0
     0
     0
     7
   155
   110
    30
     9
    17
    17
    45
     4
     8
    12
     9
     1
    20
    19
     5
   171
    25
     3
     0
     7
     0
     2
     0
    22
    18
    11
     6
     3
    40
    21
    26
    16
     0
     9
    13
    23
    12
     9
     6
     0
    14
     0
     0
     5
     0
     0
     0
     4
    41
    29
    97
    15
     9
     0
     8
    18
     4
    22
    10
    23
    21
    39
    80
    15
     8
     0
     0
     0
     1
     0
     0
    46
   102
    26
    16
    46
    22
    15
    13
     9
     1
     3
    14
     9
    24
    11
    28
    25
     7
     2
     0
     0
     0
     0
     0
     0
    10
    61
     8
    10
    24
    16
    12
    12
     7
    16
    33
     7
    13
    11
     3
     7
    13
     3
     0
     1
     0
     0
     0
    45
    41
     5
     5
     0
    12
    22
    22
     6
     2
    11
     9
    21
     0
     8
     6
     7
    42
     7
     0
     9
     3
     0
     0
    17
    34
    21
    92
     9
    25
    32
    14
     9
    20
    14
    16
     9
    20
     9
    24
    18
    13
     3
     6
     0
     0
     0
     0
    10
     8
   137
   100
     3
     8
    25
     3
     4
    52
    35
    16
    61
    26
    12
   146
    10
    27
     0
     0
     3
     0
     0
     2
    16
     9
    46
     9
    26
     5
    21
    11
    21
     2
    27
     8
    15
     3
     5
    12
    28
    24
     0
     0
     5
     4
     0
     0
     2
    12
   167
    50
    18
     9
     2
     2
     8
     8
    12
     6
     5
     2
     3
    46
    11
    30
     0
     0
     2
     1
     0
     0
    57
     0
    53
    45
     5
    19
    10
     9
     2
    20
     0
     5
    66
     6
    15
    51
    18
    13
     0
     0
     0
     5
     0
     0
     0
     8
   109
    15
     2
    18
    14
    21
    12
     4
   151
     2
     9
    21
    57
    12
    28
    59
     0
     0
     3
     0
     0
     0
     2
    10
    43
     1
    10
    18
    12
    18
     8
     3
    11
    31
     1
    13
    52
    91
    12
    11
     0
     0
     0
     0
     0
     0
     8
    80
     5
    12
    24
    27
    18
    20
     3
     9
    17
    16
     5
    16
    13
    53
     9
    35
     0
     0
     0
     6
     0
     0
    38
     5
    11
    42
    12
    20
    22
    13
    14
    18
    16
     9
    30
    25
     6
    59
     5
    16
     6
     0
     0
     0
     4
     0
    12
     1
    44
    10
    22
    14
     5
     6
    19
    13
    10
     7
    36
     5
    43
     9
    19
     6
     0
     0
     0
     0
     0
     0
     0
     6
    44
    38
    12
    30
    17
     1
   179
     3
    27
     2
    19
    23
     3
    21
    10
     5
     0
     0
     0
     0
     0
     0
     8
     1
    15
    54
    59
    11
    69
    49
    47
    24
    23
     7
     8
    16
    16
     2
    12
     4
     0
     0
     8
     2
     0
     5
    15
    54
     5
    95
    34
    19
     1
    28
     2
     5
     3
    27
    19
     8
    50
    13
    23
    13
     0
     0
     0
     0
     0
     4
     5
    56
     7
    12
    13
     7
     9
    21
    59
     9
     6
    14
    24
     3
    52
    19
    25
     0
     0
     0
     0
     2
     5
     0
     2
    12
    46
     2
    15
     6
    19
     8
     7
     3
     5
    20
    19
   192
    57
    22
   143
    20
     0
     0
     0
     0
     0
     0
     9
    47
    46
    92
    21
     9
     7
    19
    64
     9
    30
    21
    25
    57
    96
    15
    24
     4
     0
     0
     8
     0
     0
    17
     5
    56
    56
    17
    14
    39
   153
     3
    19
     8
     8
    20
    16
     9
     5
     3
     8
    24
     0
     0
     0
     0
     0
     3
     8
    98
    37
     3
    12
     2
     2
     9
    23
    17
    22
     4
     8
    24
    21
    61
    18
    20
     0
     0
     0
     0
     0
     0
     6
    18
    47
    53
    23
     4
    33
     0
     2
     8
    20
     4
    26
    11
    58
     2
    26
    17
     0
     0
     0
     0
     0
     0
     2
     5
    46
    46
     3
    14
    50
    48
    12
    63
     0
     0
     8
    23
    30
     2
     1
     0
     4
     5
     0
     0
     0
     0
    18
   162
    14
    51
     6
     4
    50
    15
    11
    52
    13
     5
    14
    23
     0
     6
    11
    10
     0
     0
     3
     0
     0
     5
    19
    51
    46
    12
   142
    10
    10
     2
    91
    19
    24
     0
    18
    56
    58
     7
    18
    44
     0
     0
     0
     5
     0
     0
    18
    18
    11
     4
     2
    14
    19
   147
    22
    19
    25
     7
    20
    29
     8
    63
     2
    72
    13
     6
     0
     0
     0
     0
     4
    45
    15
     6
     6
    15
     8
     3
    11
    32
    28
    21
    22
     7
    53
     4
     0
    45
     5
     0
     7
     0
     0
     0
     9
    13
    14
    62
    14
    10
    21
     0
    10
     0
    14
    20
    41
     0
    13
    11
    47
    10
     0
     0
     0
     0
     0
     0
    11
    19
    14
    14
     9
    11
    29
     9
     0
     5
     6
    12
    12
   193
    45
    47
    19
     7
     0
     2
     0
     0
     0
     3
     4
    16
     7
    11
    10
    13
     0
     2
     9
    19
     7
     9
    48
    17
    97
    28
     9
    23
     0
     0
     0
     0
     0
     0
    43
     5
    89
    54
     6
     5
    11
     6
    17
     6
    10
    56
    18
    20
    51
   113
     6
    15
     0
     0
     0
     0
     0
     0
    23
    62
   148
   106
     8
    10
     2
     4
     3
    28
     6
    35
    11
    20
    18
    45
    19
    18
     5
     0
     0
     0
     6
     5
     9
    66
    23
    21
    19
    59
    13
    42
    20
    38
    10
    79
    17
    30
   170
    13
     7
    11
     0
     0
     0
     0
     0
     0
     6
    11
    16
    50
     7
    14
    16
    16
    12
    48
     8
     8
    55
    35
    57
    46
    19
     2
     0
     8
     0
     0
     0
     0
    41
    13
   134
    17
    54
     4
    13
    11
    11
     3
     0
    42
     4
    13
     7
     5
    16
    10
     0
     0
     0
     0
     0
     0
     9
    22
    20
    17
     8
     0
    15
     5
    12
     9
     3
     7
    16
     8
     3
    48
    12
    22
     0
     0
     0
     0
     4
     0
     6
    46
    84
    60
    49
    13
     7
    14
    19
    56
    22
     4
     9
     9
    11
    11
    61
    42
     4
     3
     1
     0
     0
     0
     9
     6
     3
   146
    11
     3
    15
     7
    24
     2
    29
     2
     6
    11
    41
    12
    15
     2
     2
     0
     5
     0
     0
     0
    19
    27
    88
    19
    28
    22
     9
    12
     2
     9
     1
    14
    13
    22
    43
    17
    19
    13
     0
     0
     0
     0
     0
     0
    17
    11
   135
    52
    13
     0
    13
    54
     3
    11
    15
    11
    15
    22
    55
     7
    11
    13
     0
     0
     0
     0
     0
     0
     7
    58
    12
    87
    12
    10
     6
     8
    19
     6
     9
     3
    14
    13
     8
    13
    17
     9
     0
     0
     0
     0
     0
     4
    24
     6
     4
    56
     5
    15
     8
    17
     5
    21
    10
    10
     6
    10
     4
    56
    18
    17
     0
     0
     0
     0
     0
     0
    48
    41
    11
    29
     8
    28
    26
     9
     5
     3
    11
     6
    21
    16
     5
    11
    16
     7
     0
     0
     0
     0
     0
     5
     3
    42
    13
    14
     1
    12
    11
    20
    16
     4
    11
    45
    11
     4
    61
     5
    16
     6
     0
     0
     0
     0
     0
     0
     8
    11
     7
    11
    13
     3
    10
    15
     4
     0
    23
    12
     5
    10
    91
     5
     8
    63
     0
     0
     0
     0
     2
     0
    81
    54
    19
    89
     4
     7
    16
     5
    44
    18
    12
    14
    14
     6
   101
    53
    10
    10
     0
     0
     0
     0
     0
     0
    14
    49
   108
    64
    24
     2
    40
    28
    19
    15
     9
    18
    40
     7
    49
    14
     8
     7
     0
     2
     0
     0
     0
     1
     5
    68
     3
    50
    16
     6
     8
     9
    14
     3
    11
     6
     4
    14
   157
    44
    13
    23
     0
     0
     0
    10
     0
     0
    96
    28
   108
    13
    20
     3
    19
    16
     8
     6
    20
    16
     5
     8
    17
    10
     5
    35
     2
     0
     0
     0
     0
     0
     2
    58
    36
    55
     1
    18
    15
    19
    32
     0
     0
     0
    17
    22
     3
    17
    22
    67
     0
     0
     0
     0
     0
     0
     6
     5
    92
    53
    60
     0
    19
    16
    17
    16
     8
     3
    23
    18
   149
   138
    56
     6
     0
     0
     0
     0
     0
     5
     0
    25
    58
    98
    11
    20
    17
    39
    16
     3
     6
    11
     2
     4
    58
     4
    10
    26
     0
     7
     0
     2
     0
     0
   132
    53
   167
     8
     9
     5
    11
    28
    14
     9
    21
    18
     9
     4
    15
    31
     5
     8
     0
     0
     0
     0
     0
     0
    19
    52
    81
     5
     7
     5
     3
    12
    10
     6
    29
    12
    14
     8
    31
     1
     3
    11
     0
     0
     0
     0
     0
     0
    43
    52
    85
    52
    23
    50
     0
    32
     2
     5
     0
    20
   141
    20
   150
     8
    16
    20
     4
     5
     0
     0
     0
     0
     4
    25
    40
    42
    14
    14
    11
     5
    11
    18
    17
     8
     8
    17
     4
    45
     5
    17
     0
     0
     2
     0
     0
     0
     6
    96
     8
   106
     3
    28
    10
    43
     3
     1
     4
    16
    13
    41
    74
    24
    16
     0
     0
     0
     0
     0
     0
     0
    17
    14
    39
     0
    11
    18
     6
     9
    14
     3
    18
     9
    14
    14
    16
    53
     1
     7
     9
     0
     2
     0
     0
     0
     1
    91
     5
    24
     5
     7
    20
    19
    55
     9
    18
    17
    22
     3
    47
    11
    15
     8
     0
     0
     0
     0
     0
     0
    49
    71
    50
    17
     7
    16
     9
    17
    44
    55
    11
    11
    28
     8
    92
    39
    58
     5
     0
     8
     0
     0
     0
     1
     6
     4
     1
    57
    13
    18
    13
     8
     4
    60
     0
    16
   153
    19
    45
    16
    14
    29
     7
     8
     0
     0
     0
     0
    24
     6
    91
    43
     8
     0
     9
     7
     3
     6
     8
     0
    23
     8
    10
    57
     1
    28
     0
     0
     0
     0
     7
     0
     0
    60
    46
    21
    14
     7
    53
    10
    43
     8
     5
   149
    12
    10
    13
    51
     9
     5
     0
     0
     0
     0
     0
     0
    11
    20
    53
    18
    12
    50
    25
     8
    13
    48
     1
    43
    13
    10
    50
     8
     7
     9
     0
     0
     0
     0
     0
     0
     3
     2
    45
    14
     5
    11
    20
    15
     7
    12
    19
    19
    14
    29
    12
    20
     9
     0
     0
     0
     0
     0
     0
     0
    27
    13
    13
    11
    10
    31
     7
     7
    62
    14
     5
     3
     6
    44
    10
    16
    20
    22
     6
     0
     0
     0
     2
     0
    14
     0
    93
   102
    45
     7
    20
    20
    13
    14
    33
    13
     0
     0
    33
    17
     6
    10
     0
     0
     0
     0
     0
     8
    17
    15
   137
    44
    45
    14
    21
   129
    14
    22
    23
    14
    47
    17
     3
    46
     7
    25
     7
     0
     0
     0
     7
     0
     7
    50
    84
    15
     0
    26
     7
    18
     7
    13
     5
    16
     8
    50
    48
     6
     0
     2
     0
     0
     0
     0
     0
     0
     3
    50
    11
    16
     8
     0
    15
     7
    14
     7
    24
    25
     2
    50
     0
     3
     7
    15
     0
     0
     0
     0
     0
     6
    13
     2
    90
    46
    16
    44
     1
     0
   154
    30
    16
    30
     0
     8
    14
    23
     6
    12
     0
     0
     0
     0
     0
     9
    46
     1
    44
    50
     9
    50
     5
    17
     1
   148
    30
     9
    11
    26
    46
    41
     9
    26
     0
     0
     0
     0
     0
     0
     2
    17
    41
    12
     6
     4
    52
     0
    24
   186
     9
     8
     8
     8
    10
    28
     3
    13
     0
     1
     0
     0
     0
     1
    10
    86
    47
   111
     2
     4
    14
    13
    12
    14
     8
    11
    15
     5
    10
    15
     2
    18
     0
     0
     0
     0
     0
     5
    21
     6
    83
   141
    20
    25
    30
     6
     7
    12
    14
    13
    13
    15
    62
    57
     8
    49
     3
     0
     0
     0
     0
     0
    11
    29
     7
    11
    42
    12
    35
     9
    17
     0
     0
    18
     2
     8
   153
     9
     1
    14
     0
     0
     0
     0
     0
     0
     1
    23
    55
     8
     0
     4
     5
   146
     4
     6
    12
    10
    27
    18
    19
     0
    11
     8
     0
     0
     0
     0
     0
     0
     8
    12
     8
    18
     0
     4
     0
    43
     8
     0
    21
    15
     6
     0
     6
   162
    14
     8
     0
     0
     0
     0
     0
     6
    47
    41
   209
     9
     8
    14
     8
     3
    26
     5
    10
    12
     1
     3
     6
    20
     5
     7
     0
     0
     0
     0
     3
     0
    46
    47
    38
    14
    14
    13
     0
    14
    52
    48
     0
    19
    13
    10
   185
    47
     7
    19
     0
     0
     0
     0
     0
     0
    30
    21
    61
    47
    16
    11
    17
     9
     0
    11
     2
    42
   145
   151
    16
    16
     8
    20
     0
     0
     0
     0
     0
     0
    11
     9
    43
    89
     7
    12
    13
     5
     9
     2
    13
    19
    22
     6
    12
    21
     0
    69
     0
     0
     0
     0
     0
     0
    26
    51
    92
     9
     7
    18
     4
     3
     9
    18
     7
     6
     6
    14
    51
    10
    12
    49
     6
     0
     3
     2
     0
     0
    17
     3
    82
     0
     7
     5
    28
    14
    12
     9
     3
    17
    13
     5
   249
    18
     3
     0
     0
     0
     0
     0
     8
     0
    13
     7
     1
    86
    17
    25
     3
    21
    24
     5
    10
     9
    22
    18
    54
     9
     5
    27
     0
     0
     0
     0
     0
     0
    50
    18
    96
   114
    22
    11
    13
    21
     9
     0
    10
     3
    21
     7
    12
    17
    35
     4
     0
     0
     0
     7
     0
     8
    10
    23
    46
    45
    12
    16
     5
    26
     7
     3
    24
    22
    14
     9
    20
     5
    10
    50
     0
     0
     0
     0
     3
     0
    13
    10
    15
    45
    15
    66
     0
     6
     8
    81
     6
    28
    48
     6
     3
    52
    51
    25
     0
     0
     0
     0
     0
     0
     6
    24
    69
    44
     9
    17
    23
     0
     6
    29
    56
    17
     2
     1
     4
    50
     5
    19
     0
     0
     0
     0
     0
     0
     8
    88
    88
    98
     2
     3
     0
     5
     7
     7
    21
    16
     4
     2
    17
    13
     5
    52
     3
     0
     1
     0
     0
     0
     5
    47
    18
    22
    59
     1
     1
    18
     9
    16
    18
     8
    10
    54
     5
     8
    49
     4
     0
     0
     1
     0
     0
     0
    57
    93
    82
    50
     2
    31
     0
    15
    12
   148
    16
    12
     4
    26
    16
    43
     1
    15
     5
     0
     1
     0
     6
     0
    15
    18
    57
    88
    13
     4
    34
    18
    43
     8
    47
     0
     1
     7
     9
    12
    10
    20
     0
     0
     0
     0
     0
     0
     4
    45
    16
     7
     6
    26
    15
     3
    11
   152
     7
    16
    21
     8
     6
    12
     5
     8
     0
     6
     0
     0
     0
     2
    17
    98
    70
   101
     0
     8
    15
    23
     4
    15
     3
     6
     8
    13
    16
    12
    11
    41
     0
     0
     2
     0
     0
     0
    22
    86
    53
    24
    17
    54
     2
    31
    13
    17
    17
    31
     8
    28
    16
    10
     3
    11
     0
     0
    15
     0
     0
     0
    10
    68
    38
     2
     6
    44
     9
    14
     8
     2
    16
     6
     2
     9
   154
    15
     4
     6
     0
     0
     0
     0
     0
     0
    58
    98
    17
     0
    39
    11
    52
     4
    30
    20
    19
     0
     7
    14
     4
     9
     1
    58
     0
     3
     8
     0
     3
     0
    39
    60
    50
    97
    18
    11
     4
     7
     7
    10
    24
     5
    41
     9
     0
     9
     8
    10
     0
     0
     0
     0
     0
     0
    46
     0
    19
     0
    48
    25
    10
     2
    14
    40
     0
     2
    15
    14
    12
     0
    20
    11
     0
     0
     5
     0
     0
     9
     3
    56
    43
    14
     0
     7
    16
    12
    25
     3
    49
     9
     1
    19
     9
     6
    16
     6
     0
     9
     0
     0
     0
     0
    10
     7
    57
    17
     8
     3
    10
    16
    15
    27
     5
     3
     5
    50
     0
    60
     7
    25
     0
     6
     0
     0
     1
     0
    11
    90
    41
    42
     7
    11
    12
    29
    11
    14
    18
    13
     4
    12
    28
    14
    16
    13
     0
     0
     0
     0
     0
     0
     3
     0
    39
    12
    20
    18
    12
     1
     6
    10
    10
     5
    12
     9
    30
     7
    18
     4
     0
     4
     0
     0
     0
     0
     4
    21
    13
     9
    13
    15
     7
    26
    13
     9
     9
    14
     9
     2
   142
    42
     1
    11
     0
     0
     0
     7
     0
     0
    51
    81
     7
     2
    22
     5
    14
    62
     6
    47
     7
    13
     9
     3
   153
     1
    24
    17
     0
     0
     0
     0
     0
     0
     7
    10
    51
    15
     5
     0
    13
    28
    46
    13
    16
    11
    11
    16
    44
    62
     0
     0
     0
     0
     0
     0
     0
     0
    10
     3
   104
     5
    15
     5
     9
     6
    16
    15
    12
     2
    19
     3
    29
    13
    36
     7
     0
     0
     0
     1
     0
     0
    23
    13
    40
     8
     3
    21
     3
     1
    11
    19
     0
    19
    16
   133
    17
     3
     7
    12
     0
     0
     0
     0
     0
     3
    97
    49
    36
    56
    18
    26
     8
     7
     9
     7
    11
    14
    25
    42
   180
   182
     0
    16
     0
     0
     0
     0
     0
     0
     5
     6
    81
    54
    19
     4
    29
    24
    56
    16
    25
    17
    10
     3
    11
    12
    14
     5
     0
     0
     0
     0
     0
     0
    91
    18
    44
    90
     3
     2
     3
    15
     4
    22
    10
    19
     0
    16
     1
    17
     8
    56
     0
     0
     0
     0
     0
     0
    23
    42
    52
     1
     7
    38
    50
    15
    15
    14
    51
    10
     9
    10
    25
     6
     0
     5
     0
     0
     2
     0
     7
     0
    26
     5
    10
    61
     6
    10
     2
    12
     5
    15
     2
    11
    12
     0
    87
     6
    22
    10
     2
     4
     0
     0
     0
     8
     7
    60
   105
    41
    15
    22
    11
   155
    10
     7
    22
    17
    18
     0
    45
     0
    17
     0
     0
     9
     0
     0
     0
     0
    13
    29
    54
    59
    13
     9
    15
     7
    11
    28
    10
     0
     6
    12
    11
     5
    57
    22
     0
     0
     0
     0
     0
     0
    11
    42
    53
    85
    10
    21
    45
    63
     7
    75
    15
    10
     9
     4
     0
     8
    22
    22
     0
     0
     0
     0
     0
     0
     5
    62
    52
    55
    12
     7
     6
    26
    59
    16
     9
     8
    45
    38
   157
    11
     5
     6
     0
     0
     7
     0
     1
     1
    55
    15
    12
     2
     2
    26
    12
     0
    17
    21
     4
    10
     0
     5
     9
     7
     5
    26
     0
     0
     0
     6
     0
     0
    13
     8
    85
    83
     8
    12
    13
    16
     4
     0
     8
    20
    58
    15
    11
    14
    15
     0
     0
     0
     0
     0
     0
     9
     5
    18
    47
     8
    17
     7
     2
    11
    19
     9
    10
    28
    15
    10
     8
    55
     5
    28
     0
     0
     0
     0
     0
     0
    18
    50
    49
    17
     6
     6
    15
     6
   146
    22
     7
    10
     9
    32
     2
    25
     1
    10
     2
     1
     0
     0
     0
     1
     7
    95
   120
    51
    93
    12
    55
   165
     2
    11
     4
     3
    10
    20
     0
     2
    12
     0
     0
     0
     7
     0
     1
    10
     4
    57
    83
    95
     0
     0
    10
    14
    13
    36
    11
    11
     7
    11
   140
    47
    24
    18
     0
     0
     0
     0
     0
     0
    17
    54
    12
     2
    18
    14
    33
    10
    21
    10
     7
     0
    26
     4
     7
    68
     4
    12
     0
     0
     0
     6
     0
     0
    51
     0
    47
     4
    17
     5
    19
     6
    12
    14
    30
    21
     3
    22
    15
    56
    54
     0
     0
     0
     0
     6
     0
     4
     8
   100
     7
     8
     9
    11
     0
    11
     1
    11
    14
     9
     1
     7
     4
     1
     3
    15
     0
     0
     0
     0
     7
     0
     3
    50
     0
    11
     0
     3
     0
    30
     6
     8
    12
    28
    24
     0
    17
    18
     9
     0
     0
     0
     0
     2
     4
     0
     3
   102
    94
     7
     7
    16
    21
    18
    10
    16
     7
    43
     6
    27
    13
    19
     5
     8
     0
     0
     0
     0
     0
     0
    31
    30
    90
     8
    23
     2
     9
    16
     6
    68
    20
    18
    21
    29
    17
    53
    13
     4
     0
     0
     0
     0
     3
     0
    14
    17
    52
    78
    12
    12
    14
     7
    48
   112
    14
    24
   149
    21
     0
    39
    19
     4
     0
     0
     0
     0
     9
     0
    34
     0
    82
    45
    13
     6
     2
     0
    60
     0
     2
     4
     5
    18
    49
     7
     5
     3
     0
     0
     0
     0
     4
     9
     4
    58
    95
     2
     6
    14
    17
    13
     0
    11
     2
     8
    19
    20
     9
     0
     5
    21
     0
     0
     1
     0
     0
     0
    11
    55
     3
    92
     6
    25
     2
     1
     0
     8
     0
     5
     0
     6
    19
    10
    10
    25
     0
     0
     0
     0
     0
     0
    18
    49
    97
     9
    13
     8
     1
    17
    19
    17
   155
     2
     3
     1
    13
   149
    12
    27
     0
     0
     0
     0
     7
     0
    14
    46
    38
    16
    12
     0
     3
    15
    13
     6
    21
    13
     2
    11
    29
    51
     4
     7
     0
     0
     0
     0
     0
     2
    46
   130
    70
     5
     7
     0
    18
    13
     8
     5
    24
     0
     6
     2
    60
   104
    10
     8
     0
     8
     0
     0
     0
     2
     9
    50
    49
    52
    17
    17
    10
    12
    13
     4
    12
    60
    18
    27
    43
    22
    14
    24
     0
     0
     0
     0
     0
     0
    53
    47
    55
     7
    18
     9
    38
    12
     9
    12
     9
    16
     7
     3
    49
    48
     8
    11
     0
     0
     0
     0
     0
     0
    18
    65
     7
     5
    18
     9
     6
    13
     1
    19
     8
     7
    11
    16
    56
    10
    11
     9
     0
     0
     0
     0
     0
     0
    15
     8
     0
    39
    28
    12
     2
    19
    13
    16
     6
    54
    31
    12
    64
     3
    15
     6
     6
     0
     0
     0
     0
     0
    19
    82
    80
    20
    20
    14
     9
    15
    49
    26
    47
     3
    21
    18
   147
     4
    13
     0
     4
     0
     0
     0
     0
     0
     4
    47
    86
    85
    53
     9
    16
    23
    10
    11
    21
     6
     4
    18
     3
    10
    16
    19
     0
     0
     0
     0
     2
     0
    51
    47
    47
    28
     0
     4
    38
    15
     3
    45
    11
    11
    25
    19
    53
    20
    14
     7
     0
     0
     0
     0
     0
     0
    56
     5
    47
     7
    22
    27
    16
    25
     9
    24
     7
     4
    14
    13
     0
   127
     6
    10
     0
     0
     0
     0
     4
     0
     4
    99
     4
    62
     9
    19
     7
     2
    18
    20
     5
     4
    10
    30
     4
    28
    23
    12
     0
     0
     0
     0
     0
     0
    10
    13
     6
    52
    14
    11
     0
     0
    53
     9
    11
     4
    15
    17
    18
    73
    15
    12
     0
     0
     0
     0
     2
     0
    12
    56
    39
     9
     7
     4
     4
    20
     2
     9
    16
     0
    10
     6
    13
    56
    12
    22
     0
     0
     0
     0
     0
     1
     9
    79
    55
    24
    20
    19
     3
    14
     8
    12
     0
     4
     5
    13
     7
    53
     0
     3
     0
     0
     0
     0
     0
     0
     4
     5
     9
    48
    38
    18
     9
    17
     0
     1
     5
    11
    35
     3
     3
    27
     4
    16
     0
     0
     0
     0
     1
     0
    50
   169
    63
    48
    89
     0
    14
    19
     6
    41
    16
    16
    23
    12
     1
    43
     0
     4
     0
     5
     0
     0
     0
     5
    15
    39
     7
     0
     5
    17
    12
    28
     1
    56
    12
     0
    25
     9
    49
    18
     5
    10
     0
     0
     0
     0
     0
     0
    11
    44
    44
    14
    11
    14
    10
    24
     0
     6
    16
    13
    19
    13
    49
    12
    10
    11
     6
     0
     6
     0
     0
     0
    30
     2
    41
     7
    12
     7
    34
     3
    51
    11
    22
     2
    20
    20
    11
     8
    19
    45
     5
     0
     0
     6
     0
     0
     7
    13
    53
    16
     0
     2
    23
     5
     7
    28
    14
    21
     5
    19
    86
    16
     7
    11
     0
     0
     0
     0
     0
     0
     1
     3
   131
    97
    41
     3
     6
    11
     4
    18
    11
     1
    52
     5
    15
    10
     3
    16
     0
     0
     0
     0
     9
     0
     3
    36
    39
    11
     0
     1
     5
    19
     6
     8
    11
    14
    26
    13
    13
     4
     6
     1
     0
     0
     0
     0
     0
     0
    11
     7
    14
     6
     7
    47
     5
    11
    14
   194
     2
    17
    15
    49
    95
    17
    26
    60
     4
     0
     7
     0
     0
     0
    14
    66
    65
    52
     2
    20
    28
    10
     7
    53
    12
    11
    19
   167
   143
     9
    24
    15
     0
     0
     0
     0
     2
     0
    10
     4
    39
   142
    15
     5
    16
     9
    17
     6
    51
    10
    13
     7
     0
     9
     9
    59
     3
     0
     0
     0
     0
     5
     7
    78
    30
    48
    13
    15
    14
    20
     8
    14
    27
     7
    13
    20
     3
    10
     0
    12
     0
     0
     0
     0
     0
     0
    17
     7
     2
    65
    22
     2
     7
     3
    16
    23
     3
    18
    13
   141
    15
     2
    17
     3
     0
     0
     0
     0
     0
     0
    16
    12
    15
    99
    11
     6
    53
    68
    94
    27
    15
    26
     2
    48
     7
     1
    10
    21
     0
     0
     0
     0
     0
     0
     5
    40
    13
     0
     6
     9
    17
    14
    10
     0
     7
    14
     0
    15
    10
    40
    22
    12
     3
     0
     0
     0
     0
     0
    16
    70
    94
    15
    25
     4
   153
    15
    11
    16
     8
    20
     0
    22
     6
    99
     0
    32
     0
     0
     0
     0
     2
     2
     0
    14
     8
    10
    13
    15
     8
    12
    22
    18
    18
    11
     7
     5
    25
     0
    16
    13
     0
     0
     0
     0
     0
     0
     5
   125
    99
    17
    32
    17
    12
    19
     6
    10
    18
     5
    10
    23
    14
    17
     7
    21
     0
     0
     0
     0
     9
     0
    17
    20
    14
    21
    69
    23
    14
    14
     1
     6
     9
    88
    53
    41
     7
    53
     6
     7
     0
     0
     0
     0
     0
     0
    16
    20
    21
     1
     9
    17
     0
     4
    26
    22
     6
     5
    22
    12
    31
     4
     0
    17
     6
     0
     0
     0
     6
     0
     6
    20
    11
    58
    10
    23
    17
    18
    25
    16
     6
     6
     4
     7
     1
   154
     9
     6
     0
     0
     0
     0
     0
     0
     9
    22
    43
    91
     3
    23
    10
    19
    13
    56
    15
     6
    20
    40
     8
     8
     4
    14
     0
     0
     0
     0
     0
     0
    56
    44
    49
    14
     5
     0
    18
    13
     8
    26
    11
   146
    19
    16
    20
    74
    21
    11
     0
     5
     0
     8
     0
     6
    15
    54
    40
    18
    15
     6
    14
    16
     1
    12
    16
     9
    32
    19
     5
    12
     3
    26
     3
     0
     0
     0
     0
     0
    39
    13
    57
    46
     0
    18
     9
     8
    16
    22
    17
    29
     9
    34
     8
   192
    18
    38
     4
     0
     0
     0
     0
     0
     7
    17
    46
    11
     7
     0
     4
    25
    17
     4
     3
     7
    13
    10
     1
     0
    20
    20
     0
     0
     3
    10
     0
     0
    16
    21
    12
     4
     3
    25
    22
     6
    21
    11
     2
    20
    13
    15
     8
    55
    20
    80
     0
     0
     0
     0
     9
     0
     0
   102
    47
    37
    25
    27
     6
    25
    14
     7
     5
    62
    11
   146
     1
    13
     4
    49
    12
     0
     0
     0
     0
     0
     0
    15
     8
    11
    57
    19
     1
    18
    11
     9
     3
    24
     9
    17
    13
    69
    16
     7
    15
     0
     0
     0
     7
     0
     0
    14
     0
    16
    89
     0
    67
    11
    19
     5
     6
    21
    17
    21
   155
    54
    11
    76
    54
     0
     0
     3
     0
     4
     0
    47
    19
    23
   140
    10
     3
     5
    10
    21
    27
    26
    61
     2
    16
    19
    11
    12
    13
     0
     0
     0
     0
     0
     0
    21
    16
    52
    49
    45
    13
    24
     4
    14
     9
    29
     0
    53
    18
     8
     4
     9
    19
     1
     0
     0
     0
     0
     0
    12
    82
    43
     4
    19
     2
    21
    10
     7
     2
    60
    13
    23
    10
    21
     7
    22
    16
     0
     0
     0
     0
     0
     0
    20
    60
    49
     7
    29
     4
     7
    24
     1
     6
     0
     8
    43
    44
    14
    20
   151
     2
     0
     0
     0
     0
     0
     0
     5
    63
     7
    57
     5
    41
     4
    18
    25
    18
     1
    42
     1
    30
    58
     4
    10
    16
     0
     0
     5
     0
     0
     0
     6
    45
     4
    31
     7
    22
     5
    10
     7
    14
    12
     1
    54
    16
    43
   110
     5
     6
     0
     0
     0
     0
     0
     0
    24
    53
   143
   128
     8
    45
     7
    10
     3
    12
    10
    11
    23
    22
   141
    15
    31
     6
     0
     0
     0
     0
     0
     0
    59
    17
    81
   100
    23
    28
     6
    13
     1
     5
    14
    26
    26
     9
    27
    44
    17
    25
     3
     0
     0
     0
     0
     0
    26
    39
    47
    25
     6
     3
    43
     5
    12
    15
    15
    12
    21
    48
    50
    19
    15
     0
     0
     0
     0
     0
     0
     0
     5
    31
    41
    14
    26
    15
    14
     8
    11
    48
    23
    20
     8
     6
   146
    51
    43
    54
     0
     0
     0
     0
     0
     0
    11
    15
   173
    39
    10
     7
    57
    12
    19
     1
     4
    16
    13
    11
     8
    12
    12
    11
     0
     0
     2
     0
     2
     0
    28
   123
    51
    46
    11
    20
    25
    11
    16
    26
    18
     6
     8
     0
     9
    16
    17
    93
     0
     0
     0
     0
     0
     0
    55
    96
     2
    18
    20
     9
     6
    10
     6
     9
    10
    12
     9
    44
     9
    18
     7
    24
    12
     0
     0
     0
     0
    17
    30
     0
    88
    48
     9
    25
     0
    21
    31
    15
    14
    14
    30
     7
    16
    49
     6
     3
     0
     6
     3
     0
     0
     0
    51
    11
   132
    14
    36
    23
    15
    10
    29
     1
    56
    28
    14
   166
    23
    26
    18
    10
     0
     0
     0
     0
     0
     0
    53
    44
   119
    58
    15
   112
    11
    19
    35
     5
    19
     0
    24
     9
    11
    13
     2
    13
     0
     5
     0
     0
     0
     0
     8
   127
    92
    43
    41
    21
    11
     7
     7
     9
    14
    23
     9
     9
     5
    20
    19
    22
     0
     4
     0
     0
     0
     0
    10
    28
    50
     4
     5
     8
    17
    18
     3
     3
    17
    14
     4
    10
     0
    55
     9
     8
     0
     0
     2
     0
     0
     0
     6
     7
    17
    55
     1
     1
    51
     3
     8
    19
     8
     4
    17
    48
    57
   154
    15
    41
     0
     0
     1
     0
     0
     0
     6
    84
    21
    58
     4
     7
     2
    22
    27
     7
    37
    12
     8
    18
   184
     7
     6
   102
     0
     0
     0
     0
     0
     0
     4
    47
    52
    18
    10
    20
    13
    19
    34
   165
    30
    19
   151
    74
    43
     6
     6
    54
     0
     0
     5
     1
     4
     0
    15
    65
     7
    10
     6
    11
     9
     6
    29
    17
    18
    26
    33
    49
     0
    16
     6
    10
     0
     0
     0
     0
     0
     0
    62
    57
    13
     6
    21
    16
    15
     7
     6
    49
    35
    17
    21
     0
   369
    56
     6
     0
     0
     0
     0
     3
     0
     0
    22
     4
    16
    49
    11
    25
     8
     4
    58
     0
    30
     2
     7
    12
    25
    10
    43
    19
     0
     0
     6
     0
     0
     0
    19
     4
    53
    90
   156
    14
    12
    12
    15
    30
    57
     7
    22
    30
    25
    24
    20
    14
     0
     0
     7
     0
     0
     0
     5
     5
   141
    62
     4
     5
     7
    54
    18
    12
    49
    51
     6
    23
    13
    55
   197
     6
     0
     0
     0
     0
     0
     0
    91
    83
    85
    53
     8
    44
     6
    13
    12
     4
    21
    49
     2
     8
    17
    57
    14
    50
     0
     0
     0
     0
     0
     0
     7
    72
    72
    92
    13
     1
     5
     6
     3
    16
    18
    17
    11
    56
     6
    12
    36
     8
     0
     0
     0
     6
     0
     0
    19
    10
    23
    25
     8
    15
    13
    27
    71
     9
    25
    28
    58
    41
    21
     0
     8
     4
     0
     0
     1
     0
     0
     0
    12
    47
    29
    58
     6
     8
    17
     4
    26
    39
    11
    10
    15
    23
    68
    18
    18
    10
     0
     0
     0
     0
     0
     0
    12
     9
     1
    23
    49
     1
    13
     7
     0
     7
    26
    11
     7
     6
     4
    13
   192
     8
     0
     0
     0
     0
     6
     0
    11
    59
   101
    15
    21
     7
    31
    13
    16
     4
    14
    12
    11
    25
   162
    13
     5
     9
     0
     7
     0
     0
     2
     0
    15
   210
    98
    94
    15
    12
    11
    12
    18
    14
    23
    10
    20
    57
    19
    40
     9
     4
     0
     0
     0
     0
     0
     0
    49
    20
    17
    88
     1
    19
     9
     8
    13
    11
    32
    22
    51
    14
    91
   105
     9
     6
     0
     0
     0
     0
     0
     5
    22
    11
    17
    46
    98
    28
     3
    10
    27
    13
     4
    11
    11
    20
     3
    19
     4
     5
     0
     0
     0
     0
     0
     0
    50
    56
    62
   143
    18
    50
    17
     4
    10
     3
    17
     9
    15
    21
    36
     5
    17
    15
     0
     2
     0
     0
     0
     0
   107
    47
   129
    59
    16
    58
    18
     0
     2
    27
    15
     1
     0
     9
    46
    86
     8
    20
     8
     0
     0
     1
     0
     0
    14
    27
     9
     9
     1
     0
    50
    41
    13
    18
     4
     0
     6
     2
     9
    20
    46
     7
     0
     0
     0
     0
     0
     0
    10
    97
   138
     4
    13
     0
     1
     8
    12
    35
    21
    14
    15
    47
    14
    43
    12
     2
     0
     4
     0
     0
     6
     0
     8
    13
    94
    25
     1
     6
     6
    20
     6
     2
     6
     6
     1
    25
    59
    47
    12
     7
     0
     0
     6
     0
     2
     0
    14
    68
    16
    18
    10
     8
    14
    14
     2
    11
     0
    24
    15
     7
     4
    41
    22
    52
     0
     6
     0
     6
     0
     0
    26
   107
    23
    65
    15
    13
     9
    17
    15
    12
    12
    15
    15
    27
    51
     8
     0
    16
     0
     0
     2
    11
     1
     0
    11
    44
    27
    12
     0
    26
    20
    10
    26
    12
    14
    11
    14
    19
    12
    14
     8
    27
     0
     0
     0
     0
     0
    14
     5
     8
    30
    48
    28
     3
    13
    25
    55
    14
    11
    64
    49
    12
    30
    23
     8
     7
     5
     0
     0
     0
     0
     0
    15
    10
    26
     8
    17
    14
    11
    18
    31
    38
     7
     1
     1
     7
   150
     0
     7
    43
     0
     0
     0
     0
     0
     0
    54
    15
     2
    50
    51
     5
    20
     2
    11
     7
    14
    22
     9
    55
    71
    19
     9
    22
     7
     0
     2
     0
     0
     0
     3
   122
    16
    14
    21
    42
    10
     3
    17
   172
    84
    16
     4
    17
    24
    17
    27
     0
     0
     0
    12
     1
     0
     0
    34
     6
    61
     8
    13
    10
    10
    21
     6
    12
     7
     5
     1
    10
    89
     6
    21
     8
     1
     0
     0
     0
     0
     0
    64
     5
    65
    15
     5
     6
    30
     6
     5
    15
     7
    17
    25
    24
     9
     6
    22
     8
     0
     0
     0
     0
     0
     0
    11
    35
    48
    12
    43
    16
     3
     1
    71
     8
    27
    23
    13
    23
    60
     4
    32
    20
     0
     0
     0
     1
     0
     0
    10
    52
   136
    18
    11
    11
    58
     5
     1
    15
     7
    20
     7
    10
     3
     2
    15
     3
     0
     5
     0
     0
     0
     0
    11
    44
    64
    90
    33
     7
    11
   146
     6
    16
    10
    17
     8
     7
    94
    57
    10
    50
     0
     3
     0
     0
     0
     0
    19
    53
    17
    54
    12
     2
    24
    36
     5
     8
    13
     8
    16
     0
    81
    44
     7
     6
     3
     0
     0
     0
     4
     0
    29
    38
    46
   105
    11
     2
     2
     3
    27
     9
     4
    14
    23
     1
    25
     6
     6
    18
     0
     0
     6
     0
     0
     5
    11
    53
    45
    14
     7
    19
    12
    12
    11
    19
    35
    10
     8
     2
    48
    62
    10
     0
     0
     0
     0
     0
     3
     0
    50
    29
   129
    58
    55
    21
    13
    18
   150
    17
     7
    13
    62
     0
    14
   153
    49
    15
     0
     0
     0
     3
     0
     0
    17
    60
    99
   102
    23
     5
    18
    13
    59
    16
     0
    18
    47
     1
    11
    10
    47
    13
     0
     7
     0
     0
     7
     0
    24
    97
    15
    25
     7
    11
     5
     9
     9
    11
    13
   147
     4
     1
    23
    27
    17
     0
     0
