    39
     3
     0
     4
     0
    51
    23
   116
   140
    47
    61
    12
    26
    20
    85
    16
    19
    63
    80
   114
    71
   134
    36
     0
     0
     0
     5
     7
    15
    28
    95
   142
    64
    17
    27
   205
    49
    29
    43
    24
    57
   168
    56
    40
    31
    37
    17
     7
     6
     4
     2
     0
     0
    22
   155
   165
    75
    19
    30
   160
    24
    27
    70
    28
    43
    27
   160
    21
    24
    28
    29
     0
     0
     2
     4
     0
     2
     6
    65
    30
    84
    71
    36
    51
    24
    22
    18
    17
    55
    65
    13
    78
   174
    40
    59
     4
     0
     5
     0
     0
     0
    50
   138
   175
    69
    11
    49
    36
    20
    22
    41
    26
   169
    32
    57
     6
    66
    91
    28
    14
     1
     0
     0
     0
     6
    48
    78
   105
    90
    41
    34
    34
    23
   104
    49
    39
    37
    33
    92
    82
    36
    63
    48
     0
     5
     0
     0
     0
     0
    88
    61
   185
   102
    71
    33
    57
    34
    54
    63
    34
    20
    75
    95
    66
    49
    38
    45
     0
     3
     0
     0
     0
     0
    17
   103
   104
    67
    32
    88
    63
    20
    25
    21
    15
    74
    16
    92
   102
    27
    56
    23
     7
     1
     0
     0
     0
     1
   105
    84
   116
   230
    22
    47
    40
    39
    30
    15
    23
    28
    30
    53
     7
    84
    77
    35
     7
     0
     0
     0
     0
     0
   120
    33
    54
    95
    17
    40
    66
    41
    23
    15
    55
    45
    26
    31
    26
    14
    16
    47
     0
     0
     0
     3
     0
     4
    56
    30
   108
    71
    80
    27
    20
    26
    21
   179
    15
    18
    31
    30
    73
    82
    80
    31
     3
     1
     0
     1
     0
     0
    27
   156
   126
    75
    26
    19
    31
   101
    71
    28
    46
    15
    16
    28
   258
    21
    54
    34
     0
     0
    10
     0
     4
     3
    87
    35
    68
    97
    24
    25
     4
   103
    47
    69
    13
   166
    60
   171
   186
   213
    41
    57
     7
     0
     0
     0
     4
     2
    85
    18
   151
   124
    32
    42
    47
    33
    51
    32
    30
    91
    13
   281
   111
   115
    32
    91
     0
     0
     4
     0
     0
     0
    20
   125
   215
   138
    38
    35
    90
    44
    13
    48
    23
    34
    16
    43
   123
    82
    26
    22
     4
     2
     0
     7
     0
     0
    54
    45
    45
   237
    26
    20
    32
    29
    48
    75
    28
    38
    13
    76
   261
    25
    26
    27
     2
     2
     0
     0
     0
     2
   123
   205
    31
    65
    39
    27
    31
    56
    36
    38
    33
    67
    36
   180
    89
    58
    31
    17
     0
     0
     0
     2
     0
     2
    62
    72
    68
   157
    56
    23
    22
    34
    46
    67
     9
    23
    75
    19
    52
    51
    48
    44
     0
     0
     0
     0
     7
     0
   112
    49
   143
    89
    15
    31
    37
    23
    23
    23
    32
    89
    24
    16
   228
    44
    42
    26
     7
     0
     0
     4
     0
     8
    41
   210
    83
   166
    32
   226
    11
    32
     6
   185
    54
    45
    33
   222
    90
    78
    35
    49
     0
     0
     0
     6
     0
     4
    15
    60
   134
   342
    22
    35
    70
    32
    43
    60
    29
    51
    12
    29
   165
   105
    40
    84
     5
     0
     2
     8
    10
     0
    57
   117
   195
   144
   157
    28
    41
    27
     9
    38
    35
    30
    36
   107
   202
    28
    49
    56
     5
     6
     5
     5
     1
     0
    39
    53
    60
   113
    43
    19
    27
    45
    25
    22
    28
    25
    67
     4
   139
    50
    39
    29
     6
     3
     0
     0
     0
    24
    78
   138
   164
    61
    22
    46
    23
    31
    57
    38
    33
    57
    14
   294
    73
   169
    34
    30
     0
     0
     0
     3
     0
     0
    56
   153
   111
    76
    42
    34
    35
    31
    55
    15
     8
    73
    32
    91
    78
    62
     8
    46
     0
     4
     5
     0
     0
     0
    89
    54
    71
    22
    33
    35
    86
    58
    20
    10
    51
   187
    37
    65
    45
    74
    33
    69
     2
     6
     3
     0
     0
     0
    30
   126
   113
   123
    39
    37
    27
    19
    40
    70
    48
    65
   170
    35
    22
   126
    39
    41
     0
     0
     1
     0
     0
     0
    42
   355
   197
   152
    51
    48
    38
    33
   179
    71
    94
    58
   106
    54
    71
    52
    99
    22
     5
     1
     0
     0
     8
     0
   118
    32
   164
   150
    41
     9
    50
    44
    56
    46
    76
    22
    16
    65
   104
    74
    12
   123
     7
     8
     0
     2
    10
     3
    68
   119
   332
    92
    42
    68
    58
    49
    72
    16
    16
    17
    45
    39
    29
    17
    35
    63
     0
     0
     8
     0
     9
     0
    75
    80
    92
    63
    26
    48
    33
    32
    27
    27
    37
    75
    76
    56
   109
    66
     8
    29
     9
     2
     0
     8
     4
     0
    31
    52
    61
   140
    58
    36
    13
     6
    23
    41
    38
    34
    24
    25
    21
    59
    31
    27
     0
     0
     0
     3
     0
     0
    36
   133
   267
    30
    24
    96
    26
    98
    51
    74
    12
    47
    83
    24
   184
    50
    55
    62
     3
     1
     0
     0
     0
    12
    76
   186
   228
    23
   104
    52
    45
    15
    15
    98
    54
    56
    37
    18
    41
    40
    63
   159
     7
     6
     8
    11
     0
     0
    19
   145
   165
   125
    48
    86
    44
    48
    54
    27
    61
    48
    14
    48
   131
    43
    74
    43
     4
     9
     0
     7
    12
     0
    71
    91
    85
    37
    41
    56
    82
    11
    83
    14
    34
    37
    28
    46
    41
   133
   119
    58
     0
     4
     0
     8
     0
     0
    28
   231
    58
   197
    31
    12
   134
    31
    30
    41
    23
    33
    79
    98
    67
    14
    32
    35
     1
     0
     0
     5
     0
     6
   119
   147
    45
    99
    28
    20
    57
    64
    24
    19
    22
   115
    18
    21
   264
    60
    34
   114
     0
     0
     7
     4
     0
     0
    60
    17
   103
   220
    33
    42
    36
    30
    25
    93
    24
    56
    52
    28
   346
    79
    36
    24
     0
     0
     5
     0
     4
     0
    23
    70
   189
   122
    35
    30
    35
   193
    49
     9
    38
    43
    21
    57
    65
    36
   109
    75
     0
     2
    13
     0
     3
     0
    43
   219
    98
    73
    23
    83
    76
    33
    55
    27
    29
    30
    43
   203
   213
   150
    12
    29
     0
     0
     0
     0
     0
     8
    20
   123
   215
    92
    80
    32
    89
    26
    13
   176
    31
    68
    36
   123
    58
     6
   176
    68
     1
     0
     0
     0
     2
     8
    32
   106
   213
   141
    84
   103
    50
    51
    40
    36
    40
    66
    45
    67
   363
    69
    34
    44
     0
     0
     0
     0
     0
     0
    46
    87
   233
   224
   111
    61
    13
    25
    17
    36
    61
    41
    27
    64
    58
   308
    19
    44
     3
     0
     0
     0
    12
     0
    58
    99
   107
   101
    46
    47
    19
    44
    22
    49
    59
    16
    31
    27
    14
   101
    44
    66
     0
     0
     0
     0
     5
     0
    15
    54
   105
   146
     8
    42
    42
    61
    16
    25
    36
    36
    58
    16
   133
   142
    50
   254
     0
     9
     1
     0
     0
     8
    78
    65
   195
   176
    25
    26
    33
   162
    51
    32
    11
    25
    32
    31
    77
    74
    39
    34
     2
     6
     0
     0
     0
     0
   124
   141
   189
   147
    35
    39
   258
    39
    56
    15
    20
    22
    65
    55
    95
   224
    76
    36
     1
     4
     0
     5
     0
     0
    85
   172
    99
    98
    38
    77
    10
    29
    32
    39
    72
    68
    33
   113
    66
    18
   232
    66
     0
    10
     9
     3
     0
     7
    64
    91
   302
   208
    33
    24
    35
    40
    50
    32
    18
    52
    37
   164
    52
    91
    79
    31
     0
     0
     0
     0
     0
     0
    15
   144
   216
   129
    37
    44
     6
    28
    87
    26
    29
    33
    37
    36
   109
    63
    82
    27
     0
     0
     0
     0
     0
     0
    30
   130
   149
   170
    31
    42
    12
    38
    32
    25
    31
     5
   203
    79
   104
   144
    70
    18
     5
     0
     0
     0
     0
     6
    15
   152
    88
    22
    14
    71
    42
   156
    35
   188
    44
    20
    25
    71
    23
    25
    68
    24
     7
    11
     0
     0
     0
     1
    50
   109
    91
    46
    30
    13
    26
    18
    69
    31
    23
   172
    61
    28
    21
    71
    28
    74
     0
     7
     0
     7
     2
     0
    59
   184
   214
   151
    59
    82
    37
    54
    32
    39
    36
    47
    26
    23
   105
   109
    42
    67
     1
     3
     0
     9
     0
     0
   110
   237
   293
   100
    35
   185
    65
    66
    85
    43
    64
    50
   185
    36
    66
   241
    44
    51
     0
     0
     6
     0
     1
     0
    69
   103
   251
   113
     7
    20
    14
   112
    35
    88
    44
    12
    69
   206
   165
   112
    72
     8
     0
     0
     0
     0
     0
    13
    22
   113
    71
   187
    23
    21
    22
    23
    56
   118
     8
    28
    33
    62
   108
   103
    44
    15
     0
     0
     0
    14
     0
     0
    26
   114
   144
   103
    18
    90
    50
     9
    43
    34
    33
    40
    40
    24
    74
    12
    63
    29
    13
     0
    10
     0
     0
     0
    38
   194
    65
    68
   181
    22
    39
    38
    49
     9
    38
    30
    41
   218
    71
    70
    24
    65
     0
     0
     0
     0
     4
     0
    14
    73
   149
    54
    19
    86
    68
    16
    11
    24
    21
    73
    42
    20
    90
    40
    35
    19
     2
     1
     0
     0
     0
     0
    99
   180
   244
    77
    70
    39
    76
   170
    57
    43
    36
    28
    38
    71
   131
    35
    19
    65
     0
     0
     0
     6
     0
     3
    19
    90
   151
   198
    30
    36
    70
    74
    35
    92
    23
    54
    39
    58
    33
    18
    34
    19
     0
     4
     1
     0
     0
     0
    54
    98
   146
    72
    44
    32
    80
    21
    26
    42
    54
    31
   210
    80
    22
    81
    13
    36
     0
     0
     0
     0
     7
     0
    29
    31
   289
   186
    16
    23
    42
    26
    27
    28
    47
    52
    61
    47
   238
    31
    69
    26
     0
     0
     0
     0
     4
     0
    18
    57
   168
   106
    62
    31
    50
    40
    72
    52
    10
    80
    79
    34
    53
    41
    63
    68
     5
     4
    13
     0
     0
     0
    19
   197
   125
    82
    36
    52
    50
    33
    31
    35
    28
   195
    18
    28
    66
    31
    17
    62
     0
     0
     0
     0
     0
     0
    91
    69
   173
    82
    17
    68
    18
    40
    55
    28
    95
   115
   172
    24
    28
    26
    63
    29
     0
     0
     1
     6
     1
     0
    27
    72
   110
    60
    74
    67
    34
    23
    48
    57
    24
    76
    40
    39
    52
    27
    25
    26
    11
     1
     0
     0
     0
     0
    31
    36
   212
   118
    34
    86
    37
    91
    66
    19
    32
    31
    95
    28
    57
    81
    30
    27
     0
     0
     0
     0
     0
     2
    38
   152
    15
   114
    22
    18
    30
    30
    37
    54
    19
    41
    35
    32
   256
    79
    39
    24
     0
     5
     0
     0
     5
     0
    56
   125
   175
    51
    32
    44
    92
    17
    24
    40
    67
    27
    36
    24
   193
   138
    26
    31
     0
     0
     1
     0
     0
     0
    24
    58
   227
    66
    36
    33
    51
    59
    16
     7
    53
    35
   185
   203
    98
    85
    33
   111
     1
     0
     0
     0
     0
     0
    10
    35
   244
    68
    19
    53
    19
    48
    63
    28
    35
    73
    43
    32
    25
   114
    29
    66
     0
     0
     0
     7
     0
     0
    34
   165
    36
   153
    28
    15
    19
    37
    59
    26
    61
    31
     4
    16
   191
    99
    57
    47
     1
     0
     6
     0
     3
     1
    92
   202
   152
   332
    78
    39
    56
    75
    33
    27
    45
   181
    22
    24
   194
    90
    18
    73
     0
     9
     0
     5
     0
     0
    85
   215
   176
   174
   110
    33
    32
    31
    45
    23
    42
    23
    48
    47
   101
   230
    28
    39
    20
     0
     0
     0
     0
     0
    24
   114
   149
   184
    26
    25
    35
   158
    34
    50
    69
    12
    19
    29
    62
   262
    32
    54
     0
     9
     0
     0
     0
     4
     2
    52
    85
    30
    15
    18
    25
    19
    15
    95
    23
    36
    12
    49
    47
    92
    64
    31
     0
     0
     1
     6
     4
     0
    54
   218
    81
   115
    56
    63
    19
    39
    30
    34
    30
    89
    71
    11
    44
   127
    39
   226
     0
     2
     6
     0
     0
    12
   187
   158
    90
   169
    26
    36
    63
    49
    26
    37
    24
    73
    30
    18
   142
    91
    23
    37
     0
     2
     3
     0
     0
     7
    54
    66
    60
   152
     7
    17
    28
    30
    34
    20
    37
    35
    43
    35
    36
    78
    21
    51
     0
     1
     4
     6
     0
     7
    81
    79
   331
   286
    24
    14
    25
    37
    20
    67
    34
   119
    48
    37
   110
    77
    40
    51
     0
     0
     0
     0
     7
     0
   142
    94
   230
   114
    74
    40
    39
    36
    36
    27
   114
    80
    29
    88
   223
    69
    29
    84
     0
     0
     0
     0
     6
     0
    23
    55
    99
   224
    30
    39
    33
    23
    15
    23
    36
    20
    43
    66
   105
   208
    21
    43
     9
     0
     2
     0
     0
     0
    16
   180
   137
    61
    44
    22
    30
    49
    74
   178
    56
    59
    20
    12
    76
   166
    46
    43
     0
    10
     0
     0
     4
     5
    51
   151
    63
    65
    35
    29
    24
    60
    26
    22
    17
    22
    53
    76
    81
    51
    20
    18
     0
    10
     3
     3
     0
     0
    52
    30
   141
   369
    37
    33
    31
    39
    65
    72
   190
    41
    63
    57
    59
    68
    26
    56
     0
     3
     9
     0
     0
     7
    20
    71
    12
   108
    57
    29
    35
    30
    55
    19
    30
    26
    10
    49
    28
   108
    25
    25
     0
     0
     5
     0
     0
     0
    92
    30
   167
    28
    76
    27
    48
    26
    77
    64
   195
    29
    36
    63
   166
    48
    73
    40
     7
     7
     5
     6
     0
   131
   111
   105
    90
    39
    52
    20
   106
    56
    80
    34
   187
    49
    11
    93
    79
   104
    58
     1
     4
     0
    10
     0
     8
    23
   123
    72
   111
    30
   111
    27
    29
    27
    28
    46
    87
    73
    59
    73
    70
    41
    40
     0
     0
     0
     0
     0
     0
    22
    62
   277
    96
    56
    24
   211
    47
    33
    21
    19
    24
    34
    63
    21
     7
    20
    47
     3
     0
     0
     2
     0
     4
    23
    12
   222
   172
     9
    65
    17
    16
    33
    59
    72
    43
    77
    44
    67
    80
    74
    40
     4
     1
     2
     2
     3
     0
    92
   100
    90
    48
    31
    11
    32
    66
    34
    22
    85
    42
    25
    40
   155
    73
    14
    68
     5
     0
     5
     3
     0
     2
    14
   101
    84
   127
     6
    28
    19
    35
    31
    18
    84
    36
    27
    69
    46
   140
    14
    35
     0
     3
     0
     0
     0
     0
    27
   114
   415
   128
    40
    40
    46
    65
    31
   109
    26
    22
    59
   103
    95
    64
    68
    53
     0
     0
     0
     0
     5
     1
    26
    81
   204
   143
    40
    23
    28
    49
    70
    33
    41
    53
    33
    77
    86
   115
    42
    53
     0
     0
     0
     0
     0
     3
     5
    57
   102
   102
     7
    71
    46
    18
    29
    71
    27
    36
    39
    31
    58
    55
    36
    18
     0
     0
     1
     3
     0
     0
    88
   154
   314
    68
    31
    35
    58
    31
    21
    24
    37
    31
    35
    30
   156
    71
    34
    52
     0
     1
     0
     1
     0
    10
    26
   241
    98
   161
    51
    50
   159
    21
    13
    43
    20
    52
    53
    36
    83
    24
    24
    57
     0
     5
     0
     0
     3
     0
    33
   184
   109
   150
    34
   105
    37
    82
    46
    15
    34
    13
    40
    35
   111
   168
    29
    32
     0
     0
     0
     8
     0
    10
    64
   147
   231
   101
    74
    29
    18
    23
    28
    31
    34
    28
    74
    17
    33
    52
    66
    19
     0
     1
     5
     0
     0
     0
    49
   149
   322
   222
    25
    18
    63
   178
   170
    42
    40
    22
    47
    98
   323
    28
    32
   130
     5
     0
     5
    14
     0
     1
    51
   109
   223
   103
    31
    48
    12
    27
    47
    27
    57
    52
    29
   229
   144
    69
    40
    76
     0
     0
     5
     7
     0
     4
    30
   113
    88
    47
    43
    35
    14
    38
    38
    33
    31
    39
    40
    28
   240
    58
    72
    18
     0
     0
     2
     9
     5
     0
    35
    39
   158
   120
    83
    23
    29
    29
    43
    59
    38
    32
    77
    40
    27
   105
    33
    32
     0
     0
     6
     0
     0
     0
    22
    18
   194
   195
    21
    31
    77
    50
    28
    13
    48
    29
    39
    58
   165
    82
     9
    56
     0
     0
     5
     0
     0
     0
    43
    78
   152
   106
    20
    62
    82
    23
    98
    25
    21
    28
    34
    59
    34
    12
    26
    19
     8
     4
     3
     8
     0
     8
    45
    71
   131
   100
    36
    25
    18
    23
    61
    28
    48
    17
    37
   186
   120
    74
    38
    34
    10
     0
     0
     7
     0
     0
    30
   190
   209
    19
    50
    25
    41
    33
    56
    57
    42
    36
    54
    34
    98
   146
    47
    39
     7
     0
     5
     1
     0
     3
   120
   110
    93
   193
    16
    34
    74
    68
    28
   106
    32
    34
   179
    40
   256
   127
    47
    42
     7
     6
     0
     0
     0
     0
    29
    34
    99
    21
   193
     8
     9
    60
    76
    59
    34
    71
    52
    35
   103
    73
    22
    53
     0
     2
     8
     0
     2
     0
    71
    63
   172
    95
    19
    48
    31
    40
    39
    45
    82
    20
    41
    59
    87
    69
    73
    48
     0
     0
     0
     0
     0
     0
    23
   196
   101
   161
    31
    19
    11
    63
    47
    19
    35
    14
    36
    20
   223
    96
    41
    35
     0
     0
     0
     0
     1
     0
    53
    54
   186
   185
    13
    36
    40
    31
    12
    36
    15
    51
    67
   175
    25
    73
     8
    22
     0
     1
     0
     0
     3
     0
    38
    72
   223
    87
    24
    26
   174
    17
    53
    32
    38
    30
    48
    62
    27
   344
   104
    25
     3
     4
     1
     0
     0
     0
    64
    45
   241
   163
    32
    44
    37
   183
    33
    36
    25
    39
    25
    70
   110
    72
    76
    34
     6
     0
     2
     0
    12
     6
    21
   137
   243
    67
    46
    36
    39
    22
    41
    49
    18
    41
   106
    35
    40
   119
    41
    24
     0
     0
     0
     0
     0
     2
     8
    97
   387
   123
    19
    68
    37
    25
    34
    39
    14
    24
     5
   143
   158
   264
    19
    86
     0
     0
     1
     1
     0
     0
    39
   174
   132
    46
    11
    19
    39
    17
    28
    41
    33
    60
   119
    71
    22
    14
    23
    51
     0
     0
     0
     0
     0
     0
    38
    63
   104
    36
    15
    71
    18
    43
    37
    25
    32
    16
    18
    64
    32
    59
    24
    41
     0
     0
     1
     2
     8
     3
    36
   138
   186
   181
    37
    67
    28
    28
    37
    23
    18
    67
    51
    53
   194
   212
    25
    23
     0
     0
     6
     3
     0
     0
    13
    77
   244
   120
    30
    19
    12
    36
    24
   112
    26
    39
    21
    32
    75
    72
    30
    21
     0
     5
     5
     5
     5
     0
    29
   125
   222
    39
    29
    32
    38
    17
     9
    38
    18
    25
    48
   284
    89
    76
    29
    32
     0
     0
     0
     0
     6
     2
    37
   160
   183
    73
    79
    18
    32
   105
    83
    18
    41
    41
    24
    94
    39
   311
    61
    51
     3
     0
     0
     0
     2
     0
    33
    52
   136
    56
    65
    14
   215
    28
     9
    16
    40
   164
    71
   105
    44
    60
    29
    37
     0
     3
     0
     2
     0
     2
    75
    34
    79
    64
    38
    30
    44
    31
    25
    21
    14
    69
    33
    44
    57
    53
    11
    27
     0
     0
     0
     0
     0
     1
    18
    74
   136
   181
    31
    47
    29
    17
    67
    20
    13
    91
    31
     9
    90
    24
    19
    52
     8
     0
     0
     0
     0
     9
    47
   113
   164
    76
    55
    19
    36
    20
    65
    25
    18
   150
   187
    29
    62
    70
    39
    19
     5
     0
     0
     0
     0
     0
    35
    55
   106
    99
    32
    15
    42
    26
    23
    21
    29
    27
    42
    27
    18
    65
    72
    37
     0
     0
     0
     0
     0
     0
    56
   112
   104
    23
    17
    49
    28
    27
    85
    87
    23
    16
    69
    71
    70
    40
    56
    84
     8
     0
     0
     0
     4
     0
    42
    86
   205
   120
    54
    53
   108
    70
    20
    41
    46
    74
    18
    28
    61
    60
    41
    31
    10
     0
     2
     0
     0
     0
    18
   115
   203
    82
    24
   220
    19
   202
    57
    30
    27
   159
    24
   219
    71
    79
    88
    26
     6
     0
     0
     0
     0
     0
    79
    27
   184
   109
    14
    13
    54
    26
    20
    20
    40
    51
   118
    22
    55
    85
    20
   157
     9
     0
     0
     1
     6
     7
    33
    37
   117
    58
    12
    33
    38
    23
    40
    39
    32
    20
    31
    30
   235
    16
    45
    30
     0
     0
     0
     0
     0
     2
    26
   136
    27
   130
    70
    17
    29
    75
    23
    11
     0
    47
    53
    27
    65
    71
    29
    10
     0
     0
     0
     0
     7
     0
    79
    95
    85
   110
    57
    32
    27
   188
    36
    47
    21
    10
    56
    24
   104
    69
    20
    56
     0
     0
    10
     7
     8
     3
    38
    81
   108
   143
    43
    85
    34
    76
    29
    31
    54
    52
    39
    15
    55
    74
    27
    58
     1
     4
     1
     0
     6
     6
    40
   154
    34
    57
    77
    98
    80
    35
    71
    17
    85
    30
    25
    21
    94
    31
    51
    40
     5
     1
     0
     0
     9
     0
    18
   138
   172
    43
     6
    28
    54
    27
    36
    44
    40
    39
    14
   204
   205
   139
    33
    33
     4
     0
     0
     0
     1
     0
    42
   126
    99
   195
    15
    52
    34
    28
   135
    37
    67
    21
    41
    27
    63
    81
    25
    25
     0
     3
     0
     8
     2
     0
    30
    97
   109
   102
    26
    38
    36
    76
    37
    34
    31
    25
    25
    29
   227
   116
    31
    35
     0
     0
     1
     0
     0
     0
    31
    20
   338
    54
    27
    97
    53
    66
    14
    24
   103
    73
    53
   156
    76
    13
    15
    29
     1
     0
     3
     3
     2
     3
   123
   145
   185
    43
    33
    69
    36
    19
    42
    32
    50
    26
    35
    34
   131
   157
    54
    31
     9
     3
     0
     8
     7
     0
    84
   112
   240
   138
    37
    33
    29
   117
   167
    21
    40
    69
    23
    44
    50
    77
   111
    73
     0
     9
     0
     0
     0
     0
    51
    67
   270
   148
    50
    30
    73
    50
    78
    16
    69
    37
    28
    25
    26
   122
    84
    26
     0
     0
     0
     9
    10
     0
    21
    90
   142
    72
    16
    42
    31
    26
    24
   122
    36
    30
    26
    62
    15
    73
    39
    12
     0
     0
     7
    11
     0
     3
    20
    98
   171
   180
    44
    44
    31
    29
   133
    31
    19
    58
    29
    59
    84
    36
    71
    37
     7
     0
     8
     0
     0
     0
    23
   135
   180
   102
    24
   118
    30
    27
    62
    43
    38
    20
    20
    53
    18
    37
   172
    36
     0
     7
     0
     0
     1
     0
    36
   157
   140
   148
    20
    24
    16
     4
    19
    36
   158
    40
    37
    15
    11
   180
    40
    42
     0
     0
     0
     0
     0
     0
    83
    61
   193
    32
    33
    29
    10
    35
    34
    33
    79
    37
    20
    16
    44
    22
     7
    22
     0
     0
     0
     8
     0
     0
   133
   135
   184
    98
    48
    39
    12
    45
     7
   159
    49
    40
    28
    31
    74
   217
    65
    34
     3
     0
     0
     0
     0
     0
    52
   115
   196
    94
    19
    41
   168
    41
    38
    40
    25
   244
     2
    99
    53
    94
    12
    70
     0
     0
     0
     0
     5
    21
    72
   153
   205
    93
    24
    65
    32
    21
    14
    70
    44
    94
    28
    14
    53
   224
    57
    42
     0
     0
     0
     4
     0
     0
    33
    55
   111
   106
    22
    41
    17
    28
    25
   199
    21
    32
    17
   162
     5
    17
    29
    27
     0
     8
     0
     5
     1
     1
    32
    95
    85
   132
    32
    56
    33
    27
    32
    30
    20
    16
    16
    47
    18
   109
    58
    38
     0
     9
     5
     0
     5
     0
    65
    39
   109
    59
    45
   110
    55
    27
    64
    53
    63
    32
    36
    44
   208
    78
    61
    11
     3
     0
     0
     0
     0
     0
    17
   165
   145
    29
    32
   213
    15
    34
    14
    30
    22
    42
    37
    28
    28
    75
    29
    18
     1
     6
     0
     0
     0
     0
    54
   111
   196
   119
    65
   190
    73
    75
   178
    80
    37
    17
    33
    27
    14
    43
    22
    30
     0
     0
     0
     0
     0
     0
    77
    67
   152
    12
    71
    42
    35
    39
    51
    40
    21
    59
    23
   160
    72
    10
    22
    39
     0
     7
     0
     0
     4
     0
    28
    72
    54
    79
    71
    44
    30
    42
   251
    24
    72
    24
     9
   184
    61
    57
    70
    81
     0
     0
     0
     4
     0
     4
    54
   102
    60
   145
    22
    85
    19
    18
    17
    31
    25
     8
    61
    67
    33
    24
    57
    30
     0
    15
     0
     0
     0
     0
    22
    42
   240
   104
    25
    48
    42
    33
    18
    28
    69
    21
    28
     7
    13
   126
    21
    66
     0
     0
     1
     0
     0
     2
    21
   158
     1
   110
    74
    34
     0
    35
    30
    53
    45
    41
    62
    71
   124
   111
    29
    32
     0
     0
     0
     0
     0
     0
    57
   114
    64
   116
    48
    43
    38
   106
   178
    23
    94
    11
    47
    24
   158
    30
    54
    12
     0
     0
     0
     6
     2
     0
   100
    46
   110
   120
    47
     4
    19
    33
    44
    41
    15
    22
    10
    52
    42
   102
    21
    35
     0
     1
     3
     0
     0
     5
    65
   140
   202
   123
    23
    36
    18
    38
    36
    58
    30
    21
    45
    67
   170
    48
    88
    34
     0
     8
     0
    13
     0
     0
    31
   123
   225
    59
    30
    24
    21
    55
    55
    17
    35
    12
    29
    23
    13
    78
    25
    69
     0
     0
     5
     0
     7
     0
    32
    30
    87
    66
    45
   175
    38
    18
    32
    56
    58
    31
    41
    40
    31
    39
    76
    31
     0
     0
    19
     5
     0
     6
    28
    52
    65
    89
    31
    15
    19
    69
    10
    31
    23
    22
    25
    18
    78
   128
    33
    88
     0
     8
     9
     6
     0
     1
    23
   180
   223
    99
    16
    78
    23
    56
    19
    22
    29
    37
    21
    65
    11
    17
    12
    26
     0
     3
     0
     5
     0
     0
    15
    18
   157
    52
    19
    28
    59
    21
    13
    58
     8
    14
   137
    50
   127
    30
    18
     7
     6
     0
     0
     5
     0
     6
    37
    61
   179
    60
    35
    54
    45
    28
    43
    48
    60
    61
   103
    72
   154
    69
    88
    43
    19
     3
     0
     2
     0
     0
    18
   126
   146
   138
    27
   186
    37
    32
    21
    30
    85
    26
    18
    98
   158
    61
    60
   204
     0
     3
     0
     0
     0
     5
   110
    79
    34
   105
    17
    58
    31
    79
     8
    25
     7
    26
    30
    19
    58
     4
    81
    16
     0
     8
     0
     7
     0
     8
    25
   102
   141
    75
    28
    32
    34
    36
    33
    57
    40
    13
    32
    81
   120
    88
    29
    48
    11
     0
     0
     0
     0
     8
    40
    26
   104
    26
    55
    94
     3
    35
    33
    30
     8
    96
    28
    39
    50
   362
    50
    83
     1
     0
     0
     0
     0
     0
    87
    93
    32
    42
    53
    16
    70
    40
    21
    25
    20
    63
    12
   298
    95
   172
    56
    20
     0
     5
     6
     6
     6
     0
    65
    10
   140
   139
    26
   171
    49
    21
    15
    64
    60
    56
     5
    15
    59
   146
    24
    16
     5
     0
     0
     0
     0
     0
    52
   169
   182
   234
    20
    20
    40
    44
    60
    27
    34
    40
    20
    15
    69
   114
    40
    28
     0
     0
     3
     0
     4
     0
    76
   127
    70
   167
   202
    62
    13
    52
   186
    18
    18
    25
    32
    48
   129
    29
    39
    33
     0
     0
     0
     0
     0
     0
    62
    87
    73
   183
    30
    20
    64
    25
    18
    37
    44
    32
    22
    35
    69
   236
    43
    46
     0
     0
     0
     0
     0
     1
    11
   137
   141
    74
    43
    14
    30
    32
    22
    37
    36
    16
    29
    25
    67
    70
    29
    12
     0
     0
     2
     0
     0
     0
    40
    14
   126
    41
    55
    13
    40
   166
    63
    42
    32
    40
     6
    40
   131
    30
    23
    10
     0
     0
     0
     2
     0
     1
    12
    13
   193
    40
    61
    20
    88
    28
    99
    29
    32
    50
    36
    34
   108
   102
    18
    18
     4
     0
    10
     8
     0
     0
    27
    56
    66
    76
    50
   100
    26
    38
    29
    26
    44
    92
   170
    54
    45
    60
    99
    17
    10
    10
     0
     1
     0
     0
    88
    88
   257
    91
    50
    32
    34
    36
    67
    25
    44
    42
    10
    15
    65
   113
    92
    38
     0
     0
     0
     0
     5
     0
    84
    40
   196
    57
    72
    60
    39
    28
    36
    23
    67
    50
    28
    88
    52
    58
    46
    27
     3
     2
     2
     0
     0
     0
    79
   119
    53
    27
    36
    37
    65
    57
    33
    18
   172
    27
    36
    78
    14
    24
    34
    31
     0
     0
    10
     0
     9
     0
    60
   108
   173
    79
    26
   155
    10
    20
    35
    64
    49
    28
    10
    34
    58
    91
    29
    27
     0
     0
     4
     4
     0
     0
    16
    46
    35
    93
    13
    31
    43
    22
    10
    30
    69
    27
   168
   164
    33
    71
    36
    18
     5
     1
     0
     5
     0
     4
    44
    15
   171
    60
    19
    26
    19
    31
     8
    21
    11
    72
    14
    28
    26
     5
    43
    34
     0
     0
     0
     0
     0
     0
    19
    50
   103
    86
    67
    17
    10
     6
    54
    38
    57
    13
    67
    23
   181
    35
    17
    18
     0
     0
     0
     0
     2
     0
    19
    62
   190
   108
   182
    41
    26
    17
    24
    37
    20
    30
    30
    76
    76
    28
    46
    26
     4
     9
     0
     0
     3
     2
    27
    33
   162
    72
    30
     9
    22
    75
    39
    46
    28
    57
    36
    37
   254
    35
    40
    18
     0
     0
     0
     2
     0
     0
    21
    74
     4
   144
     1
    21
    71
    22
   142
    58
    25
    36
    17
    66
    58
   111
    32
    16
     0
     0
     7
     4
     0
     0
    38
    27
   177
   140
    35
    27
    28
    66
    47
    17
    25
   160
    14
    31
   197
    75
    41
    42
     2
     9
     0
     0
     0
     0
    34
    53
    73
   153
    34
    26
    18
    18
    61
    55
   178
    24
    59
    18
    86
    93
    17
    26
     0
     0
     0
     0
     0
    11
    65
    75
    26
    65
     7
   115
    21
    22
    21
    32
    24
    11
    36
    16
   175
   235
     9
    25
     1
     0
     0
     0
     0
     8
     3
   112
    67
   167
    33
    43
    21
    26
    31
     8
    94
    30
    14
    62
    67
    28
    17
    21
     0
     7
     0
     0
     0
     0
    67
   123
    67
    41
     6
    36
    66
    50
    19
    40
    21
    29
    50
    23
    60
    39
    36
    25
     0
     6
     0
     4
    14
     4
    81
   133
    71
   101
    47
    48
    30
   158
    49
    41
    47
    73
    51
    30
    53
   166
    24
    35
     6
     0
     0
    17
     0
    14
    90
   119
     9
    40
    16
    23
     5
     6
    70
    40
   165
    25
    36
    19
    16
    99
    33
    27
     0
     7
     0
     0
     0
     0
    24
     7
   153
   105
    52
    83
    28
    27
    20
    56
    48
    67
    10
    40
    59
   279
   123
    32
    10
     8
     0
     0
     0
     0
    40
    57
   192
   116
    24
    14
    24
    47
    30
     8
    30
    40
    67
    27
   114
   200
    17
    24
     0
     3
     0
     0
     0
    13
    26
     6
   144
    96
    49
    13
    24
    24
    24
    11
    11
    36
    16
    13
   290
    18
    23
     6
     0
     4
     6
     0
     6
     5
    80
    31
   329
    94
    22
    35
    21
    40
    31
    33
    19
    38
    28
   212
    81
   170
    41
    33
    12
     0
     0
     2
     0
     0
    27
   133
   155
    75
    45
    51
    34
    24
    62
    37
    48
    49
    35
    74
    44
   266
     8
    70
     7
     0
    10
     0
     0
     0
    22
   100
   199
    97
    41
    73
    30
   219
    27
    23
    33
    27
    24
    32
    18
    45
    32
    36
     0
     3
     0
     0
     0
     0
    93
   109
   199
    43
    39
    39
    22
    28
    17
    29
     6
    27
    24
    11
    85
   126
    24
     5
     2
     0
     0
     1
     0
     0
   168
   103
    55
    95
    23
    30
    11
    70
    37
    38
     6
     8
    13
    48
    28
   111
    32
    20
     0
     0
     0
     5
     0
     3
    64
   195
   121
   101
    31
    71
    17
    31
    52
    87
    40
    21
    28
    20
    39
    57
    13
    46
     0
     3
     0
     0
     9
    11
    25
   174
   147
   235
    57
    48
    16
     8
    55
    53
    47
    27
   166
    19
    34
    54
    56
    25
     0
     0
     0
     9
     0
     0
    62
    68
   122
    56
    33
    71
    39
    31
    71
    21
    79
    30
     7
    11
    34
    96
    23
    16
     0
     0
     0
     3
     5
     0
    64
    88
   202
    70
    75
    41
    27
    52
    38
    35
    41
    39
    45
   143
   207
    33
     7
    19
    11
     0
     6
     0
     0
     0
   174
   132
    89
    97
    41
    63
    75
    71
    23
    51
    33
    20
    32
    37
    27
   202
    19
    26
     0
     7
     7
     0
     0
     0
    53
   167
   143
    30
    16
    11
    17
    34
    35
    33
     9
    26
    45
   100
   110
    44
    28
    43
     6
     0
     0
     0
     0
     0
    36
    76
    60
    89
    10
    63
    26
    32
    34
    20
    29
    34
    35
    26
     8
    40
    24
    27
     0
    16
     5
     0
     5
     0
    86
   161
    96
   224
    17
    73
    21
    29
    33
    16
    15
    18
    14
    30
    39
    58
    28
    38
     0
     3
    14
     0
     0
     0
    29
   123
   107
    94
    21
    31
    17
    36
    19
    25
    65
    23
    55
   102
   181
   148
    41
    43
     1
     0
     1
     0
     0
     0
    22
    98
   206
    67
    40
    20
    35
    41
    23
     5
    21
    42
    33
    27
   144
    86
    69
    18
     0
     5
     0
     0
     0
     9
    27
   137
   115
    49
    28
    38
    40
    27
   122
    38
    26
   115
    17
    44
   108
   251
    18
   150
     0
     0
     3
     0
     9
     7
    20
   111
   151
    72
    20
    30
    34
    40
    29
     0
    79
    65
    25
    43
   184
    32
    35
    32
     0
     0
     0
     0
     0
     0
    46
    60
    17
    78
    29
    55
    49
    12
    76
    16
    33
    19
    16
    41
    49
   104
    55
     8
     0
     0
     0
     0
     0
     0
    39
    70
    82
    62
    43
    61
    42
   160
    26
    52
    39
    32
    79
    60
    55
    32
    30
    19
     0
     8
     0
     0
     0
     0
    69
    93
   182
   129
    27
    98
    30
    26
    21
    36
     9
    29
    38
    92
    55
    27
    23
    20
     6
     5
     0
     0
     6
     0
    31
    66
   147
    69
    14
     9
    59
    16
    42
   157
    40
    34
    34
    52
    51
    70
    67
    18
     0
     8
     0
     0
     6
     4
    31
    75
   106
    80
    23
     8
    42
    32
   166
    24
    63
    36
    76
    17
    19
    27
    21
    60
     8
     0
     0
     0
     5
     1
    32
    95
   283
    78
     6
    19
    88
    23
    13
    41
    36
    18
    74
    59
    99
   248
    49
    40
     0
     0
     0
     7
     0
     0
    36
   272
    51
   134
    44
    50
     5
    20
    32
    17
     3
     7
    54
    81
    26
    17
    41
    37
     3
     8
     0
     0
     0
     1
    16
    30
   101
    17
    46
    27
     6
    35
    54
    45
    27
    36
    35
    24
   158
    76
    15
    25
     2
     0
     3
     9
     0
     0
    29
     3
    73
    71
    34
    14
    28
    69
    81
   168
     9
    18
    52
    12
    25
    78
    66
    27
     0
     9
     0
     0
     0
     0
    30
    72
   192
    99
    24
    26
    29
    40
    15
    34
    44
    24
    68
    14
    31
    22
    58
    69
     0
     5
     2
     2
     4
     0
    15
    20
   121
    77
    35
    21
    27
    20
    24
    32
    40
    46
     7
    58
    70
   102
    79
    56
     0
     0
     0
     0
     0
     0
    33
   160
   106
    49
    13
    41
    28
    32
    24
    30
    24
     8
    43
    19
    40
     5
    29
     9
    15
     6
     0
     0
     2
     0
    20
    93
   279
    24
    43
    73
    70
    38
    30
    50
    40
    31
    31
    68
    80
   191
    73
    43
     0
     5
     0
     0
     0
     8
    24
    51
   142
   122
   169
    24
    18
    46
    90
    41
    33
    66
    25
   120
    39
   154
    32
    27
     0
     0
     0
     0
     0
     0
    70
   140
    92
    81
    61
    31
    33
    22
    28
    36
   117
    18
   161
    93
    52
   105
    52
    25
     1
     0
     0
     0
     0
     0
    31
   101
    61
    20
    35
    34
    15
     8
    24
    20
    26
    17
    58
    80
   110
    53
    17
    63
    12
     3
     0
     0
     0
     0
    27
   111
   169
    94
    29
    33
    28
    28
    39
    26
     2
    27
    67
    30
     9
    18
    25
    34
     0
     0
     2
     0
     0
     0
    53
   106
   152
    87
    35
    13
   173
    43
    67
    28
    25
    33
    96
    29
    32
   175
    26
    56
     0
     0
     1
     0
     0
     3
    31
    32
   121
    44
    17
    22
    52
    27
    13
    56
    17
    20
     9
    75
    67
   104
    47
    28
     1
     2
     0
     0
     0
     0
    24
   146
   215
   173
    32
    47
    54
    33
    30
    39
    48
    44
    36
    34
   120
    37
    23
    49
     0
     0
     0
     0
     0
    10
    71
   111
    70
    75
    34
    49
    64
    28
    24
    31
    77
    61
    56
    50
    28
   181
    33
     9
     0
     0
     0
     0
     4
     0
    31
     6
    11
   107
    14
    42
    29
    18
    23
    37
    49
    74
    48
    33
    18
    46
    30
    12
     1
     2
     0
     4
     0
    17
    52
    63
    91
   105
    19
    33
    77
    42
    39
    20
    32
    17
    29
     8
    28
    53
    10
    12
     0
     0
     0
     0
     5
     0
    31
    65
   147
    47
    26
    30
    33
    35
    37
    19
    43
    16
    19
    35
    97
    79
    84
    15
     0
     0
     0
     0
     0
     0
    52
    56
   172
    43
     7
    21
    38
    17
    27
    32
    41
    32
    79
    35
    57
    27
    61
    17
     0
     0
     0
     0
     0
     5
    26
    85
   111
   116
    35
    32
    18
    31
    25
    36
    19
    58
    38
    57
    34
   110
    15
    26
     0
     2
     0
     2
     0
     0
    35
   113
   218
   129
    37
    36
    11
    37
     2
    67
    38
    14
    33
    84
   110
    77
    22
    53
     9
     0
     0
     6
     0
     2
    73
    55
   154
    51
    36
    40
    40
    26
    51
    28
    45
    27
    35
    55
   133
   116
    14
    67
     0
     4
     0
     1
     0
     0
    34
    30
   216
    32
    39
    20
    15
    16
    36
    33
    12
    11
    22
    23
    55
   107
    47
    27
     0
     0
     0
     7
     0
     0
    55
   100
   107
   158
    18
    11
    45
    21
    18
    38
    13
    33
    33
    75
   107
    80
    27
    17
     0
     0
     0
     7
     0
     0
    78
   136
    22
    25
    28
    60
    38
    23
    50
    30
     7
    10
    28
    50
    30
    51
    77
    43
     6
     0
     2
     0
     0
     0
    27
    50
   149
    60
    78
    56
    17
    18
    30
    29
    19
    29
    37
    72
     9
    24
    33
    71
     0
     0
     0
     0
    13
     0
     6
    95
    92
    74
    12
    29
    16
    23
    36
    45
    26
    30
    35
    64
    51
    59
    14
    37
     1
     4
     0
    12
     5
     2
    75
    59
   153
    64
    23
    94
    51
    89
    12
    21
    30
    32
    17
    26
   119
   113
    35
    38
     0
     3
     2
     0
     0
     0
    25
   103
   196
   148
    27
    49
    32
    28
    34
    35
   182
    71
    31
    73
    62
    11
    28
    45
     8
     0
     0
     0
     0
     0
    83
    19
    65
     6
    71
    76
    15
    30
    35
    32
    31
    22
    24
    30
    91
   109
    87
    17
     0
     0
     0
     0
     6
     0
    74
    82
   128
   186
    45
    32
    41
    48
    36
    59
    51
    17
    26
    47
    45
    99
    17
    28
     4
     0
     0
     4
     0
     1
    48
    21
    48
    71
    28
    14
    22
    28
    21
    14
     8
    17
    13
    72
    21
    36
    27
    21
     0
     0
     4
     0
     0
     0
    47
   162
   180
    74
    26
    26
   293
    23
    73
    32
    24
    73
    64
    47
    32
   116
    19
    76
     0
     0
     0
     0
     0
     7
    21
   125
    67
   101
   184
    52
    34
    63
    66
    61
    64
    20
    29
    46
    11
    15
    36
    37
     0
     0
     5
     0
     2
     5
    37
    68
    84
   129
    15
    51
    92
   186
    15
    24
    21
    48
    22
    30
    10
    30
    69
    46
     0
     8
     0
     0
     0
     0
    31
    36
   139
   235
   204
   104
   101
    24
    28
    31
    34
    34
    33
    29
   168
   125
    58
    25
     0
     0
     0
     1
     2
     0
    14
    81
   161
   103
    22
    28
    25
    20
    22
    61
    21
    27
    15
    10
   100
    16
    31
    19
     8
     0
     0
     0
     5
     2
    40
    78
   104
   130
    41
    18
    19
    15
    36
    36
    26
    52
    44
     8
    45
    63
     4
    31
     0
     0
     0
     0
     0
     0
    42
   157
   135
    69
    68
    23
    27
    69
    32
    19
   213
    22
    80
    23
   322
     8
    50
    28
     0
     0
    17
     0
     0
     6
    43
    99
    39
   112
    37
    10
    24
    21
    14
    13
    22
    63
    14
    21
    20
    64
    15
    15
     0
     0
     2
     0
     4
     0
    96
    34
    93
    68
    32
    30
    30
    15
    32
    79
     6
    18
    34
     9
   124
    45
    39
    37
     8
     6
     0
     0
     0
     4
    71
    38
    74
   116
    32
    40
    27
    22
    71
    28
    27
    57
    27
    33
    78
   187
    35
    81
    10
     0
     1
     0
     0
     0
    24
   108
   173
   129
    27
    33
    26
    37
    44
    29
    31
    28
    13
    27
    83
    53
    44
    36
     4
     2
    19
     2
     0
     0
    22
   167
    77
    57
    32
    27
    23
    43
    66
   153
   110
    30
    15
    12
    29
    30
    25
    33
     0
     0
    11
     4
     6
     0
    54
    27
   311
   106
    19
    24
    46
    45
   156
    36
    18
    40
    29
    29
   148
    69
   199
    22
     1
     2
     7
     0
     0
     0
    27
    93
   145
    59
    42
    20
    14
    17
    34
    28
    62
    17
    38
    75
    46
   161
    22
    19
     3
     0
     0
     0
     0
     0
    30
    93
    64
   122
     5
    30
    21
     5
    15
    32
    23
    31
    48
    56
    19
    37
     7
   212
     0
     6
     6
     0
     6
     2
   118
     8
    62
    73
    24
    31
    33
    38
    26
    24
    35
     8
    19
    25
   456
    69
    25
    17
     0
     0
     0
     5
     4
     0
    77
    38
   198
    76
    28
    23
    57
   214
    32
    41
    26
   151
    25
    38
    27
    27
    42
    38
     0
     0
     2
     0
     0
     0
     7
    56
   192
   172
    77
    50
    36
    24
    17
    45
    45
    72
    20
    15
   101
    36
    73
    38
     0
     2
     3
     3
     2
     0
    62
    23
   348
    20
    24
    11
    41
    99
   155
    32
    22
    82
    12
    34
    27
    13
    17
    30
     0
     0
     0
     0
    12
     3
    72
   101
   114
    13
    41
    98
    65
    26
    58
    28
    33
    44
    36
    66
   324
    25
    25
    16
     0
     0
    13
     0
     0
     1
    40
    74
    62
   223
    11
    37
    25
    15
    30
    30
    32
    47
    54
   369
    77
   110
    54
    18
     0
     0
     0
     1
     0
    13
    42
    75
   123
   139
    30
     8
    25
    16
    28
    26
    31
    75
   108
    25
    36
    15
     9
    33
     0
     0
     9
     0
     0
     1
    46
    99
    64
    77
    17
     8
    69
    26
    52
    16
    56
    39
   157
    36
    30
    68
    17
    12
     0
     0
     0
     0
     1
     0
    48
   129
   160
   199
    28
    25
    31
    22
    13
   163
    43
    64
    34
   165
    24
    90
    28
    46
     3
     0
     0
     0
     2
     5
    82
   114
   112
   176
    24
    49
    33
    27
    46
    75
    24
    35
    55
    68
   182
    76
    34
    35
     0
     0
     0
     0
     3
     0
    16
    80
    55
   279
    39
    25
    78
    32
    17
    27
    54
    41
    23
    23
   160
   157
   108
    19
     0
     0
     5
     0
     5
     0
    18
    32
    73
    80
     9
    42
    33
    12
     4
    72
    15
    40
    19
    97
    72
    16
    35
    71
     0
     0
     4
     0
    12
     1
    62
    65
   159
   149
    58
    36
    25
    27
    15
     6
    15
    53
    57
   155
   153
    16
    31
    32
     3
     0
     0
     0
     0
     0
    97
    40
   129
   174
    41
    23
    22
    80
    79
    21
    50
    11
    18
    78
   127
    64
    16
    28
     0
     9
     0
     0
     0
     6
    21
   129
   349
   125
    53
    29
    53
    75
    26
    34
    20
    76
    18
   150
    30
    41
    57
    24
     0
     8
     0
     0
     3
     0
    26
   147
    52
   139
    43
    50
    48
    41
    46
    29
    14
    25
   368
    38
    54
   150
    25
    28
     0
     0
     0
    13
     2
     0
    61
   169
    84
   169
    27
    26
    37
    44
    24
    15
   179
    21
    34
    12
   108
    91
    30
    31
     0
     0
     3
     1
     0
     0
    17
   135
    99
    34
    28
    14
    22
    41
    63
    29
    28
    26
    34
    33
    78
    67
    20
    65
     0
     0
     0
     3
     1
    12
    91
    60
   153
    26
    55
    33
    47
    94
    65
    69
    31
    56
    33
    15
    30
   147
    12
    43
     0
     0
     0
     1
     0
     0
    46
   102
   157
   114
    58
    19
    24
    22
    29
    48
   158
    48
    43
    13
    50
    65
    27
    98
     0
     8
     0
     0
     0
     5
    78
    35
   160
   140
    17
    49
    22
    91
    29
    39
   158
    13
   171
    36
    25
    35
   151
    20
     2
     1
     0
     0
     0
     5
    23
    94
   193
   167
    14
    35
    33
    25
    22
    21
    39
    47
    37
    13
   201
    51
    33
    25
     0
     4
     1
     5
     0
     0
    20
   161
   108
   106
    46
    43
    56
   119
    31
    62
    37
    36
    49
   117
   140
    37
    59
    32
     0
     7
     0
     0
     0
     0
    51
    17
   370
    22
    36
    64
    29
    19
    10
    22
    64
    57
    27
    28
    66
    16
   114
    34
     9
     4
     0
     0
     2
     0
    34
    63
   179
    93
     4
    16
    58
    50
    20
    64
    28
    35
    17
    25
    48
   103
    41
    18
    10
     0
     0
     0
     0
     0
    21
   283
   148
    33
    16
     7
    32
    23
    31
    27
    74
    54
    24
    48
    77
    25
    38
    18
     0
     3
     0
     6
     3
     0
    44
    27
   113
    80
    30
    29
    59
    39
    56
    34
    50
    27
    32
    19
    10
    31
    56
    62
     9
     7
     0
     0
     1
     0
     2
    30
    45
    19
   107
    57
    13
    20
    30
    38
    16
    37
    24
   160
    19
    38
   182
    39
     2
     0
     0
     0
     0
     0
     0
    50
   168
   145
    63
    49
    99
    43
    24
    24
    17
    23
    57
    35
    86
    74
    33
    16
    34
     3
     0
     0
     0
     0
     0
    47
    56
   175
    84
    22
    85
    11
    19
    19
    74
    29
    14
    28
    57
    49
    42
    86
    25
     0
     0
     0
     0
     1
     1
    33
    55
   140
   164
    34
    44
    74
    52
    42
    42
    47
    69
    17
   238
    93
   130
    32
    25
     5
    12
     0
     0
     0
     0
    95
   186
    58
    74
    20
    25
    56
    18
    18
    25
     7
    29
     9
    30
    36
   188
    21
    11
     0
    13
     0
     0
     0
     0
    57
   152
    98
    12
    47
    48
    34
   150
    46
    46
    42
    62
    58
    29
    24
    58
    20
    47
     2
     0
     0
     2
     0
     1
    33
    46
   169
   145
    23
    40
     4
    11
    64
    61
    45
    52
    15
    27
   134
   102
    33
    34
     0
     7
     0
     0
     6
     1
    21
   118
   140
   110
    63
    28
    21
    37
    11
    40
    26
    40
    48
    32
   117
    19
    37
    32
     7
     0
    14
     0
     0
     0
    63
    55
   321
    58
    40
    40
    28
    55
    66
    33
    15
    44
    27
    12
   258
   102
    29
    19
     0
     0
     0
     6
     0
     0
    77
   133
   155
    57
    43
    46
    33
    48
    29
    39
   190
    23
    34
    56
    16
    57
     6
   129
     2
     0
     0
     7
     2
     0
    53
   210
   152
    49
    16
    36
    53
    39
    24
    87
    27
    46
    22
    46
    90
    22
    27
    36
     0
     7
     0
     0
     0
     0
    75
    66
   258
    85
    24
    14
    12
    39
    39
    67
    61
    26
    38
    38
    70
    23
    37
    36
     0
     1
     0
     0
     0
     8
     9
   143
   180
    64
    26
    21
    55
    41
    33
    22
    58
    18
    36
   320
   128
    90
    20
    46
     0
     0
     5
     0
     1
     0
     9
   142
   149
   103
    21
   173
    35
    22
    27
    36
    36
     1
   101
    30
    31
   101
    10
    34
     0
     0
     5
     0
     0
     0
    27
    56
   176
   127
    18
    16
    72
    11
    40
    35
    51
    29
    22
    56
   348
    60
    53
    37
     2
     0
    10
     0
     0
     0
    61
    73
   200
    34
    29
    40
    12
    12
    37
    72
    16
    38
    39
    48
    61
    88
    47
    20
     0
     4
     1
     0
     0
     0
    68
   201
   128
   133
    21
    44
    18
    42
    29
    43
    72
    32
    57
    60
    41
   162
    48
    36
     3
    15
     7
     0
     0
    10
    33
   134
   173
    24
    36
    26
    37
   177
    36
    18
    18
    32
    72
    21
    47
   107
    43
    29
     0
     0
     1
     8
     0
     0
    16
    35
   141
   149
    20
    25
    27
    46
    10
    42
    18
    20
    14
    13
    86
    56
    20
    18
     0
     5
     0
     7
     1
     0
    13
    85
   176
    75
    80
    22
    28
    32
   208
    51
    44
    20
    61
    13
   162
    30
    15
    63
     0
     0
    10
    14
     3
     0
    26
   242
   114
   100
    63
    65
    22
     8
    25
    20
    55
    33
    27
    34
   256
   231
    51
     4
     0
     0
     0
     6
     0
     3
    20
   108
   103
   119
    73
    13
    28
   171
    39
    20
   161
    75
    33
   115
   167
    65
    54
    20
     0
     0
     0
     0
     5
     0
   108
    44
   183
    79
    27
    26
    52
    53
    28
    28
    78
    13
    33
    35
    11
    59
    35
    42
     7
     4
     0
     1
     0
     7
    90
    44
   187
   142
    51
    42
    24
    61
    24
   159
    45
    57
    37
   171
    83
    97
    65
    22
     2
    13
     2
     0
     0
     0
    65
   204
   125
    99
    48
    80
    39
    34
    41
    40
    26
    41
   165
    31
    58
    46
    16
    50
     0
     9
     8
     0
     1
     6
    38
    77
   238
    91
    35
    27
    18
    32
    31
    22
    46
    36
    39
    71
    37
    27
    20
    81
     0
     0
     0
     0
     0
     0
    29
    40
   135
    72
    20
     4
    53
    37
    19
    36
    59
    45
   167
    64
   117
    93
    72
    36
     0
     0
     2
     7
     0
     0
    62
   115
   215
    17
    13
    31
    34
   178
    30
   230
    33
    30
    52
    56
    55
    19
    40
    16
     0
     4
     0
     0
     0
     0
    38
   210
    62
   236
    72
    29
    50
   172
    31
    26
    28
    33
    39
    34
   198
    72
    15
    24
     0
     0
     7
     7
    10
     0
    16
    37
   203
    82
    19
    20
    15
    78
    19
    14
    24
    15
    50
    81
   298
    81
    65
    30
     0
     4
     0
     0
     0
     4
    86
   158
   180
   108
    37
    31
   163
    24
   210
    39
    29
    15
    28
    40
    61
   105
    37
    23
     0
     5
     0
     0
     0
     0
    30
   145
    61
   118
    85
    54
    19
    49
    37
    49
    25
    36
   194
    44
    28
   153
    57
    65
     6
    11
     0
     3
     0
     2
    20
    58
   137
    78
    18
    46
    36
    40
    33
    24
    24
    18
    21
    33
   107
    50
    68
    20
    10
     0
     0
     2
     0
     7
    31
    63
   309
    18
    33
     4
    19
    45
    44
    23
    41
    29
    45
    15
   250
   251
     0
     9
     0
     0
     4
     4
     4
     0
    44
    83
   167
    21
    21
     6
    44
    20
    36
   103
    37
    67
     2
    22
   517
   105
    28
    28
     5
     0
     8
     0
     4
     0
    80
    74
   105
    72
    44
    26
    25
    72
   174
    23
    84
   117
    33
    94
   249
    27
    46
    12
     0
     2
     0
     0
     0
     0
    56
    13
   222
   150
    69
    25
    35
    20
    63
    94
    57
    61
    57
    30
   164
    46
    38
    20
     6
     0
     0
     0
    10
     0
    85
   215
   182
    75
    71
    16
   107
    51
    28
   204
   179
    18
    73
    46
   165
    61
    53
    76
     0
     3
     0
     0
     2
     4
    69
   106
   232
    41
    25
    28
    88
    46
    30
    31
    41
    30
    46
    13
   224
    86
    24
    25
     0
     0
     0
     0
     1
     8
    63
   118
    99
    15
    57
    71
    30
    17
    65
    41
    30
    29
    46
    21
    40
    67
    72
    23
     0
     0
     0
     0
     8
     7
    78
   159
   205
   103
    23
    54
   167
    30
    63
    65
    90
    46
    21
    29
    35
    81
    64
    21
     0
     7
     8
     3
     0
     0
    51
   152
   127
    66
    35
    12
    10
    23
    40
   168
    17
    17
    13
   216
    68
    19
    67
    18
     0
     0
     0
     0
    10
     1
    21
   102
   175
   136
    14
    35
    55
    28
    29
    29
    19
    14
   170
    51
    43
    33
    53
    45
     0
     5
     0
     3
     3
     6
    63
    69
   212
    73
    44
    24
    38
     9
    25
   114
    18
    17
    49
    36
    44
    79
    34
    39
     2
     8
     0
     0
     7
     0
    28
    16
   283
   113
    47
    47
    26
   166
    19
    37
     4
    34
    29
    20
    40
   142
    70
    60
     2
     0
     0
     2
     0
     0
    62
   106
   148
   258
     7
    23
    34
    38
    28
    38
    32
    31
    37
   104
    67
    74
    15
    14
     7
     0
     6
     0
     0
     0
    18
    98
   146
    69
    18
    29
    74
    63
    18
    58
     6
    25
    84
    47
    22
    17
    72
    23
     0
     0
     0
     5
     0
     0
    35
   225
    81
   127
    29
    40
    28
    19
    23
    56
    55
    24
    25
    23
   102
    87
    37
    40
     0
    10
     0
     0
     7
     2
    90
   151
   152
   170
    22
   172
    30
    12
    30
    22
    27
    13
    13
    31
   123
   116
    34
    49
     0
     0
     0
     0
     0
     0
    30
   268
   126
    34
    22
    23
    24
    78
    11
    65
    51
    28
    80
    21
   181
   101
    45
    50
     0
     0
     4
     5
     6
     2
    35
   136
    73
   150
    50
    30
    36
   191
    22
    40
    36
    48
    26
    22
   204
   118
    42
    27
     0
     7
     0
     0
     0
     2
    56
   168
   110
   106
    63
    89
     8
    27
    91
   107
    45
    34
    50
   165
    50
    84
    59
    69
     0
     0
     2
     7
     0
     2
   127
   167
   169
    75
    83
    79
   207
    40
    56
    28
    32
    30
    28
    38
   121
   109
    46
    80
     7
     0
     0
     0
     0
     0
    11
    11
   118
   119
    38
    30
    47
    17
    29
    27
    34
    34
    41
    70
   134
    94
    29
    20
     2
     3
     3
     0
     0
     3
    39
    90
   233
    97
    16
    38
    35
    99
    14
    63
    69
    25
    30
    46
    15
    23
    37
    13
     0
     4
     6
     0
     9
     0
    92
    72
   115
    34
    19
    25
    24
    34
    28
    50
    26
    43
   196
    22
   133
    75
    32
    56
     0
     1
     6
     0
     8
     3
    33
   193
   214
    20
    28
    36
    67
    29
     7
    52
    36
    63
    34
    30
    44
    75
    40
    44
     0
    10
     0
     0
     0
     7
    33
   109
   168
   127
    30
    18
    30
    69
    64
    35
    57
    22
    37
    87
    19
   106
    27
     5
     0
     0
     1
     0
     0
     4
    22
    50
   148
    78
    89
    38
    29
    90
   184
    32
   234
   173
    32
    35
    34
   248
    68
   164
     0
     3
    16
     3
     3
    14
    36
   134
   386
   157
    42
    81
    23
    25
    34
    36
    61
    34
    34
   197
    55
   101
    47
    28
     0
     6
     0
     0
     0
     1
    35
   207
   261
   178
    42
    14
    34
    36
    26
    29
    27
    45
    32
     5
   235
    53
    77
     0
     0
