    32
     3
     0
     0
     0
     0
   132
    65
    14
    44
    18
    42
    18
    21
     4
    18
    10
    26
    29
    24
    65
     6
    30
     8
     0
     0
     4
     0
     0
    11
   145
    13
    96
    10
   148
    17
     0
    12
    28
    27
    21
    10
    16
     6
   111
    18
    12
     0
     0
     0
     0
     0
     0
    12
    63
   104
    23
    21
    18
    29
    18
     9
     3
    15
     6
     7
    68
    12
   219
     4
    16
     0
     0
     7
     0
    10
     0
    30
    68
    81
    21
    30
    17
    27
    64
    14
   236
     0
    19
    35
    30
     3
    42
    38
    27
     7
     1
     0
     0
     0
     0
     9
   152
    40
     8
    28
    35
     8
    29
    31
    27
    24
    16
   158
    35
     3
    60
     2
     3
     0
     0
     0
     0
     0
     0
    86
    16
    63
    32
    10
     6
    19
    36
    21
    11
    43
    21
    10
    21
    84
    11
    17
     8
     0
     8
     6
     4
     0
     0
    32
    59
   134
    51
    24
    42
    22
    17
    10
    37
    18
    21
    23
    10
    56
    24
    38
    16
     0
     0
     6
     0
     0
     0
    12
    31
    93
    65
    14
    44
    25
    33
    19
    13
    12
    10
     8
    25
    20
    33
    11
    17
     0
     8
     0
     0
     9
     0
    33
    71
    97
    47
    14
    38
    24
    21
    23
     8
    80
    17
    67
    68
    23
   108
     7
    59
     0
     0
     0
     0
     0
     0
    15
    89
    70
    37
    33
    27
    23
    26
     6
    18
    18
     9
    22
    13
    64
     0
    71
    26
     2
     0
     0
     0
     0
     0
    71
    32
    35
   102
    29
    28
    14
    18
    21
    20
     8
    16
     2
    48
    54
    58
    15
    16
     0
     0
     0
     0
     8
     0
     6
   109
    93
     5
    12
    30
    13
    21
    11
    32
     3
    13
    15
    57
    33
    56
    16
    13
     0
     0
     0
     0
     0
     0
    41
    68
    54
    87
    64
    85
    10
   132
    21
    19
    34
    26
     6
    20
    44
    67
    63
    39
     0
     0
     0
     0
     0
     0
    27
    60
    35
    66
    21
    11
    27
    36
    16
    25
     5
    32
    15
    56
    32
    13
    55
    34
     0
     5
     1
     0
     0
     0
    26
    60
    23
     4
    18
     8
    10
    24
     7
    24
    21
    14
    10
    21
    30
   108
    18
    11
     0
     2
     0
     0
     1
     2
    11
    49
   121
    86
    60
    18
     9
     7
    10
    13
    16
    55
    22
    24
   195
     5
    14
    69
     0
     7
     5
     0
     0
     0
    13
    17
   190
    87
    16
    16
    25
    21
     8
    18
    20
    18
     8
    57
    25
     8
    34
    12
     0
     0
     0
     0
     0
     0
     6
     2
   204
    46
    12
    30
    35
    14
    36
    27
    21
    20
    49
    28
    16
     9
    26
    17
     0
     2
     0
     0
     0
     0
    12
   114
   130
   107
     3
     2
    21
    19
    17
    24
    18
    19
    16
    14
    11
     6
    60
    28
     8
     3
     3
     0
     0
     0
    16
    29
    14
    54
     4
    36
    78
    18
    22
    21
   146
    54
    27
     9
    34
    25
    74
    20
     0
     3
     0
     0
     0
     0
    20
    44
   151
    98
    18
    36
    14
    29
     9
    67
    43
    72
    12
    26
    47
    10
    28
    28
     0
     0
     0
     1
     0
     0
    58
    10
    43
    33
    10
    18
     0
    48
    13
    16
    12
    65
   156
   199
    31
    53
     2
     3
     2
     0
     0
     0
     0
     0
     3
    45
    40
   130
    21
    20
     5
    26
    23
    15
    13
     1
    21
    28
    50
    56
    39
    13
     0
     0
     0
     0
     0
     0
    37
   133
    46
    91
    19
     8
    25
    11
    12
    39
    24
    72
     0
    40
    18
   193
    10
    68
     0
     0
     0
     5
     0
     0
    24
    66
   116
    89
    71
    14
    55
    10
    52
     6
    11
     2
    67
    69
     8
    55
     7
     5
     0
     0
     2
     0
     0
     0
     8
    26
    74
    85
    27
    20
    56
     1
    27
    73
    11
    14
    24
     5
    60
     5
    19
    12
     0
     6
     0
     0
     2
     0
    32
    95
    25
    19
     4
    50
    39
    74
    36
     4
   141
    36
    12
    17
    60
    27
    16
    30
     0
     0
     0
     0
     0
     0
    55
    15
   112
    99
    50
    28
    21
    30
    34
    65
    32
     1
     9
    24
    56
    23
     9
    58
     7
     0
     0
     0
     8
     0
    10
    18
    49
    59
    25
     1
    26
    23
    13
    59
    24
     9
    29
    11
    18
    23
    24
    28
     6
     0
     6
     0
     0
     0
    59
    21
    14
    48
     9
    22
    19
    29
    13
    22
    32
    29
    10
    22
    60
    19
    11
    15
     0
     0
     0
     7
     0
     9
    11
    30
    17
    42
    32
     4
     7
    11
    23
    14
    65
    14
    16
     3
    75
    37
     9
    16
     0
     0
     0
     0
     0
     0
    26
     7
   100
    15
    12
   100
    66
    23
    28
     4
    14
    56
    54
    57
    18
    95
    48
    17
     0
     0
     0
     7
     0
     0
   102
    56
   102
    66
    16
    17
   105
    16
   169
    10
    21
    35
    44
    52
     5
    89
     4
     0
     2
     3
     0
     7
     0
     0
    41
    88
   163
    77
     3
    65
    24
    57
    36
    33
    19
    26
    32
    38
    29
    16
    10
    39
     0
     0
     0
     0
     0
     2
    23
    74
    54
   132
     0
    21
    27
    47
    24
    62
     1
    14
    10
    18
    14
    18
    29
    25
     0
     0
     5
     9
     2
     3
    29
    55
    46
     3
    28
     8
     4
    20
    45
     7
    24
    19
    23
    22
    13
     9
     3
     9
     7
     0
     0
     0
     0
     0
     9
    60
   101
    50
     4
    34
    16
     4
    16
    14
    14
    18
    17
   164
    24
    22
    15
    59
     0
     0
     0
     0
     6
     0
    13
   179
   131
    21
    61
    59
   155
    11
    15
    48
     7
    37
    27
    15
    17
    40
     7
    49
     0
     0
     0
     0
     0
     0
     4
    57
    78
    45
    53
    53
     9
    31
    53
    31
    13
    23
    22
    23
    24
    94
    26
    19
     0
     1
     0
     0
     0
     4
     5
    60
    51
   107
    20
    18
    18
    19
    12
    26
    33
    16
    15
    45
    15
    23
    27
    17
     0
     0
     0
     0
     7
     2
    19
   152
    74
    96
    26
    12
    17
    29
    14
    21
     6
    25
    12
    27
    83
   197
    10
   193
     0
     0
     0
     0
     3
     0
    45
   263
   111
    18
    11
    12
    19
    52
    43
    30
    16
    29
    25
    31
    10
     7
    13
    29
     0
     0
     5
     0
     0
     0
    19
    13
    86
    48
    25
    15
    49
     8
    47
    18
    14
    18
    30
   148
    48
    42
    18
    23
     0
     0
     5
     0
     2
     0
     7
    51
   116
    46
    19
    27
    67
    23
    15
    11
   205
    46
    34
     9
    57
    30
    20
    16
     4
     2
     0
     0
     2
     0
    24
    38
    98
    94
    44
    15
    29
     9
    10
    14
    56
    31
    16
    12
    12
    82
    22
    22
     0
     0
     2
     2
     0
     0
    19
    78
   124
    18
    51
    14
    21
     7
     6
    20
    25
    10
    85
     8
    16
    61
    49
    29
     5
     0
     3
     0
     0
     0
    21
    92
   223
    82
    45
    17
    12
     6
     0
    18
     3
    14
    15
     7
     0
    10
    25
    28
     0
     0
     0
     0
     6
     4
    28
   101
    64
    45
    23
    31
    22
   103
    14
   177
    62
    18
    96
    65
    21
   100
    15
    53
     0
     0
     0
     0
     2
     0
     5
    12
   216
   115
     1
     4
    21
    10
    30
    42
    37
    17
    16
    30
    25
    31
     9
    29
     0
     0
     0
     0
     0
     0
    16
    89
    27
    66
    18
    20
    10
    22
     6
    18
    11
    11
    10
    14
    21
    73
    12
    20
     0
     0
     0
     0
     0
     2
    19
   178
    95
   105
    31
    33
     5
     8
    26
    13
    17
    19
    29
    21
    28
    29
    22
    53
     0
     0
     3
     0
     0
     0
    14
    17
   166
    59
     7
    25
    11
    23
    18
    15
    67
   168
     4
    25
    13
    23
    29
    25
     0
     0
     0
     7
     0
     1
    57
    53
    52
    44
    11
    16
    39
   114
    49
    58
    18
    23
    29
    26
    53
   160
    15
    14
     0
     0
     3
     0
     6
     0
     6
    19
    45
    29
    18
     5
    13
    32
     9
    19
    19
    97
    26
    12
    55
    74
    53
    11
     0
     0
     3
     0
     0
     0
    68
   160
    62
    15
    32
    18
    14
    17
    10
     9
    26
    42
    25
    67
    58
    17
    37
    33
     0
     0
     0
     5
     0
     0
    21
     8
   137
   144
    37
    17
    23
    15
    12
    71
    33
    18
    20
    13
   125
   114
    70
    18
     9
     0
     0
     0
     9
     1
    51
   114
   123
     9
    12
    23
    71
    30
     5
   164
    40
    30
    18
    22
     9
    23
    39
    70
     0
     0
     5
     0
     0
     0
    23
    17
    56
    42
     8
    22
    64
    26
    23
    62
    12
    26
    20
    17
     9
    61
    19
     6
     0
     0
     0
     0
     0
     3
    18
    93
   150
    49
    18
   105
    18
    36
    16
    18
    23
     6
    28
    71
    49
    24
     9
    22
     0
     0
     3
     1
     0
     2
    46
    28
    22
    16
    43
    13
    21
    11
    63
    74
    28
     8
    33
    54
     2
   201
    21
    22
     0
     9
     0
     0
     0
     0
    16
    18
   137
   146
    28
    13
    44
     3
    20
    10
    13
    16
    18
   161
    60
   151
    57
    15
     4
     5
     0
     5
     0
     2
    11
    35
   202
    21
    45
    13
    21
    26
   140
    10
    27
    48
    22
    34
    17
     6
    50
    32
     3
     5
     0
     7
     0
     7
    60
    59
    22
   130
    69
    22
    37
    32
    27
    47
    36
    10
    22
    63
    68
    45
    30
    37
     0
     0
     0
     0
     0
     0
    44
    15
    38
     9
    35
    30
    11
    23
    24
    18
    14
    11
    28
    12
   194
    63
    39
    53
     0
     7
     0
     3
     0
     0
    26
   139
    98
     5
    18
    13
    13
    36
    73
    16
    20
    25
    11
    21
    25
    23
    10
    18
     0
     0
     0
     0
     2
     0
    46
    71
    69
   132
    23
    15
    14
    17
    33
    19
    13
    35
    14
    22
    66
   108
    12
    11
     0
     0
     0
     0
     0
     0
    18
   129
   169
    11
    19
     8
    19
    49
    34
     1
    43
    17
    50
    32
    15
    57
    54
     8
     0
     0
     4
     0
     0
     6
    20
    55
    50
   132
    15
    33
    15
   142
    25
    25
   158
    59
    54
    16
   143
    25
    15
    25
     0
     0
     0
     0
     0
     3
    22
    56
    98
    12
    62
    14
    22
     3
    28
    30
    34
     9
    26
    23
    73
    10
    31
    34
     0
     0
     0
     0
    18
     2
   105
    25
   114
   101
    20
    16
    16
    25
    23
    19
    13
    21
   161
    55
     9
    13
     3
    18
     0
     0
     0
     5
     0
     0
    12
   164
   102
    44
    10
    31
    14
    17
    38
    66
    22
     3
    13
     9
    46
    11
    20
    75
     0
     0
     0
     0
     0
     0
    18
    18
    31
    46
     7
     4
    13
    19
    33
    11
    46
    20
    16
    11
    11
     9
    14
     8
     0
     0
     0
     0
     0
     0
   102
    45
    38
     5
    10
    27
    35
   139
    16
    18
    21
    19
    34
    22
   149
    14
    30
    18
     0
     0
     0
     0
     0
     0
    33
   177
    56
    10
    23
    11
     6
    49
    49
    22
    21
     8
     9
    10
     0
    12
    21
    25
     0
     0
     7
     0
     0
     1
    29
    90
   176
   135
     9
    13
    61
     0
    26
     7
    26
    14
    31
   120
    71
    22
    32
     5
     0
     8
     0
     7
     0
     0
    16
    50
   135
    24
    24
    31
    16
    10
   156
    12
    12
    51
    16
    27
   134
   108
     8
    33
     1
     0
     0
     0
     0
     0
    29
    61
    31
    14
    42
    26
   168
    28
    35
     6
    30
    17
    21
    34
    54
    29
     9
    27
     0
     0
     0
     0
     0
     5
    26
    57
    89
   108
     0
    18
    33
    35
    56
    14
    10
    30
    10
     9
     5
    49
    12
    27
     0
     0
     5
    16
     0
     0
    27
    56
    15
   133
    18
    33
    28
     9
    31
    57
    10
    32
    13
    43
    52
     9
    10
    21
    15
     0
     0
     5
     5
     0
    24
   110
   132
     4
    12
    28
     5
    38
    11
    26
    35
    13
    21
    46
    19
    42
    18
     0
     3
     0
     0
     0
     0
     0
    61
    22
   141
    47
    10
    28
    46
    25
    21
    21
    10
    16
     8
     0
    28
     4
    44
    31
     0
     0
     0
     0
     0
     0
   108
     4
    67
    26
    24
    61
   147
    29
     4
    44
    10
   159
    10
    29
    80
    36
    76
    21
     0
     0
     0
     0
     0
    12
    19
    21
    90
    11
    66
    43
    15
     4
    73
    68
     9
    17
   174
    14
    30
     3
     9
    14
     0
     0
     0
     0
     7
     0
    24
    95
   109
    67
    28
    52
    32
    76
    21
    47
    13
    36
    60
    41
   110
    22
    16
    14
     0
     0
     0
     0
     0
     0
    16
    35
   176
    50
    29
     4
    41
    28
   106
     9
    23
    25
    39
    20
    84
    57
    23
    48
     0
     0
     4
     0
     0
     0
    20
    15
    50
    48
     3
    13
    45
    29
    19
     7
    24
    11
    46
    20
   109
    48
    25
    63
     0
     0
     0
     0
     0
     0
    21
   131
    10
    89
    21
     7
    11
    24
     6
    10
    12
    18
    11
     5
    73
    42
    20
    80
     2
     0
     0
     1
     0
     0
     0
   126
   199
     9
     2
    23
    32
    20
   110
    41
    16
    47
    12
    52
    59
     2
    23
     5
     0
     0
     0
     0
     0
     0
    31
   127
     8
    60
     4
     9
    23
    73
    17
    15
    29
    15
    12
    58
     9
    47
    34
    18
     8
     0
     7
     0
     4
     0
    14
    65
   182
    54
    28
    32
   181
   199
    76
    34
    15
     1
    16
     5
    61
    30
    65
    21
     0
     0
     0
     5
     0
    31
    55
   146
    73
    11
    27
    71
    24
    40
    38
    28
    37
     3
    26
    23
    69
     9
    51
     5
     0
     0
     0
     0
     0
    22
     6
    53
    62
    48
     9
    11
    24
    13
    25
     8
     9
    21
    39
   193
    92
    25
    20
     0
     3
     6
     0
     0
     0
    18
    79
    43
    13
    19
    31
    22
    30
     5
    35
    63
     8
    25
    33
   201
    35
    10
    33
     6
     0
     8
     1
     1
     0
    52
   100
   136
    10
    34
    18
    30
   200
    25
    20
     0
    27
     4
    30
    51
    27
    10
    15
     7
     0
     0
     3
     0
     1
     8
    71
    53
   165
   168
    45
    18
    20
    15
     6
    26
    61
    68
     6
     2
   127
    29
    56
     0
     0
     0
     0
     2
     0
     9
   107
    25
    93
    25
    14
    64
    27
    20
    48
    24
    20
    75
    35
    67
   136
    25
    11
     0
     4
     0
     0
     1
     0
    23
   146
    53
    94
    16
    24
    18
    17
    20
     2
    19
    50
    19
    18
    60
    17
    19
     8
     0
     0
     0
     0
     6
     0
    50
    64
    97
   129
    19
    12
    36
    41
    30
    28
    16
    29
    23
    23
    47
     6
    11
    25
     3
     0
     0
     0
     0
     0
    18
    17
    93
    42
    13
     2
    11
     9
    34
    27
    10
     9
     6
     7
    48
    67
    17
    64
     7
     0
     0
     4
    13
     0
    66
    43
    55
    91
    19
    20
    21
     9
    31
    16
    31
    15
    33
    46
   225
    49
     6
    19
     0
     0
     0
     0
     0
     0
    13
     8
    56
     3
    21
    25
    19
     3
    54
    26
    34
    23
    40
    11
    11
    30
    18
     5
     0
     0
     0
     0
     0
     0
    19
    13
   171
   155
    16
    22
    24
    15
     7
    10
    27
     6
    21
     2
    59
    68
    25
    26
     0
     0
     0
     6
     0
     0
     9
   164
    48
    34
    22
    54
    21
    23
    28
     8
    12
    32
    23
    12
     0
    49
    51
    39
     7
     3
     3
     0
     0
     7
    20
   193
   107
    51
    18
    69
    27
    12
    68
    11
   145
   161
    18
    62
    10
    28
   149
    22
     0
     1
     0
     0
     0
     0
    18
    23
   167
    60
    16
    12
    30
    11
    61
    73
    25
    28
     2
    13
     7
    97
    68
    23
     0
     0
     8
     0
     0
     0
    69
   120
    81
    13
    17
    20
    70
    60
     7
    30
    16
    48
     6
   151
    41
    13
    29
    27
     0
     0
     0
     0
     0
     3
    52
    49
    14
   137
     7
    17
     7
    11
     8
    15
    53
    37
     9
     7
   240
    13
    29
    23
     0
     0
     0
     0
     6
     0
    12
    52
    50
     5
     6
    27
    18
    29
    20
    17
    24
    19
     0
    16
    13
     8
    31
    10
     0
     0
     0
     0
     0
     0
    28
    78
   132
    59
    15
     3
    12
     7
     8
     0
    12
    56
    15
    37
    31
     2
    12
    16
     0
     0
     0
     0
     9
     0
    36
    20
    60
     2
    16
    12
    15
     8
    16
    13
    28
     9
    29
    75
    76
    46
    25
    35
     0
     0
     5
     0
     0
     0
    97
    73
    46
    33
     8
    19
    28
    10
    55
     5
    28
    76
    10
    14
    25
    14
    16
    20
     0
     0
     0
    14
     0
     0
     8
   140
   126
    69
    32
     8
    55
    14
    19
    28
    60
    53
   157
    15
     7
    14
     2
   179
     0
     7
     0
     0
     0
     2
    50
    50
   129
    62
    14
    18
    15
    33
    30
    15
    13
    16
    50
    11
    10
     7
    56
    20
    10
     2
     0
     8
     0
     0
    21
    37
     0
    11
    13
    14
     7
    11
    95
    18
    16
     9
    10
     1
    49
    27
    10
    15
     0
     0
     0
     0
     0
     0
     8
    20
    59
    96
    36
     4
     2
   158
     2
     7
    47
    31
    18
    27
    51
    53
     7
     2
     0
     0
     0
     0
     0
    15
    11
    66
    91
    58
    31
    53
    37
     9
    18
    11
    20
    20
    20
    26
    15
    52
    22
     8
     0
     0
     0
     0
     0
     0
    17
    54
    29
   143
    23
    12
    30
     7
    17
    16
    15
    51
     1
     5
    86
     1
    14
    43
     0
     0
     0
     0
     0
     0
    22
    20
    69
     5
     7
    20
     9
    17
    15
    41
    12
    23
    26
    46
   136
    75
    20
    27
     0
     0
     0
     1
     7
     0
    27
   106
   164
    16
    22
    62
    11
     4
    13
    34
    32
    34
    71
    34
    43
    16
    21
    11
     0
     6
     6
     0
     0
     0
    87
    15
    59
     4
    16
     3
    32
    20
     7
    14
    27
     2
    17
     6
    24
   105
    15
    58
     0
     6
     0
     0
     6
     3
    11
    16
     4
   179
    22
    19
     2
    10
    47
    31
    22
    19
    63
   150
    47
    47
    49
    36
     0
     0
     0
     0
     4
     0
    55
     9
    96
    58
    14
    15
     7
     8
    56
    23
    20
     0
     3
    12
    63
    66
    49
     6
     0
     0
     0
     0
     0
     0
     6
    63
     8
    45
    15
     7
     6
    13
    19
    16
    23
    14
    13
    24
    54
   177
    10
    42
     0
     0
     2
     0
     0
     0
    25
    45
    94
    78
    16
    22
    20
    17
    30
    73
    14
    15
    12
    65
    83
    10
    25
    10
     0
     0
     0
     0
     9
     4
    29
    15
    49
    16
     9
    28
    51
    25
    24
     6
    18
    49
    27
    55
    14
    43
    13
    36
     0
     0
     8
     0
     5
     6
    21
    55
    79
   142
    51
   189
    27
    33
    25
    50
    27
    20
    13
    61
    60
    52
     6
    13
     0
     3
     0
     0
     0
     2
    30
    11
   180
     7
    10
    10
    16
     0
    27
    12
    19
    13
    33
    58
    63
    31
    13
    14
     0
     0
     0
     5
     0
     0
    15
   134
    71
   114
    22
     6
     6
    38
    26
     7
    13
     5
    11
     8
     9
    19
    21
    54
     0
     1
     0
     0
     2
     2
     3
    17
    94
    58
   170
    11
    33
   148
     9
    12
    16
    29
   165
    73
    17
    55
    12
    32
     0
     0
     0
     0
     1
     0
     3
     9
    61
    63
     5
     0
    15
    13
     7
    14
    17
     8
    22
    78
     0
    56
    40
    13
     0
     0
     4
     0
     0
     0
    25
    56
    45
    99
    18
    16
    19
    13
    13
    92
    22
    18
     8
    11
    62
     9
    41
     8
     0
     0
     0
     1
     0
     0
    33
    25
   214
    36
    30
     2
    13
    12
    83
    20
    70
    59
    52
    10
    55
    50
     6
    22
     0
     0
     0
     0
     0
     0
   114
    83
    27
   144
    36
    66
    27
    10
    25
    39
    32
    11
    28
    21
   508
    55
    41
    29
     0
     0
     0
     0
     0
     0
    12
    59
   198
    18
     2
    44
     9
    25
    12
    13
    31
     4
   155
    20
    51
    63
     5
    15
     0
     0
     0
     0
     0
     0
    58
    47
   120
    14
    29
     4
    41
    29
    23
    26
    59
    23
    53
    16
     9
    54
    16
    17
     5
     0
     5
     0
     0
     0
    24
     6
   122
    18
    20
    33
    67
     3
    33
    36
    19
    22
    46
    18
    43
    21
    39
    17
     2
     0
     0
     0
     0
     0
     5
    26
     6
    16
    58
     6
    11
    28
    55
    24
    13
    17
     7
    28
    26
    15
    23
     9
     5
     0
     6
     0
     0
     0
    58
   172
    68
    56
    13
     1
     7
     6
    12
     7
   162
     8
    33
     5
    46
    11
    22
    25
     0
    17
     0
     0
     3
     6
    13
    55
    69
    93
    38
    33
    11
     7
   146
    21
     7
    49
    32
     1
    59
    26
    80
     8
     0
     0
     0
     3
     0
     0
    32
    10
   116
    21
    30
    19
    15
    29
    39
    19
    17
    34
     4
    29
    50
    14
     7
    60
     2
     0
     0
     0
     0
     0
    51
   108
   133
    19
    70
    11
    14
    16
   138
    10
    63
     7
    18
    14
    46
    22
    25
    74
     0
     0
     0
    10
     1
     0
    33
    38
    59
    20
     9
     8
    15
    30
     9
    16
     9
    14
    29
    12
    64
    13
    13
    11
     0
     3
     0
     0
     0
     0
    19
    64
    90
    22
    28
    75
    15
    50
     4
    28
    29
     0
    29
    47
    11
    14
    12
    16
     2
     0
     0
     0
     5
     0
    40
    19
   131
    42
    15
    17
    19
    71
     7
    23
   107
     0
    25
    37
     8
    28
    59
    34
     0
     0
     0
     6
     0
     0
     8
    88
    43
    69
    54
     8
    23
    23
    28
    15
    64
    70
    52
   150
    20
   156
    47
    24
     0
     0
     1
     0
     0
     0
    16
    95
    66
    61
    11
    15
    18
    47
   215
    30
    15
    16
    33
     9
    13
     0
    24
    14
     3
     0
     0
     0
    12
     0
    63
    91
    56
     5
    22
    37
     4
    27
    20
    31
    18
    64
     8
    54
    30
    49
    46
    23
     0
     0
     0
     0
     7
     0
    15
    18
     7
    56
    20
    20
     0
     7
    29
    13
     6
    11
    14
    11
    22
    25
     0
    18
     0
     0
     0
     0
     0
     7
    14
    16
    81
    47
     3
    12
    13
    17
    34
     5
    15
     7
    35
     8
     8
     2
    12
    50
     0
     0
     0
     5
     0
     3
     8
     9
    52
    58
    14
    47
    27
    18
    34
    18
     4
    19
    21
   161
    52
    63
     2
    61
     0
     0
     0
     2
     0
     0
    54
    88
    47
    99
    25
    23
    44
    11
    18
    25
    24
    16
   150
    18
    15
    24
    18
    16
     0
     1
     0
     0
     0
     0
    31
    43
     8
    55
    23
    21
    15
    18
    31
    48
    29
    33
    17
    13
    94
    75
    16
    34
     0
     0
     0
     0
     6
     0
     7
    25
    14
    21
    10
   118
     4
    10
    18
    26
    20
    14
     6
    15
    97
    60
     4
    13
     0
     0
     0
     3
     0
     0
     1
    90
   146
     9
    29
    25
    13
     7
    56
    38
     3
    11
    12
    48
    96
    66
    13
    25
     0
     0
     3
     0
     0
     0
     6
    42
    32
    54
    16
    25
    22
    21
    28
    26
    12
     4
    11
    20
    10
    42
   153
     8
     0
     0
     0
     0
     0
     0
    53
    94
    13
    36
    23
    20
    11
    50
     3
    26
    25
    31
    14
    24
    26
    26
    11
     4
    10
     0
     0
     0
     1
     0
    19
    86
    88
    98
    13
    11
    28
     3
    35
    16
    11
    15
    15
   163
    34
    24
    33
    17
     1
     0
     0
     0
     0
     0
    12
    13
   101
    49
     6
    16
     5
    17
   153
    40
    27
     5
    15
     0
    16
    46
    11
    21
     0
     6
     0
     0
     0
     0
    24
    93
   130
     9
    21
    26
     7
    15
     8
    24
    18
    17
     4
    22
    12
    16
    20
     0
     0
     0
     0
     0
     0
     3
    16
    49
    48
    61
    22
    28
    64
    12
    24
    84
    44
    18
    11
     7
    65
   118
    17
    20
     0
     0
     0
     0
     7
     0
     8
    56
     8
    51
    33
    17
    21
    25
    19
     5
     4
     8
   159
    25
    14
    12
    85
    42
     0
     0
     0
     0
     2
     0
    53
    92
    16
    59
    18
     6
    57
     2
    21
    56
    15
     4
     8
    14
     9
    45
    10
    57
     5
     0
    10
     0
     0
     0
    12
     6
    66
     9
    50
     0
    65
    16
     3
     5
     3
    20
     5
    11
    43
    27
     9
    17
     0
     0
     0
     1
     0
     0
     6
    14
   120
    28
     5
    20
     3
     7
    59
    30
    17
    11
    31
   177
    83
    60
    16
     8
     0
     0
     0
     0
     0
     0
    44
    15
   172
    51
     9
   161
     8
    56
    27
    17
     7
     7
    47
    48
    73
    12
    28
    16
    10
     1
     0
     0
     5
     1
    17
   107
    45
    87
     2
     7
    30
    19
   108
     3
     4
   205
    15
    17
    12
    48
    13
    26
     0
     0
     0
     0
     2
     0
    63
    64
    96
   104
    14
    52
     3
    16
   175
    24
    58
   168
     8
    34
    32
    76
    60
    25
     0
     0
     0
     8
     0
     0
    15
    21
    62
    52
    21
    26
    39
    19
    30
    15
    15
     5
    16
    33
   206
    47
    24
    18
     0
     0
     0
     0
     0
     0
    15
    89
    42
    38
    43
    63
    23
     8
   151
    17
    15
     7
     6
    20
   166
    32
     9
     7
     0
     0
     0
     0
     0
     0
    60
    10
   142
    74
    14
    18
    59
    13
    25
     2
    44
     5
    34
    33
    94
    13
    12
    31
     0
     0
     0
     4
     0
     0
    11
     8
    52
     8
    18
     1
    19
    14
     9
     8
    20
     7
    18
    14
   297
    14
    19
    37
     4
     0
     0
     0
     0
     0
    20
    50
   106
   143
     7
    10
   147
    20
    11
     1
    16
    30
    18
    44
    91
     4
    16
    14
     0
     0
     0
     0
     0
     6
    16
    56
    14
    75
    15
    17
     0
    11
    12
     8
    21
    11
    15
    12
     7
    64
    11
     4
     2
     0
     0
    13
     3
     0
    36
    16
   138
    13
    21
    56
    11
    12
     9
    15
    19
   164
    20
    40
    16
    32
    45
    11
     0
     2
     4
     0
     0
     4
    22
     7
   113
    40
    26
    64
    16
    27
    41
    25
     8
    44
    47
   100
    82
     6
    31
    25
     7
     0
     0
     0
     9
     2
    56
    10
     9
   103
    12
    25
    31
    10
    69
    14
    23
    17
     3
    18
    44
    32
    28
    21
     0
     1
     0
     0
     0
     0
     5
    90
    71
    23
    36
    34
     2
     5
     0
    13
    14
     4
    18
    13
    67
    10
    10
     5
     0
     0
     6
     0
     0
     0
     6
    50
    58
    41
     5
    12
    10
     9
    19
    11
    17
    17
    20
    11
    12
    72
     3
     5
     0
     0
     0
     0
     9
     0
     2
    18
   106
    20
    56
    32
    34
    15
    14
    12
    16
    15
    84
    12
    58
     2
    49
    16
     0
     0
     0
     0
     3
     6
    14
    13
   194
    12
   105
    41
    22
    12
     6
    15
     8
   173
    23
    10
    67
    25
     8
    19
     0
     2
     3
     0
     0
     0
    23
    49
    45
    67
    22
    12
    22
    16
    19
    63
    81
    35
     8
    22
    12
    24
    16
    29
     8
     0
     5
     0
     0
     0
    22
     7
   134
   110
     5
     6
    13
    43
    21
   187
    22
     5
    16
    73
    27
   108
     8
    38
     0
     0
     0
     0
     0
     9
    25
    89
    64
    14
    10
    44
    31
    13
    13
     9
    13
     0
    60
     9
    58
    20
    35
    11
     0
     5
     0
     0
     0
     0
    65
    15
    56
    50
    15
   165
     3
    14
   151
    20
     2
     2
    21
    14
    17
    22
   100
    21
     7
     7
     0
     0
     0
     0
    66
    94
    95
    87
    13
    37
    31
    10
     9
     3
    15
    62
    16
    12
    15
    49
    10
     8
     0
     0
     7
     0
     3
     0
    50
    49
   190
    12
    19
    11
    12
    23
     6
    26
    23
     0
    16
    15
   160
    22
    16
     9
     0
     0
     0
     0
     0
     0
    53
    20
   136
    43
    31
    23
     6
    15
    21
    40
    16
    18
    15
     2
    56
    55
    60
    51
     1
     4
     0
     0
     0
     0
    65
    23
    40
   112
    15
    12
     9
     4
    15
     9
    25
    52
    42
    48
    23
    56
    36
     8
     0
     0
     4
     2
     6
     0
    27
    39
    61
    27
    17
    26
    35
     9
    13
    22
     4
    10
    23
    28
    54
    21
    75
    11
     0
    10
     0
     0
     0
     0
    11
    54
    17
    23
    21
     5
    27
    34
    14
    12
    19
    19
    43
    16
    10
     7
    23
    15
     0
     0
     0
     0
     0
     0
    12
    49
    47
    25
    15
     8
    17
    22
    27
     8
    13
    13
    63
     4
    55
     8
     2
    20
     0
     0
     0
     2
     0
     0
    74
    12
    96
    47
    14
    11
    28
    24
     5
     4
    60
     0
     9
     2
   123
    10
    19
     9
     0
     0
     7
     0
     0
     3
    19
   102
    22
     1
     4
     6
    30
    18
    18
     7
    32
     7
    22
    11
    64
    13
     0
     5
    14
     0
     0
     0
     0
     0
     8
    59
    53
    44
    15
    16
    22
     9
    16
    26
    15
   146
    11
    12
    99
     8
     7
    39
     0
     0
     0
     0
     0
     1
    14
   134
   108
   200
    17
    25
     7
    15
    21
    46
    19
    55
     1
   364
    58
    16
    55
    19
     1
     0
     2
     0
     0
     5
    30
     3
   132
   130
    28
    57
    25
    33
    33
    26
    47
    17
    96
    21
    16
    26
    17
     4
     0
     0
     0
     0
     0
     3
    14
   134
    45
    48
     6
     8
    15
    29
    15
    17
    54
    43
    33
    49
    49
    16
     8
    16
     6
     0
     0
     0
     0
    10
    22
     8
   135
   102
    16
    15
     3
    23
   154
    51
     6
     8
    16
    17
    15
    27
    24
     4
     0
     6
     0
     3
     0
     0
    56
    14
    90
    51
    54
    23
    22
   155
     6
     3
    23
     9
    61
    23
    42
    90
    15
    19
     0
     0
     6
     0
     0
     0
    12
    51
   146
    98
    31
    14
    16
    75
    13
     0
    28
    14
    13
    42
    23
    19
     2
    23
     0
     0
     0
     0
     0
     0
    20
    11
    15
    93
    21
    52
    13
    24
    85
    12
    36
    19
     7
     5
    48
     5
    13
    19
     1
     4
     0
     0
     0
     9
    79
    20
   178
    46
    27
    11
    24
     3
    17
     0
    14
    33
    26
    14
     5
    23
     9
     9
     0
     0
     0
     0
     0
     6
    29
    22
    50
    97
    40
    22
    19
    11
     9
    23
    20
    12
     6
    45
    60
    64
   169
     7
     0
     0
     0
     0
     0
     0
     9
   124
   104
    94
    40
     8
    22
    12
    20
    31
    24
    38
    21
    13
    14
    45
    19
    17
     0
     0
     0
     0
     0
     0
    12
    44
    58
    42
     6
     9
    15
    16
    16
    17
   182
    12
     0
    16
    13
     6
    10
     7
     0
     0
     0
     0
     2
     5
     6
    11
   111
    62
    27
    21
    14
    11
    56
    16
    25
    88
     1
     7
    15
    20
    26
    79
     5
     0
     0
     0
     0
     0
    12
    25
    70
    96
     5
     6
    28
     8
     8
     5
     9
    24
    11
     2
    28
    16
    15
    60
     0
     0
     0
     0
     0
     0
    45
    51
    88
    58
     0
    18
     9
    13
    20
    17
    22
    27
    23
     4
     3
    58
    27
    19
     0
     0
     0
     0
     0
     0
    13
    79
    93
    19
    60
    31
    41
    11
    13
    17
    17
     4
    36
     5
   160
    30
    25
    40
     0
     0
     0
     1
     0
     0
    13
    39
     8
    31
     2
    11
     2
    47
    60
    14
    22
    87
    11
     6
   198
    66
    44
     8
     0
     0
     0
     0
     4
     0
    69
     6
    58
    56
    29
     3
    16
    12
    16
     8
     2
    13
    10
    20
    35
    49
    19
    25
     0
     0
     0
     0
     2
     0
    12
    51
    39
    17
    12
     3
     0
    15
    17
     8
    45
    16
     3
     4
    48
    54
    18
    28
     0
     0
     0
     9
     5
     0
     6
    56
     0
    87
    16
     1
    16
    21
     8
    15
    24
     2
     4
   161
    87
     7
    34
    12
     0
     0
     8
     0
     0
     0
    13
    48
   105
    83
     9
     8
    12
    15
     4
    10
    19
     7
     7
    36
     5
    20
     0
    13
     0
     0
     0
     3
     0
     0
    18
    86
    46
   140
    48
     8
    10
     3
    15
    29
    20
    12
     1
    72
    53
   149
    14
     5
     0
     0
     0
     2
     0
     8
    10
    23
   148
    10
    12
    18
    83
     4
    11
     8
    25
    15
     2
    22
   191
    14
    21
    16
     0
     0
     0
     0
     0
     0
    21
    62
    55
    55
    18
    37
   150
    19
    12
     9
    54
    31
    59
    24
    58
    29
    27
    16
     0
     0
     0
     1
     0
     0
     5
    84
    51
    32
     9
    23
    14
    16
    16
    23
    10
     9
     4
   163
    19
    27
    17
    20
     0
     0
     0
     0
     3
     0
    13
    60
    15
    54
    10
    23
    11
    18
     6
     3
    16
    51
    57
    54
    55
     8
    27
     1
     0
     0
     0
     0
     0
     5
    14
    24
    45
    27
    52
    15
    17
    16
     9
    13
     5
     4
     0
    24
    49
    66
    11
    27
     0
    15
     0
     0
     4
     0
    62
    81
    91
    53
    15
     8
    12
    14
    27
    13
    19
    16
    24
    16
    13
   154
    83
     0
     0
     0
     0
     0
     2
     0
     7
    89
    47
    48
     9
    15
    14
     0
    10
    32
    23
     8
    49
     5
    64
    48
    44
    15
     0
     0
     0
     0
     0
     0
    45
     2
    10
    18
    30
    21
     9
    33
     0
    13
    20
    24
    11
    24
    61
     8
    17
    12
     1
     0
     0
     0
     0
     6
    23
    22
     4
    91
     7
    10
    55
    29
     5
     3
    61
    12
    22
    26
    52
    25
    63
     9
     0
     0
     0
     0
     0
     0
    39
    23
   116
    53
     8
     9
    25
   146
    23
    11
    22
     7
    17
    18
   272
    26
    14
    15
     0
     0
     0
     1
     1
     0
    18
    40
    71
    13
    16
    24
    27
    22
    21
    30
    13
     8
    27
    16
    53
   103
    22
    14
     0
     0
     0
     7
     0
     0
    38
    18
    79
    89
    43
    23
    15
   199
    46
    24
    33
    12
    10
     0
    21
   212
     6
     2
     0
     0
     0
     0
     0
     0
    22
    12
    44
    93
    10
    11
    15
    33
    27
    29
     9
    20
    41
    29
     5
     8
    22
     5
     0
     4
     0
     7
     0
     0
    11
    89
    17
    11
    12
    10
    10
     5
    23
     2
     6
    27
    11
    22
     4
     2
    31
    12
     0
     0
     2
     0
     8
     0
    12
    52
   131
   104
    30
    69
    16
    19
     8
    52
    56
    11
    27
    25
    58
    71
    23
     7
     0
     0
     3
     0
     0
     0
    26
    73
    88
    58
    14
    27
   151
    37
    13
    21
    11
     6
    29
    19
    55
    16
    11
    24
     0
     0
     0
     0
     7
     0
    11
    14
   129
     8
     6
    58
    10
    17
     6
    12
    16
    19
    15
    20
    33
    22
    12
     8
     3
     5
     0
     0
     0
     0
    10
    21
    21
    39
    18
     9
    24
    18
    24
    18
    15
    27
    48
    15
    18
     8
    17
    13
     0
     0
     0
     5
     0
     0
    12
    67
    20
    21
     6
    18
    18
     4
     1
    51
    10
    12
    14
     7
    95
    42
    16
    24
     0
     0
     5
     0
     0
     0
    10
    11
    59
   138
    19
    51
    22
    18
     9
    14
    11
     9
    16
    40
    47
    69
    13
    11
     0
    10
     6
     0
     0
     0
    60
    10
    86
    43
    45
    18
    26
    14
    22
    16
     0
    15
    28
    12
     6
    48
    69
    14
     0
     0
     9
     0
     0
     0
     3
    44
    67
    51
    17
    11
     2
    31
    24
    13
    23
    25
     4
    53
    21
    23
    11
    12
     0
     0
     0
     0
     0
     1
     2
    20
   142
    25
    23
    21
    31
    15
    10
    14
    32
    22
     8
    19
    47
    50
    18
    68
     0
     4
     0
     0
     0
     0
    16
    53
   171
    62
    22
     1
    14
    15
    14
    24
   162
    15
     3
    42
    12
     3
    28
     8
     0
     0
     0
     0
     0
     3
    21
    83
   162
    18
    22
    18
    37
    12
     9
    11
    25
    15
    23
     6
    26
   138
     4
    16
     0
     1
     2
     0
     0
     0
     2
    22
    85
     8
     7
     9
     2
    16
    20
    14
    32
     6
    20
    10
    11
     9
    27
    10
     0
     0
     0
     0
     0
     0
    24
   101
    54
    10
     7
    23
    16
    20
    13
     7
     7
    10
    65
     6
    57
    15
    13
    62
     0
     0
     0
     0
     0
     0
     9
    92
    93
     0
    16
    32
    40
    25
    51
    18
     4
    12
    20
     6
    14
    51
    24
     7
     0
     1
     0
     3
     0
     0
    26
    96
   102
    58
    30
    39
    24
    10
    15
     6
    12
    17
    51
    24
    99
    19
    32
     7
     9
     0
     0
     6
     0
     0
    21
    51
    44
    19
    51
    18
    10
    28
     8
    21
     4
    11
     6
    20
    60
     5
    32
     8
     0
     0
     0
     0
     0
     0
    24
    55
    46
    13
    18
    27
    33
    30
     0
   159
   144
   141
    13
    12
     4
    34
     2
    22
     3
     0
     0
     6
     0
     0
    24
    23
    50
   104
    13
    20
    34
     7
    11
    12
    11
    16
    10
    27
    11
   135
    54
     0
     5
     5
     0
     0
     0
     0
    23
    55
    53
    63
    12
     6
     4
    14
    16
    24
    14
    11
    49
    16
    15
    10
     2
    23
     0
     2
     0
     0
     6
     0
    15
    96
    44
    63
     3
    63
    46
    20
     6
    15
     4
    12
    47
     0
    60
    17
    18
    10
     0
     5
     0
     0
     2
     0
    47
    13
    85
    13
    10
    10
    17
    15
    16
     8
    30
    55
     6
     5
    11
     9
    11
    19
     0
     0
     0
     0
     0
     0
    15
    93
    91
    97
    34
   160
    39
     9
    11
    14
    17
    31
    20
    20
    52
    14
    39
     6
     0
     9
     0
     0
     0
     0
    20
    41
    67
    29
     8
    22
    51
    18
    16
     6
    20
    25
    18
    31
    55
     3
    16
    39
     0
     0
     0
     0
     0
     0
    31
    14
   212
   131
     8
     3
    20
    11
    20
    21
    41
    23
    66
    31
     4
     9
     8
    11
     6
     0
     0
     9
     0
     0
     9
    10
    25
    73
     2
    17
    29
    20
     8
    35
    21
    14
     8
    38
   212
    10
     2
    12
     0
     0
     0
     0
     0
     0
    11
    19
    51
    25
    21
     0
    10
    10
    10
    10
     4
     2
    17
    14
     2
    10
     3
    16
     0
     0
     0
     1
     0
     0
    17
    42
   187
     9
     4
    52
    11
    18
    14
     9
    20
    13
    10
     7
     2
     1
    24
    10
     0
     0
     0
     0
     0
     0
    21
    14
   106
    50
     5
     4
    17
    17
    22
     5
    20
     6
    25
     7
    60
    24
     5
    11
     6
     0
     0
     0
     0
     0
    21
    54
    15
    54
    24
    17
    58
    57
     0
    48
    19
   154
    10
    26
    35
    24
     4
    20
     0
     0
     0
     0
     0
     0
    18
    58
    43
   169
    10
     5
     2
     8
    61
    11
    78
    60
    14
    18
    21
    21
    20
     7
     1
     0
     1
     0
     0
     0
    34
    75
   139
     7
    13
    22
    38
    21
    17
   174
    14
    50
    14
    26
    79
    62
   101
    18
     0
     0
     0
     3
     6
     0
    87
    23
     5
    92
    11
    19
   183
    21
     2
    17
    39
    19
    27
     0
    19
    57
    25
    11
     0
     0
     0
     0
     0
     0
    75
    63
   148
    56
    18
    30
    16
    10
    21
     8
    52
    13
     6
    60
     9
    10
     9
    26
     0
     0
     0
     0
     0
     0
    27
    67
     7
   105
    28
    21
    15
     9
     7
    16
    13
    27
     1
    59
    50
   187
    18
    11
     0
     0
     0
     0
     0
     7
    12
    50
    49
   197
    53
    15
     7
     6
    99
   168
    13
    14
    18
     6
    74
     5
    10
    56
     0
     0
     0
     0
     0
     0
    69
    20
    81
     9
    67
    10
     4
    15
    27
    32
    22
    47
    11
    13
    47
    18
    60
     9
     0
     0
     0
     0
     0
     0
    18
    68
   129
    12
    53
    17
    19
    13
    13
    14
    13
    15
    40
    19
     7
    58
    23
    79
     0
     7
     6
     0
     0
     0
    19
   101
    55
    55
    53
    13
    16
    13
    23
    24
     6
     0
    52
    27
    55
    53
     7
     1
     0
     0
     0
     0
     0
     0
     3
    31
    86
    53
    14
    10
    24
    10
     5
    49
    41
    62
    17
    18
    84
   118
    14
    15
     0
     0
     0
     3
     0
     0
     3
     9
   139
    50
     6
    61
    53
    12
    34
    11
    26
    25
    11
   207
    16
   107
     2
    31
     1
     0
     0
     0
     5
     0
    33
   135
   134
    28
    11
    16
    31
    14
    20
    16
    23
    25
    21
   163
     9
    90
    15
    36
     0
     0
     0
     0
     0
     0
     6
    94
    43
    63
    27
    24
    25
    13
    38
     1
    23
     1
    14
     3
    47
    34
    17
     8
     0
     0
     5
     0
     0
     0
    47
   128
    44
    17
     8
    11
    28
     5
    11
    15
    23
    36
    22
    28
   298
    11
    31
     0
     0
     3
     0
     0
     5
     0
    18
    54
    73
    85
     3
    33
    11
    14
    24
    19
    25
    23
     8
    16
    51
    29
    16
    16
     0
     0
     0
     0
     0
     0
    23
    19
    56
    69
    16
    38
    29
    17
    21
    13
    25
    24
     0
     1
    79
     6
    25
    13
     0
     0
     0
     0
     0
     0
     0
    92
    16
    53
    19
     6
    22
    10
    12
    13
    20
     7
     9
     0
    69
    15
     3
    11
     8
     0
     0
     0
     7
     0
     7
    56
    87
    23
    19
    10
     5
     8
     7
    20
    16
    14
    53
    60
    21
   155
     1
    10
     0
     0
     0
     0
     0
     0
     8
    57
     8
   133
    14
    34
    12
    16
     8
    12
    15
    14
     8
    68
    33
    50
    22
    10
     0
     7
     0
     0
     8
     0
    20
    52
    56
    46
    47
    14
    10
    63
     7
     1
     5
    18
    24
    12
   191
    12
    21
    31
     0
     0
     0
     9
     0
     0
    23
    89
   132
    46
    24
    18
     8
    24
    27
     6
    63
     7
    19
    21
    25
    80
     6
    34
     0
     0
     7
     2
     6
     0
    12
    36
    61
     0
    32
    14
   110
    29
     6
     6
    18
    13
    26
    17
   146
    30
     8
     0
     0
     4
     0
     1
     0
     0
    12
    67
    13
    12
    11
    14
    19
    26
     9
    28
    26
    14
     8
    59
     9
    16
    54
     7
     0
     0
     8
     0
     0
     0
    15
     9
   103
    97
     5
    18
     8
     5
     7
     6
    12
     2
    13
    11
    44
    13
    25
     5
     0
     2
     5
     0
     0
     0
     6
    29
   138
    97
    17
    18
    26
   148
   171
     9
    14
    23
     2
   103
    53
    47
    18
    23
     0
     0
     0
     0
     0
     5
    17
    49
    73
    49
    77
    23
     3
    61
     9
    53
    10
    33
    10
    11
    50
    62
    23
    14
     0
     0
     0
     0
     4
     0
    24
    60
    92
    60
    29
    46
    24
     6
    22
     1
    15
    26
     4
    55
    14
    98
    27
     9
     0
     7
     0
     0
     0
     0
    19
     0
    24
    18
    34
    18
     7
    13
    19
    29
     4
    78
    87
    36
    75
    13
    11
    19
     2
     0
     4
     0
     0
     3
    12
    16
   135
    52
    14
   142
    68
    25
    20
    11
     7
    16
    20
    19
    58
    92
    10
    13
     2
     5
     0
     0
     0
     0
    11
    55
    46
     0
    11
    58
    53
    21
    22
    25
     2
    13
    19
     9
     9
    67
    28
    16
     0
     5
     0
     4
     1
     0
    18
   150
    58
    40
    25
    36
    18
    13
    12
    27
     7
    18
    21
    28
    41
   151
    17
    26
     0
     8
     0
     0
     0
     6
     0
    47
    63
    68
    27
    20
    20
    16
    18
    30
    43
    15
    18
   154
    68
    11
     8
    10
    11
     0
     0
     0
     0
     0
    20
    63
   182
    22
     5
     8
    13
    43
    20
    27
    19
    15
    20
    13
    17
    12
    25
    14
     0
     2
     0
     0
     0
     0
    15
    21
    44
   167
    33
    13
     8
    53
    16
     6
    22
    51
    21
    48
    59
    32
    12
    29
     0
     5
     0
     0
     0
     4
    13
    56
   164
    23
    13
     8
    30
    35
    12
   154
    18
     6
    21
   161
   159
    98
    10
    20
     3
     0
     0
     3
     1
     0
     5
    13
    77
    17
    59
    22
     7
    17
    15
    14
     8
    16
    48
    58
   150
    10
    10
    21
     0
     0
     0
     6
     0
     0
    13
   100
   103
   210
    20
    17
   146
    18
    19
    21
    71
    23
    10
   155
     6
    14
    19
    63
     4
     0
     0
     0
     2
    10
    58
    29
    97
    97
    25
    40
    10
     1
    14
    38
    15
   163
     6
    23
     1
    17
    33
    60
     0
     0
     0
     0
     0
     0
    11
   105
    53
    95
    14
    59
     4
     3
     9
    21
    45
     6
    17
    11
    49
    51
     2
     7
     0
     0
     0
     4
     0
     8
    15
    67
    48
   143
    18
    36
     9
    12
    27
    25
     4
    14
     4
     5
    96
    64
     8
    11
     0
     0
     0
     1
     0
     2
    45
    49
   102
   137
    13
    50
    13
     5
    22
    26
    21
    19
    19
     8
    13
    61
    13
     5
     0
     0
     2
     9
     0
     3
    30
    31
    97
    56
    15
    48
    46
    16
    45
    11
    59
    14
    29
    30
     5
    50
    22
    19
     0
     7
     5
     4
     0
     6
    20
   127
    98
    29
    33
     1
    17
    17
   176
    63
    22
     4
    23
    24
    81
   161
    18
    29
     3
     0
    13
     0
     0
     0
     3
    31
    11
    25
    22
    18
    56
    22
    27
    17
     3
     4
    14
    26
     6
    89
    16
    23
    14
     0
     0
     0
     3
     0
    39
    10
    53
    71
    38
    49
    17
     1
     1
    62
    10
    13
     9
     7
    57
    25
     7
    19
     0
     0
     0
     0
     2
     2
    39
   128
    49
    54
    38
    16
    27
    59
    10
     8
     8
    12
    37
    10
    19
    22
    19
    58
     0
     0
     6
     2
     0
     0
     0
    51
    14
    86
    98
     9
    62
     8
     3
     7
     0
    23
    43
    24
    12
     5
    14
    31
    24
     7
     0
     0
     6
     0
     0
   133
     5
    92
   116
    25
    16
    12
    31
    10
     9
    14
    24
     8
    11
    11
    18
    55
    32
     0
     0
     0
     0
     0
     0
    20
   127
    29
    89
    64
    20
    65
     7
    22
    29
    12
    18
    73
    20
   146
    62
    11
    48
     0
     0
     0
     5
     1
     0
    15
    47
    92
    59
    60
    26
    13
    15
    71
    58
    56
     3
    22
    23
    65
    12
    16
    22
     1
     0
     0
     0
     0
     0
    65
    53
     5
    58
    20
     6
     2
     3
    14
    14
    16
     0
    15
    11
    53
    61
    10
    11
     0
     0
     0
     0
     0
     0
    19
    20
    47
    13
    29
    13
    19
    50
     3
    21
     7
     9
    28
     9
    50
    18
    21
    25
     0
     0
     0
     0
     0
     0
    14
     5
    90
    36
    13
    14
    13
    10
    12
    33
    57
    34
    16
    30
     4
    56
    13
    23
     4
     0
     0
     0
     0
     0
    40
    73
    15
     5
    17
    11
    82
    13
    56
     9
    11
     2
    42
    57
     7
    59
    22
    29
     0
     0
     0
     0
     5
     0
    75
     8
    97
    34
    56
    28
    13
     1
    20
    10
    12
    22
    55
    15
    24
    49
    52
     8
     1
     0
     0
     0
     1
     0
    50
    12
    98
    89
    21
    65
    53
    10
    14
    65
    27
    37
    11
   158
   159
    52
     8
     6
     0
     0
     0
     0
     0
     0
    16
    17
    62
   121
    25
     9
    23
   185
    17
   165
    31
    19
    52
     5
   191
   113
    33
    23
     0
     0
     0
     0
     0
     0
     7
   104
    72
   139
     7
     6
    39
    19
    31
    18
     6
    19
     8
   184
    64
   105
    33
     7
     0
     0
     0
     0
     0
     0
    28
    58
   135
    55
    30
    14
    25
    50
    24
    15
    67
     4
     8
    12
   206
    19
    16
     3
     0
     0
     0
     0
     0
     3
     9
    69
   147
    93
    10
    25
     9
    12
    15
    10
    11
    42
    30
     1
    21
    16
     8
    23
     0
     0
     0
     7
     0
     0
    10
    67
   112
    72
    55
    10
     9
    12
    14
    11
     9
    18
    12
     7
    18
    50
     9
     6
     0
     0
     0
     6
     0
     0
    42
    56
    93
   100
    21
    57
    13
    31
     3
    61
     5
    14
    14
    24
    11
    59
     6
     7
     0
     0
     0
     0
     5
     2
    50
    46
    25
    66
    12
    23
    36
     9
   107
    31
    28
    22
     8
    16
    12
    50
    55
    28
     0
     0
     0
     3
     7
     0
    20
   134
   100
    82
     3
    14
    31
    21
     6
    23
    68
    17
     8
    22
    18
   101
    40
    39
     0
     0
     0
     0
     0
     0
    10
    68
   138
   145
    33
    10
    52
    16
     4
     7
     3
    15
     7
    17
    84
     4
    29
     0
     0
     0
     0
     0
     0
     0
     8
   199
    13
    42
    65
    14
    12
    20
    15
    62
     7
    24
    15
    23
     9
    27
    12
    25
     5
     3
     0
     0
     0
     2
     8
    26
    12
    11
    81
    11
    63
     0
    15
    16
    31
    26
    23
    52
     8
    16
    26
     0
     0
     0
     3
     0
     0
     9
    24
    90
    19
    46
    14
     1
    20
    13
    10
    12
    38
    14
    71
    27
     8
    25
    28
    20
     0
     0
     0
     0
     0
     0
    21
   140
    86
     8
     7
    30
    62
    18
    28
    52
    17
    34
    19
    58
     5
    55
    37
    10
     0
     0
     0
     0
    10
     0
    11
   103
   101
    20
    32
    20
    39
    29
    24
    28
     1
    58
     2
    20
    96
    27
    21
    24
     4
     0
     0
     4
     0
     3
    14
    60
    59
    13
    28
    28
    19
    33
    27
    30
     7
    19
     6
    23
     6
    36
    25
     5
     0
     0
     0
     4
     2
    14
     8
    95
    88
    55
    19
    18
    26
     9
    22
    11
    16
    12
    71
    14
    46
    67
    42
     7
     0
     0
     0
     0
     0
     0
    22
    18
   128
    93
    14
    18
    11
    18
    23
    10
    54
    11
     9
     7
    13
    49
    59
    79
     0
     3
     4
     2
     0
     0
   100
    18
    94
    17
    14
    25
    10
   199
    31
    23
    27
     7
    19
    29
    47
    20
    27
     0
     0
     0
     0
     0
     0
     0
    18
     9
    44
     4
    37
    25
    28
    16
    53
    67
    17
    11
    18
    91
    44
    53
    27
    10
     0
     0
     0
     0
     0
     6
     2
    52
    46
   139
     5
    17
     6
     2
    11
    15
    50
    23
    18
    12
    70
    53
     8
    14
     0
     0
     0
     0
     0
     0
    30
    23
    68
    62
     6
    41
    62
    34
     8
    54
   154
    20
    19
    19
    21
    28
    26
    38
     0
     0
     0
     0
     5
    12
    49
   108
    37
    15
    32
    31
    21
    52
    19
    72
    90
    17
    14
     7
   170
    20
    23
    37
     6
     0
     0
     0
     0
     0
     2
    42
   112
    48
    18
    14
    57
    60
     7
   157
    20
    16
     3
    21
    63
    47
     1
    23
     0
     1
     2
     7
     6
     0
    10
    89
     9
     2
     1
    34
    91
    17
     9
    33
    12
   167
    16
    14
    59
   152
    22
    14
     0
     0
     0
     0
     2
     0
    46
    59
    46
    20
     9
    35
    14
    24
     2
    12
    43
    13
     3
    13
    15
    35
    35
    15
     0
     0
     7
     0
     0
     0
    19
   101
   121
    44
    13
    10
    23
    11
     3
    39
     4
    19
   171
    24
    22
   161
     8
     7
     0
     0
     3
     0
     0
     0
    60
    32
    97
   102
    23
    27
     4
    37
     8
     4
     1
     8
    19
    85
    51
    63
    10
    10
     0
     0
     0
     0
     0
     0
    25
   114
    94
   200
    20
     3
    55
    29
    25
    19
    35
    18
    46
    60
    19
    33
    22
    11
     0
     0
     0
     0
     5
     0
    58
    30
   100
   110
     0
     4
    74
    15
    11
    20
    23
    41
    68
    60
    22
    47
    20
    50
     0
    10
     0
     0
     1
     4
     8
    68
    84
    53
    41
     8
     9
    11
    43
    28
    24
   157
     0
     5
    23
    49
    10
    19
     0
     2
     0
     0
     0
     0
    12
    57
    71
    19
    26
    14
    34
    10
    13
    99
     6
    21
    26
    22
   146
   166
    20
     8
     2
     0
     0
     9
     0
     0
    22
   101
   147
    54
    17
    22
    17
     9
    11
    15
    17
     8
    10
    12
    23
     8
    18
    16
     0
     0
     3
     0
     2
     9
     7
    88
    28
    52
     6
     1
    29
     6
    27
    46
     5
    26
    15
    62
     4
    69
    17
    13
     0
     0
     8
     0
     0
     0
    22
    54
   142
   170
     7
     1
    29
    53
    18
    23
    14
    30
    27
   159
   118
    25
    12
     6
     0
     0
     0
     0
     0
     0
    18
    31
   140
    64
    48
    20
     4
    26
    31
    14
    19
    15
     8
    43
    67
    25
    17
    34
     0
     0
     3
     8
     0
     0
    29
    89
    15
     9
    22
    19
    55
    79
    36
    25
    21
    11
    28
    15
    18
     4
    11
     6
     0
     7
     8
     0
     0
     0
    22
    73
   105
    14
    17
    36
     9
    14
     8
    29
    21
    16
    49
    22
    23
   113
    13
    21
     0
     0
     0
     3
     0
     0
    11
   138
    24
    72
    24
    10
    13
    21
    24
     8
    20
    14
    20
     6
    84
   108
    50
    28
     0
     0
     0
     7
     0
     0
    15
    25
    20
     7
    17
    43
    24
    11
    22
    17
    52
     5
    11
    20
    47
     8
    13
    16
    10
     0
     0
     0
     0
     0
    11
    97
    47
     5
    22
     4
    16
    13
     5
    29
    13
    27
    23
    16
    19
    82
    26
    19
     0
     2
     0
     1
     0
     0
    18
    74
    41
    12
    28
    14
    11
    42
    30
    17
    19
    24
    28
    12
    54
    32
    16
    13
     0
     0
     0
     0
     0
     0
    12
   107
    50
    63
   162
    17
    16
    35
     8
    28
    69
    20
    15
    20
    92
    24
    23
    20
     0
     0
     0
     2
     1
     5
    22
    97
    97
   180
    11
    14
   102
    69
    61
    21
    24
    15
    34
    62
    50
    45
    65
    35
     0
     0
     7
     0
    10
     4
    19
    14
    63
    44
     6
    25
     7
    11
    30
     8
     1
     8
    20
    30
    21
    17
    10
    14
     0
     5
     5
     0
     0
     0
    32
    95
    63
    35
    27
    53
    16
    21
    13
    17
     6
     6
    21
    26
    54
    16
    18
     6
     1
     0
     0
     0
     0
     6
    17
    98
    11
    61
    13
     8
    59
    28
     9
   159
    27
    25
   176
    14
   208
   198
    37
     8
     0
     0
     0
     0
     0
     0
     4
    64
   160
    96
    60
    13
    12
    15
    14
     5
    26
    39
    19
     8
     2
    63
     5
    32
     7
     0
     2
     9
     0
     0
    48
    93
   121
   115
    20
     9
    34
    35
    15
    22
    49
     8
     7
    39
     4
    22
    39
    46
     0
     0
     0
     0
     0
     0
    31
    15
    67
   106
    71
    33
    33
    22
    28
    10
    17
    15
    21
    23
    16
    35
    11
    35
     0
     0
     2
     1
     0
     0
    65
    77
   126
   104
    40
    29
    38
    42
     4
    24
    36
    37
    25
    21
    69
   145
    57
    27
     0
     0
     2
     5
     0
     0
    14
   105
    96
    83
    36
    11
    11
    11
    14
    31
    20
    25
     8
     8
    55
    31
    16
     0
     0
