    14
     0
     0
     7
     0
    37
    59
    77
    49
    30
    30
    19
    34
    29
    22
    21
   175
    17
    18
    12
    62
    73
    45
     0
     1
     0
     0
     8
     6
    77
    19
   187
   110
     9
    11
    31
    13
     5
    30
    25
    56
    49
    41
    65
    17
    16
    28
     0
     6
     2
     0
     0
     0
    15
    97
    92
    23
    26
    58
   173
    38
     3
    19
    40
    28
    15
   147
   294
    90
    25
    64
     0
     0
     0
     0
     0
     2
    11
   106
    20
    27
    23
    24
    48
    36
    25
    13
    34
    24
    10
    22
    70
    60
    26
    69
     3
     0
     0
     3
     0
     0
    42
   109
   157
    61
    90
    30
    28
    31
    18
    36
    30
    33
    40
    22
    67
     8
    11
    29
     0
     0
     0
     0
     1
     0
    58
    64
   119
   105
    47
    49
    88
    74
    15
    17
    49
    33
    13
    58
    74
   166
    19
    20
     0
     6
     0
     0
     0
     0
    60
    21
    70
    78
    34
    24
    46
    15
    19
    19
    16
    33
    63
    68
    89
    61
    22
    30
     0
     0
     0
     0
     2
     0
    14
   108
    13
    63
    73
    29
    23
    19
    15
    20
    43
    71
    27
     9
    68
   204
    47
    52
    10
     0
     0
     0
     5
     0
    36
   115
   131
    55
    18
    12
     8
    26
    31
    45
    17
    19
    29
    35
    24
    19
    41
    23
     0
     0
     0
     1
     0
     0
    31
   100
    92
    57
    26
    20
    40
    59
    36
   261
    27
    28
    31
    17
   167
   106
    40
    28
     0
     4
     0
     0
     0
     0
    44
   206
   105
   115
    22
    46
    22
    16
    44
    55
    47
    15
    35
     5
    37
    35
    87
    49
     0
     2
     6
     2
     0
     0
    29
    21
    58
    91
    54
    34
    22
    40
    19
    54
    79
   101
    14
    38
    60
    56
     1
    22
     0
     9
     0
     0
     0
     0
    46
   312
   104
    78
    51
    25
    71
    26
    26
    40
     7
    19
   187
   107
    10
    44
    64
    44
     7
     0
     1
     0
     7
     0
    10
   137
   103
    81
    44
    39
    18
    18
    40
    19
    28
    11
    26
   185
    94
    16
    12
    19
     1
     0
     0
     0
     0
     0
    66
    64
   143
   145
    29
    24
    30
    20
    24
    51
    23
    47
    21
    31
    15
    78
    13
    26
     4
     5
     0
     6
     8
     0
    87
    10
   152
   194
    95
    11
     8
    53
    13
    34
    14
    24
    40
    14
    28
    86
    55
    18
     0
     0
     0
     0
     6
     0
     9
    53
   103
   131
    31
    14
     4
    41
    31
    25
    25
    53
   158
    61
   273
    25
    21
    44
     1
     2
     0
     8
     0
     6
     7
    66
    53
    68
    47
    16
    19
     5
    14
    18
    59
    23
    14
     2
    62
    55
    21
     8
     0
    10
     0
     0
     0
     2
    50
   101
   168
   163
    34
    37
    24
    18
    27
    16
    23
    26
    19
    40
    38
    55
    33
    30
     0
     0
     0
     7
     0
     5
    21
    29
    79
   140
     1
    34
    23
    20
    25
    31
    36
    21
    29
   196
    75
   111
    16
    25
    10
     0
     0
     0
     0
     2
    79
    86
   154
    28
    28
    24
    35
   115
    43
    20
    13
    26
    32
   106
   102
    70
    37
    59
     3
     1
     5
     1
     0
     0
    11
     3
    59
    40
     8
    28
    17
    28
    43
    24
    26
    20
     9
    45
   229
   202
    29
    70
     0
     0
     7
     0
     6
     0
    25
   120
   195
    75
   189
    20
    21
    25
    12
    21
    14
    22
    13
    26
    73
    64
    23
    51
     0
     2
     6
     0
     0
     0
    70
   105
    26
    16
    34
    17
    24
    26
    10
    24
    29
    56
   149
   157
     7
   127
    68
    14
     0
     0
     0
     0
     8
     1
    14
    96
    89
    12
    20
   112
    31
    25
    13
    43
    60
    28
    28
    14
    18
   141
    46
    51
     0
    13
     1
     0
     1
     0
    26
   132
    90
    26
    13
    87
    38
    15
    75
    29
    96
    35
    62
    83
    36
    28
    23
    27
     0
     0
     9
     0
     0
     0
   102
    57
   206
    50
    43
    25
    32
    36
    30
     6
    44
    35
    39
    18
    30
    61
    20
    37
     8
     0
     0
     0
     0
     0
    59
    67
    67
    76
    14
   171
    34
     4
    31
    50
    60
    60
    17
   114
    25
    60
    39
    97
     0
     0
     0
     5
     0
     1
    44
    27
   131
   138
    17
    24
    19
     5
    14
    43
    22
    17
    19
   138
    94
    26
    15
    25
     0
     0
     0
     0
     0
     0
    26
    66
    63
    22
    70
    21
     4
    95
    17
    13
    23
    18
     5
    20
    64
    50
    35
    10
     0
     3
     0
     0
     3
     7
    88
    33
   102
    80
    26
    13
    33
    25
    24
    15
    64
    17
     4
     9
    13
    58
    37
    48
     2
     0
     2
     6
     0
     0
    25
    93
   151
   102
    18
    31
    70
    33
    26
    70
    61
    16
    23
    50
    54
    94
    27
    44
     0
     1
     0
     0
     2
     0
    43
    57
    63
    57
    41
    35
    62
    72
    26
    42
    12
    22
    24
    21
   100
   175
    19
    41
     0
     0
     0
     0
     0
     0
    18
    24
   224
    29
    16
    27
    42
    26
    22
    20
    38
    65
    34
   177
    59
   238
    42
    22
     0
     0
     0
     0
     0
     2
    47
   123
   128
    99
    32
    71
    53
    42
    35
    87
    28
    32
    66
    13
   203
    51
    13
    37
     0
     0
     4
     0
     0
     0
    31
    58
    51
    72
    18
   159
    22
    27
    54
    12
    35
    20
    24
    28
    33
   104
    65
    15
     0
     0
     8
     0
     5
     0
    71
    82
   163
    51
    43
    14
    30
    19
    17
    14
    61
    35
    11
    29
     4
    74
    14
    13
     0
     0
     0
     8
     0
     0
     9
    11
    82
    97
    21
    59
    62
    23
    19
    26
    10
    34
    50
    34
   338
   158
    78
    26
     0
     0
     0
     6
     6
     0
    29
   144
   100
    61
    24
    18
    35
    26
    30
     9
    12
    44
    32
    21
    28
     8
    18
    83
     3
     7
     7
     2
     0
     7
    44
   148
   120
    57
    25
    51
    36
    18
    25
    55
    25
    40
    18
    58
    24
    57
    76
    16
     0
     0
     0
     5
     7
     5
    46
    16
    52
   150
    31
    36
    15
    71
    37
    51
    48
    29
    20
    10
    42
    39
    47
    48
     8
     0
     5
     7
     0
     0
    52
    45
   136
    44
    25
    28
    40
    67
    24
    14
    32
    24
    52
    35
    34
    97
    43
    53
     3
     0
     6
     2
     0
     0
    96
    25
    87
    62
    48
    27
    28
    12
    19
    19
    29
    75
    61
    25
   105
    48
    35
    33
     3
     0
     0
     0
     2
    10
    14
   112
   146
   113
    25
   185
    37
    13
    19
    25
   174
    29
    55
    11
   151
     9
    16
    16
     0
     0
     0
     0
     0
     0
    16
    27
    99
   117
     9
    19
    37
    48
    78
    63
    82
    24
    38
    18
    21
   101
    10
    30
     0
     0
     0
     0
     3
     0
    12
   181
   114
   145
    40
    11
    19
   114
    64
    43
    52
    36
     6
    80
     9
     7
    34
    57
     0
     0
     7
     3
     0
     0
    48
    81
    97
    57
     6
    31
    38
    29
    51
     6
    27
    31
    20
    29
    73
    85
    94
    31
     1
     0
     0
     0
     3
     2
    34
    61
    99
    88
    22
    79
    25
    75
    46
    41
    64
    29
    24
    28
   248
   106
    15
    51
     9
     0
     0
     0
     0
     0
    40
   190
   187
    40
    25
    40
    24
    27
    20
    39
    72
    69
    43
    70
    35
    55
    62
     9
     0
     0
     0
     3
     0
     0
    15
    62
    51
   213
    11
    36
    89
    17
    62
    83
    90
    20
    18
    29
    65
    94
    17
     9
     8
     0
     0
     9
     6
     0
    62
   154
   224
    19
    14
    74
    27
    21
     7
    18
    27
    12
    30
    63
    27
    10
    37
    24
     0
     0
     2
     0
     0
     6
    19
    32
    73
    62
    14
    10
    16
    19
    22
    32
    11
    19
    91
    67
    25
   108
    21
    22
     0
     0
     0
     0
     0
     0
    96
    83
   110
    94
    78
    56
    57
    46
    67
    20
    80
    89
    23
    28
     6
    25
    27
     2
     3
     0
     0
     0
     0
     0
     7
   167
   142
   211
    44
    70
    20
    27
    20
    22
    20
    13
    30
    58
    35
    57
    25
    25
     0
     0
     0
     1
     0
     0
    49
    24
    66
   139
    25
    18
    39
    17
    50
    69
    52
   119
    20
    31
    62
   217
    28
    50
     7
     7
     0
     0
     0
     0
    34
   126
   130
   120
    17
    20
    15
    62
    20
    28
    67
    26
    65
    22
   250
    23
    27
    63
     8
     0
     0
     6
    10
     0
     1
    93
    68
   131
    22
    17
    14
    21
    26
    76
    16
    29
    22
    60
    74
   222
    65
    91
     0
     4
     0
     0
     0
     0
    20
    52
    95
    55
    24
    35
    61
    33
    58
    32
     9
    20
    13
    42
    62
    68
    29
    37
     0
     0
     8
     0
     0
     0
    66
    61
   159
    29
    35
    20
     9
    52
    51
    20
    41
    33
    53
    66
   199
    33
    20
    25
     2
     4
     0
     0
     1
     0
   101
    62
   177
   116
    11
     7
    25
    43
    42
    62
   158
    31
    23
    18
   154
    71
    56
    54
     0
     0
     0
     0
     6
    10
    28
    63
    59
   106
    13
    14
    33
    20
    29
    56
    20
    11
    52
    62
   204
    59
    25
    42
     0
     3
     0
     0
     0
     8
    67
   136
   240
   118
    91
    48
    33
    28
    33
    17
    38
    34
    31
    68
   110
    65
    33
    20
     0
     0
     0
     0
     2
     0
    15
   157
   194
   158
    49
    31
    15
    32
    34
    42
    15
    32
     8
    52
    68
   276
    27
    34
     0
     0
     5
     0
     3
     0
    15
    13
   156
    78
    33
    26
    74
     4
    19
    30
    20
    38
    17
   142
    62
   173
    41
    44
     0
     2
     0
     0
     7
     0
    40
    73
   214
    69
    99
    17
    49
   172
    42
    86
    50
   155
    16
    62
    54
   100
    51
    13
     8
     0
     0
     0
     0
     0
    77
    26
   139
    84
    20
    33
    32
    24
    12
    16
    39
    12
    22
    35
   115
    61
    26
    11
     1
     5
     5
     6
     5
     2
    27
   120
    53
    12
    60
    33
    12
    36
    19
    26
    40
    82
    84
    24
    21
   114
    50
    63
     3
     0
     0
     0
     0
     0
    41
    97
   274
   111
    74
   156
    35
    25
    24
    11
    27
    91
    34
    20
    68
    49
    33
    44
     0
     5
    12
     1
     0
     0
    61
    76
    39
    26
    59
   224
    42
    26
    38
    45
    29
    24
    30
    31
    19
    75
    15
    26
     0
     0
     0
     0
     6
     0
    33
    14
    21
   100
    13
    16
    14
    16
    41
    23
    61
    89
    26
    62
    58
   129
    38
    24
     0
     8
     0
     0
     0
     5
    11
    45
    65
    62
    82
    51
    25
     7
    37
    41
    55
    26
     4
    26
    20
    43
    30
    57
     0
     1
     0
     0
     0
     0
    44
    73
   157
    25
     9
    26
    23
    47
    26
    22
    41
    25
    19
   159
    11
   159
    66
    11
     0
     5
     0
     0
     0
     0
    14
    61
   151
    47
    16
    20
    16
    14
     8
    38
    23
     7
    27
    44
   192
    68
    37
    23
     3
     6
     5
     0
     0
     0
    31
    84
   187
   181
    17
    44
    22
    58
    25
    15
    32
    23
    17
    62
    27
    68
    22
    53
     0
     0
     3
     0
     0
     4
    28
    64
   214
    82
    15
    23
    15
    19
    18
     2
    50
   253
    72
    25
    62
    25
    30
    18
     0
     0
     0
     0
     0
     0
    86
    70
   198
    84
    11
    20
    29
    13
    18
    80
    80
    41
    48
    34
    96
    32
    32
   258
     0
     0
     4
     0
    12
     4
    18
    90
   145
    19
    33
    22
    10
    59
    11
    18
    63
    72
   162
    16
    70
    31
    80
    72
     0
     0
     0
     0
     0
     4
    21
    65
    55
   114
    35
    51
    13
    15
    19
    16
   176
    34
    15
    61
    29
   102
    17
     9
     9
    12
     0
     0
     1
     8
    33
   148
   102
   100
    28
    55
    77
    17
    69
    30
    38
    82
    12
    25
   118
    66
    24
   172
     2
     0
     3
     7
     0
     0
    69
    62
   249
   107
    27
    26
    38
    22
    32
    44
    23
    18
    12
    15
    32
    26
    13
    61
     0
     0
     0
     0
     8
     0
    44
   134
    54
   157
    65
    53
    50
    12
    95
    41
    24
    32
    50
   104
   139
    70
    10
    56
     2
     6
     6
     2
     3
     0
    41
    16
   178
    27
    90
    27
    18
    21
    16
    24
    38
    58
    14
    12
    64
    81
    44
    33
     6
     1
     0
     0
     0
     2
    20
    94
   228
    99
    18
    19
    26
    56
    65
    19
    13
    39
    50
    74
    46
   162
     6
    30
     0
     4
     1
     0
     0
     4
    22
   104
   149
    81
    28
    24
    31
    26
    37
    24
    66
    29
    37
    14
    24
   196
    35
    16
     0
     0
     0
     0
     5
     0
    19
    64
   118
    59
    16
     8
    82
    50
    32
    26
    10
    10
    13
    30
    13
   106
    12
    19
     2
     0
     7
     0
     0
     0
    76
    51
    55
    68
    36
    20
    53
    37
    17
    15
    20
    23
    15
    67
    25
    24
    37
    28
     0
     0
     4
     0
     0
     0
    49
    36
   172
    87
    10
    23
    43
    21
   159
    29
    21
    34
    21
    51
    76
    43
     4
    56
     4
     0
     5
     4
     0
     0
    24
    78
   261
     9
    11
    20
    26
    19
    19
    30
    36
    26
    10
    68
    24
   107
     4
    51
     0
     5
     0
     5
     0
     0
    97
    64
    97
    46
    20
    13
    23
    62
     8
    26
    45
    32
    18
   159
    74
    17
    30
    37
     0
     0
     6
     0
     0
     0
    71
    40
    99
   146
    29
    37
    53
    12
    76
    81
    10
    15
    27
    49
   114
    26
    17
    28
     0
     0
     0
     5
     1
    17
    53
   309
   112
    48
    34
   254
    34
    18
    22
   173
    57
    27
    35
    33
   187
     7
    14
     0
     0
     0
     2
     2
     4
    20
    70
    56
    58
    24
    48
    75
    13
    61
    23
    17
    20
    11
   168
    22
    87
    17
    30
     0
     0
     6
     0
     0
     0
   100
   190
   102
   102
    14
   160
    21
    57
    40
    16
    46
    39
    15
     8
    77
    65
    19
     6
     0
     0
     0
     3
     0
     0
    20
   109
   144
    51
    48
    30
    21
    61
    19
    58
    22
    46
    88
    37
    82
    10
    11
    51
     2
     0
     6
     8
     0
     0
     3
    95
   126
   189
    18
    11
    18
    17
     9
    42
    28
    52
    34
    30
    24
    25
    63
    85
     0
     0
     1
     5
     0
     0
    70
   142
   179
    67
    15
    15
    29
    33
    33
    19
    27
    23
    16
    16
    15
    19
    25
     9
     0
     0
     0
     6
     0
     1
    20
   188
   153
   107
    33
    15
    26
    38
    10
    35
   164
    50
    64
   169
   195
    68
    14
     2
     0
     6
     8
     0
     0
     0
    37
   190
   101
   136
    17
    30
     3
    30
    13
    73
    29
    29
    39
    20
    55
    32
    35
    10
     0
     0
     0
     5
     0
     0
    27
    72
   214
    64
    51
    12
    42
    68
    17
    46
    33
    32
     4
    33
   284
    36
    18
     9
     2
     0
     9
     0
     4
     0
    17
    91
    49
    12
    24
    14
    15
    39
    23
     7
    28
    34
    28
    54
   113
    94
    34
    28
     0
     2
     0
     5
     0
     0
    63
    41
    53
    48
    43
    21
    25
    33
    34
    28
    28
    17
    62
    79
    45
    88
    66
    24
     0
     0
     3
     0
     0
     0
     7
    83
   187
    99
     7
    22
     9
    26
    17
    79
     7
    21
     8
    35
    58
    17
    34
    21
     0
     0
     0
     0
     0
     0
    11
    51
   108
    29
     6
    16
    25
    33
    15
    37
    32
    12
    60
    16
    61
     2
    10
    21
     0
     0
     0
    10
     0
     0
    33
    29
    47
    63
    24
    32
    65
    23
    38
    18
    20
    72
    27
    23
   106
   219
    22
    31
     0
     0
     0
     1
     2
     6
    13
    98
   147
   130
    61
    61
    81
    34
    46
    19
    15
    16
    33
    30
    66
   224
    14
    25
     0
     0
     0
     7
     0
     0
    21
   120
   174
    57
     2
    14
    47
    38
    83
    19
    14
    16
    20
   220
    51
    28
     5
    18
     0
     0
     0
     0
     0
     0
    16
    53
   107
    24
    35
    25
    15
    82
    44
    13
    27
    30
    18
   142
    10
    91
    57
    71
     0
     5
     0
     0
     0
     6
    71
   115
   184
     1
    26
    38
    17
    34
    83
    27
    15
    27
    15
    60
    18
   240
    14
    30
     0
     0
     2
     3
     0
     0
    32
   169
   245
   105
    47
   102
    25
    14
     5
    30
    16
    41
    20
    16
    70
   156
    39
    20
     0
     0
     0
     0
     0
     5
    99
   284
   101
    84
    15
    30
     8
    19
     9
    71
    26
    24
     8
    17
    16
    69
     8
    22
     0
     0
     0
     0
     0
     0
    77
   172
    77
   154
    37
    42
    25
    40
    29
    27
    26
     7
    23
   310
   171
   118
     0
    23
     0
     0
     0
     6
     9
     0
    54
   105
   105
   151
    45
    58
    41
    84
    46
     5
   184
    29
    22
    22
   108
    67
    32
    15
     0
     0
     0
     4
     6
     0
    58
    13
   106
   191
    56
    13
   162
    22
     7
    16
     3
    62
    31
    24
   101
    63
    35
    58
     0
     0
     0
     0
     0
     0
    23
    20
   220
   130
    28
    26
    22
    43
    25
    70
    40
    69
     7
    26
    41
    87
    45
    69
     0
     3
    10
     3
     0
     0
    15
    71
    60
    14
    16
    10
    12
     6
    17
    62
    32
    21
     7
    49
    24
    14
    25
    16
     0
     1
     0
     0
     0
     0
    28
    63
    67
    47
    38
    22
    33
    27
    56
    67
    86
     6
    16
    35
    24
    62
   171
    10
     0
     0
     0
     5
     9
     2
    35
   141
   176
    41
    29
    29
    26
    11
    31
    38
     5
    35
   188
    14
    70
    32
    11
    31
     1
     3
     0
     0
     8
     0
    26
     9
    70
    67
    23
    21
    22
    22
    16
    30
    37
    17
    18
    42
    27
    49
    28
    24
     0
     6
     0
     0
     0
     0
    22
    70
    42
    81
    27
    34
    45
   178
    17
    28
    67
    18
    25
    25
    32
    59
     6
    47
     2
     0
     0
     0
     7
     0
    34
   100
   116
    81
    32
    13
    20
    26
    34
     5
    25
    13
   112
    13
    60
    56
    16
    10
     9
     5
     0
     5
     0
     0
    68
    98
    11
    66
    16
     9
    12
    17
    10
    32
    28
    42
    20
    19
   105
    63
    24
    17
     0
     0
     1
     1
     0
     0
    63
    57
    65
   130
    34
    17
    72
    40
    15
    66
     9
   197
    28
    26
    25
   234
    33
    29
     0
     0
     0
     0
     4
     0
    21
   101
   130
   196
    37
    27
    56
     9
    31
    48
    32
    48
   156
    13
    18
    22
    33
     9
     0
     0
     4
     0
     0
     0
   107
   103
    40
    61
    28
    17
    18
    29
    35
    25
    25
    10
    35
    57
    16
    28
    33
   164
     0
     2
     0
    13
     0
     0
    80
   127
   141
    31
    19
    54
    30
    14
   172
    43
    17
    62
    18
    80
   125
    92
    25
    22
     8
     0
     5
     3
     0
     4
    51
   108
   208
   140
    20
    47
     8
    25
    16
    30
    31
   175
    28
    15
    52
    53
    69
    21
     0
     0
     0
     0
     0
     0
   127
    87
   111
    31
    48
    27
    11
    15
    28
    24
    43
    51
    38
    25
    97
    13
    30
    77
     2
     1
     0
     3
     3
     0
    91
    16
   191
    18
    17
     3
    50
    16
    26
    39
     9
    10
    66
    50
    22
    49
    18
    31
     0
     0
     1
     0
     1
     3
    63
    49
   187
    35
    22
    15
    54
    12
   160
    13
    50
    20
    24
    35
    30
    92
    19
    38
     0
     3
     0
     0
     0
     4
    78
    78
    56
   106
    52
    56
   161
     8
     2
    22
    26
    20
    22
    32
   109
    55
    62
    78
     0
     0
     0
     0
     0
     0
    67
   179
    19
   118
    22
    59
    17
    16
    26
    17
    59
    42
    27
    18
    84
    32
     9
    27
     9
     0
     0
     0
     0
     7
    12
   129
   172
    59
    13
    32
    30
    38
    18
    34
    24
    22
    23
    24
    20
    77
    22
    23
     5
     5
     0
     0
     0
     0
    13
   141
   212
   167
    34
    15
    24
    41
    33
   154
    15
    57
     7
    49
    52
    34
    53
    15
     5
     0
     0
     0
     5
     0
    28
    30
    64
   239
    23
    81
   143
    95
     8
    31
    20
    16
    30
     7
    46
    51
    44
     8
     0
     0
     0
     5
     0
     0
    31
   101
    56
    15
     6
    21
    22
    93
    16
    33
    30
    21
    12
    30
   190
    22
    25
    24
     0
     6
     4
     9
     0
     3
    22
    25
   238
    52
    15
    40
    44
    33
    14
    23
    20
    25
    19
    69
    36
   107
    23
    30
     0
    13
     0
     7
     0
     8
     1
    61
   135
    71
    13
    22
    22
   152
    49
    23
    10
    21
    27
    85
    22
    93
    35
    33
     0
     5
     0
     0
     0
     4
    82
   177
   110
    99
    11
    47
    54
    14
     5
    57
    27
    36
    21
   183
    52
    74
    38
     8
     0
     0
     0
     0
     0
     0
    70
   133
   133
    91
    13
    58
    29
    47
    31
    22
    38
    28
    31
    14
    60
    82
    25
    39
     0
     7
     0
     0
     0
     0
    38
   170
   104
    91
    54
    30
    30
   156
    16
   197
    43
    25
    80
    12
    63
   112
    27
    24
     4
     0
     0
     3
     2
     0
    24
    93
   158
    61
   200
    36
     8
    21
    80
    20
    67
    15
    23
    17
    90
    74
    25
    28
     1
     0
     9
     9
     0
     0
    45
    60
    54
    63
    65
    12
    14
    11
    26
     3
    28
    20
    17
     9
   158
    35
    22
     3
     0
     0
     5
     0
     0
     0
    16
    96
   157
    18
    29
    25
     6
    25
    33
    15
     6
    68
    72
    63
    75
   153
    28
     8
     0
     8
     1
     3
    11
     0
    23
    63
    51
    27
    11
    50
   166
    29
    38
    28
    17
    54
    11
    35
    91
    50
    31
    12
     9
     0
     0
     0
     0
     0
    23
   139
   141
    45
    64
    39
    77
    19
    21
     7
    53
    11
    14
    21
   100
    36
    17
    14
     2
     0
     0
     0
     0
     9
    13
   125
    57
    68
    11
    63
   187
    24
    32
    63
    26
    55
    61
   129
    83
    30
    40
    21
     0
     0
     5
     0
     6
     0
     4
   100
   159
    63
    24
    25
    21
    14
    35
    27
    61
    17
    17
    34
   133
   163
    22
    27
     0
     0
     0
     0
     0
     6
    13
    63
    75
    96
    24
    26
    31
    31
     7
    71
    18
    35
    25
   163
    25
    24
    28
    22
     0
     2
     0
     0
     0
     0
    11
    15
   157
    41
    22
    26
    19
    26
    26
    56
    36
    76
    21
    29
    15
    44
    24
    17
     8
     0
     0
     0
     0
     0
    26
    82
    64
   141
    14
    20
    12
    20
    16
   196
    22
    17
    24
     9
    13
    22
    22
    18
     0
     0
     0
     0
     3
     0
    34
    92
    94
    73
    79
    30
    11
    29
    34
    19
     7
    21
    29
    28
    60
    22
    20
    72
     0
     0
     4
     0
     3
     1
    24
    44
   154
   252
    32
    24
    25
    24
    14
    12
    20
    63
    29
    25
    82
    73
    29
    50
     0
     8
     0
     6
     0
     0
    77
    13
   130
    26
    40
   157
    13
    37
    22
    20
    21
    74
    22
    44
   123
    22
    39
    27
     0
     8
     3
     9
     1
     1
    67
    47
   116
   117
    68
    45
    31
    70
    46
   184
    45
    29
    72
    18
    12
    30
    25
    29
     0
     0
     2
     6
     4
     2
     4
    44
   145
    65
    21
    26
    41
    18
    19
   228
    20
    17
    54
    32
   104
    26
    32
    25
     5
     0
     0
     0
     0
     0
    10
    79
   172
    39
    22
    26
    30
    38
    26
    27
    61
    67
    19
    10
    20
    48
    28
   125
     1
     0
     0
     7
     0
     0
     0
   142
    97
   183
    30
    15
    16
     0
    55
    20
    52
    19
     8
    10
   161
    63
    22
     5
     0
     9
     0
     0
     0
     0
    35
    72
   156
    72
    21
    18
    35
    21
    21
     2
    21
    32
    18
    16
    50
    23
    46
    28
     0
     0
     0
     0
     0
     3
    35
    70
   112
    60
    28
     7
    75
     7
    20
    29
    27
    26
    13
    14
     7
    47
    55
    39
     6
     0
     0
     0
     0
     0
    35
    52
    49
   106
    33
    38
    26
    26
    46
     9
    18
    36
    61
    23
    46
   176
    58
    37
     0
     4
     0
     1
     0
     3
    43
   159
   106
   144
    41
    39
    16
    61
    74
    28
    42
    25
    45
    28
   238
    51
    30
    21
     0
     1
     3
     0
     0
     0
    32
    18
    22
    33
    49
    39
    19
    13
    35
    20
    36
     5
    56
    33
    20
    95
    17
    25
     1
     6
     0
     0
     0
     0
    56
   141
   109
   115
    28
    23
    45
    28
    66
    36
     6
    23
    65
   155
    64
    16
    17
    13
     0
     0
     0
     0
     0
     8
     5
    71
    56
     4
    14
    34
    14
    21
    12
    19
     8
    28
    40
    16
    33
    69
    18
    58
     0
     0
     0
     0
     0
     2
     6
    30
   132
    53
    28
    27
    10
    20
    52
    21
    20
    24
    19
     9
    39
    65
     2
    38
     0
     0
     1
     0
     2
     5
    24
    44
    91
    58
    28
    49
    27
    31
    16
    19
    26
    48
    35
    45
    98
    77
    18
    15
     0
     0
     0
     0
     0
     2
    18
    65
   186
   101
    24
    19
     8
    68
    58
    21
    18
    35
    23
    13
    51
    95
    18
    15
     0
     0
     0
     0
     0
     4
    31
    59
   217
    75
    49
    19
    35
    27
    35
    21
    30
    69
    27
    16
   349
   163
    16
    20
     0
     6
     0
     0
     0
     0
    49
    51
   184
   186
    10
    17
    14
    32
     7
    35
     4
    35
    11
    32
    25
    76
    13
    41
     7
     4
     0
     0
     0
     0
     2
   105
   143
    56
    22
    32
    15
    31
    16
    58
    25
    25
    24
     4
    34
   158
     6
    28
     4
     0
     1
     0
     0
     3
    12
    24
   181
   118
    26
    16
    18
    68
    40
    43
    67
    25
    22
    63
    30
    47
     5
    35
     0
     0
     0
     0
     0
     1
    10
    63
    39
    12
    19
     8
    86
     8
    14
    18
    12
    49
    21
    59
    23
    13
    11
    61
     0
     0
     0
     0
     2
     0
    13
    25
   101
    71
    65
    13
    26
    23
    10
    15
    17
    23
    21
    22
    17
    28
    25
    18
     1
     8
     0
     2
     0
     0
    38
    53
    47
    63
    50
    61
    24
    22
    34
    31
    35
    10
    36
    24
    94
    24
    34
    57
     9
     0
     0
     0
     8
     0
    22
   116
   149
   146
    58
    32
    45
    18
     9
    34
    73
    21
    13
    10
    20
   259
    39
    31
     0
     0
     0
     4
     0
     0
    38
    90
   101
    81
    29
    16
    10
    30
     4
    12
     6
     6
    27
    20
   111
    16
    30
    58
     0
     0
     0
     0
     0
     0
    19
    29
    67
   171
    15
    66
    82
    27
    63
    11
    31
    21
    14
     9
    54
     6
     9
    41
     0
     0
     4
     0
     0
     0
    30
    22
   105
   198
     4
     9
     4
    24
    12
    34
    14
    20
    23
     5
    20
    17
    27
    22
     0
     0
     5
     0
     0
     0
    81
    43
    11
    46
    18
    39
    53
    65
    55
    21
    31
    19
   152
    81
    11
    28
    21
    23
     2
     0
     0
     7
     0
     0
    46
   106
   116
    43
    30
    16
    30
   152
    16
     9
    30
    14
    16
    17
     9
    41
    21
    33
     0
     0
     0
     1
     0
     0
    16
   107
    28
    36
    16
    87
    15
    21
    41
    18
    17
    55
    21
   261
    95
    15
     9
    10
     0
     9
     0
     0
    13
     5
    16
    58
   225
    72
   161
     4
    76
    35
    36
    16
    81
    23
    39
   187
    70
    28
    27
    28
     2
     0
     0
     5
     3
     0
    28
    19
    49
   105
    22
    19
    27
    64
    21
    58
    18
    17
    14
    55
   190
    44
    28
    25
     0
     5
     0
     0
     0
     6
    65
    55
    34
    25
     3
    24
    35
    21
    11
     5
    10
    14
    10
    56
    62
    87
    18
    56
     4
     0
     0
     0
     4
     0
    51
    22
    92
    17
    24
    14
    11
    40
     3
     3
    24
    68
    11
     6
    60
    70
    14
    66
     0
     0
     0
     0
     0
     0
    22
    27
    57
    59
    23
    18
     7
    15
    70
    64
    38
    34
    23
    15
    23
    19
    25
    56
     2
     0
     0
     7
     0
     1
    17
    64
   142
    70
    14
    13
    33
   170
    38
    54
    31
    21
    26
     7
   128
    89
    31
    67
     0
     2
     0
     0
     0
     0
    62
   129
    46
    46
    29
    16
    13
    40
    26
    31
   133
    15
    34
    28
    59
    58
    80
    38
     0
     0
     0
     0
     0
     0
    19
   124
   146
    74
    60
     3
    27
    30
    28
    11
    22
    23
    60
    14
    53
    54
    24
    34
     0
     0
     0
     0
     0
     9
    32
    70
   187
    80
    28
    22
    31
    21
    69
    11
    25
    19
     0
    26
    67
    54
    11
    17
     0
     0
     5
     9
     3
     0
    18
    53
    69
   108
    85
    38
    29
    25
    26
    17
    13
    53
    15
    54
   314
   166
    17
     3
     0
     2
     2
     0
     3
     4
    14
   100
   139
    50
    28
    20
    54
    33
    17
    29
    18
    17
    69
    87
   105
    43
    61
    13
     0
     4
     7
     0
     3
    11
    10
    97
    92
    53
     3
    13
     8
    11
    11
     9
    14
    35
    19
    35
   214
   144
    38
     9
     0
     0
     0
     0
     0
     9
    10
    91
   121
   102
    18
    53
    39
    26
    14
    24
    58
    16
    19
    13
   347
    61
    15
    20
     0
     0
    15
     0
     0
     5
    36
   150
    90
   101
    28
    15
    29
    26
    33
    33
    28
    13
    28
    36
    62
    37
    42
    14
     0
     0
     4
     0
     0
     3
    31
    66
   147
    75
    39
    30
     2
    16
    26
    65
    42
    41
    24
    19
   173
    74
    37
    76
     0
     0
     0
     0
     2
     0
    19
    85
    53
   131
    64
     9
    23
   142
    37
    24
    43
    16
    19
     8
    30
    63
     7
    41
     0
     1
     0
     0
     5
     0
    58
    90
    84
   138
     7
    21
    68
    29
    13
   165
    26
    46
    25
   136
    60
    89
    13
    12
     9
     0
     6
     0
     0
     0
    13
    59
    12
    20
    62
    10
    22
    27
    10
    28
    29
    22
    66
    55
     7
    45
    12
    19
     8
     2
     0
     2
     0
     0
    78
    56
   210
    51
     9
    17
    12
    36
     7
    18
    34
    21
    23
    37
    70
    15
   162
    35
     6
     0
     0
     0
     0
     0
    21
    61
   142
    54
    19
    27
    78
     7
     8
    28
    16
    38
    19
    17
    43
    17
    36
   147
     4
     0
     7
     0
     0
     0
    39
    17
    95
    64
    47
    39
    17
    16
   101
    10
    41
    16
    67
   116
    23
   216
    11
    33
     0
     0
     0
     0
     0
     0
    59
    43
   134
    65
    23
    53
    58
   171
    35
    17
    37
    10
    37
    47
    57
    30
    18
    54
     2
     9
     3
     0
     0
     0
    24
    60
   107
   105
     9
    13
    47
    18
    11
    22
   153
    26
    18
    34
   135
    18
    15
    35
     0
     0
     0
     0
     0
     0
    16
    58
    41
    59
    52
     6
    19
    35
    23
    32
    10
    11
    23
     9
     3
    62
    25
     9
     0
     0
     6
     0
     0
     0
     5
    59
    17
    11
    19
    60
     0
    34
    16
    27
    24
    26
    24
   101
    73
     9
    23
    21
     0
     0
     2
     0
     2
     0
    50
    59
   306
    13
    15
     9
    60
    20
    68
    11
    18
     5
    18
    27
   157
    61
    17
    27
     0
     0
     0
     0
     3
     7
    35
   179
   197
    43
    11
    35
    11
   172
    15
     6
    39
    10
    29
     6
    73
   145
    64
    24
     0
     0
     1
     0
     0
     0
    19
   126
    65
    21
    13
    12
    19
    16
    18
    23
    38
    42
   169
    30
     5
    15
    16
    26
     0
     5
     0
     0
     0
     0
    24
    65
   303
   130
    33
     5
    45
    42
    49
     5
    44
   174
    28
    80
    51
    25
    30
    29
     0
     0
     0
     0
     0
     0
    17
    87
    94
    86
    19
     3
    20
    37
    17
    50
    28
    30
    43
     4
    62
    33
    26
    32
     0
     8
     3
     0
     0
     4
    16
    54
    47
   220
     4
    26
    29
    13
    22
    69
    55
   199
    14
    52
    83
   149
     5
    21
     2
     6
     1
     0
     0
     0
     8
    32
     0
    33
    57
    26
     1
    19
    29
    29
     4
     6
     7
     7
    19
    20
    19
    21
     5
     0
     0
     5
     0
     0
    13
   125
    96
    17
    18
    57
    24
    17
     5
    17
   154
    19
    19
    35
    55
    33
    21
    13
     0
     0
     1
     0
     0
     0
    24
    58
   118
    47
    21
    20
    22
    12
   103
    16
    43
    38
    20
    17
     6
    17
     0
    31
     0
     5
     3
     0
     0
     0
    53
    97
    70
   172
     9
    21
    12
    19
   164
    27
    11
    20
    17
    23
   114
    13
    52
    23
     0
     0
     4
     0
     0
     8
    34
   134
   104
    95
    10
    33
    23
    30
   156
    27
    56
    19
    17
    14
    58
    67
    28
    18
    14
     0
     0
     4
     0
     1
    27
   107
    72
    10
    44
    23
    20
    14
    29
    22
    17
    10
    26
   101
    69
    25
    22
     5
     0
     0
     0
     0
     0
     0
    15
   126
    80
    75
     5
    11
    31
    28
    27
    41
     6
    58
    48
    14
    13
    72
    19
     7
     0
     2
     0
     0
     0
     3
    30
   104
   108
   115
    48
    13
    74
    29
    19
    58
    13
    15
    14
    96
     0
    52
     7
    14
     0
     0
     0
     0
     0
     0
    73
    33
    16
    77
    37
    21
    44
    22
    17
    25
    29
    25
    12
   179
    40
   115
    29
    33
     7
     0
     0
     0
     0
     0
     6
    69
   121
   102
     4
    37
     2
    18
    59
    12
    45
     7
    30
    22
    80
    60
    22
    26
     0
     1
     0
     0
     4
     0
     1
    49
   102
    60
    55
    79
    21
    28
    16
   171
    18
    29
    15
    59
    63
    21
    82
    15
     0
     0
     0
     1
     3
     2
    19
    89
   208
    49
    33
    11
    23
    18
    23
    22
    28
     7
    19
    77
    62
    30
    39
    24
     7
     0
     0
     0
     0
     0
     5
   104
   107
    29
    46
    15
    19
    37
    33
    24
    26
    13
    33
    12
    21
    26
    17
    52
     0
     0
     2
     3
     0
     0
    37
    32
   101
   180
   169
    12
    11
    19
    21
    28
    21
     9
    16
    14
    26
    31
    54
    19
     0
     0
     0
     0
     0
     0
    56
   190
    87
    73
    58
    22
    13
    40
    21
    18
    34
    27
    22
    29
    71
    23
     9
    18
     0
     0
     0
     0
     5
     0
    27
    49
    70
    10
     7
    31
    49
    48
    14
    33
    61
    58
    21
    40
    51
    93
    21
    18
     0
     0
    10
     0
     0
     0
    20
    52
   142
    95
    16
    11
    26
    14
    24
    41
     0
    16
    17
    19
    55
     7
    24
    68
     0
     4
     0
     1
     0
     0
    25
   148
   132
    67
    44
    33
    53
    11
    12
    54
    24
    21
    27
    44
     6
    10
    50
    36
     3
     0
     0
     0
     2
     7
   111
    66
   218
    57
    21
    24
    13
    16
    18
    16
    12
    42
    39
   171
    80
    26
    21
    59
     0
     8
     5
     0
     0
     0
    22
    98
   129
   214
    52
    37
     9
    23
    16
    33
    47
    18
     7
    28
    23
    63
    14
    63
     0
     0
     0
     0
     0
     1
    20
    54
    99
    23
    17
    51
    32
    19
    19
    22
    61
    35
    10
    12
     8
    10
    66
    18
     0
     1
     0
     0
     0
     0
     8
     4
    41
    58
    29
    29
    11
    14
    66
    69
    24
    33
    57
    17
    23
    17
    65
    17
     8
     6
     0
     0
     0
     0
    20
    80
   225
    74
     9
    24
     7
    18
    23
    15
     8
    50
     7
     4
    44
   199
    28
     2
     0
     0
     2
     2
     5
     0
    17
    98
   106
    52
    32
    18
    38
     2
    15
     6
   155
    74
    25
    35
    39
    42
    20
    47
     0
    10
     0
     0
     0
     0
    24
   169
   113
    53
    26
    29
    18
    30
    24
    42
    58
    25
    28
    53
    55
    19
    18
    11
     0
     5
     0
     0
     1
     0
    40
    33
    58
   131
    25
    23
    24
    41
    26
    53
    62
    43
    15
    22
    53
    40
   149
    26
     0
     0
     4
     0
     0
     0
    31
    29
   224
   114
    29
    16
    48
    25
    64
    19
   202
    69
    21
    27
    51
    68
     6
    24
     0
     0
     0
     6
     0
     0
    23
    15
   133
    48
    16
    53
    13
    19
    22
    18
    14
    16
    31
    36
    72
   136
     4
    34
     0
     0
     0
     0
     3
     8
    12
    60
   107
    11
    19
    27
    42
     9
    26
    15
    56
    39
    35
     6
    73
    27
    36
     9
     0
     0
     0
     0
     4
     0
    73
    27
   105
    19
    21
    89
    25
    16
    61
    30
     6
    20
     6
    24
    51
    22
    82
    28
     0
     4
     0
     4
     0
     0
    14
    41
   104
    36
     6
    35
    31
    41
    16
    34
     9
    14
    16
    26
     1
    21
    19
     9
     0
     0
     0
     0
     0
     6
    16
   142
    99
    82
    47
    19
    60
    13
    39
    27
    28
    70
    79
     9
    87
   247
    23
    17
     0
     0
     1
     0
     0
     3
    11
   110
   203
    94
    11
    44
   108
    23
    21
    19
    59
    18
    10
    20
   106
    83
    48
    30
     0
     7
     0
     0
     0
     0
    29
     6
    71
    72
    42
    29
    20
    32
     8
    17
    38
    29
    16
    25
     6
    61
    26
    22
     0
     9
     0
     0
     0
     0
    13
   135
    59
    15
    32
    11
    39
     7
    37
    16
    14
    21
     9
    17
   173
    30
    18
    19
     0
     0
     0
     0
     0
     0
    58
    58
    24
    16
    19
    18
    17
    23
    19
    22
    23
   195
    27
    36
    12
    14
   155
    12
     0
     0
     0
     0
     0
     0
    27
   100
   231
    55
    10
    55
    34
    23
     8
    17
     3
    30
    25
    24
    10
    62
    34
    21
     0
     0
     0
     0
     0
     0
    17
    60
    53
   132
    44
    22
    31
    35
    23
     5
     4
    27
    16
    58
   103
    61
    38
    44
     1
     0
     0
    10
     0
     0
    11
   150
     9
    99
     5
    22
    29
    19
    68
    26
    33
    20
    67
    15
    50
    44
    16
    27
     8
     0
     0
     0
     0
     2
     7
    32
    84
   143
    45
    63
    30
    16
    28
    26
    60
    26
    16
    18
    44
    60
    30
    24
     0
     0
     0
     7
     0
     0
    17
    48
    89
    69
    19
    63
    28
    24
     4
    14
    31
     5
    12
    12
    89
    17
    71
    22
     0
     0
     7
     0
     0
     0
    92
    52
   149
    63
    19
    58
     6
    14
    52
    17
    34
    23
    79
    12
     9
    63
    40
    12
     0
     2
     0
     0
     0
     0
    12
    87
   182
    63
     6
    16
    34
    30
    10
    19
    70
    15
    25
     2
   165
    19
    22
     6
     5
     0
     0
     0
     0
     0
    19
    59
   243
    58
   155
    34
     8
    13
    19
    17
    30
    23
    76
    25
    54
    13
    58
    26
     0
     0
     5
     0
     0
     0
    41
     8
    54
     6
    23
    77
    30
     8
    10
    46
    17
    11
     3
    17
    14
    20
    26
     3
     0
     7
     0
     0
     0
     2
    23
    47
   152
    65
     3
    61
    19
    78
    31
    62
   114
    20
     0
    14
    66
    12
    20
    35
     0
     0
     1
     0
     4
     4
    44
   136
   174
    49
    52
    16
    30
   218
    16
    30
    59
    14
   170
    97
    54
    14
    17
    24
     0
     0
     0
     0
     0
     4
    16
    17
   105
   146
    35
    14
    17
     7
    44
    30
    49
    45
    15
   184
     3
   200
    27
    22
     1
     0
     0
     0
     4
     8
    27
   142
   146
   110
    14
    28
    44
    39
    14
    27
    14
    23
    15
    33
     9
    25
    27
    29
     0
     0
     7
     7
     4
     0
    16
   101
    98
    50
    11
     6
    11
    43
    27
    25
     9
    10
    16
    19
    52
    62
    28
    27
     3
     0
     0
     1
     0
     0
    66
    23
   220
     9
    59
    50
    12
    46
   144
    14
    32
    14
     1
    17
    33
     7
     6
    27
     0
     0
     0
     0
     9
     0
    30
    79
    74
    75
     0
    19
    18
    25
    12
    19
    19
     9
    19
    21
     7
    57
    11
    29
     1
     0
     0
     5
     0
     0
    19
   127
   151
    13
    59
    23
    36
   152
    44
    32
    34
    23
    15
    19
    19
   107
    33
    22
     0
     0
     2
     0
     0
     0
    53
    52
    66
   107
    13
    68
    33
    13
    15
    41
    18
    24
    67
    81
    83
    23
    20
    26
     5
     0
     0
     0
     0
     2
    98
    95
    22
    16
    34
    16
    26
    95
     8
    11
    24
    27
     7
    47
    31
    31
    19
    18
    10
     0
     5
     0
     0
     0
    45
    24
   197
    66
    34
    11
    10
    30
    25
    44
    36
    13
    24
   176
    67
    52
    17
    14
     0
     0
     0
     0
     0
     0
    71
     2
    50
    24
    19
    25
    19
    14
    11
     8
    46
    22
    28
    18
   200
   119
    37
     6
     0
     0
     1
     0
     7
     0
    24
    98
   148
    47
    36
    79
    26
   164
    10
    17
    25
    19
    32
    24
   153
    49
    30
    11
     0
     0
    13
     0
     1
     0
    15
    27
    62
    63
    32
    20
    30
     9
    28
    23
    32
    21
     3
    11
    12
    47
    18
    13
     0
     0
     4
     1
     0
     9
    17
    61
    89
   182
     5
    30
    25
    16
    30
     1
    40
    69
   219
    19
    61
    63
    70
    33
     6
     0
     0
     0
     0
     4
    19
   108
   130
    16
    17
    24
    73
     7
    28
    76
    29
     0
    34
   102
    56
    80
    16
    30
     2
     0
     0
     2
     0
    10
    12
    55
    24
    55
    25
    54
    50
    14
    13
    40
    29
    17
    11
    37
     8
    24
    33
     1
     0
     0
     0
     0
     0
     0
    50
   152
    88
    50
    11
    30
    37
    30
    35
    87
     3
    21
    27
    15
    16
    19
     6
    16
     9
     0
     0
     0
     0
     0
    33
    96
    70
    67
    19
   163
    50
    15
    13
    47
    23
    31
    25
    11
    44
    16
    35
    28
     0
     8
     1
     3
     0
     0
    12
   163
   154
    97
   159
    90
    10
    11
    21
    21
    18
    11
    24
   144
    77
    62
    36
    20
     4
     0
     7
     0
     0
     2
    22
    18
    65
    65
    20
    14
    18
    18
    20
    19
    18
    24
    13
    30
   122
     7
    20
    53
     0
     2
     0
     7
     0
    11
    18
    74
   211
    61
    27
    34
    27
    28
    48
    62
     9
    37
    25
    48
    29
    55
    20
    55
     2
     0
     5
     5
     0
     2
    24
    64
    56
    66
     3
     8
    26
    38
    42
    37
    61
     7
    17
     4
    55
    18
    51
    23
     0
     0
     1
     0
     0
    12
    21
    67
   149
    25
    58
    16
     9
     7
    11
    29
     9
     5
    30
     9
    57
    80
    35
    17
     0
     0
     0
     0
     0
     0
    37
    51
    29
    15
    14
     9
    61
    42
    28
    29
    40
    23
    30
     0
    31
    25
    57
   175
     0
     0
     0
     0
     0
     0
    66
    19
   117
   153
     4
    10
    37
    18
    48
    28
    17
    11
    28
    20
    60
   225
    29
    14
     0
     0
     0
     0
     0
     0
     8
    74
    89
    59
    34
    32
    26
   165
    26
    16
    17
     4
    28
    15
    64
   126
   154
    35
     0
     0
    10
     0
     4
     5
   119
    26
   120
   114
    72
    34
     6
    26
    13
    33
     8
    27
    22
    71
   113
    49
    60
    62
     0
     0
     0
     0
     0
     0
     8
    33
   217
    59
    20
    21
    21
    41
    68
    18
    17
    18
    29
    68
    30
   183
    18
    31
     0
     0
     0
     7
     7
     0
    13
    78
   257
   102
     5
    47
    23
    20
     3
    38
    26
    31
    34
    19
     9
    12
    30
     7
     3
     0
     0
     0
     0
     0
     8
    77
   113
   100
    17
     4
    17
    58
    27
    58
    38
    22
     9
    30
    17
    63
    11
    32
     0
     0
     0
     0
     0
     3
    17
   136
   178
    33
    48
    16
    58
    36
     7
    23
     3
   101
    23
    94
     7
     9
    11
    16
     1
     0
     0
     0
     0
     0
    58
   173
   157
   109
    14
    15
    36
    27
    40
    21
    43
    18
    14
    19
    53
    15
    11
    67
     0
     0
     0
     0
     0
     6
     5
    59
    53
    52
    60
    22
    16
    31
    22
    62
    21
    34
    33
    19
    68
    30
    37
    39
     0
     0
     0
     0
     0
     4
    16
    82
    50
    26
     8
    16
    23
    28
    14
    55
    18
   166
    15
    10
     2
    46
    40
    43
     0
     5
     0
     0
     4
     0
    28
   117
   208
   133
    19
    37
    80
    33
    27
    17
    35
    13
    24
    37
    22
    22
    25
    50
     0
     3
     0
     0
     5
     0
    22
   110
   131
   107
    14
    13
    76
    27
    25
    21
    15
    30
    27
    67
    47
    36
    80
    26
     0
     0
     0
    10
     0
     9
    64
    26
   142
    46
    49
    20
    15
    11
    21
    17
    20
    18
     6
    71
   106
    20
    16
    32
     0
     0
     2
     0
     0
     0
    22
   193
    58
   101
    22
    18
    51
   149
    15
     3
    24
    26
     8
    23
    26
   115
    75
    23
    15
     0
     0
     0
     0
     1
    40
   134
    73
   106
    24
    32
    37
    55
    13
    26
    36
    11
   162
    52
    54
    22
    43
    21
     0
     0
     0
     0
     0
     0
    34
    62
    88
    86
    14
    15
    72
    24
    64
    19
    12
    53
    27
    55
    17
    27
   166
    14
     0
     0
     0
     8
     0
     0
    20
    27
    13
   194
    31
    17
    12
    11
    74
     7
    25
    13
    24
    27
    96
   174
    34
    15
     0
     0
     5
     0
     0
     6
    22
    91
    60
    69
    19
    24
    20
   105
    30
    29
    48
    79
    20
    58
    74
    69
    61
    26
     0
     9
     3
     1
     0
     0
    42
   173
   193
    31
    51
    16
    21
    29
    14
    27
    13
    23
    47
    35
     9
     9
    72
   159
     0
     0
     0
     0
     1
     4
    27
    33
   134
    10
    32
    21
    36
    10
    37
    24
    36
    16
     5
    70
    18
    10
    11
    61
     0
     0
     0
     0
     0
     0
    32
    70
   137
   112
    18
    19
    31
    22
    19
    37
    13
    30
    29
    27
    45
   126
     8
    23
     4
     7
     3
     6
     2
     0
   111
   196
    65
    35
    24
     4
    16
    32
     8
    27
    28
    48
    17
     4
     9
    87
    19
    64
     0
     0
     0
     0
     0
     5
     3
    43
    91
    67
    92
    15
    15
    28
    15
    21
     9
    15
    13
    13
    22
   146
   109
    14
    23
     0
     7
     0
     0
     0
     0
    36
   102
     9
   131
    19
    17
    26
    29
    19
    18
    26
    18
    20
     5
    13
    28
    30
    22
     0
     0
     9
     0
     0
     2
    31
    25
    52
    27
    34
    28
    36
     6
    26
    19
    20
    34
    15
    56
    22
   225
    25
    57
     5
     0
     2
     0
     0
     0
    33
   125
   145
    44
    34
    32
    26
    49
    26
    25
    20
    22
     6
    17
    12
    67
    11
    22
    14
     0
     0
     0
     0
     0
    14
    40
    64
    23
     4
    30
    65
    10
    16
    17
    29
    63
    22
    21
    22
    62
    28
    96
     0
     0
     2
     0
     0
     0
    23
    58
   163
    60
    28
    33
     3
    30
     5
   101
     8
    14
    55
    39
   180
    20
    12
    18
     2
     0
     0
     0
     2
     0
    10
    71
    58
    67
    20
    23
    18
     3
    79
    39
   200
    27
    10
    31
    49
    25
    64
     6
     0
    11
     0
     0
     0
     0
     5
    13
   172
    14
    20
    18
   155
    12
    23
    16
    12
    55
     6
    16
     4
    74
    52
    23
     0
     9
     0
     1
     7
     0
    12
    70
    67
    62
   102
    74
    27
    12
    48
    17
    30
    19
    29
    23
    54
   110
    24
    25
     0
     7
     0
     0
     0
     0
    33
    79
   201
   130
    34
   148
    39
    28
    21
    28
    17
    46
    68
    70
    24
    28
    13
    44
     4
     0
     0
     6
     7
     0
    20
   109
   137
    48
   108
   201
    25
    29
    32
    74
    27
    13
    66
    10
    74
    61
    26
    13
     4
     0
     0
     0
     0
     4
    15
     9
   149
    90
    22
    38
    44
   148
    21
    44
    36
    14
    23
    64
    65
    68
    28
    14
     0
     8
     0
     0
     0
     0
    28
    26
   136
    62
    83
    28
    41
    24
     9
    37
    10
     1
    48
    24
    13
    17
     4
    59
     0
     0
    10
     0
     0
     0
    17
    66
    57
     7
    29
    18
    16
    24
    20
    27
    26
    42
    26
    40
    89
    51
    16
    30
     6
     0
     0
     0
     0
     1
    57
    64
   104
    84
    64
    11
    42
     8
     3
    30
    26
    37
    10
    38
   103
     7
    12
    19
     0
    10
     0
     5
     0
     0
    33
    81
    90
    38
     0
    18
     1
    28
    18
    55
    12
    10
    20
   168
    18
    22
    12
    26
     0
     2
     0
     0
     3
     0
    26
    25
   133
   101
    16
    14
    15
    24
    12
    15
    19
    55
    35
    43
   189
    83
    59
    37
     0
     0
     0
     4
     0
     5
    17
   165
   146
    58
    19
    14
    22
    49
    25
    32
    25
    30
    28
    22
    55
    94
    54
    28
     0
     0
     1
     0
     0
     0
    42
    16
    94
    60
    30
    15
    29
    31
    16
    21
    13
    34
    34
    40
    32
    45
    75
    21
     6
     3
     3
     0
     0
     0
    25
    49
   100
    15
     4
   183
    20
    53
    30
    23
    60
    17
     3
    50
    68
    54
    20
     9
     0
     8
     0
     3
     0
     0
    42
    66
   122
    66
    47
    15
    27
    33
    33
    23
    25
    11
     3
    19
   193
    32
    22
    17
     0
     0
     0
     0
     4
     0
    29
    52
   112
    16
    14
    58
    23
    60
    18
    10
    17
   102
    16
    22
    62
    63
    25
    11
     0
     1
     0
     0
     0
     0
    16
    13
    21
    16
    30
     6
    33
    38
    40
    56
    58
    45
    12
    12
    49
    14
    29
    20
     0
     0
    15
     9
     0
     0
    20
    58
    57
    93
    35
    72
    26
    15
    73
    27
    22
    71
     9
    66
   109
    14
    32
    84
     0
     6
     2
     0
     0
     6
    63
    63
    12
   186
    26
    30
    15
    10
    30
    55
    11
    45
    37
    90
    62
    54
     9
    22
     0
     0
     1
     0
     1
     0
    12
    13
    60
    53
    48
    31
    33
    12
    28
    36
    19
    19
    52
    16
   150
   254
    15
    74
    11
     0
     0
     2
     0
     0
    29
   142
    18
   163
    20
    17
    11
    25
   163
    77
    33
    17
    14
    41
    59
    24
    58
    19
     0
     0
     0
     0
     0
     4
    15
    29
    60
    89
    28
    17
     8
    26
    12
    32
    53
    20
    19
    15
   215
    10
    23
    36
     0
     0
     0
     0
     0
     0
    35
   144
    58
    11
    63
     9
    20
     7
    25
    30
    32
    37
    25
    31
    26
    25
    27
    53
     0
     0
     6
     0
     4
     0
     9
    68
   198
    20
     5
    39
    70
    45
    24
     7
    42
     7
    47
    45
   108
    65
    22
    49
     6
     0
     0
     9
     0
     0
   113
    74
   141
   105
    15
    79
    10
   195
    31
    24
    29
    35
    77
    10
    46
    87
    30
    33
     0
     0
     3
     5
     9
     0
    10
    94
   173
    49
    12
    23
    36
    11
    36
    38
    34
    47
    29
    26
   136
   111
    58
    16
     0
     0
     0
     0
     0
     0
    23
    39
    71
    44
    10
    17
    16
     9
    64
    60
    29
    12
    20
    41
   169
   131
   169
     7
     2
     7
     2
     0
     0
     0
    19
   126
   159
   113
    13
     2
    11
    19
    10
    13
    44
    10
    21
    16
    20
    52
    23
    45
     0
     0
     0
     2
     0
     6
    28
   149
    95
    76
    13
    10
    66
    18
    12
    21
    10
    17
    19
    26
    37
    40
    21
     6
     9
     0
     4
     0
    10
     0
    21
    23
   166
    57
    33
    34
    14
    77
    18
    22
    14
     9
    19
    18
    91
   114
    21
    10
     0
     0
     0
     6
     0
     0
    35
    52
   126
    24
     9
    44
   163
    28
    28
    35
    51
    63
    23
    65
    26
   102
    29
    14
     6
     3
     0
     0
     0
     0
    52
    29
   118
   239
    58
    72
    11
    59
    41
    21
    73
    29
    23
    22
   153
    16
    13
    19
     4
     1
     0
     0
     3
     1
    52
    66
   285
    52
    77
    33
   172
    37
    33
    30
    12
    69
    39
    24
    50
    34
    27
     8
     0
     0
     0
     0
     0
     1
    62
   106
    56
    59
    28
    24
    23
    68
   170
    40
    19
    87
   183
    21
    56
    62
    26
    26
     0
     2
     0
     3
     0
     0
    32
    65
   115
    67
    28
     8
    28
    34
    18
    22
    35
    44
    59
    16
     9
    37
    57
    36
     1
     1
     5
     0
     3
     0
    45
    27
   115
    90
     8
     9
    24
    17
    71
    64
    19
     5
    35
    19
   177
    95
    14
     9
     0
     0
     0
     0
     3
     4
    44
   116
    24
    21
    22
    35
    43
     4
    67
    43
    22
    12
    30
    49
    53
     9
    24
    45
     0
     5
     3
     0
     0
     0
    56
    70
   112
   143
    52
    31
   161
    13
   209
    21
    58
    12
   192
    32
    47
    59
    21
    34
     0
     6
     0
     0
     0
     0
    21
    82
    96
   157
    23
    30
    69
    24
    16
   224
    40
   160
    33
   169
    63
    41
    10
    47
     0
     0
     0
     3
     0
     0
    29
    94
     5
   102
    22
    14
    73
    18
    28
    82
    47
    13
    43
   175
    61
    52
    23
    19
     0
     0
     0
     0
     0
     3
    89
    58
   166
   159
    21
     5
    60
    18
   150
    42
    27
    22
    27
   201
    11
    11
    43
    38
     0
     0
     0
     0
     0
     4
    21
    45
    57
    71
    66
     6
    22
    22
   100
    24
    30
   167
    30
    32
    76
    59
    15
    66
     0
     0
     0
     0
     4
     0
    72
    59
   170
   111
    21
    14
    46
    23
    50
    42
    51
    43
    57
    45
    57
    79
    18
    16
     0
     1
     9
     5
     0
     1
    34
   107
    96
    96
    22
    15
    17
    57
    27
    59
    17
    22
    32
    26
   103
    22
    33
    17
     0
     3
     0
     0
     0
     0
    18
   126
   124
    35
    36
    17
    21
    17
    76
   158
    57
    38
    28
    21
    35
    58
    27
    34
     0
    10
     1
     7
     6
     0
    62
    64
   231
   214
    34
    32
    34
    11
    26
    28
    23
    41
     7
    27
    48
    19
   160
    32
     6
     0
     0
     0
     3
     7
    66
   100
   134
    21
    36
    47
   187
   104
    10
    32
    41
    39
    86
    31
    42
    57
    29
    37
     0
     4
     2
     0
     7
     0
    30
    61
    64
    21
    17
    16
    26
    56
    68
    22
    35
    17
    24
     9
    29
    23
    93
    38
     0
     0
     2
     0
     0
     7
    20
    74
    87
    80
     9
    39
    13
    26
    16
    21
   104
    70
    27
    19
    77
    72
    49
    17
     0
     1
     0
     0
     5
     5
     1
    17
    79
    25
    46
    72
    75
    27
    21
     6
    39
    62
     8
   167
    72
    18
    17
    49
     6
     0
     0
     0
     4
     9
    19
   197
   105
   144
    31
    18
    35
    11
    37
    25
   155
     8
    31
   167
    20
    71
     5
    29
     0
     0
     0
    10
     9
     0
    30
    60
   116
    71
    52
    16
    37
    14
    31
    38
    22
    60
    28
    43
    85
     5
    21
    69
     0
     0
     5
     0
     3
     0
    33
   115
   147
    82
    27
    57
    62
    26
    33
    21
    73
    22
    35
    15
    70
   167
    72
    33
     4
     6
     0
     0
     9
     0
    10
   148
   203
   117
    14
    24
    31
   155
    34
    33
    35
    31
    15
     6
   148
    63
    41
    22
     1
     0
     0
     0
     0
     2
   105
    26
   144
   109
    66
    63
    28
    35
    36
   169
    13
    24
    27
   200
    16
   101
    48
     0
     0
