    37
     0
     0
     0
     0
    37
   104
   146
    74
    19
    23
    13
    67
    43
    25
    58
    19
   101
    43
    27
    11
    16
    18
     2
     0
     0
     0
     0
     0
    19
    81
   229
    96
    36
    89
    57
    34
    33
     9
    15
    21
    42
    50
   153
    27
    35
    23
     0
     0
     0
     0
     0
     0
    20
    95
   265
    73
    15
    22
    12
    23
    22
    14
    62
    21
    14
    33
   147
    22
    31
    21
     3
     0
     5
     0
     5
     0
    58
    74
   188
    27
    47
    25
    33
    14
     6
    14
    18
    67
    39
    48
     9
   119
    17
    23
     0
     0
     0
     0
     1
     1
    21
    97
    21
   131
    15
    29
    29
    15
    12
    27
    12
    31
    10
    33
    89
   166
     2
    11
     4
     0
     0
     0
     0
     0
    20
   138
    71
   165
    27
    36
    18
    56
    32
    41
    25
    21
    17
    15
    55
   110
    29
    14
     0
     5
     2
     1
    11
     0
   149
    90
   107
   120
    53
    11
    15
     8
    13
     6
    24
    36
    33
    56
   199
    54
    37
    53
     0
     0
     0
     0
     0
     0
    27
   121
   143
    50
    41
    45
    27
    24
    43
    14
    14
    16
    62
     7
    10
    92
    41
    31
     0
     0
     0
     0
     0
     0
    23
   140
    96
    61
    11
     7
     8
    55
    15
    12
     6
     4
    35
    36
   146
    63
    12
    15
     0
     0
     0
     0
     0
     0
    24
   101
   215
    60
    17
    18
    32
    27
    47
    21
    30
    10
    17
    15
    33
    21
    12
    19
     6
     4
     0
     0
     0
     0
     9
    78
    53
   164
     9
     7
    20
    30
    28
    25
    18
    10
     6
     8
   225
    51
    38
     5
     0
     0
     0
     0
     4
     0
    19
   150
     5
   159
    17
    32
    16
    43
    24
    23
    15
    17
    20
   148
    45
   146
    31
    75
     0
     0
     0
     0
     5
     0
    51
   113
    58
   101
    26
    42
    31
    20
     9
    48
    15
     9
    53
    10
    43
     5
    20
    28
     0
     1
     3
     0
     0
     0
    26
   147
   112
   253
    19
    42
    38
    16
    67
    17
    17
    36
    18
    33
   205
   110
    31
    37
     0
     1
     0
     0
     4
     0
    14
   133
   161
    61
    17
   156
    25
    10
     5
    34
    35
    90
    34
    11
    30
    70
    52
    26
     2
     0
     0
     0
     0
     3
    30
    99
    50
    66
    21
    43
    13
    52
    48
     9
     8
    48
    70
   160
   181
     3
     8
    44
     0
     3
     0
     0
     0
     0
    14
    64
   108
    76
    67
     0
    18
    12
    15
    17
    39
    20
    53
    52
    15
    21
    37
    19
     0
     0
     0
     0
     0
     0
    15
    10
    89
   164
    19
    18
    58
    77
    38
    21
    20
    12
    21
    76
   175
    91
    24
    20
     0
     0
     0
     0
     0
     0
    93
    66
    60
    92
   190
    49
    56
    69
    26
    14
    25
    33
    53
    24
    25
     8
    16
    14
     0
     1
     0
     0
     0
     0
    44
    61
   160
    57
    23
    24
     7
    22
     2
    29
    32
    43
   168
    49
    16
    43
    13
    80
     1
     0
     0
     0
     1
     4
     8
   140
    26
    31
    16
    17
    79
    11
    20
    14
    13
    22
    40
    23
   107
    24
    11
    23
     0
     0
     0
     0
     0
     0
    22
    91
    88
    59
     3
    39
    18
    55
    12
    24
   178
    14
    12
    53
    28
    67
    21
    39
     0
     0
     0
     5
     0
     0
    34
   122
    23
   109
     5
    14
    24
    12
    20
    23
    22
    12
    20
    25
    96
    29
    16
     7
     0
     7
     0
     0
     0
     0
    24
    68
    94
    98
    34
    54
    22
    10
    31
   147
    16
    72
    29
    13
    23
    21
    29
    29
     0
     0
     0
     0
     0
     0
    45
    24
    59
    93
    16
    51
    18
    17
     3
     8
    56
    13
    26
    36
    22
    13
    21
     1
     0
     0
     5
     0
     1
     0
   106
    53
   173
   103
    27
    15
    24
    19
    24
    21
    18
    23
    21
    19
    61
   199
    21
    11
     0
     0
     0
     1
     0
    14
    18
   139
   111
   196
    24
    28
    24
    38
    19
    25
     6
    42
    69
     5
   151
    25
    27
    47
     0
     1
     0
     0
     6
     0
    40
    72
   120
    78
    30
    21
    31
    50
    26
    34
    11
   146
    30
   166
   212
    19
    28
    68
     3
    10
     7
     6
     0
     0
    20
    14
    18
   107
    27
    16
    21
    10
    53
     9
    21
    11
    20
    22
    17
    51
    27
    11
     0
     0
     5
     0
     2
     0
    65
   124
   161
    48
    16
    21
    26
    42
    32
    24
    53
    82
    31
    14
   155
   150
    19
    33
     0
     0
     0
     0
     0
     0
    13
    58
    63
    54
    15
    18
    43
     6
    42
   193
    30
    13
    28
     6
    53
    94
    13
    51
     0
     3
     4
     0
     0
     0
    26
    19
    33
    94
    35
     5
    36
    45
    13
    15
    18
     6
    23
   168
   153
    21
    23
    31
     0
     0
     0
     7
     0
     2
    18
     9
    62
   112
    59
     9
    14
    21
    13
    46
    32
    15
    18
    32
    17
    84
    48
     9
     0
     0
     9
     0
     0
     0
    48
    45
    63
   135
    22
    18
   169
    67
    19
     6
     3
    51
    30
    71
    65
    17
    21
    43
     0
     1
     0
     1
     0
     3
    14
    32
    62
    89
    24
    41
    33
    20
    54
    13
    35
    98
    28
    78
    51
   183
    29
    30
     0
     1
    10
     0
     0
     0
    21
    35
   164
    54
    33
    16
    26
    20
    71
    54
    69
    18
    21
    55
    51
   103
    26
    19
    10
     0
     0
     0
    11
     2
    32
    25
   101
    81
    10
    37
    62
    26
     5
    85
   152
    10
   162
    35
    32
    25
    27
    20
     7
     8
     0
     0
     0
     6
    71
    53
    55
   207
    15
     1
    66
    23
    24
     2
    26
    24
    13
   229
    66
    50
    29
    26
     0
     5
     0
     0
     0
     0
    28
    63
   137
    48
    17
    35
    11
    12
     5
    12
    32
    23
    20
    21
    60
   102
    23
    12
     0
     7
     0
     0
     0
     0
     7
    65
    97
    92
    15
    24
    60
    12
    39
    16
    69
     5
    17
     0
   209
   282
    13
     1
     0
     0
     0
     0
     0
     0
    33
    52
    99
    88
    10
    21
    23
    16
    19
    13
    86
    10
    38
    92
    67
    27
    63
    10
     0
     5
     0
     4
     1
     0
    61
    18
   126
   221
    37
    56
    16
    33
    28
    40
    45
    28
    42
    21
    78
    73
    41
    57
     0
     0
     0
     0
     0
     0
    65
    46
    62
    73
    21
    57
    21
    10
    18
    24
    41
   205
     8
    26
    26
    95
    26
    17
     1
     2
     0
     0
     0
     6
    69
    17
    63
    26
     7
    74
    15
    15
    58
     8
    12
   285
     7
     6
    60
    37
    14
    48
     7
     0
     0
     0
     0
     0
    23
   136
    63
   163
    59
    77
    31
    36
    20
    12
    47
     0
    38
    19
    88
    17
    18
    60
     0
     0
     0
     0
     2
     4
    24
    78
   155
    68
   148
    46
     5
    27
    54
    38
    40
    11
     7
    18
    10
    69
    51
    27
     0
     0
     5
     8
    12
     0
    14
    85
    65
   111
    19
     4
    31
    32
    16
    30
   196
    59
    55
    47
    23
    51
    21
    51
     1
     0
     1
     0
     5
     7
    24
   127
    67
   107
    57
     7
    11
    21
    36
    25
    59
    23
    41
    83
    60
     8
    26
    16
     0
     0
     3
     0
     0
     1
    36
    52
    19
    55
    21
    24
    27
    57
    17
    27
    86
    68
    23
     6
    41
    57
    47
    22
     2
     1
     3
     0
     0
     6
     8
    56
    54
   143
    34
    68
    24
    18
    37
    14
    79
    13
    20
    19
    49
    24
    16
     7
     0
     0
     0
     3
     8
     0
    40
    28
    95
   228
    28
    37
    28
    18
    22
    12
    66
    14
    92
    22
    72
    14
     5
    34
     9
     3
     0
     1
     0
     4
    31
    61
    55
    64
    29
     2
    15
    51
    11
    33
     1
    20
    26
   160
    20
    76
    23
    14
     4
     0
     0
     2
     0
     5
    36
    23
    98
    41
    44
    64
    20
    19
    17
    30
    19
    15
    19
    92
    54
    62
    22
    19
     0
     0
     0
     7
     0
     0
    22
    53
    62
    63
    13
    13
    18
     9
    31
    22
    22
     5
    56
   169
   163
    30
    24
    26
     6
     0
     7
     0
     0
     0
    57
    46
   140
    37
    10
    35
    19
    30
    25
    31
    14
    31
    58
    28
    64
    21
    22
    20
     0
     0
     0
     0
     0
     5
    22
    82
   132
    33
    29
   199
    31
     4
    39
    11
    48
    58
    43
    32
    32
    98
    61
    33
     0
     5
     0
     8
     0
     0
    80
     8
    43
    91
    28
    15
   170
    21
    29
    29
    20
    23
    37
    16
    38
   243
    15
   194
     0
     0
     0
     0
     0
     0
    12
    64
   144
    15
    72
    18
    16
    20
   170
    13
    91
    14
    17
    25
   107
     1
     5
    15
     0
     4
     0
     6
     0
     0
    30
    88
    28
    18
    15
    21
    54
    35
    30
    30
    30
    44
    35
    60
    31
    14
    19
    32
     0
     0
    11
     0
     0
     0
    91
    87
    14
    69
    24
    28
    17
    40
    27
    34
    36
    32
    16
    42
    65
   103
    21
    56
     0
     0
     0
     0
     0
     1
    40
    92
   233
    22
    50
    25
    17
    17
    34
    24
    33
    23
    19
    27
    56
    20
     8
    35
     3
     0
     4
     0
     1
     0
    15
   128
   289
   216
    20
    28
    16
    30
    81
    16
    17
    11
    62
    29
    57
    79
    27
    28
     0
     2
     0
     5
     0
     6
    10
   149
   103
    36
    18
    12
    74
    65
   215
    27
    16
    62
    74
    25
   141
    25
    70
    36
     4
     0
     2
     1
     4
     2
    16
    12
   119
    68
    37
    38
    20
    38
    71
    32
    12
    25
    16
    27
     9
   178
    61
    71
     0
     0
     0
     5
     0
     0
    19
   127
     8
    47
    12
    95
    25
    25
   104
     0
    26
    39
    10
    61
    95
    42
    20
    22
     0
     7
     2
     6
     0
     0
    27
    75
   157
    75
    22
    13
    17
    58
    19
    39
    22
    24
    15
   243
     6
     8
    11
    25
     0
     1
     1
     0
     0
     2
    46
    28
    47
    11
    17
    41
    11
    54
    23
    10
    24
    15
    39
   154
   172
    54
    32
    25
     1
     0
     0
     8
    10
     2
    18
    31
   118
    34
    19
    23
     5
    40
    12
    44
    29
    17
    15
   163
    85
    15
    37
    30
     0
     0
     0
     6
     5
     1
    67
    59
   123
    49
    14
    30
    50
    75
    21
    32
    33
    71
    59
    28
    63
    83
    31
    33
     0
    14
     0
     0
     1
     0
     2
   111
    99
    72
    15
    19
    25
    24
     9
    62
    41
    16
    15
     6
    96
    52
     7
    15
     0
     0
     9
     8
     0
     6
    28
    27
   239
   101
    28
    24
    37
    97
     8
    59
    31
    18
    12
    36
    61
   103
    34
    23
     0
     0
     7
     0
     0
     1
    28
    27
   120
    45
     8
    21
    27
    30
    26
    16
    18
     6
    28
    63
    21
     9
    32
    27
     0
     0
     4
     0
     0
     2
    21
    79
   139
    51
    36
    23
    11
    14
    27
     8
    14
    15
    55
    34
    19
    23
    24
    35
     8
     0
     0
     0
     0
     0
    90
     8
    24
    10
    50
    26
    58
    15
    15
     9
    48
    16
    21
    29
    10
    20
     2
    21
     0
     4
     0
     0
     0
     0
    38
    93
   201
    26
     8
     9
    15
    30
    40
    13
    11
    43
    14
    11
   190
    70
    32
    26
     0
     4
     9
     0
     0
     0
    29
   158
    17
    66
    40
    38
    38
    15
    22
    29
    67
    34
    10
    15
    22
    52
    51
    39
     7
     0
     0
     3
     0
     0
    12
    87
   200
   109
    35
    30
    67
    20
     9
    20
    37
   157
     2
    39
    62
    87
    31
    34
     5
     0
     3
     0
     4
     0
    81
   106
   193
    61
    37
    31
    28
    56
     5
    24
    15
    34
    28
    25
    58
    60
    14
    34
     4
     0
     7
     0
     0
     3
    62
    71
    65
    60
    67
    22
    58
    22
    67
    13
    61
    33
    14
    38
    28
    29
    10
    21
     0
     0
     0
     0
     0
     0
    80
    87
   116
    20
    69
    26
     4
    29
    42
    26
    27
    33
    19
    55
    56
    22
    22
    20
     0
     3
     6
     6
     0
     0
    40
    97
    57
    35
    15
    28
    12
    26
    10
    66
    22
    20
    24
    10
    66
    26
    24
    28
     0
     7
     0
     1
     0
     7
    15
    66
    89
    25
    28
    27
    17
    18
    19
    34
    12
    28
    39
    21
    17
    97
    18
    22
     0
     0
     0
     0
     6
     0
     8
    19
    95
    84
    13
    16
    12
    24
    27
    26
    21
    52
    26
    20
   104
    90
    28
    76
     0
     0
     1
     1
     0
     5
    10
   145
   103
    55
    11
    37
    39
    22
    27
    47
    24
    29
    44
    18
    29
    65
    24
    16
     0
     0
     0
     0
     0
     0
    30
    14
    62
    95
    19
     3
     0
   184
    23
    20
    31
    30
    18
    24
    25
    36
    57
    23
     0
     0
     0
     0
     0
     0
    27
   220
   155
    94
    40
    41
    22
    47
    17
    32
    37
    63
    11
    50
    50
    57
    13
     6
     0
     0
     7
     0
     0
     7
    17
   110
   161
    67
    29
    28
    37
    29
    20
    33
    11
    39
     7
    14
    93
   162
    10
    12
     8
     0
     0
     0
     3
     5
    25
    25
   112
    59
    45
     3
    40
    69
    35
    28
     8
   151
    69
    32
    14
    17
    26
    22
     0
     0
     0
     0
     0
     0
     5
   158
   181
     0
    28
    45
    21
    13
    14
    33
    34
    25
    21
    13
    33
   246
    10
    33
     4
     0
     0
     0
     0
     0
     9
    59
   155
    17
    11
    71
    28
    11
    13
    33
    15
    24
    23
    61
    48
    54
    30
    22
     0
     0
     8
     0
     8
    11
    26
   146
    95
    21
    88
    15
    27
    27
    27
    31
    31
    35
    37
    24
    51
    64
    19
     0
     0
     7
     2
     0
     0
    14
    64
   174
    68
    23
    56
    26
    15
    10
    17
    15
    17
    24
     7
    27
    73
    22
    14
     5
     8
     0
     2
     0
     0
    31
    14
   152
    88
    15
    17
    24
   162
    70
    22
    39
    28
    16
    10
    59
    29
    33
    34
     0
     6
     3
     0
     2
     3
    24
    72
   121
    66
    24
    12
    34
    44
    34
    37
    41
     1
     4
    23
   199
     6
    18
    21
     0
     0
     0
     0
     0
     3
    38
   100
   166
    18
    23
    18
    25
    67
    30
    33
    26
     8
    53
   152
     3
    27
   152
    25
     0
     0
     0
     7
     0
     0
    23
    46
   245
   184
    15
    29
    19
    37
    22
     9
    22
    14
    15
    38
    61
    58
    17
     9
     0
     0
     0
     0
     0
     0
     6
    45
    63
   103
    70
    18
    52
    12
    35
    18
    36
    29
    21
    27
   223
   129
    50
    34
     5
     0
     0
     0
     3
     0
    19
   152
   154
   127
    44
    74
    11
    75
    27
     8
    43
    29
    41
     9
   102
    39
    21
    20
     0
     5
     0
     0
     0
     0
    60
    24
    97
   189
     6
    54
    31
    59
     0
    24
    34
     3
    28
    22
    84
    71
     5
    49
     0
     1
     0
     1
     0
     0
    18
    98
   160
    17
     9
   174
    12
     6
    10
    36
    29
    31
    19
    49
    72
    47
    34
    21
     0
     0
     5
     0
     0
     8
    31
   177
   112
    56
    12
    23
    16
    79
    26
    22
    49
    17
    29
    17
    67
    98
    35
    18
     4
     1
     0
     0
     0
     0
    13
    58
    87
    15
    27
    21
     3
    24
    14
     9
    13
    25
    62
    39
    70
    30
    29
    43
     3
     4
     0
     1
     0
     1
    13
   173
   104
    25
    23
    95
    10
    71
    27
    50
    12
    25
   223
     8
    40
    85
    31
    28
     0
     3
     0
     0
     0
     7
    73
    81
    62
    68
    25
    14
    23
    28
    38
    18
    60
     8
    82
    58
   203
    52
    14
    16
     0
     0
     0
     0
     0
     0
     6
    26
   108
    87
    26
    29
    18
     2
    46
    74
    24
    29
    12
    18
    10
    72
    20
    11
     0
     0
     0
     9
     0
     0
    33
    64
   153
   113
    22
    12
    14
   165
    31
    25
    31
     8
    28
    22
     7
    30
     9
    21
     0
     0
     0
     0
     0
     0
    44
   174
    59
   181
    24
   161
    43
     8
    26
    43
    30
    73
    20
    19
    52
    13
    32
     3
     0
     0
     0
     0
     0
     0
    24
    47
    94
    43
    29
    29
    14
    16
    65
    46
     8
    10
     5
    10
   198
    60
    10
    29
     0
     0
     0
     0
     0
     0
    20
    44
    49
    51
    36
    40
    33
    12
    14
    16
    21
    13
    16
     2
     6
    23
    29
    12
     0
     0
     0
     1
     0
     0
    22
    25
    96
    26
    26
    16
    26
     9
    18
    11
    28
    32
    24
    28
    22
    61
    22
    15
     7
     2
     0
     0
     0
     0
    21
    26
   188
    98
    32
    17
    30
    92
    15
    37
    18
    61
    18
   162
    16
    49
    37
    51
     5
     0
     0
     0
     0
     0
    14
   115
   220
    31
    74
    45
    26
    53
    40
    25
    24
    20
    20
    45
    29
    45
    37
    46
     0
     0
     0
     0
     2
     3
    94
    58
   126
    20
    20
    63
    13
    23
    19
    23
    13
    74
    19
    20
    28
    71
    26
    10
     2
     0
     0
     0
     0
     0
    13
    22
    96
    12
    25
    14
     0
    29
    13
    15
    16
    17
    16
    12
     8
    48
    99
    12
     0
     7
     0
     0
     0
     0
    17
    55
   141
   133
    18
    54
    66
    35
     4
    54
    57
    62
    60
    25
    61
    12
    14
    13
     0
     0
     0
     0
    10
     2
    73
    97
   148
    90
    53
    24
    25
    62
    30
    53
    14
    30
    52
    23
    48
     8
    21
   106
     0
     2
     1
     0
     0
     0
    10
    99
    66
    54
    74
    15
    66
    20
    12
    38
     8
     9
     1
    37
     3
    16
     5
     6
     0
     0
     9
     0
     2
     0
    47
    58
   160
    19
    52
    19
    19
    71
     8
    21
     8
   120
    22
     5
    72
    13
    22
    23
     6
     2
     0
     0
     0
     3
    20
    19
   174
    77
    26
    33
   188
    18
    42
    16
   104
    20
   200
     7
   164
    70
    78
    24
     0
     9
     9
     0
     0
     1
    95
    88
   118
    92
    66
    25
    33
    11
    26
    47
    28
    29
    12
    15
    52
    21
    36
     4
     0
     0
     0
     0
     0
     0
    16
    52
   112
    32
    53
    16
    16
    35
    10
    31
    11
    33
    12
    83
    35
    39
    64
    54
     0
     0
     4
     7
     0
     0
    18
    68
    41
   135
    10
    32
    17
     1
     4
    26
    21
    24
    34
    21
    45
    23
    20
    21
     0
     6
     0
     0
     3
     2
    59
    59
    92
    52
    24
    21
    33
    17
    28
    16
     7
     5
    25
    16
    24
    65
    49
    60
     0
     0
     2
     5
     0
     2
     9
    86
    21
    48
    13
    64
    26
    18
    25
    18
   145
    72
     5
    38
     7
    13
     2
     4
     1
     0
     0
     1
     9
     0
    15
   140
   130
    12
    17
   164
    32
    27
    64
    22
    29
    17
    15
   158
    21
    74
    18
    28
     4
     3
     9
     0
     6
     1
    23
   113
    56
   101
    30
     7
    23
    55
    20
    14
    40
    31
     5
    71
     5
    34
    36
    52
     0
     3
     0
     0
     0
     0
    21
    14
   258
    54
    18
    22
   192
    12
    29
    23
    27
    14
    29
    16
     9
    72
    23
    17
     0
     4
     0
     0
     2
     0
    34
    66
    13
    76
    16
    11
    38
    31
    19
    11
    25
    18
    13
    17
    37
    20
    18
    29
     0
     0
     0
     1
     0
     0
    55
    59
    63
    29
    29
    59
    17
     5
    38
   184
    19
    29
    23
    16
     1
   128
     8
    12
     0
     0
     0
     0
     0
     8
    79
    56
    58
    35
    28
    27
    14
    58
    27
    93
    19
     2
    23
    64
    56
     8
    16
    20
     0
     3
     0
     4
     0
     0
    40
    30
   137
   225
     9
    30
    12
    11
     0
    10
    39
    14
     4
    31
   199
    13
    21
     6
     0
     1
     3
     0
     0
     0
    24
     4
    13
    55
    60
     5
    89
    57
     9
    20
    26
    32
     0
    78
    76
    54
    80
    23
     0
     0
     0
     4
     0
     0
    18
    93
   219
   150
    45
     7
    55
    57
    30
    68
    20
    36
    23
    18
    25
    40
     5
    16
     0
     0
     0
     8
     0
     0
     9
   214
     6
    57
    28
    19
    36
    11
     9
    29
    13
    44
     8
    18
    45
    67
    24
    54
     4
     7
     0
     0
     6
     0
    35
    14
   174
    86
    14
    20
    30
    15
    13
    12
    11
    14
    17
    33
   157
    16
    24
    20
     0
     0
     6
     0
     3
     0
    28
    59
    59
   128
    57
     1
    50
    21
     6
    58
    13
    49
    33
    15
    98
    74
    14
    12
     0
     0
     0
     0
     3
     0
    46
    14
   103
    86
    32
     9
    19
    13
     5
    28
     0
     4
     7
    22
   293
    35
    23
    19
     0
     8
     0
     0
     0
     0
     6
    46
    61
    47
    18
    52
     1
     6
     4
     7
    39
    12
    14
    13
    10
    64
    13
    25
     7
     0
     0
     2
     0
     0
    65
    81
   207
    26
    16
     8
    23
    19
    27
    30
    11
    10
    38
    44
    41
   162
    16
    18
     0
     0
     0
     0
     1
     6
    22
   121
    56
    11
    38
    29
   153
    47
    66
    31
    15
    26
    25
    53
    25
    60
     2
    19
     0
     4
     0
     0
     0
     0
    22
    73
    95
    68
    15
    42
    27
     6
    14
    22
    18
   160
    22
    60
    19
    73
    41
    13
     0
     0
     0
     8
     1
     0
    19
    23
    87
    41
    31
    62
    30
    35
    66
     8
    17
     8
    57
     0
     1
   135
     8
    19
     4
     0
     0
     0
    12
     0
    13
    97
    93
    14
    13
    25
   146
    11
    61
     9
    16
    32
    57
    13
    48
    11
    31
    19
     0
     3
     1
     0
     0
     0
    32
    29
    42
    20
     2
    24
    18
    15
    66
    16
    14
    15
    48
    21
    61
    54
     5
    17
     2
     0
     0
     0
     0
     6
    12
   106
   103
   161
    22
    45
    15
    56
    21
    27
    15
    11
    29
    16
    52
    25
    27
    29
     0
     6
     0
     2
     5
     0
    13
   108
    45
   131
    37
    30
    35
    31
     3
    24
    26
    24
    35
    27
   256
    58
    37
    23
     0
     5
     0
     0
     0
     0
    20
    61
    99
    84
    80
    29
    27
    24
    15
    13
    76
    16
    31
    13
   151
    86
    17
     6
     0
     8
     0
     4
     0
     0
    16
    84
   186
    16
    51
   161
     9
    94
     5
    13
    11
    10
    26
     9
    91
   216
    35
     6
     0
     0
     7
     0
     7
     0
    32
   114
   228
     7
    27
     4
     7
    21
    12
    17
     5
    26
    16
   157
    57
    53
    16
    24
     0
     0
     0
     0
     0
     0
    33
    23
    97
    30
    27
    14
    24
    14
    20
    10
    15
    35
    45
    56
   153
    14
    32
    39
     0
     0
     0
     0
     5
     1
    19
    60
   175
    27
    19
    17
    24
     5
    70
    10
    38
     3
    73
     5
    15
    66
    10
    19
     0
     0
     0
     0
     0
     0
    30
    22
    54
   103
     1
    12
    47
   140
    35
    13
    11
    17
    11
     9
     9
    57
     8
    18
     0
     0
     0
     6
     8
     0
    60
    59
   132
   130
    17
    28
    17
    35
    24
    25
     4
   157
    29
    38
   226
    12
    32
    21
     0
     0
     0
     0
     0
     0
    60
   120
    45
    96
    19
    59
    16
    50
    21
   168
    27
     8
    29
    52
    18
   131
    22
    60
     0
     0
     4
     5
     0
     0
    12
    66
     9
    54
    26
    15
     7
    19
    28
     5
    55
     7
    37
   157
    35
    54
   145
    23
     0
     6
     0
     3
     1
     0
    67
    21
    11
    46
    94
    57
    14
    65
    11
     9
     4
    40
    26
   103
    19
     7
    17
    19
     0
     0
     0
     0
     0
     5
    29
    44
    15
    54
    21
    10
    33
    18
    28
    25
    18
   150
    42
    10
    35
    51
    15
    31
     0
     0
     0
     0
     7
     0
    19
    61
    88
    12
     7
    15
    19
    25
    15
     1
    25
    15
    37
    37
    52
    15
    28
     9
     0
     5
     0
     0
     7
     0
    45
    16
    18
    17
    16
    13
    11
     1
    17
    23
    12
    62
     2
    20
    20
    90
     7
    29
     0
     0
     0
     0
     0
     3
    20
    59
    50
    54
     9
    13
    19
    34
   112
    35
    53
    44
    32
    30
   303
   116
    38
    18
     0
     0
     0
     0
     0
     0
    96
    61
    63
    19
    57
    31
    28
    43
    52
    13
    93
   175
    37
   152
    25
     8
    44
    22
     0
     0
     0
     0
     2
     0
    54
    90
     2
    68
    27
    52
    18
    22
    55
    25
    46
    22
    80
    20
    17
    55
     3
    25
     0
     0
     0
     8
    12
     0
    23
     9
   132
    59
    66
    15
    26
    17
     5
     4
    21
    23
    58
    33
    25
    58
    29
    27
     0
     0
     0
     0
     7
     0
    12
    84
   199
   109
    33
     9
    15
    31
    20
    18
    27
    21
    40
    17
     6
    17
    22
    68
     6
     1
     0
     0
     0
     0
    86
   101
   199
    16
    13
     8
    12
     7
    11
    33
    15
     3
    49
     9
   101
    47
    26
    18
     0
     0
     2
     5
     0
     0
    27
    20
   144
    15
    31
    12
    44
    16
    18
    15
    26
    14
     8
    25
    49
   151
    19
    18
     6
     0
     0
     7
     0
     0
    22
   121
   129
   124
    25
    28
   152
     2
    50
    30
    30
    48
    52
    25
    52
    24
    63
    34
     2
     0
     0
     0
     1
     0
    19
    54
   129
    90
    31
    15
    49
    20
    13
    27
    72
    20
    56
    25
    44
    72
    16
     2
     5
     0
     2
     8
     5
     0
    22
    11
    35
    94
    31
    46
     1
     1
    18
    27
    24
    66
     8
     6
   145
    44
    80
    28
     0
     0
     0
     0
     5
     0
    14
   107
   131
   141
    30
    37
    38
    58
    19
    20
    19
    15
    14
    56
    65
    47
    25
    15
     0
     0
     3
     2
     0
     1
    22
    11
    51
    93
    45
    26
    33
    13
    12
    25
     9
    19
    22
    55
    88
   161
     5
    19
     0
     0
     1
     0
    10
     0
    69
   126
     8
    43
    12
    11
     8
    27
    15
     3
    33
    22
    46
    54
    10
    56
    17
    15
     0
     4
     0
     0
     0
     0
    77
   215
    74
   216
    19
    16
    16
    23
    29
    27
     8
    30
    21
     8
    12
    17
    21
    16
     0
     0
     2
     0
    11
     0
    56
    52
    16
   119
    29
    26
    39
    22
    75
    22
    24
    21
    55
    21
    87
     0
    31
    42
     7
     0
     1
     5
     0
     0
    10
    60
    93
    93
    15
    26
    22
    99
     5
    31
    34
    33
    57
    27
    20
    22
    28
    21
     0
     0
     0
     0
     0
     0
    34
    31
    66
   192
     5
    17
    28
    12
    26
    56
    16
    69
    19
    16
    27
    86
    11
    17
     0
     2
     0
     0
     0
    10
     8
    18
   133
    55
    16
    58
    26
    51
    43
    25
    20
    16
     7
     5
    87
    24
    14
    13
     0
     0
     0
     0
     0
     5
    46
    91
    99
   128
    12
    49
    12
    21
    16
    27
    38
    17
    25
    62
   137
    36
    36
    14
     2
     0
     0
     0
     0
     0
    36
    70
    54
    28
     9
    16
    21
    38
    24
     9
    11
    58
    15
    15
    71
    50
    42
    41
     0
     0
    10
     0
     0
     0
    16
    21
   101
    96
    68
     8
    25
    27
    65
    16
    23
    54
    46
    18
    20
    70
    15
    11
     1
     0
     0
     0
     0
     0
    18
   110
   104
   122
    11
    42
    15
     8
     3
    13
    27
    21
    15
    14
   191
    21
    19
    22
     0
     1
     0
     0
     5
     0
    41
    58
    17
   105
    19
    11
    14
     9
    15
    14
   324
    54
   191
    62
    15
    33
    17
    51
     0
     3
     0
     0
     0
     0
   116
   100
    25
    41
    13
    28
     5
    20
    22
     0
    71
    13
    16
   149
     0
    17
    48
     8
     6
     0
     0
     0
     0
     0
    16
    52
     8
    22
    17
    37
    20
     6
    18
    10
     7
    15
     5
     6
     7
    55
     8
    13
     0
     0
     8
     0
    11
     0
    17
    86
   136
    22
    16
    28
     9
     5
    44
    28
     8
    21
    12
    54
    21
    72
    12
    22
     0
     0
     0
     0
     0
     0
    17
    59
    30
    30
     7
    25
     5
     2
     1
    16
     4
    11
    21
    25
    25
    91
    14
    29
     0
     0
     0
     0
     0
     0
    11
    45
    94
   142
     2
    16
     2
    22
    22
     6
    28
     6
    23
    30
    11
    31
     2
    18
     3
     0
     0
     2
     0
     0
    32
    96
    50
    64
     5
    23
    30
    27
     9
    11
     8
     5
     8
    25
    19
    31
    31
    25
     0
     0
     5
     8
     0
     5
    52
    76
    63
   198
     0
     9
    20
     4
    14
    21
    25
     4
    80
    60
    61
    28
    30
    11
     2
     0
     0
     8
     0
     0
    16
    89
    30
    52
    10
   159
    19
    35
    22
     3
    20
    23
    26
    26
    10
     3
    23
    44
     0
     0
     0
     5
     0
     0
    82
     7
    94
   140
    49
    31
    17
     6
    10
    76
    80
   149
     7
    42
    57
    32
    10
     3
     0
     0
     7
     0
     0
     0
     4
    18
   103
    62
     9
     0
    24
    34
    19
    29
     0
    23
    20
    20
    91
   113
    17
    47
     6
     0
     6
     0
     0
     0
    15
     7
    70
    90
     2
     0
    28
    19
    12
    10
     0
    17
    22
    20
    59
    30
     7
    39
     4
     0
     0
     0
     0
     0
     6
    54
    72
    26
    19
     9
    12
    24
     7
    23
    15
    14
     1
   205
    23
   170
    12
    59
     2
     0
     0
     0
     0
     0
    22
    63
    92
   101
    42
    45
    32
     8
    25
    29
    18
    15
    13
    23
   158
    17
    46
    68
     0
     0
     0
     0
     0
     0
    25
    52
    50
    17
    38
    32
    21
     8
    21
    19
    16
    23
    37
    25
   106
   136
    20
    26
     0
     0
     0
    10
     0
     0
     6
    54
   132
    59
    20
    26
    52
    13
    13
    31
    30
    19
    13
    35
    58
    95
    18
    20
     0
     0
     2
     6
     0
     0
    16
    14
    50
    12
    43
    17
    27
     6
     0
     7
   161
    42
   119
    12
    25
    46
     7
     9
     5
     0
     0
     0
     0
     0
   100
    22
    74
    10
    34
     8
    44
    25
    17
    13
    52
    16
    24
    13
    97
    10
     2
    21
     0
     0
     0
     2
     5
     0
    14
    13
    64
    26
    17
    12
     1
    30
    29
    31
    16
    11
    38
    15
    24
    54
     8
    41
     0
     0
     0
     2
     1
     0
    25
   111
    50
    24
    20
    25
    22
     6
    59
    73
    17
    12
     6
    10
    19
    47
    12
    24
     0
     0
     2
     2
     0
     5
    41
    59
   110
    16
    22
    18
    15
    19
    29
    22
    24
   154
    14
    10
    60
    51
    22
    24
     0
     0
     0
     0
     0
     1
    17
    85
    85
    10
    55
    22
     3
    17
    31
    60
    51
     6
    13
    17
    29
    36
    58
    22
     0
     0
     0
     0
     0
     1
    59
    23
     0
    10
    30
    31
    11
    54
    25
    22
    16
     9
     9
    16
   159
    56
    27
    13
     0
     0
     0
     0
     0
     0
    26
     8
    80
   153
    38
    25
    29
    13
    17
    22
    17
    21
    47
    40
   100
   110
    17
    16
     0
     6
     0
     0
     1
     0
    56
    58
   103
    54
    25
     0
     8
    20
    17
    19
    10
    62
     7
     6
     6
    15
     4
     6
     0
     0
     0
     0
     0
     0
    76
    76
   126
   160
    12
    14
    62
    15
    13
    19
    20
     6
    20
     9
     4
    68
    56
     6
     0
     0
     0
     0
     0
     0
     4
    41
    49
    43
    37
    59
    11
   164
     9
    23
    26
    56
     9
   148
    58
    81
    18
    12
     0
     3
     0
     0
     0
     0
    53
   100
   156
     7
    25
    17
    43
    19
    39
    17
     8
    41
    26
    10
    97
    10
    10
    37
     0
     0
     0
     0
     7
     0
    23
   108
   135
   188
    14
    54
    55
    58
    30
    45
    60
    34
    10
    69
    13
    21
    21
    25
    14
     0
     0
     0
     0
     8
    66
   118
    56
    18
    15
    11
     8
     0
     9
   160
    29
    62
     4
    64
   191
    10
    17
     8
     7
     0
     0
     7
     3
     0
     5
    87
   266
    50
     3
    26
    16
    48
    15
    44
    10
    25
    21
    11
   196
    14
    45
    18
     3
     0
     0
     0
     0
     0
    16
    19
    92
    13
    30
    71
    16
   148
     8
    44
    13
    21
    11
    24
    33
    45
     7
     7
     0
     0
     0
     0
     0
     0
     0
     3
   120
   106
    14
    19
    34
     4
    50
    13
    16
    31
    47
    17
    17
    11
    27
    23
     0
     0
     0
     4
     0
     0
     6
   174
   113
    64
    21
    57
     3
    34
     1
    22
    17
     9
     5
    22
     6
    75
    57
     4
     0
     0
     0
     0
     0
     1
    20
    54
    47
    32
     5
    10
    17
    14
    15
    15
    46
    27
    24
    17
    21
    78
    58
    18
     0
     0
     5
     0
     0
     4
     6
    99
   137
    26
    17
    11
    26
     3
    34
    14
    56
    18
    15
    21
    21
    22
    19
    18
     0
     2
     2
     0
     7
     0
     8
   137
    61
    60
     4
    50
     4
    12
    13
    19
    23
    66
     9
   162
    55
   203
    22
    13
     7
     7
     0
     1
     0
     9
    16
    13
    19
   128
    22
     0
     4
     4
     8
     2
     6
    22
    54
    20
    19
    20
    15
    30
     2
     0
     0
     0
     0
     0
    32
    49
    17
    42
    13
     4
     6
    46
    28
    12
    59
    21
    26
     5
    58
    13
    12
    12
     3
     0
     0
     0
     4
     0
    62
   111
    41
    67
    33
    21
    13
    69
    67
    97
    14
    26
    27
    17
    18
    98
    15
    10
     0
     0
     0
     0
     0
     0
    57
    45
   301
    99
    21
     5
    10
    25
     5
    25
     2
    25
    26
     5
    61
    17
   107
    19
     0
     0
     8
     0
     2
     0
    28
     6
    56
    53
    19
    26
    51
    21
    25
    60
     8
     4
    34
    36
    27
    19
    18
    16
     0
     0
     0
     0
     0
     4
    77
    30
    20
    67
    61
    16
    29
    55
    15
    10
    42
    26
    22
    43
   274
    93
    13
     1
     0
     0
     0
     0
     5
     1
    40
    21
    73
    15
    14
    35
     4
    21
    27
    15
     9
    16
    19
    22
     8
    39
   180
    19
     0
     0
     6
     0
     6
     0
    15
    57
    59
   104
    33
     3
    29
    10
    22
    20
    20
    22
    26
    23
    11
    25
    33
     8
     5
     0
     1
     2
     1
     0
    13
    95
    92
     5
    19
    27
   162
     8
    19
    12
    28
     9
    13
    18
    59
    18
    41
    24
     0
     0
     0
     0
     0
     0
    35
    55
   132
    87
    21
    67
    22
    22
    29
    20
   143
    18
     8
    99
    88
    86
   149
    18
     0
     0
     0
     0
     0
     0
    32
    22
    86
    12
     7
    11
    11
    21
     8
    16
    12
    72
    16
     4
    61
     2
    20
    19
     0
     1
     0
     1
     1
     0
    22
    23
   102
    55
    29
    24
    12
    28
    31
    18
    64
    16
    39
     4
    35
    49
    67
    26
     0
     4
     0
     0
     0
     0
    27
   175
    43
    92
     6
    29
    36
    19
    72
    33
    17
    43
    53
    89
   167
    53
    25
    32
     0
     0
     4
     4
     0
     0
    28
    49
   174
     6
    25
    13
    10
   189
   171
    20
    13
    25
    19
    24
    30
    57
    40
    62
     0
     0
     0
     0
     0
     0
     6
    34
    96
    10
     9
    10
    27
    10
    15
    20
    17
    20
    43
    24
    53
    16
    13
    14
     0
     0
     0
     0
     0
     0
     6
    57
    29
    18
    18
    11
     5
    68
     6
    58
    18
    12
    16
    21
    62
    22
    32
    15
     1
     0
     0
     0
     0
     0
    10
    81
    85
    14
    19
    28
    33
     8
    18
    14
     4
    12
    22
    12
    59
    13
    17
    13
     0
     0
     0
     0
     0
     4
    17
    63
   125
    49
    13
    17
    66
    34
    18
    66
    28
    20
    23
    28
    15
    14
     2
    15
    10
     0
     0
     0
     2
     0
    68
    52
   141
   142
    18
    66
    22
     2
     4
    40
    24
    18
    12
    16
    24
    83
    29
    23
     0
     0
     0
     0
     0
     0
    20
   105
    97
    79
    16
    12
    47
    45
    24
    60
    28
    54
    10
    26
    30
   124
    15
    16
     0
     0
     0
     0
     0
     0
    10
    45
    54
    44
    46
    25
    52
    18
     4
    53
    15
    11
    24
    28
    27
    68
     4
     9
     0
     0
     0
    10
     0
     0
     7
    47
     9
    61
    11
    22
     5
    14
     7
    22
    11
     6
     6
     5
   108
     4
    16
    33
     0
     0
     0
     9
     0
     0
    11
    51
    53
    70
    18
     7
    30
    48
    45
    18
    55
    17
    23
    19
     7
     1
    37
     7
     0
     1
     8
     0
     0
     0
    36
    69
   146
    10
    16
    57
    53
    42
    18
    14
    61
    10
    36
    37
    18
    12
    11
    23
     0
     0
     0
     0
     2
     2
    16
     4
    19
    82
    41
    10
    10
    20
    26
    14
    14
   167
    13
    43
    10
     8
    53
    61
     1
     7
     0
     0
     5
     0
    56
    13
   154
    36
    40
    26
    24
    19
    34
     4
     9
    24
    18
    21
    41
   102
     8
     1
     2
     2
     0
     4
     0
     3
    19
   139
   156
    73
    32
    44
     9
    34
    27
    26
    18
    27
    29
   201
    15
    16
    17
    17
     4
     0
     0
     0
     0
     0
    61
    63
   181
   123
     6
    22
    27
     5
    16
    18
    17
    67
     8
    22
    39
    96
     1
     7
     0
     0
     0
     0
     0
     0
     3
    14
   113
    83
    70
    17
    14
    30
    20
    25
    19
     5
    42
    15
    14
    16
     0
    31
     0
     0
     0
     2
     0
     8
     8
    59
    53
    11
    11
    17
    18
    27
    13
     7
    14
    20
    42
    16
   118
    25
    37
    44
     0
     7
     0
     0
     0
     1
    13
   103
    63
    61
    14
    23
    17
     7
    17
    24
    13
    19
    11
    16
    48
     4
    26
    13
     0
     4
     8
     0
     0
     0
    31
    14
     7
    89
    32
    49
    67
    10
     5
    29
    20
     3
    41
    59
     4
    23
   161
     5
     0
     0
     0
     0
     0
     0
     2
    98
    55
   124
    38
     9
    30
     7
     0
    38
    11
    19
    72
     7
    80
    35
    47
    28
     0
     0
     0
     0
     0
     0
    16
    23
   103
   103
    24
    32
    22
    48
    32
     6
    33
    73
    40
    40
    79
    72
    63
     8
     0
     0
     0
     0
     6
     0
   114
    16
   105
     6
    30
    10
    51
    22
    61
    35
    37
   155
    79
    56
    51
    52
     7
     4
     0
     3
     0
     0
     0
     0
    20
    22
    16
    45
    18
    29
     9
    97
    20
     2
    14
    18
    33
    49
    53
    54
    46
    22
     0
     0
     0
     0
     3
     0
     0
   114
    89
     4
    65
     7
    45
    14
    50
    26
     8
    50
     7
    14
    21
    39
    32
     4
     0
     4
     0
     0
     0
     0
    49
     5
   127
    43
    18
    16
    18
    33
    18
    48
    23
    54
    14
    45
    12
     4
    65
    21
     1
     3
     0
     0
     0
     0
    28
    47
    43
   133
    40
     1
    17
    20
     9
    16
    18
    35
    19
    19
    38
    18
     5
    12
     0
     0
     0
     0
     0
     2
    24
    83
   135
    62
     3
    23
    24
    16
    14
    33
    21
    13
    22
    23
     5
     4
    27
    13
     0
     0
     0
     0
     0
     0
    32
    94
    12
    63
    16
     9
     9
    11
    21
    15
    24
    29
    52
    30
    22
    13
    24
    20
     0
     7
     2
     0
     2
     0
    67
     5
   133
    94
    43
    23
    26
     4
    21
    16
    18
    21
   171
     8
    76
    52
    24
    24
     0
     0
     0
     0
     0
     0
    16
    95
    99
   102
    14
    58
    31
     4
    23
    45
    77
     8
    27
    49
    30
    70
    34
    51
     3
     0
     0
     5
     0
     0
    18
    56
    41
    11
    15
    18
    12
    50
    22
    21
    10
    27
    27
    64
    23
    22
    15
    14
     0
     3
     7
     0
     0
     0
    20
    31
   206
    34
    15
    18
    40
    15
    51
    27
    33
   149
    36
    44
     7
     9
    28
    12
     5
     0
     0
     0
     0
     3
    12
    61
   322
    19
    61
    37
    28
    18
    56
    14
    14
    13
    19
    21
    82
    42
    18
    15
     0
     0
     0
     0
     0
     0
    30
   134
   154
   166
    13
     6
    23
    13
    39
    24
    26
    16
   157
    23
   236
    20
    31
    60
     0
     7
     0
     0
     0
     0
    21
     9
   186
    67
    20
    13
    19
    51
    26
    24
    60
    34
    22
    22
    29
   213
    26
    33
     0
     0
     0
     0
     0
     0
    30
     8
    59
    83
    23
     9
    25
    17
    19
    18
    36
    14
     8
    23
    34
    56
    25
    17
     0
     0
     3
     0
     4
     0
    33
    48
    24
   169
    17
    26
    25
    18
    34
    14
    20
    65
    41
    17
    31
    48
    11
    18
     0
     0
     1
     0
     0
     0
    27
     6
    34
     8
    21
    15
    15
    28
    16
     3
    11
    16
     1
    20
    16
     6
    18
    17
     0
     0
     0
     0
     0
     0
    12
    10
   128
    44
    45
    16
    12
    26
    44
    21
    57
    22
    16
    12
    60
     6
    13
    20
     0
     0
     0
     0
     0
     0
    10
    54
    54
    90
    15
    16
    13
    10
    40
     0
    42
    22
    19
    10
    61
    18
    17
    10
     0
     0
     1
     0
     0
     0
    15
    49
   211
    71
   199
    31
    10
    29
    28
    23
   217
    51
    26
    19
    56
   145
    31
    38
     4
     0
     2
     0
     1
     0
    24
    22
   150
   110
    48
    30
    18
    21
     9
    36
    21
   210
    47
    20
    23
    42
    32
    14
     0
     0
     0
     1
     0
     0
    10
    62
    52
   125
    13
    31
    56
    17
    16
    72
    10
    21
    20
    23
     7
    48
    35
    18
     0
     0
     6
     0
     2
     0
     3
   129
    25
    59
    50
   161
    11
    13
    15
    10
   149
    12
    36
    23
    18
    93
    26
    27
     5
     0
     0
     7
     0
     4
    15
    60
    20
   139
    99
    16
    20
    20
    28
    19
    59
    58
    11
     8
    57
    28
    20
    16
     0
     0
     0
     0
     0
     0
     9
    94
   174
    35
     9
    90
    10
     8
    14
    50
    10
    37
    16
    19
     5
    16
    10
    66
     3
     1
     0
     8
     5
     0
    10
   128
   100
    17
    19
    22
    39
    75
    16
     4
    11
    35
    11
    94
     3
    96
    35
    17
     1
    14
     0
     3
     0
     0
    13
    69
    30
    61
    22
    32
    12
    35
   162
    40
    22
    29
    29
    26
    68
   107
    56
    36
     0
     0
     0
     0
     0
     0
     4
    21
   224
    27
    30
    41
    26
     9
    57
    78
    23
    13
    30
    21
    58
    73
    64
    23
     0
     0
     7
     1
     0
     0
    14
    82
    31
    22
     3
    50
    15
    29
    57
    23
    13
    14
    45
    18
    45
    52
    33
    16
     2
     4
     0
     4
     0
     0
    33
    64
   140
    65
    11
    23
    15
    32
    42
    21
    43
    30
    27
    36
    17
    34
    22
    16
     2
     0
     0
     3
     3
     1
    38
    46
    55
    60
    32
     4
    19
     6
   150
    24
    12
    16
    26
     9
    17
    16
    20
    32
     0
     0
     0
     0
     7
     0
    49
    19
   212
   173
    29
    13
    29
     9
     5
    37
    24
    10
    11
     6
    48
    47
    16
     9
     0
     0
     0
     0
     0
     0
    52
    17
    55
    63
    19
    20
    38
    18
    33
    11
    19
    31
    27
   155
     8
    14
    25
    20
     0
     0
     0
     0
     0
     0
    27
    27
   171
   104
   193
    15
     7
    21
    83
    31
    31
    72
    18
    27
    57
    21
    50
    59
     2
     1
     0
     0
    11
     8
    10
   172
   101
    63
    20
    32
   155
    21
    60
    39
    23
    19
    14
     7
    59
    47
     5
    70
     0
     0
     6
     0
     0
     7
    13
    20
    58
    16
     6
   161
     5
    19
    29
    11
    50
    23
    15
    12
     6
   105
    36
    36
     0
     3
     0
     0
     0
     0
    28
    17
    53
    25
    19
     8
    27
    39
    41
     1
    11
    13
    25
    10
    97
    51
    21
    44
     2
     0
     0
     0
     0
     0
     6
    22
    45
    63
    22
     4
    21
     4
     4
    63
    15
    40
   159
    11
    18
    28
    12
    16
     3
     0
     0
     0
     0
     0
    21
    99
    52
   105
    17
    24
    22
    41
    31
    14
    30
    24
    15
    49
    38
    59
    19
    25
     0
     4
     2
     0
     0
     6
    45
    96
    96
   139
    33
    21
    31
    11
    29
     8
    23
    13
    17
    11
    69
    37
    20
    20
     0
     0
     5
     0
     0
     0
    22
   109
    92
    89
    60
    18
    42
    27
    18
    59
     7
    22
    31
    61
    17
    27
    23
    22
     0
     0
     0
     7
     0
     5
     3
    61
    93
   102
    18
    15
    15
    29
     7
    25
    11
    30
    40
    12
   107
    33
    35
    38
     0
     0
     0
     0
     0
     1
    10
    68
   131
    98
     7
   163
   177
    27
    21
    67
    39
    36
    10
    18
    87
    39
    14
    15
     0
     0
     0
     0
     0
     0
    25
    49
   125
    29
    11
    44
    14
     2
    54
    18
    23
    25
    12
    12
   159
   102
    19
     7
     0
     0
     0
     2
     1
     0
    23
    18
    39
    94
    27
    15
    21
    16
    14
    30
    18
    27
     5
    80
    66
     8
    19
    20
     0
     0
     0
     0
     0
     0
    21
   101
   109
    53
     0
    21
   145
     9
    20
    25
    25
    12
    59
    53
    19
    52
    22
    29
     0
     8
     0
     0
     0
     0
    31
   138
   146
    57
    47
    71
    12
    63
     9
    10
    63
    21
    12
   156
    94
    93
    18
    17
     0
     2
     0
     2
    16
     0
    17
    44
    61
   102
    19
    28
    28
    61
    17
    25
    25
    44
    27
    59
    27
    27
    15
    17
     0
     8
     0
     0
     0
     0
    24
    51
    52
    25
    43
    23
    23
    15
    50
    78
    31
    44
     8
    28
    16
   178
     1
    23
     0
     0
     0
     0
     0
     8
    31
    74
    87
    23
    20
     8
     6
    61
    11
    14
    12
    19
    17
    28
    43
    23
    12
    19
     0
     0
     0
     0
     0
     0
    50
     8
   296
    94
    23
    14
     7
   146
    23
    20
    36
    12
    10
     9
    47
    53
    11
    40
     0
     0
     0
     2
     2
     0
    75
     9
   133
   137
    25
    14
    55
     7
    30
    42
    10
    42
    21
     8
     9
   101
    20
     9
     0
     0
     0
     0
     0
     0
     0
     6
   149
     3
    50
    21
    18
   143
    20
    28
    66
    24
    26
    17
    65
    16
    27
    71
    13
     0
     0
     0
     0
     0
     0
    44
    78
   170
   139
    71
    24
     7
    66
    23
    27
     5
    39
    64
    98
    63
   146
     1
    18
     0
     2
     0
     5
     0
     0
    19
    19
    58
    36
    32
    25
    69
    77
     8
     1
    41
    32
    14
   148
    20
    43
    62
    20
     7
     0
     0
     8
     0
     0
    18
    92
    67
    58
     8
    57
    24
    33
    26
    36
    12
    32
    30
    17
   111
    35
    10
    24
     0
     0
     0
     0
     9
     0
    13
    74
    73
    56
    45
    55
    26
     7
    48
     9
   161
     9
     2
    61
    48
    59
     0
     7
     0
     0
     0
     9
     0
     0
    13
    66
   244
    65
    15
    13
     9
    19
    38
     0
    20
     6
    11
    23
    85
    81
    64
    22
     5
     6
     7
     2
     0
     0
    38
    31
   209
    93
    47
    38
     9
    52
    33
    27
    69
    40
    18
    18
     8
   162
    24
    11
     0
     0
     6
     0
     0
     0
    33
    33
    95
    44
     2
    50
    76
   164
    18
    20
    39
    17
    10
    55
   172
    50
    16
     6
     5
     0
     0
     0
     0
     0
    16
    61
   180
    72
    15
    53
    11
     7
    35
    73
    44
    63
   163
    82
    45
   102
    47
    73
     0
     6
     0
     0
     2
     0
    25
    54
    60
    63
    24
    18
    31
    35
    17
    13
    44
    34
    29
     7
    10
   102
    34
    64
     0
     3
     7
     0
     0
     0
    13
    27
    30
    80
     6
    16
    37
    69
    18
    17
    65
    48
    24
    14
    60
    30
    21
    11
     0
     4
     3
     0
     0
     0
    49
    95
   125
   108
    33
    29
    22
     3
     7
     8
    29
    30
     2
    64
    21
    20
    15
    11
     0
     0
     3
     0
     0
     0
    60
   107
   121
    34
    27
    49
    24
    56
    63
    10
    12
    15
    22
     9
    98
    12
    73
    16
     0
     0
     0
     1
     0
     0
    55
    14
    53
    90
    19
    18
    33
    27
     5
   126
    64
     3
    23
    69
   168
    86
    15
    76
     0
     0
     4
     0
     1
     5
    93
    12
    91
    49
     0
    27
    12
    37
   145
    17
    27
    40
    82
    22
    68
   116
    14
     5
     0
     0
     8
     0
     0
     0
     9
    12
    34
     7
     8
    20
    24
    22
     5
    12
     7
    60
    34
    54
    83
    12
    12
    25
     0
     0
     4
     5
     2
     0
    31
    96
   139
   122
    10
     9
    42
    14
     7
    18
   182
   165
    20
    58
   157
    16
    13
     9
     2
     0
     4
     0
     0
     0
    47
    80
   137
   171
    17
    42
    35
    24
    18
    17
    47
    67
    77
    15
    59
   110
    12
    27
     0
     0
     0
     5
     2
     0
    45
    64
   142
    65
   156
     4
    70
     8
    24
    12
    62
    22
     0
    20
   209
    19
    20
     6
     0
     0
     2
     1
     0
     0
    61
    33
    44
   146
    19
    22
    37
    30
    58
    19
    19
    29
     9
     7
    25
   206
    43
    15
     0
     0
     0
     0
     0
     8
    55
    92
   177
    53
    38
    48
    16
    36
    12
    19
    24
    41
    25
     9
    29
    39
     1
    17
     0
     2
     0
     0
     8
     0
    12
    61
    78
     8
    17
    34
    17
     8
    34
    25
    20
    15
    36
    21
    33
    28
    22
    18
     0
     0
     0
     4
     0
     0
    15
    39
   103
    54
    17
    33
    15
    72
    31
    31
    28
    11
    24
    34
   101
    65
    33
    25
     4
     0
     0
     0
     0
     0
    27
    47
    83
    29
    46
    28
    28
    25
    32
    21
    67
    17
    56
    22
    97
    32
    19
    44
     2
     0
     0
     0
     0
     7
    83
   107
   156
    96
    30
     6
    32
    19
    14
   147
    31
    30
    10
   201
    58
    99
    11
    32
     0
     3
     0
     0
     2
     0
    22
    64
    43
    96
    15
    19
     0
     6
    62
    14
     9
    30
    39
    11
    25
   133
    40
    68
     0
     0
     0
     0
     0
     0
     8
   142
   128
     5
    18
    43
    36
    30
     4
    20
   306
    15
    23
    11
    51
     3
    28
    39
     0
     6
     5
     8
     0
     0
    23
   113
    10
     4
    19
    11
    31
    22
    42
    43
    55
     7
     0
    58
    15
    33
    76
     6
     0
     0
     0
     9
     0
     0
    21
    99
   115
    24
    20
    34
    58
     8
    27
    14
     1
    11
    35
    16
   195
    50
    22
    10
     0
     0
     0
     0
     0
     0
    17
   160
    91
    86
    25
    10
    31
    39
    24
     7
    20
    11
    26
    25
    15
    70
    20
    21
     0
     0
     0
     0
     0
     6
    18
   145
    67
   166
    27
    47
    26
    25
    24
    23
     1
    10
    19
   102
    20
    54
    64
    22
     0
     0
     0
     0
     0
     3
    19
    57
    82
    61
    15
    10
    11
    54
     4
    11
    21
    27
    33
    67
    20
    74
    20
     2
     0
     0
     7
     3
     8
     0
    30
    58
    79
   102
    22
    27
    12
     0
    10
    44
    48
    33
     7
    23
    33
    83
    30
    30
     1
     1
     0
     1
     0
     0
    25
    53
    14
    19
    27
    32
    42
    28
     9
    22
    28
    29
    26
    49
    94
    24
    26
    18
     0
     8
     0
     0
     7
     0
    14
     3
    61
   117
    15
    27
    14
     6
    35
    34
    26
    15
    36
    72
     2
    24
    28
    20
     0
     8
     9
     2
     0
     0
    94
   102
   189
   122
    10
    18
    14
    56
    52
    32
    58
    16
    63
    60
     4
    18
    51
    11
     0
     2
     0
     0
     6
     0
    13
    54
   146
    44
    28
    29
   165
   158
    22
    24
   182
    60
    20
    18
    61
    50
    21
    21
     0
     0
     7
     0
     0
     0
    18
    62
    15
   170
    18
    34
    50
    54
    32
    23
    43
    38
    37
   172
    33
    66
    50
    37
     8
     0
     0
     0
     0
     0
    35
   118
    34
    13
    29
    47
    33
    19
    40
    20
    11
     9
    15
    37
    49
     2
    35
    27
     0
     0
     0
     0
     0
     0
    52
    62
    84
    20
    12
     7
    22
    14
    32
    82
    20
    24
    40
    17
   101
    15
    70
    35
     0
     0
     6
     0
     6
     0
    19
   124
   101
    80
    18
     5
    39
    21
    15
    55
    15
    45
    20
    17
     9
    58
    56
    18
     0
     0
     0
     7
     0
     7
    15
    15
    11
    87
    17
     8
    56
     7
    24
    57
     6
    19
    26
    98
   208
    25
    85
    52
     0
     0
     1
     0
     0
     0
    31
     9
    98
    80
    22
    25
    21
    20
    12
    32
    34
    32
     9
    19
    60
    18
    25
    40
     4
     0
     0
     0
     0
     0
    42
    60
    94
    86
    11
    56
    46
     9
    23
    29
    11
    34
    31
    21
    23
    62
    35
     7
    17
     0
     0
     0
     0
     0
    46
   202
    71
   115
    21
   217
    37
    37
    19
    48
    20
    16
     0
    61
    95
    55
    21
    14
     8
     1
    13
     0
     0
     0
    27
    71
    95
    36
    37
    19
    65
    24
    30
    12
    16
    14
    45
    12
    99
    20
    22
    51
     0
     3
     0
     0
     0
     3
    13
    10
    46
    31
    19
     8
    33
    12
    24
    31
    22
    10
    33
    17
   144
    15
    17
    34
    11
     0
     0
     2
     0
     0
    23
    51
    28
    37
    18
     5
    47
    16
    91
    69
    30
    66
    40
   143
    17
     9
    10
    61
     0
     1
     0
     0
     5
     4
    13
    46
    61
    64
    24
    13
    10
    15
    55
    59
    12
    37
    34
    15
    55
    41
    12
    33
     2
    15
     0
     0
     0
     0
    51
    46
   106
    34
    76
    29
    28
    25
    35
    25
    22
    31
    16
    13
    15
     5
    13
    11
     0
     0
     0
     0
     0
     0
    27
   106
   157
    97
    17
    54
    11
    59
    74
    56
    57
    14
    22
     9
    16
    47
    31
    36
     0
     0
     7
     0
     0
     0
    78
   103
    50
     9
    14
    65
    54
    21
    33
    45
    27
    22
    28
   156
    67
    20
    19
    22
     0
     0
     0
     8
     0
     0
    32
   204
     8
   107
    10
     7
    14
    26
    18
    67
    29
    26
    19
   153
   226
    33
    30
    37
     0
     0
     2
     0
     1
     0
    66
    10
   109
    93
    37
    26
    17
    25
    26
    37
    14
     8
    35
    41
    37
   159
    26
    17
     0
     0
     0
     0
     0
     0
    51
     6
   112
    11
    19
     6
     4
    25
    11
     7
    55
    11
    47
    60
    31
    50
     4
    55
     0
     3
     0
     4
     0
     0
    37
   142
    90
   101
    23
    18
    16
    31
    91
    19
    17
    19
    20
    16
    11
    61
    31
     6
     0
    13
     0
     0
     1
     0
    61
    19
    61
    80
    72
     0
    16
    65
    29
    27
    21
    13
    28
    23
    50
    57
    11
    48
     0
     0
     0
     0
     0
     6
    21
    48
    64
    51
     0
    33
    51
     8
     2
   176
    15
    57
    18
    26
    28
    12
    25
    40
     1
     0
     0
     0
     5
     0
    25
    75
   184
    69
    13
    42
    87
   170
    79
    34
    34
    36
    17
     8
   239
    28
    21
    51
     0
     0
     0
     0
     0
     0
    49
   148
    80
   113
    31
    22
    30
    38
    17
    74
    74
   171
    72
    50
    54
     6
    24
   148
     0
     3
     2
     0
     0
     0
    29
    50
    21
    16
    11
    26
    13
    14
    14
    17
    59
    41
    51
    37
   213
    21
     7
     0
     0
