    28
     7
     0
     0
     0
    24
   148
   124
   147
    50
     9
    20
    16
    31
    24
    18
    18
    29
    14
    55
    73
    29
     7
     0
     0
     0
     0
     0
     0
    21
    62
    53
    70
    49
    21
    64
    52
    18
    12
    32
     4
    13
    40
    68
    57
    23
    51
     0
     0
     0
     1
     2
     0
     7
    49
    67
    56
     9
    12
    10
    18
    20
    15
    14
    22
     4
    55
    97
    73
     0
    21
     0
     0
     0
     0
     0
     0
     2
    57
    56
    96
    10
    36
    29
    23
    18
    13
    52
     9
    50
     9
    17
    60
    15
    20
     0
     0
     0
     7
     0
     0
     7
     5
    41
    54
    22
    55
    46
    10
    29
    69
    20
    77
     5
    30
   147
    48
    32
    10
     0
     5
     0
     7
     0
     0
    14
    27
    66
   134
    38
    27
    26
    13
    25
    19
    50
    16
    55
    39
    45
   166
    38
    13
     0
     0
     0
     0
     6
     0
    24
    22
    95
   188
     8
    64
    34
    38
    16
    15
    60
    24
    14
    47
    52
    24
    19
    21
     0
     2
     3
     0
     0
     0
    72
   149
    10
    50
    11
    22
     4
     3
    35
    11
     8
    45
     9
    56
    60
    28
    21
    26
     1
     0
     6
     2
     3
     0
    12
    74
    56
    74
    81
     2
    23
    11
    42
    14
    19
    24
    11
    26
    42
   189
    58
    54
     2
     0
     0
     7
     5
     0
     5
    71
    65
    18
    17
    32
    64
    14
    40
    13
    16
    49
    19
    22
   229
    24
    27
    34
     5
     8
     1
     0
     0
     0
    29
    13
    70
    70
    25
    38
    12
    13
    15
    22
    21
    17
    55
    34
    63
    17
    28
    11
     0
     4
     0
     0
     0
     0
    19
    21
    70
   101
    29
    13
    15
    42
    16
    12
    30
    24
     7
    22
   145
    18
    30
    63
     0
     0
     0
     1
     4
     0
    11
    54
   117
   100
    17
    69
    23
   173
    32
    21
    22
    83
    17
    42
    18
    53
    36
    12
     0
     3
     0
     2
     0
     2
    26
    77
   108
    50
    19
    42
    28
    26
    13
    63
     5
    56
    65
    20
    21
     7
    11
    79
     9
     0
     4
     0
     0
     5
    21
    67
    92
    46
   178
    28
    19
   170
    19
    24
    17
    10
    12
    10
    26
    56
    28
    68
     0
     0
     0
     0
     0
     0
    26
    91
    58
    80
    45
    32
    22
    19
    17
    19
     9
    72
    25
     8
    19
    57
    17
     6
     0
    12
     3
     0
     3
     2
    23
    13
   113
    50
    73
    10
    22
     9
    66
     7
    62
    23
    97
    21
     9
    60
    42
    16
     0
     0
     1
     0
     0
     3
    14
    51
    96
    48
    25
    16
    14
    21
    16
    27
    24
    53
    25
    34
    28
    47
    52
    22
     0
     0
     0
     0
     0
     3
    55
   143
   108
    53
    19
    72
    34
    22
     3
    14
    23
    14
    15
    60
    54
    69
    19
    11
     0
     2
     0
     2
     1
     0
    17
    18
   122
    94
   137
    17
    20
    29
    47
    30
    16
    54
    12
    30
    23
    32
    32
     7
     0
     0
     0
     0
     0
     0
    57
   107
   281
    54
    28
    49
    39
    26
    20
    16
    78
    23
    30
    32
    78
    43
    14
    33
     0
     1
     0
     8
     0
     4
    11
    84
   137
    11
    18
    89
    26
     4
    19
    15
    17
    12
    58
    18
    10
    52
     4
    51
     0
     0
     0
     0
     0
     0
     5
    98
   129
    90
    25
    11
    60
    19
    26
    18
    22
    12
     4
    21
    28
    76
     1
    12
     0
     0
     0
     0
     0
     0
    33
    66
   213
   143
    24
    18
    33
    23
     9
    10
     0
    87
    58
    18
    60
    54
    27
    33
     5
     0
     0
     0
     8
     0
    23
    18
   132
    14
   158
    17
   105
    42
    41
    30
    12
    29
    21
    20
    56
    26
    36
     9
     0
     0
     7
     2
     1
     0
    30
    77
   141
    11
    14
    13
     7
    24
    25
    16
    21
    38
    20
     7
   346
    88
    18
    15
     0
     0
     7
     0
     3
     8
    39
   142
   187
    62
    32
    39
    16
    10
    29
    28
    28
    18
    58
   218
    53
    31
    24
    20
    10
     5
     0
     6
     0
     0
    58
   106
    65
   192
    23
    54
    47
    20
    11
    24
    39
     5
    37
    23
    34
    36
     3
    22
     3
     0
     6
     0
     0
     0
    83
   138
   135
    99
    29
    57
    15
    25
    20
    27
    50
    15
    10
     8
    16
   151
     9
    11
     0
     2
     0
     0
     0
     0
     7
    90
   199
    16
    12
    28
    13
    29
     9
    17
    29
    11
    28
    13
    59
    29
    15
    29
     0
     0
     0
     5
     0
     0
    29
    33
    33
    13
    18
    23
    59
    12
    56
    17
    56
    46
    30
    37
    20
   163
    13
    32
     0
     0
     0
     0
     0
     4
    28
    63
   143
    58
    25
     1
    34
    13
    18
    13
    13
    28
    76
   161
    61
    17
    11
    37
     0
     8
     0
     0
    13
     0
     8
    94
   151
    67
    41
     3
    17
     7
    13
    29
    24
    60
    20
    21
   161
    52
    19
    89
     5
     0
     0
     9
     0
     1
    26
    62
   114
     7
     8
    22
    54
    16
    32
    14
    37
    21
    22
    20
    15
    92
   111
    10
     3
     0
     0
     0
    10
     3
    53
    70
    86
    26
    26
    19
    35
     7
     2
    70
    18
    24
    47
    45
    97
    64
    57
    40
     5
     0
     0
     1
     0
     7
    68
    20
    83
    52
    12
    25
    36
     2
    11
    29
    16
    27
    56
    31
    11
    22
    22
    18
     9
     0
     4
     0
     0
     0
    50
    73
    60
   120
    68
    14
     0
    26
    35
    35
    25
    31
    34
    10
    13
    18
    30
    15
     0
     0
     0
     0
     0
     0
    23
    61
   101
    54
    20
    11
     9
    20
    17
    52
    22
    27
    27
    18
   105
   101
    33
    55
     0
     0
     3
     1
     0
    11
    21
    68
   171
    98
    10
    19
     4
     6
    23
     4
    24
    63
    22
    54
    28
    21
    60
    24
     2
     0
     2
     7
     1
     0
    44
    17
    95
    90
    10
     9
     4
    26
    14
    26
    19
     9
     7
    10
    54
    52
    23
    11
     8
     5
     0
     0
     2
     0
    31
    83
    94
   105
    41
    33
    23
    20
    29
    40
    34
    15
    49
    59
    36
    56
    18
    17
     0
     0
     7
     5
     0
     0
    17
   165
   180
    26
    56
    33
     6
    15
    24
    37
    10
    78
    25
    24
    42
    19
    33
    28
     0
    11
     1
     2
     0
     0
    30
   115
    45
    61
    48
     3
    21
     9
    85
    13
    27
    11
   159
    39
    41
    71
    17
     6
     7
     3
     0
     5
     0
     0
    54
   192
    94
    18
     9
   300
    56
    12
    24
    13
    59
    14
    34
    28
    24
   179
    23
    21
     7
     0
     0
     0
     0
     0
    22
   118
   112
   116
    64
    59
    97
    28
    11
    25
    72
     9
   176
    17
    76
     5
    19
    28
     0
     0
    18
     3
     0
     0
    51
    54
   139
   111
    58
   153
     8
    39
    49
    55
     5
    34
    61
    26
    20
    84
    24
    19
     0
     0
     0
     0
    18
     3
    49
    19
    90
   273
    29
    25
    19
    47
    25
    70
    56
    80
     9
    23
    53
    35
    30
    15
     0
     0
     0
     5
     0
     4
    12
   132
   128
    89
    32
    17
    13
    27
   200
     8
    25
    28
    68
    32
    61
    81
    11
    17
     0
     0
     0
     2
     4
     0
    15
    85
    65
    30
    11
    16
    34
    20
    15
    58
    43
    53
    29
    19
    64
    38
     7
   117
     1
     0
     0
     0
     0
     5
    67
    51
    94
    98
    33
    25
    22
     2
    16
    10
    42
   178
    26
   174
    47
   156
    17
    76
     0
     2
    16
     0
     0
     3
    59
    23
    42
    48
    13
    37
    14
    13
    16
     6
    16
    16
    34
    16
    33
    61
    47
    31
     2
     1
     0
     0
     6
     0
    18
    13
    61
   142
    84
    29
    21
    18
    18
    17
    17
    37
    14
    48
   142
    72
    47
    16
    11
     0
     0
     0
     0
     0
    50
    90
   169
    63
    13
    12
    68
    15
    72
    63
    15
    14
    14
   160
    14
    30
    14
    35
     3
     0
     0
     0
     0
     0
    45
   113
   172
    16
    22
    10
    14
    60
    19
    35
    11
    10
    18
   161
   201
    91
    29
    19
     4
     0
     1
     0
     0
     0
    22
    51
   146
   112
   105
    17
    16
    15
    40
    18
    28
    20
    35
    68
    51
    58
    18
    45
     0
     0
     5
     0
     0
     6
     8
    42
   195
   145
    33
    24
     5
    31
    18
    74
     3
    26
   119
    18
   205
    56
    30
    30
     0
     9
     0
     8
     3
     0
    30
    21
    70
    14
    30
     0
    16
    21
    10
    26
    10
    68
    19
    58
    96
    77
    70
    40
     3
     0
     0
     0
     0
     0
    14
   168
    62
    60
    16
    20
    60
    18
    24
    23
    15
    16
    36
    12
    62
    16
    28
    16
     0
     0
     0
    10
     3
     5
    15
    12
    83
    18
    10
     9
    32
    35
    29
    30
    75
    19
    27
    11
   158
    11
    20
     8
     0
     0
     0
     7
     3
     0
    54
   103
   126
    95
    22
    31
    40
    19
    16
    10
    15
    35
    17
   158
    25
    54
    60
    24
     0
     0
     0
     0
     0
     0
    17
    60
   100
    21
   102
    28
    50
     8
    26
   157
    36
    15
    25
    30
    30
    78
     7
    21
     0
     0
     0
     0
     0
     0
    21
    26
   109
    63
     7
    26
    71
    44
    14
    70
     9
    29
    30
    62
    38
    15
    36
    41
     0
     0
     0
     6
     0
     0
    22
   114
   106
    97
    28
    57
    25
    51
   163
    21
    29
    20
    29
    38
    65
    54
    28
    16
     1
     0
     0
     0
     0
     0
    63
    22
   113
    81
    32
    15
   169
    17
    16
    22
    20
     7
    58
    84
    69
    35
    18
     9
     3
     0
     0
     0
     3
     0
    30
    17
   104
    10
    12
    10
    14
    81
    17
    25
    43
    10
    13
    46
    54
    28
    18
     6
     0
     0
     0
     0
     0
     2
    63
     3
    76
   100
    29
     7
    18
    22
    16
    31
   158
    21
    66
    26
   152
    60
     9
    17
     3
     0
     1
     0
     0
     4
    96
    50
     5
   108
    13
    21
    54
     0
    16
    15
   165
    14
    20
   155
   141
    11
    20
   170
     0
     5
     7
     0
     0
     0
    67
    14
   191
    27
    12
    16
    60
    40
   169
    52
    20
    20
    13
    55
    97
   193
    11
    39
     0
     0
     2
     0
     9
     0
    56
    53
    47
    92
    30
    27
    39
    13
    14
    41
     3
    25
    23
    56
   341
    52
    45
    33
     3
     0
     0
     0
     0
     0
    20
    50
   129
   156
    13
     9
    10
    44
    50
    72
   145
    19
    82
    16
   210
   137
    74
    20
     6
     0
     0
     0
     0
     5
    18
    31
   192
   108
    54
    18
    22
     8
    82
    22
    15
    65
    12
    15
   171
     6
    14
    15
     0
     0
     6
     0
     0
     0
    14
    23
   106
   103
    10
    62
     5
    17
    22
    17
    12
    34
     9
    26
    98
    16
   238
    19
    10
     0
     0
     0
     0
     0
    13
   139
    91
    20
     5
    29
     9
    27
    17
    31
    56
    28
     7
    22
    76
     8
    23
     8
     0
     2
     0
    12
     0
     0
    55
    47
    36
    20
    21
    21
    22
     9
    17
    18
    30
    20
    40
    22
   238
    28
    44
    15
     0
     0
     0
     3
     0
    11
    46
    37
    89
    62
     2
    33
    18
    23
    49
    25
    26
    15
    21
     9
    58
   136
    18
    50
     0
     0
     0
     0
     0
     0
     9
    44
   177
    76
    35
    26
    25
    33
     7
     8
    28
    25
    12
    19
     8
   147
    36
    34
     4
     0
     0
     0
     6
     0
    10
    76
    27
    38
    27
    50
    21
     5
    62
    22
    21
    87
    34
    76
    22
    39
    30
    20
     0
     0
     0
     0
     1
     0
    20
    93
   102
    21
    25
    30
    34
    16
    98
    46
    27
    33
     5
    59
    94
    11
   153
    46
     0
     0
     0
     4
     0
     0
    17
   126
    24
    19
    27
    93
    20
    24
    33
    11
    16
    20
    23
     9
    22
    16
     4
    10
     0
     0
     0
     0
     9
     4
    61
    90
    41
    49
    25
     1
   168
   171
    11
     8
    19
    28
    21
     5
    62
    46
    11
    32
     0
     9
     0
     0
     0
     0
    23
    64
    96
    54
    33
    22
    17
    51
    23
    48
    28
     6
    19
    21
   205
    59
    16
    16
     6
     0
     5
     8
     0
     0
    10
    66
   146
    54
    14
    16
    33
    17
    19
    32
    38
    29
    21
    37
     9
    27
    11
    18
     0
     0
     0
     0
     0
     0
    26
   126
    61
    58
    23
     8
    16
    35
    19
    12
    55
    30
    42
     6
    13
   178
    39
    24
     0
     7
     0
     3
     0
     4
    59
    21
   150
   132
    34
    20
    61
    26
    21
    25
    17
    17
    30
    24
    21
    26
    26
    32
     2
     0
     0
     0
     0
     4
     3
    50
    62
    18
    12
    14
     6
    21
     8
    17
    44
    67
    13
    10
    23
    64
    31
    35
     1
     2
     0
     0
     2
     0
     4
    80
    60
    10
    42
   120
    18
     6
    20
    46
    20
    52
    10
    10
    36
    22
     7
    30
     0
     6
     0
     0
     0
     3
    19
    66
   100
   108
    23
     2
    14
    18
    49
    11
    22
    22
    33
    31
   105
    76
    57
     7
     0
     6
     0
     0
     0
     5
    15
    16
   213
    50
    14
    34
    74
    22
    10
    75
    54
   110
    26
    57
   141
    26
    24
    21
     1
     0
     0
     0
     0
     4
    45
    17
   185
    37
    36
    67
    15
    22
    22
    35
    66
    33
    15
    21
   163
    60
    95
    30
     0
     6
     0
     0
     0
     2
    26
    61
   288
   132
     9
    34
    44
    21
    29
    28
    50
    11
    22
    38
    26
    32
    35
    20
     0
     4
     0
     0
     0
    39
    68
   180
    59
   122
    26
    27
    14
    35
    20
    15
    30
    14
    42
   166
    97
    71
    32
     0
     0
     0
     0
    10
     0
    51
     9
    67
   106
    14
     8
   145
    23
    23
    40
    10
    30
    27
    25
    22
    68
    31
     9
     0
     0
     0
     0
     0
     9
     7
    96
    65
   248
    40
    19
    57
     6
     7
     5
    28
    23
    30
    26
   116
    27
    53
    17
     0
     0
     0
     0
     5
     0
     9
    43
   178
    26
    28
    31
    14
    13
    31
    54
    13
    28
    19
   159
    60
    21
    26
    23
     0
     0
     0
     0
     0
     0
    19
    69
    91
    76
    16
     5
    39
    19
    17
    74
    63
     5
    14
    25
     6
    64
    50
    30
     0
     0
     0
     4
     0
     1
     5
    16
   143
    17
    19
    16
    15
    21
     3
    20
    39
    26
    23
    13
    64
    61
     9
    13
     0
     0
     0
     0
     0
     3
    25
    31
    68
    10
    40
    18
    25
    17
    28
    20
    47
    70
    27
    23
    91
    96
    11
    37
     0
     0
     4
    10
     4
     0
     2
   104
   133
    94
   117
    29
    36
    29
    12
    53
     1
    14
    22
   115
   167
    16
    21
    44
     3
     3
     0
     0
     7
     0
    62
    61
    64
    30
    13
    20
   167
    17
    23
    32
    17
     6
   115
    25
    46
    93
    16
    32
     1
     1
     3
     7
     0
     0
    22
    47
    88
   146
    55
    17
    17
    21
    22
    20
    33
   173
    14
    18
    26
    30
    52
    17
     0
     5
    13
     6
     3
     0
    41
   114
   131
    22
    27
    64
    15
    12
    26
    20
    50
    27
    14
    58
    13
    63
    41
    27
     7
     0
     6
     0
     0
     3
     6
    68
   153
    56
    22
    12
    12
    45
    40
    23
    40
    25
    17
    28
    73
    16
    60
    36
     8
     0
     0
     0
     0
     0
     8
    19
   209
    18
    25
    55
    11
    10
     6
     8
    22
    19
    12
    24
    61
    25
    26
    28
     0
     0
     0
     5
     0
     1
    25
    59
    86
    67
    12
    32
   147
    47
    26
     8
    13
    54
    26
    58
    57
   122
    39
    43
     0
     0
     0
     0
     0
     0
    12
    25
   109
    25
    19
    21
    29
    54
   173
    39
    64
     7
    29
    18
    92
    49
    31
    75
     0
     0
     0
     7
     8
     0
    38
    59
   155
    28
    13
    24
    31
    17
    12
    13
     9
     8
    32
    31
    63
    17
    27
    18
    12
     0
     0
     0
     0
     0
    26
    64
    11
    89
     3
    30
    19
    30
    12
    20
    27
    14
    14
    34
    59
    52
    96
    21
     0
     0
     0
     0
     0
     0
    14
    37
   162
    68
    20
    11
    18
    16
    25
     6
    34
    34
    23
     5
    19
    31
     1
    12
     0
     0
     0
     0
     0
     0
    11
    54
    70
    36
    30
    29
    16
    15
     4
    28
    14
     9
    38
   152
   164
    95
    12
    12
     0
     2
     0
     0
     0
     0
    34
    34
    59
    51
    11
    16
    22
    20
    18
    27
    18
    37
     8
    44
    12
    21
    14
    13
     0
     0
     0
     3
     0
     0
    40
   158
   132
    53
    25
     6
    37
    24
    18
    23
    55
    51
    25
    30
    10
    56
    18
     5
     0
     0
     9
     0
     2
     0
    53
    32
    98
    51
    15
    21
     8
    18
    15
    44
    22
    17
   194
     5
     8
    24
    35
    70
     0
     0
     0
     1
     0
     0
     2
    91
    25
    21
    44
    18
    44
    45
    63
    12
     9
    18
    13
    42
   162
    60
    19
    22
     8
     2
     0
     2
     0
     2
    45
    58
   123
    56
    17
    41
    74
    17
    32
     3
    18
    48
    13
    86
     8
    95
    59
     2
     0
     0
     0
     0
     0
     5
    16
    94
   169
   131
    14
    24
    26
    29
     7
    20
    25
    14
    13
   159
    13
   161
     3
    40
     7
     4
     2
     0
     0
     0
    19
    75
    70
    42
     8
    36
    16
     4
    30
    22
    39
    27
    41
    31
    51
    53
    32
   111
     0
     0
     5
     0
     0
     0
     8
    40
    81
   101
    20
    14
     5
    26
    12
    30
    13
    31
    47
     3
    18
    58
    12
     0
     0
     0
     2
     0
     0
     4
    23
    61
     8
   100
     9
    26
    84
     0
    19
    15
    61
    70
    28
   133
    54
    76
    42
    81
     8
     0
     4
     0
     1
     0
     9
    60
   153
   118
    30
    27
    25
    13
   107
    15
    32
    32
    12
    18
   214
    60
    47
    40
    13
     0
     0
     7
     0
     0
    20
     3
    62
    45
     2
    13
    21
    28
    10
    25
    19
    39
    81
    39
    77
    17
    23
    17
     0
     0
     0
     0
     0
     0
    68
    28
    94
    61
    11
    26
    50
    18
    22
    60
    22
    52
     8
    59
    62
     9
    12
    21
     3
     2
     0
     0
     0
     1
     5
    75
    53
    26
    19
     8
    35
    35
     9
    28
    21
    20
    55
    25
    66
    57
    29
   159
     2
     7
     0
     0
     0
     9
     8
     5
    99
    48
     3
    16
    23
    20
    26
     6
    20
    12
    45
    20
    27
    14
    16
    25
     0
    13
     0
     0
     7
     0
   108
   178
    59
    92
    37
    15
    14
    21
    26
    21
    43
    20
    21
   152
    53
    63
     7
    61
     0
     0
     0
     6
     0
     0
    38
    26
    68
   106
     8
    36
    23
    14
    21
    61
   162
    14
    69
    63
    26
    28
    20
    49
     0
     0
     0
     0
     0
     0
     6
    62
   104
    80
    46
    29
    22
     8
    32
    31
    28
    28
    33
    25
    54
    63
    10
    72
     0
     1
     0
     3
     0
     5
    16
    20
   104
   106
    16
     8
    23
    30
     8
    29
    18
    28
    34
    46
    17
    41
     2
    18
    10
     0
     0
     3
     0
     4
    20
    55
    65
   140
    51
    19
    19
    22
    33
    10
     8
    18
    19
    11
    58
    11
    19
   106
     0
     0
     0
     0
     0
     0
    11
    88
   132
    53
    14
    15
    29
    24
     6
    14
    21
     7
    20
    58
    42
   111
    19
     6
     7
     0
     0
     0
     0
     0
    34
    67
    59
    38
    14
    11
    11
    27
    26
    26
     6
   165
    28
    30
    14
    12
    35
    29
     3
     9
     7
     0
     0
     0
    44
    16
    51
    87
    24
    29
    22
    27
    88
    56
    30
    21
    20
    22
   143
    13
    30
   171
     0
     0
     0
    12
     0
     0
   112
    59
    95
    71
     9
    33
    17
    66
    13
    40
    32
    18
    30
    11
     5
    75
    31
    30
     0
     4
     0
     0
     1
     0
    38
   103
    81
    29
    17
    45
    21
    45
    36
    15
    24
     9
    25
    25
   193
    39
    15
    30
     6
     0
     0
     0
     8
     0
    20
    92
    19
    24
    10
    16
     9
     7
    10
    21
     3
    10
    13
    15
    57
    14
    23
     4
     0
    11
    13
     0
     0
     0
    41
    53
    84
    63
    30
    14
    16
    30
    16
     8
    20
     8
    21
    11
   204
    38
    49
    12
     0
     0
     0
     0
     8
     0
    53
    63
   105
    18
    14
    31
    13
    17
    13
   182
    20
    79
    41
     9
    85
   192
    18
     4
     0
     0
     0
     0
     0
     0
    15
    49
   150
    17
    19
    23
     9
    30
    16
    43
    43
    12
    37
    28
    10
    52
    28
    17
     0
     0
     0
     0
     0
     0
    50
    17
   107
     8
    31
    17
    27
     8
    26
     9
    95
    19
    22
     4
    17
    13
    17
    25
     6
     0
     3
     8
     0
     5
    59
    99
   141
   163
    53
    36
    19
    28
     1
    74
    21
    31
    12
    26
    77
    41
    25
    24
     0
     0
     9
     0
     0
     0
    27
    41
     7
    88
    38
    19
    17
    23
    17
    21
    92
    10
    56
    88
     7
    20
    11
    62
     2
     0
     4
     0
     0
     4
    33
    53
   103
   123
    51
    12
    36
    23
    14
    56
    29
    16
    12
    25
   118
    13
    13
    22
     0
     2
     0
     2
     0
     0
    21
    64
    88
    45
    21
     6
    13
    11
    14
    55
    22
    24
     9
    30
    56
    65
    36
    35
     0
     0
     0
     6
     2
     0
    26
    63
    98
   115
    51
    21
    15
    15
    13
    24
    34
    27
    40
    46
     3
    18
   101
    17
     1
     0
     1
     4
     4
     0
    13
    57
   128
    40
    60
    26
     2
    16
    17
    37
    15
    30
    14
    30
    63
    14
    22
    13
     0
     0
    10
     0
     0
     0
    21
    94
    79
    21
    20
    19
    30
    21
    12
     0
    14
    26
    25
    19
     3
    15
    27
    14
     0
     5
     4
     0
     0
     0
    22
    92
    22
   144
    34
    67
    22
    13
    16
    23
    12
    37
    23
    25
    66
    73
     9
    26
     0
     0
     0
     0
     0
     0
    50
   140
   247
    28
    34
    37
     0
     6
    14
    16
    32
     4
    23
    37
    14
    86
    16
    18
     0
     0
     0
     0
     0
    10
    59
    47
    97
   109
    18
    25
    31
    14
    36
     9
    26
     5
    40
    17
    31
    57
    57
    13
     0
     0
     0
     3
     0
     0
    20
    54
   176
    17
    89
    31
    18
    51
    16
     6
    17
    17
    78
    28
    22
    21
    42
    15
     0
     0
     4
     0
     0
     0
     7
    26
   182
    58
     7
    14
    20
    61
    15
   158
     8
     2
     6
    73
    23
    62
     5
    12
     0
     0
     6
     0
     0
     0
    26
    55
    83
    59
    27
    25
     8
    20
    14
     8
    22
    55
    14
    10
    25
   205
    59
    10
     0
     0
     0
     2
     0
     6
     9
    48
   139
    30
    16
    44
    34
    10
    27
    58
    25
    16
    32
    17
    11
    43
    64
    16
     0
     0
     0
     0
     0
     0
    14
    80
   113
    98
    27
    31
    15
    26
    30
    69
    37
    12
    35
    55
    21
    71
    88
   199
     3
     0
     0
     0
     0
     0
    24
    11
    59
    62
    23
    27
    47
    24
   151
    60
    71
    10
   132
    21
    13
    44
     9
    70
     0
     0
     0
     0
     7
     0
    74
    55
    43
    54
    29
    59
    34
     9
    75
    17
     7
     8
    29
    11
    52
    68
    14
    23
     5
     0
     0
     1
     0
     0
    24
    98
    26
   126
    21
     7
    20
    27
    15
     5
    18
    37
    18
   154
    30
   161
    11
    10
     0
     0
     4
     3
     0
     0
     8
    74
    84
   100
    57
    20
    95
    14
    13
    20
    81
     4
    26
    31
    13
     5
     6
     9
     0
     0
     0
     2
     0
     0
    20
    26
   152
    17
    21
     4
   166
     2
    20
    20
    47
    14
    22
    98
    14
    51
    16
     5
     0
     1
     0
     0
     0
     0
     7
   149
    52
   135
    25
    55
    29
     7
    17
    15
    17
    12
    23
    23
   233
    46
    24
    20
     0
     0
     2
     0
     0
     0
    18
    59
   115
   113
    55
     1
    19
    23
    54
    55
    20
    15
    53
    27
     5
    64
    20
    17
     0
     7
     0
     0
     1
     0
    17
    81
    17
    11
    62
    27
    23
    38
    10
   173
    11
    18
     3
    26
    16
    35
    26
    53
     0
     5
     0
     0
     5
     0
    20
    58
    13
    12
    61
    11
    46
     8
    26
    27
   207
    15
    12
     4
    91
     5
    37
    52
     8
     0
     0
     5
     0
     0
    58
     4
   255
    96
     3
    15
    26
    79
    43
    19
    14
    19
    28
    49
    52
    15
    12
     8
     0
     0
     0
     1
     0
     0
    42
    62
   111
   100
    21
    10
    52
    32
    18
    15
    16
    19
     7
   194
   139
    57
    49
    17
     0
     0
     0
     0
     0
     0
    30
    63
     4
    55
    10
    12
    57
    20
     5
    23
    32
    49
    14
    13
    43
    30
    11
     9
     0
     4
     5
     0
     0
     0
    24
    61
   143
    60
    82
     9
     6
    34
    30
    14
    27
    16
    18
   141
    50
    24
    19
    44
     0
     0
     0
     6
     0
     0
    42
    19
    64
    49
    64
    31
    26
    30
    15
     6
    31
    32
    30
    48
    14
   108
     7
    22
     0
     2
     0
     0
     0
     6
    77
   115
     9
    54
    50
    17
    25
    13
    18
    14
     7
    10
    51
    34
    60
    30
    21
    42
     2
     0
     0
     0
     0
     0
    12
    66
   137
    97
    25
    52
    69
    65
    14
    15
    58
    27
    27
   160
    60
    69
    22
    48
     0
     0
     0
     0
     0
     3
    76
     7
   103
    53
    15
    17
    19
     8
    32
     9
     4
    24
    18
    11
    48
    13
    19
     9
     6
     4
     1
     0
     0
     0
    30
    26
    52
    17
    23
    16
    17
    41
     4
    27
    17
     8
    22
    14
    33
   200
     0
     5
     0
     0
     0
     1
     0
     0
    34
    19
   166
    93
     9
   105
    13
    17
    16
     6
     2
   155
    31
    18
     9
    45
     5
    16
     0
     5
     0
     0
     2
     0
    13
    81
   154
    55
     6
    18
    32
    18
    38
     6
     8
    14
    57
    55
    15
    21
    13
    31
     0
     0
     0
     0
     0
     0
    24
    33
   140
    67
    12
   144
    24
     5
    15
    70
    68
   178
    19
     6
    87
    27
    19
    34
     0
     0
     0
     8
     0
     0
    23
    33
    16
    45
     2
   157
    11
     9
     9
    15
     8
    38
    29
    22
    49
    42
    59
    28
     0
     0
     0
     0
     0
     7
    49
    67
     7
    19
    26
    12
    16
   160
    15
    16
    24
    15
     5
    57
    84
    23
    26
    11
     0
     0
     0
     0
     0
     0
    11
   105
    69
    52
    27
    12
    91
    12
    28
     0
    51
    15
    21
    21
    14
    19
    10
    10
     8
     9
     0
     0
     0
     0
    56
    37
    50
    53
     5
   161
    29
    16
    12
    71
    14
    17
    31
    12
    74
    13
    23
     9
     0
     0
     0
     0
     0
     0
    17
   109
    23
    63
    57
     6
    20
     2
    50
     6
    37
    16
    42
     6
    95
    44
    54
     5
     0
     0
     0
     0
     0
     0
    13
    51
    23
    84
    12
    19
    73
    72
    13
    50
     8
    20
    69
    21
   154
    55
    21
    23
     0
     0
     0
     0
     0
     0
    20
    12
   124
    61
    12
     5
    23
    20
    15
    50
     3
    21
    42
    18
   169
   101
    10
     8
     0
     0
     0
     0
     0
     0
    14
   180
    61
    80
    26
   174
    42
    49
    31
    35
    16
    17
    40
     6
    29
    17
    72
    41
     0
     0
     0
     0
     8
     6
    65
    67
    60
    65
     6
    12
    33
    10
    48
    28
    31
    11
    18
   149
    51
    76
    16
    11
     0
     0
     0
     0
     0
     0
    14
    39
    73
    59
    47
    13
    13
    27
    20
    17
    17
    50
    16
    14
    52
     6
    18
     2
     0
     0
     0
     0
     0
     1
    20
    95
    57
   120
    27
    36
    25
    24
    17
    22
    49
     4
     6
    13
    47
    69
     7
    22
     0
     0
     0
     0
     0
     8
    29
    45
    57
    70
    58
    25
     5
    13
    18
     5
    18
    57
     6
   122
    15
    57
    14
     9
     0
     5
     0
     3
     0
     1
    18
    57
   104
    53
    18
     7
    17
     2
    16
    22
    18
    17
    18
    61
    12
   102
    19
    23
     0
     9
     0
     0
    11
     3
    21
    72
    90
    39
    16
    14
    12
    93
   161
     3
    33
    60
    23
    38
    14
    22
    10
    12
     0
     9
     0
     0
     6
     0
     4
    71
   114
    53
    22
    18
    25
    15
    15
    16
    16
    17
    23
    28
    53
    13
    26
    16
     0
     0
     0
     4
     0
     0
    53
    30
    57
    53
    25
    41
     8
     3
     0
    33
    12
    51
    17
    28
   145
    15
    31
    30
     0
     0
     0
     1
     0
     1
    14
    13
    18
    23
     7
    16
    11
    20
    27
    11
    13
    15
    38
    16
    30
    41
    14
    13
     0
     7
     0
     0
     0
     3
    20
    51
    91
    93
    14
     7
    20
     8
   111
    22
    24
    27
    20
    10
   180
    12
     3
    27
     2
     0
     7
     2
     0
     0
    11
    60
    49
    61
    38
    26
    55
    56
    11
    32
    31
    20
   151
   102
    58
    94
    86
    12
     1
     0
     0
     9
     0
     0
    16
   135
    55
    42
    16
    18
    25
    12
    14
    14
    59
     2
     4
    21
    10
    66
    28
    14
    10
     0
     4
     7
     0
     2
    23
    58
   173
   138
    29
    22
    36
    25
   182
     8
    19
    27
    17
    18
    44
    22
    14
    25
     0
     2
     0
     0
     0
     0
    26
    59
    62
    25
    28
    65
    17
    36
    29
    22
    10
    10
    10
    46
    72
    14
    14
    34
     0
     0
     0
     0
     4
     2
    25
    23
    51
    44
    61
    22
     1
    15
     3
    12
     8
     0
    80
    19
    12
    10
    45
     0
     0
     0
     0
     0
     0
     0
    12
    56
   128
    71
    10
     5
    51
    10
     3
    19
    60
     7
     3
    22
    36
    11
    23
   107
     0
     0
     0
     0
     0
     0
    10
     8
   149
    46
    25
    12
     6
    24
    59
     3
    63
    10
     9
    25
   230
    46
    11
     8
     0
     0
     8
     0
     0
     1
    15
    18
    68
    85
    27
    33
    16
    27
    16
    17
     4
    52
    13
     8
   151
    57
    17
    24
     0
     0
     0
     0
     3
     6
    55
    45
    46
   103
    10
    27
    17
    21
   196
    24
    50
    13
    12
    12
     9
    22
    13
     5
     0
     0
     7
     0
     0
     0
    18
    56
   138
    14
     7
    33
    16
    22
    23
    12
    37
     9
    13
    20
     9
     7
    19
    21
     0
     0
     0
     0
     0
     2
    17
    12
    20
    27
    16
    57
     8
    33
    11
    37
     8
    21
     9
    15
    56
    63
     6
    24
     2
     1
     0
     0
     4
     5
    26
    25
    96
    55
    30
    27
     9
    29
    29
    20
     0
     0
    17
    28
    70
    47
    32
    15
     0
     0
     2
     0
     1
     0
    23
     5
    97
    11
    10
    52
    19
     2
    18
    21
    13
     4
    33
    16
    22
    60
    20
    48
     0
     0
     0
     0
     0
     0
     9
    50
    89
    21
    12
    22
    14
    16
    25
    10
     7
    14
     6
    25
    21
    10
    24
    12
     0
     0
     0
     2
     3
     0
    31
    21
    19
    16
     3
    12
    10
    21
     9
    19
    21
    11
    15
    77
     7
    28
     9
    11
     0
     0
     0
     0
     0
     7
    10
    76
    65
   154
    14
    59
     7
     2
    10
    37
    37
    25
     6
    17
   167
    63
    12
     4
     8
     1
     1
     0
    17
     0
    15
    71
    69
    21
     4
    20
    13
    16
    33
    20
    11
    27
    24
    20
    56
    18
    28
    14
     2
     0
     0
     1
     0
     0
    16
    67
   157
    61
    37
    28
    13
     5
    77
    37
    12
    59
    19
    96
    65
    56
    28
    32
     0
     0
     1
     7
     0
     0
    16
    87
    50
   109
    51
    18
    32
    15
    32
    10
     0
     4
    35
     5
    10
    16
    41
     8
     0
     0
     3
     0
     0
     0
    13
    20
    71
    97
     7
    13
    44
    27
    19
     7
     4
    16
    21
    15
    18
    20
    65
    19
     0
     5
     0
     6
     0
     0
    41
    59
   217
     8
    20
     5
    14
    12
    22
    68
    12
     3
    19
    18
    30
    24
    17
     9
     0
     0
     0
     8
     0
     3
    14
    17
   179
    27
     8
    12
     0
    18
    13
    12
    26
    25
     3
    25
    17
     8
    25
    18
     0
     0
     0
     0
     0
     0
    10
    42
    29
    88
    40
    16
     4
     8
    10
    56
     7
    30
    57
    16
    43
    30
     5
    14
     0
     0
     0
     0
     0
     0
    17
     0
   196
    96
    34
    10
    25
     8
    50
    22
    40
    10
    40
     7
    14
    27
    26
    25
     0
     5
     0
     0
     0
     0
    30
    92
   101
    71
    10
    23
     8
    24
    34
    23
    26
    30
     8
    54
   162
   172
    25
    34
     0
     0
     4
     0
     0
    10
    18
   102
    55
    83
    16
    23
    17
    15
    16
    13
    15
    57
    27
    58
    58
    55
    22
     9
     0
     0
     0
     0
     6
     0
     2
    29
    10
    72
    19
     8
    10
    28
    12
     5
    20
    42
    17
     0
    31
     5
    21
     7
     7
     0
     3
     0
     0
     5
    11
    51
    90
   119
    29
    19
    11
    11
     8
    11
    21
    20
    17
    11
    59
    20
    26
    29
     4
     0
     0
     0
     0
     0
    43
    31
    18
    48
    27
    18
    14
     0
    12
     1
    26
    13
    15
    12
    69
    27
    33
    12
     0
     5
     0
     0
     0
     0
    31
    25
    99
    17
    27
    29
     9
    47
    25
    12
    53
    32
    13
     8
    46
    49
     2
     8
     0
     0
     0
     0
     2
     0
   113
    28
    70
    19
    63
     9
   170
    26
    15
    26
    52
    22
    72
    28
    65
   162
     8
    44
     8
     0
     0
     4
     0
     0
    33
    31
    24
   134
    68
    28
   215
    45
    24
    25
    33
    20
    24
    10
    66
    66
    24
    27
     0
     0
     0
     4
     3
     0
     8
   196
    64
    56
    18
    16
    23
   168
    23
    39
    37
    66
    17
    32
    14
    43
     8
     3
     0
     0
     0
     0
     0
     2
    69
    13
   131
    67
    24
     9
    13
    19
    12
    45
     2
     7
    26
    16
    10
     9
     6
     7
     0
     2
     0
     2
     0
     0
    18
    52
   216
   103
    15
    58
     9
    18
     5
    58
    33
    22
    65
    14
    29
     8
    17
    65
     0
     0
     0
     0
     3
     0
    52
   133
    51
   102
     7
    14
     2
     7
    13
    20
    31
     0
    17
    15
    18
    29
    19
    11
     0
     0
     0
     0
     8
     0
    22
   180
    51
    84
     3
    16
    31
    10
    22
    52
    59
    56
    66
    19
    18
     9
     9
    11
     0
     0
     0
     0
     0
     0
    53
    53
    58
    21
    18
    57
    11
     7
    19
    57
    21
    32
   163
    21
     7
     2
    14
     2
     0
     0
     0
     0
     3
     0
    58
    61
     6
    66
    10
   153
    26
    12
    24
     8
    20
    11
    34
    69
    17
    27
    13
    39
     0
     0
     0
     0
     0
     0
    41
    82
   174
    59
    13
    38
    31
    30
     5
    10
    14
    29
    14
    56
    15
    43
     4
    21
     0
     0
     9
     0
     0
     0
    16
    12
   168
    62
     7
     2
    20
    36
    14
    16
    17
    10
    13
    46
     6
    69
    22
    12
     0
     7
     0
     0
     4
     0
    13
    24
    28
   112
    25
    23
    22
     5
    35
    26
    17
   164
    11
    62
    21
    26
    43
    23
     0
     0
     0
     0
    13
     0
    12
    28
   100
    44
     7
    41
    13
    25
    12
     7
    16
     7
    12
    14
    25
     8
    43
    17
     0
     0
     0
     0
     0
     0
    81
     8
    46
    77
    13
    21
    10
    12
    12
    30
    16
    30
    16
     4
    12
    28
    67
    49
     0
    11
     0
     4
     5
     0
    48
    14
    66
    78
    55
     8
    19
    15
     4
    32
    26
    19
    22
     9
    15
    56
    17
     5
     8
     0
     0
     3
     2
     0
   105
    47
    21
    46
    22
    25
    11
    14
    65
    26
    24
    18
    19
    28
    38
    23
    12
    23
     4
     0
     9
     0
     2
     0
     7
    66
   118
    90
     4
    30
    61
    18
    13
    10
    59
    33
    24
   179
    17
    10
    58
    17
     0
     0
     0
     0
     0
     7
    15
     0
    39
   155
    25
    47
    20
    13
     9
    33
     9
    50
     7
     9
    82
    55
    22
    29
     0
     0
     0
     0
     0
     0
     6
    50
    54
    59
    20
     4
    59
    17
    21
     3
    12
    11
     6
    17
   120
   102
     4
    21
     0
     0
     2
     0
     0
     0
    14
     7
    53
    15
    10
    58
    15
     8
    17
    24
   160
    30
    29
    48
    59
   190
    24
    54
     2
     0
     0
     0
     0
     0
     7
    47
   129
    54
     8
    28
    24
     4
    22
    49
     9
     4
    18
    25
   195
    49
     9
    24
     0
     7
     0
     0
     0
     8
    19
    90
   104
    68
     7
    50
    18
    11
     9
    14
    12
     4
    32
    16
    60
    69
    54
    37
     0
     0
     2
     9
     0
     2
    17
     8
   165
    35
    27
    21
    41
    43
    30
     5
    31
    18
    62
    27
    22
    28
    29
    25
     6
     0
     0
     0
     0
     0
    46
    68
   183
    16
     9
     5
    49
    83
    18
    10
    16
    34
    16
    25
    12
    10
    39
   201
     0
     0
     0
     0
     5
     5
    20
    11
   134
    16
    55
    10
    39
    19
    25
    16
    23
     4
    18
    19
    85
    23
    15
    10
     3
     0
     0
     0
     0
     0
    24
    89
    72
   145
    22
    42
    65
    12
    29
    54
    56
    18
   148
     4
    19
    25
    13
     3
     0
     0
     0
     0
     0
     0
    11
   217
    27
    66
    28
    13
    21
    38
    27
     5
    20
    18
    21
   146
    11
    13
    13
     8
     0
     0
     0
     0
     0
     0
     5
    11
    74
     1
     9
    35
     5
    15
    14
    13
    14
    20
    56
    15
    28
    72
    23
    11
     0
     5
     0
    10
     2
     0
    44
   101
    47
    27
    13
    19
    56
     9
    57
    19
    48
    19
     6
    10
    16
    23
     9
    20
     0
     0
     0
     0
     0
     6
    72
    11
   249
    59
    52
    16
    56
     4
    21
    19
    22
    25
    16
    25
   104
   103
     1
    18
     0
     0
     2
     0
     0
     2
    37
    14
   110
    42
    12
    95
    31
    13
    18
    15
    30
     7
    67
    14
    53
    21
    18
    12
     0
     0
     0
     0
     0
     0
    15
     0
    47
    14
    21
    10
    12
    23
    21
    16
    29
     8
    32
    49
    43
     9
    34
     9
     3
     0
     0
     0
    10
     0
    22
    49
    51
    14
    12
     3
     5
    30
    20
    24
    18
    13
     6
     7
    44
    20
    23
    10
     0
     6
     2
     3
     0
     0
    13
   111
    63
    63
    60
    53
    11
    31
    29
    22
   156
     8
    66
   145
    52
    70
    15
     6
     0
     0
    10
     0
     3
     0
    61
    38
    60
     6
    14
     9
     9
    59
    29
    25
    29
    26
    12
    24
   102
    13
    13
    24
     0
     0
     0
     0
     0
     2
    39
    24
    58
    76
     0
     3
    21
    33
    16
    13
    78
    42
    11
    14
   160
    11
    22
    22
     0
     0
     2
     0
     0
     8
    14
    11
   103
    61
     9
     5
    43
    58
    63
    11
    24
    13
     3
    28
    37
   201
    26
    57
     0
     3
     0
     0
     0
     0
    20
   110
    49
    44
    19
    12
    27
    12
    42
    56
    33
    16
    79
     6
    19
     4
   157
    12
     1
     0
     0
     0
     0
     0
    13
    55
    25
     8
    21
     4
    52
    35
    15
    20
    20
    27
    12
   164
    31
    11
     9
    10
     0
     0
     0
     0
     8
     0
     9
    62
    91
   135
    17
    17
    15
     0
    46
    26
    26
     8
    33
     9
    12
    90
     5
    65
     1
     0
     0
     4
     4
     0
    21
    23
   136
    62
   104
    10
    16
    11
    19
     7
    66
    23
    21
    18
    43
    20
     6
    89
     0
     0
     0
     3
     0
     2
     8
    46
    89
    97
    54
    15
    30
    17
    14
     8
     3
    16
    13
    18
   101
    71
    13
     7
     1
     4
     8
     0
     0
     0
     9
    98
    61
    20
     5
    17
    24
     9
    42
    16
    24
    39
     9
    63
    31
    97
    18
    29
     0
     0
     0
     0
     0
     6
    17
    47
   211
    22
    17
    20
    21
    48
    26
    20
    22
    57
    52
     8
    20
   137
    17
    18
     1
     0
     4
     0
     0
     5
    23
    25
    65
   102
     6
    32
     7
    17
    15
     9
     9
     5
     9
    37
    21
    16
    27
    28
     0
     4
     0
     0
     0
     0
    17
    48
   128
    49
    68
    29
    38
    26
     3
    74
   203
    17
    20
    18
    21
    83
     9
     0
     0
     0
     4
     3
     0
     0
    22
    52
    26
   100
    13
    26
     9
    62
    67
    10
    14
    14
    24
     0
     9
    78
    29
    23
     8
     0
     6
     0
     1
     0
    19
   110
   246
    62
     6
    72
    14
    15
    21
    30
    40
    23
     7
    21
    54
    11
    66
    27
     0
     0
     0
     0
     0
     0
    11
     7
    49
     6
    21
   210
    10
    20
     6
    16
    11
    19
    11
    12
    17
     6
    20
     6
     0
     0
     0
     0
     0
     0
    10
     5
   117
   112
    14
    28
    20
    14
    12
    61
    21
    18
    11
    21
    14
    12
    16
    30
     0
     2
     1
     6
     0
     0
    13
    14
   136
    88
   181
    12
    14
    56
    24
    22
    12
    15
    24
     4
   161
    54
    13
    22
     0
     0
     0
     0
     0
     6
    36
    40
    96
    19
    21
     3
    22
    40
    15
     6
    11
    25
    27
    20
    58
    21
    10
    30
     0
     0
     4
     7
     0
     0
    15
    79
    13
    45
     8
    54
    62
    34
     8
    45
    50
     5
    16
    15
   170
    25
    23
    53
     2
     0
     0
     0
     0
     0
    15
     7
    85
   116
    27
    12
    49
    28
    15
   119
    18
    23
    59
    21
    28
    24
   195
    32
     0
     0
     0
     0
     0
     0
     9
    10
    46
    62
    11
     1
     7
    19
    24
    11
    10
    12
    50
     5
    40
    60
    19
    24
     0
     6
     0
     0
     0
     1
    58
    91
    12
    67
     6
     8
     8
    24
    56
     9
    15
    17
     4
    11
     9
    70
    16
    35
     0
     0
     0
     0
     0
     0
    62
   127
   105
    64
    28
    20
    18
    11
    18
    45
     7
   164
    23
    16
    10
   161
    18
    15
     0
     0
     0
     0
     0
     2
    12
    15
   260
    60
    14
    23
    53
    18
    24
    14
    17
    32
    39
    14
   152
    49
    29
    31
     0
     1
     4
     0
     0
     0
    26
    13
   124
    15
     6
    30
    24
    44
    10
    51
    16
    12
     7
    58
    13
     8
    11
   199
     0
     0
     0
     9
     0
     0
     9
   147
    29
   136
    12
    10
     7
     9
    12
    69
    16
    16
    33
    15
    26
    21
    15
    18
     0
     0
     0
     0
     0
     6
     9
    87
    53
    20
    21
     9
    14
     4
    19
    11
    33
    65
    17
    11
   166
    25
    12
    29
     0
     0
     0
     0
     0
     0
    12
    67
    81
     9
    18
     8
    11
     1
    21
    22
    24
     7
    12
    19
    15
    33
    27
     2
     0
     0
     0
     0
     0
     0
    56
     9
    19
    20
     8
     7
    30
    15
    45
    16
    11
     2
    15
    14
    51
     6
    50
   153
     0
     0
     0
     0
     2
     5
   100
   146
   133
    29
    21
    73
    10
    40
    21
    15
    18
     8
    24
    15
    45
   151
    11
     4
     0
     0
     0
     6
     0
     0
    39
    33
    71
    36
    32
    18
    22
   215
   159
    11
    35
    19
     4
    25
   116
    44
    46
    36
     3
     2
     4
     0
     0
     0
    12
    54
    91
    56
    10
    29
    16
    31
     0
    59
    14
    12
    35
    18
   196
    34
    13
    44
     0
     1
     0
     4
     0
     0
    55
    48
    52
   134
    17
    14
    12
    32
    22
     2
    20
    65
    23
    27
    49
    53
    17
    17
     0
     0
     1
     0
     0
     0
    26
    49
    27
    48
     0
    17
    16
    12
     7
    18
    25
    12
    64
    22
    23
    19
    11
    16
     5
     0
     0
     8
     0
     0
    22
     7
    31
    70
    14
    70
    21
    35
    11
     1
    32
    16
   110
    40
    59
    12
    20
     2
     0
     0
     0
     0
     0
     0
    10
    46
   128
   174
    28
    25
    23
    19
     2
    32
    32
    53
    17
    10
     3
    83
     5
     4
     0
     0
     0
     7
     0
     0
    16
    17
   107
    61
    21
    85
    27
    32
    22
    55
   177
     8
   101
    16
   294
   105
    35
    46
     0
     0
     0
     0
     0
     8
    51
   143
    49
     9
    13
    25
    17
    28
    49
   159
    22
    25
    26
    67
    47
    29
     5
    19
     0
     0
     0
     0
     0
     6
    15
    88
    26
    12
    19
     6
   148
    14
    10
    18
    29
    20
    27
    58
   166
   157
    31
     9
     0
     0
     0
     0
     0
     0
     4
    60
    10
    59
    22
    20
    10
     8
    14
   100
    10
    19
    20
    38
    29
    13
    11
    22
     0
     7
     0
     0
     0
     0
    26
   111
    50
    15
     6
   161
    26
    12
   151
     5
    56
     5
     5
     5
   147
     9
    13
     2
     0
     0
     0
     0
     0
     0
     0
   138
    13
    26
    12
    21
     9
    59
    22
    24
    27
    25
    55
     9
     3
    13
    13
    14
     0
     2
     0
     0
     0
     0
    24
     8
    59
   125
    17
    39
    22
    26
    10
    18
    14
    20
    21
    21
    41
   170
    64
     4
     0
     0
     2
     4
     0
     0
     0
    12
    79
   174
    14
    61
    39
    38
    30
    73
    66
    26
     5
    24
   160
    41
    22
     0
     0
     0
     0
     0
     0
     0
    16
   154
    23
    67
    35
    34
    32
    21
    14
    53
    33
    20
    53
     7
    55
    21
    12
    23
     0
     0
     0
     0
     0
     0
    33
    99
    65
    28
    26
    23
    22
    44
    18
     6
    97
     4
    27
     6
    12
    96
    27
    18
     0
     6
     0
     0
     0
     0
    61
    12
    59
    98
    29
     9
     1
    32
     7
    15
     8
   161
    23
    20
    94
    33
    28
    17
     0
     0
     5
     0
     0
     4
    27
    51
     9
    68
     8
     5
    12
    27
    14
    84
   170
     7
     9
    56
    41
    12
    21
    66
     7
     0
     0
     0
     0
     0
     8
     7
    60
    47
    53
    27
     7
    34
    14
    18
    37
    38
    38
    47
     7
    54
    12
     6
    14
     0
     0
     0
     0
     0
     0
    12
   137
    50
    42
    15
    27
    63
     3
    21
    16
    16
     0
    13
     4
    18
    59
    42
    23
    12
     0
     0
     0
     0
     0
    17
     9
    24
    20
    30
    20
    12
   112
    43
    10
    12
    12
    25
    22
    23
    96
    29
    68
     0
     1
     1
     0
     0
     4
    65
   106
   177
     9
    22
    21
    10
    20
    19
    11
    63
    23
    28
    33
    92
    68
    10
    25
     3
     8
     0
     0
     0
     0
    13
    40
    93
    11
    17
    20
    40
    25
    15
    39
     8
   119
    31
    76
    92
    22
    16
    12
     0
     0
     0
     0
     7
     2
     0
    46
   201
   183
    13
   153
    30
    22
    11
     9
    57
    17
    22
     5
   110
    75
    13
    11
     0
     0
     1
     0
     0
     0
     6
    19
   338
   143
    14
    85
    17
     8
    14
    29
     5
    50
    12
    18
    51
    93
    23
     7
     0
     0
     0
     0
     0
     0
    27
    29
    28
    72
    15
    75
    32
    18
    11
     0
    41
     5
    32
    63
    23
   157
    22
    23
     0
     0
     7
     4
     0
     0
    10
    40
   144
    54
    24
    25
    20
    10
    19
     4
    38
    55
    38
    16
     8
   153
     7
     1
     7
     0
     0
     6
     0
     0
    46
   140
    32
    22
    16
    30
    28
    25
    33
    27
    22
    20
    21
    50
   114
    26
    30
    33
     0
     0
     4
     7
     0
     0
    15
   142
    53
    62
    18
    50
     8
    88
    24
    10
   152
    18
    29
    70
   150
    22
    12
    14
     0
     0
     0
     6
     0
     0
    45
   138
   135
    59
    19
     9
    32
    12
     5
    32
     1
     7
    59
     7
    13
   164
    17
    48
     0
     2
     0
     0
     0
     6
    15
    23
    88
    14
    15
    24
    12
    13
    10
    50
    54
    34
    14
    10
    22
   108
    13
    22
     8
     3
     1
     0
     0
     0
    41
    46
   151
     3
    15
     3
    16
    76
    32
    15
    74
     9
     9
    10
   150
    13
    27
     8
     0
     0
    12
     0
     0
     0
    92
    43
    16
   122
    32
    15
    18
    12
     2
    47
    25
   157
    28
   104
    14
    93
    38
    76
     5
     0
     0
     0
     0
     3
     0
    10
   143
    66
    56
     8
    15
    22
     6
     7
    13
    49
    20
    13
    23
   233
    19
    13
     0
     0
     0
     1
     8
     0
    58
     5
   103
    49
     9
    49
   188
    39
    28
    57
    12
    40
    28
    66
    23
    75
    12
    30
     0
     0
     0
     0
     4
     0
    12
    38
   173
    77
    50
    24
    26
    43
    19
    15
    17
    14
    27
    45
   187
    55
     6
    44
     0
     3
     0
     0
     3
     0
    16
   126
   134
    70
    19
     8
    48
     9
    14
    11
     7
    15
     5
    21
    55
    59
     8
    10
     0
     0
     0
     9
     0
     0
    25
   185
   163
   123
    52
    26
    21
    11
    20
    31
    21
     3
    33
     7
   155
    25
    41
    22
     0
     2
     0
     0
     2
     0
    41
    14
   146
    25
    26
   147
    12
    22
     1
    51
     3
    21
    12
    34
    20
    30
    17
     5
     0
     0
     0
     0
     0
     0
    28
   103
    64
    57
    18
    22
    12
    20
    28
    10
    11
    32
    23
    33
    18
    11
    12
     1
     0
     1
     0
     0
     6
     0
    28
    52
   164
    11
    21
    10
    24
     8
    24
    11
     5
     8
    22
    22
    33
    52
    60
     2
     0
     4
     2
     0
     1
     0
    10
    40
    58
   120
    17
    26
    11
    13
    45
    16
    17
    32
    29
    16
    40
    34
    17
    16
     0
     0
     0
     1
     5
     0
    14
   146
   141
    25
    13
    28
    27
     9
    26
    67
    70
    66
    25
    13
    28
    12
    29
    22
     0
     0
    10
     0
     8
     0
    44
    17
   100
   145
    51
    23
     4
     5
    76
    17
    23
     4
    27
    89
    23
    46
    24
     4
     0
     0
     0
     0
     9
     0
    17
    87
    80
    49
     5
    16
    17
    44
   100
    17
    15
     6
    20
    34
   154
    40
     6
     7
     0
     6
     0
     0
     0
     0
    38
    94
    13
    63
    22
    40
    25
    16
    75
     8
    10
    24
     8
     7
    18
    25
    19
    11
     6
     0
     0
     5
     0
     0
   105
    16
    60
   102
    23
    39
    51
    45
    28
     4
    28
    15
    14
    26
    17
    58
    25
    69
     7
     6
     0
     0
    10
     0
    15
    18
    48
    51
     7
    14
    28
    29
    64
     9
    16
   156
    49
    71
    54
    19
    10
    12
     0
     0
     7
     0
     0
     0
    11
    14
   187
    38
    93
   159
    44
    25
   103
    12
    55
    82
     7
    24
   209
    12
    24
    27
     2
     0
     0
     1
     4
     0
    21
    74
   134
    51
    19
    71
    58
    15
     7
    31
     9
    32
    18
     8
    25
    74
    38
    57
     6
     0
     0
     0
     0
     4
    10
   142
    89
     5
    19
    22
    26
    13
    37
    25
     7
    40
     7
    48
    23
   105
    32
     0
     0
     5
     0
     8
     1
     0
    64
    59
   174
   106
     9
    26
    16
    25
    21
    31
    11
   153
     4
    48
    40
    12
    18
    19
     0
     0
     0
     0
     0
     0
    21
     0
    11
    70
    22
    13
    52
    19
    18
    22
    13
    11
    18
    95
    48
    30
    48
    31
     0
     0
     0
     0
     0
     0
    11
    16
    53
    23
    13
    21
    10
    23
    11
    17
     3
    26
    15
    23
   187
    43
     4
    26
     0
     0
     0
     3
     0
     0
    18
    57
    87
   137
    22
    15
    24
    18
     7
   142
    60
     4
    57
    15
   179
    26
    38
    20
     0
     0
     0
     2
     0
     0
    34
    70
    70
    21
    15
    23
    10
    44
    28
    82
    17
     5
    19
   161
    97
    20
    40
    15
     0
     4
     0
     0
     0
     0
    28
   108
   148
    34
    32
    31
    65
    13
    19
    33
    27
    12
    49
   105
   234
    97
    35
    26
     2
     6
     0
    11
     0
     0
    10
    55
   147
   109
    13
    16
     5
    32
     1
    57
     3
    19
    22
     1
    22
    37
    56
    47
     8
     0
     0
     1
     0
     0
    12
   126
    60
    65
    72
     0
    25
    12
    69
     8
    22
    12
     9
    18
    98
    59
    17
    98
     0
     0
     0
     0
     0
     0
    20
   152
   102
    69
     6
    30
    18
    22
    27
    51
    43
    65
     7
    15
   116
     7
    21
    42
     3
     0
     0
     4
     0
     0
    14
    21
    53
    59
    24
   127
    10
     4
    20
    10
    28
    26
    33
   161
   136
   140
    16
    31
     0
     0
     0
     0
     1
     0
    23
    26
    58
    10
     7
     7
    60
    18
    16
    10
    29
    27
    15
    17
    52
    28
    16
    13
     8
     0
     0
     0
     0
     0
    55
    49
    52
    26
    36
    11
    24
    45
    23
    41
    79
    44
    59
    46
    95
    40
     7
    21
     0
     0
     7
     8
     0
     0
    70
   132
    67
    70
    74
    83
   101
    11
    15
    16
    97
    10
    23
    20
    44
    52
    27
     7
     6
     0
     0
     0
     0
     6
    20
    95
    30
     3
    16
    34
    15
    11
    11
    64
    19
    34
    23
    11
    75
    31
     3
    11
     0
     0
     8
     0
     0
     0
    37
    52
    56
    92
    29
    38
   162
    35
    56
    50
    25
    71
    26
    23
    48
    10
    34
     8
     0
     0
     2
     0
     1
     0
    31
    67
   198
    35
     4
    64
    46
     8
     3
    17
    13
    50
    56
    16
    17
    26
    23
    28
     0
     0
     9
     0
     0
     0
    50
    93
   107
    12
    65
    65
     4
    16
    35
    49
    20
    19
    19
    21
    30
    28
     8
    54
     0
     0
     0
     1
     0
     0
    11
    45
    18
    91
    23
    10
    11
    17
     9
    14
    16
     4
    63
    11
   145
    62
    19
    54
     0
     4
     0
     0
     0
     1
    32
    32
   123
    38
    49
    17
    16
    26
    11
    17
    20
   164
    20
    19
    32
   212
    45
    18
     0
     0
     7
     0
     0
     9
    12
    52
    91
   109
    30
    18
    20
    28
     9
    13
    14
    21
    76
    34
    28
   107
    35
     9
     4
     0
     0
     0
     0
     4
    51
    57
    44
    13
    21
    21
    63
    53
     6
    37
    28
    25
     8
    20
    48
    56
    17
    24
     0
     0
     0
     0
     0
     0
    18
     6
   245
    93
    66
     8
    30
    13
    23
    60
    45
     5
    16
    10
    62
    33
    19
    66
     0
     0
     0
     0
     7
     0
    52
    27
   146
    60
    19
    11
    25
    14
    19
    10
    20
    32
    18
    21
    79
    56
     0
    14
     3
     0
     0
     0
     0
     0
    16
    47
   110
    56
    35
    38
    13
    19
    21
   129
     3
    25
    31
     6
    85
    86
    34
    27
     0
     0
     0
     0
     0
     0
    40
    98
    75
    25
    34
    21
    65
    21
    23
    32
    19
    43
    15
    56
   254
    30
     7
     8
     0
     0
     0
     0
     0
     0
    17
    99
    62
    67
   102
    28
    27
    34
    25
    16
    58
    72
    21
    71
    21
    46
    40
    17
    13
     7
     0
     8
     7
     3
    22
   126
   114
    75
    19
    30
   156
    17
    32
    38
    14
    29
    21
    32
   215
    17
    27
    39
     0
     5
     0
     0
     9
     0
     9
    53
   219
    82
   175
    16
    52
     3
    24
     8
    18
     2
    21
    27
   183
   152
    32
     0
     0
