    78
     0
     0
     3
     4
    29
   110
   103
    28
    27
    22
    60
    17
    29
    61
    68
    30
    26
    11
    72
    21
    20
   111
     5
     0
     0
     0
     0
     0
     3
    28
   216
    80
    28
    21
    50
    41
    69
    10
    25
    14
    26
    89
    67
    25
    23
    22
     0
     0
     0
     0
     0
     0
    59
   288
   176
    81
    86
    44
    47
    33
   210
    63
    37
    20
     7
    21
    78
   260
     1
    30
     0
     0
     0
     0
     0
     2
    35
    43
    95
    98
    50
    27
    21
    34
    33
    17
    73
    66
    32
    44
    26
   163
    28
   174
     0
     0
     3
     3
     7
     0
    10
    14
   114
    20
    80
    36
    34
    14
    23
    25
    62
     6
    23
    32
    72
   120
    25
    38
     0
     0
     3
    18
     1
     0
   135
   184
   117
   135
    15
    34
    36
    48
    44
    42
   136
    63
    30
    25
    91
    55
    32
    23
    10
     0
     2
     0
     9
     0
    59
    97
   120
    97
    81
    69
    33
    50
    26
    71
    65
    61
    53
    44
    80
    92
    23
    45
     0
     0
     0
     1
     0
     5
    12
    71
   110
    60
    22
    31
     4
    42
   125
    95
    26
    38
    32
   215
    63
    78
    40
    23
     0
     0
     7
     1
     0
     0
    58
    24
    69
   192
    12
    29
    19
    25
    21
    29
    20
    35
     8
   203
    16
    20
    78
    33
     0
     8
     0
     0
    12
     0
    24
    18
   122
    28
    35
    29
    51
    29
    60
    30
    24
    38
    51
    42
   152
    66
    18
    20
     0
     0
     2
     3
     0
     0
    22
   139
    89
   104
    55
   148
    24
    62
    21
    52
   162
    32
    41
    22
    93
    21
     7
    42
     7
     0
     0
    10
     0
     0
    30
    97
   219
    15
    52
    14
    33
    70
    24
    21
   114
    21
    39
    36
    70
   106
    46
     7
     0
     0
     6
     0
     0
     0
    33
    56
    14
   102
    19
    15
    13
    72
    24
    27
    32
    23
    22
    38
   173
   316
    10
    16
     0
     7
     0
     0
     0
     0
    30
   144
   169
   228
    43
    64
    32
    22
    34
    93
    29
    26
    20
   173
   110
    43
    29
    32
     3
     0
     0
     3
     3
     0
   102
    53
   101
    10
    24
    42
    14
    26
    44
    57
    37
    35
    33
    13
   124
    14
    37
    47
     0
     0
     0
     0
     0
     0
    19
    71
   103
   124
    36
    46
    33
    35
    53
    25
    59
    59
    18
    30
   102
    72
    22
   120
     0
     3
    10
     0
     0
     3
    27
    18
    97
    68
    32
    24
    38
    66
    10
    60
    16
   108
    31
    23
    70
    99
     4
    17
     2
     2
     0
     0
     4
     0
    22
    24
   263
    30
    34
    32
    85
    29
    33
    66
    20
    30
    52
    19
    22
    25
    79
    55
    12
     4
     0
     3
     0
     5
    47
    27
   111
   107
    33
    41
   124
    27
    30
    23
    14
    52
    39
    77
    16
   197
    26
    18
     0
    11
     5
     1
     2
     5
    18
   145
   161
   183
    96
    38
    32
    30
    36
    39
    84
    32
    60
    14
    36
    13
    35
    84
     6
     2
     5
     4
     6
     0
   124
    62
   230
    89
    33
    16
     4
    41
    65
    59
    33
    34
    20
    57
    72
    97
    33
    65
     4
     0
     0
     0
    11
     0
    20
   133
    52
   213
    28
    35
    44
    20
    41
   147
   183
    28
    14
    55
    67
    86
    52
    15
     0
     3
     0
     0
     0
     0
    95
   100
    66
    63
    20
    32
    20
    29
     8
    26
    12
    36
    36
    78
    73
    19
    18
    42
     2
     2
     7
     0
     8
     4
    53
   122
   132
   116
    36
    11
    21
    51
    27
    86
    61
    35
    29
    59
   147
    26
    60
    16
     0
     0
     4
     2
     0
    11
    75
    67
   247
   213
    34
    16
    51
    20
    26
    24
    48
    33
    53
    28
    28
    30
    23
    37
     0
     0
     0
     0
     3
     0
    32
    24
   173
   115
    22
    25
    71
    32
   191
    34
    62
    13
    82
    75
    75
    95
    90
    23
     1
     0
    13
     9
    11
     0
   143
   197
    97
   144
    39
   109
    22
    44
    65
    26
    64
    36
    43
    74
   125
    21
    11
    86
     2
    13
     0
     0
     0
     0
   109
    82
   160
    27
    40
    28
    24
    87
    28
    34
    37
   259
    52
   109
    74
   121
   222
   103
     0
     0
    13
     3
     0
     0
    40
    29
   119
   159
    12
    84
    20
    42
    88
    80
    60
    67
    32
    20
   112
    19
    68
    24
     0
    13
     0
     0
     4
     0
    67
    83
   110
    35
    21
    39
    50
    12
    23
    36
    39
    13
     7
    31
    29
    49
    20
    43
     0
     4
     0
     0
     0
     0
    43
    59
   168
    90
    14
    40
   104
    18
    30
    19
    69
    24
    36
   170
    26
    44
    43
    32
     0
     0
     0
     0
     1
     7
    24
    28
   111
   122
    17
    34
    38
    40
    40
    36
    25
   155
    25
    29
    60
    99
    20
    43
     0
     1
     0
     8
    15
     0
    24
    19
    92
   146
    27
    36
    11
    14
    58
    19
    30
    34
    67
     6
   120
    13
    14
    44
     1
     0
     4
     5
    11
     0
    91
   102
   180
    82
    28
    17
   100
    75
    61
    11
   180
    90
    58
    30
    33
    38
    15
    23
     7
     7
     0
     5
     0
     0
    85
    61
   184
   141
    45
    42
     5
    71
    22
    37
    70
    15
    46
    86
    11
   152
    50
    36
     0
     4
     0
     0
     0
     0
    76
    58
    67
    87
    22
     7
    31
    17
    45
    44
    40
    26
    50
    75
   114
    48
    66
    51
     0
     0
     8
     0
     0
     0
    30
   109
   231
   289
    38
    62
   150
    44
    16
    16
    16
    53
    23
    65
    61
    81
    29
    12
     0
     0
     0
     0
     0
     3
    35
    72
   233
    48
    10
    76
    77
    33
     9
    58
   169
    25
     7
    17
    50
    66
    43
    63
     6
     0
     0
     0
     2
     0
    35
   231
    49
    72
    11
    68
    32
    19
    20
    42
    35
    39
    33
    14
    16
   101
    31
    44
     1
     0
     0
     1
     5
     0
    55
   105
   113
    74
    70
    27
    25
    23
    70
    32
    27
    29
    40
    39
    17
    65
    24
    18
     0
     0
     0
     0
     1
     0
    50
   137
   113
    77
    30
    37
    16
    78
    35
    38
    34
    49
    27
    24
    45
   100
    11
    62
     2
     7
     5
     4
     5
     0
    51
   167
   234
   107
    23
    68
    30
    43
    19
    15
    29
    20
    36
    20
   117
   122
    36
    41
     0
     0
     0
     0
     8
     1
    54
    76
   145
    70
    21
    62
    44
    23
     8
    33
    24
    34
    28
   130
   118
   259
    32
    46
     0
     9
    12
     0
     0
     0
    27
   159
    79
   130
    90
    85
    35
    17
    55
    23
    27
    22
    37
    13
   120
    13
    33
    21
     0
     1
     0
     0
     1
     0
    40
    68
    93
    64
    40
    19
    16
    37
    21
    26
    63
     2
     8
    23
    99
    94
    46
    38
     1
     0
     0
     3
     0
     2
    48
    96
   144
   124
    71
    41
    24
    78
    40
    61
    29
    23
    26
    28
    10
    57
    36
    10
     8
     0
     0
     1
     0
     0
    70
   136
   125
   106
    36
    26
     7
    31
    30
    43
    19
    48
    31
    20
    46
    52
    28
    70
     7
     3
     0
     0
     0
     8
    45
   120
   193
    27
    20
    17
    54
    34
    39
   161
    63
    39
   109
    37
    89
    64
    20
    12
     8
     0
     3
     0
     0
     3
    55
   151
    29
   189
    40
    28
    72
    39
    18
    40
    62
   314
    33
    15
   213
    91
    66
    19
     0
     1
     0
     0
     0
     9
    54
   156
    51
   136
    25
   100
    42
    32
    15
    64
    25
    35
     7
    13
    79
   163
    71
    23
     0
     0
    11
     0
     1
     1
    42
    69
   138
    47
   123
    65
    50
    38
    53
   147
    36
    60
   154
    33
    22
    60
    39
    60
     5
     0
     0
     5
     1
     3
    28
    59
   150
   145
    39
    30
    11
   190
    79
    18
    23
    58
    36
    20
   106
    23
     3
    27
     0
     0
     0
     1
     8
     2
    14
   204
    68
    21
    81
    28
    17
    24
    36
    59
    28
    54
    45
    23
    30
    12
    25
    34
     0
     4
     0
     0
     0
     5
    29
    59
    68
    17
    50
    48
    49
    18
   158
   168
   110
    44
    18
    26
   187
    29
    47
    42
     0
     0
     1
     0
    16
     2
    95
   134
   150
   200
    60
    52
    59
    87
   171
   196
    50
    89
    34
    73
   171
    98
    31
    22
     0
     0
     0
    15
     0
     0
    70
   102
   143
    97
    22
    15
    92
    39
    73
    16
    39
    61
    39
   125
    27
   184
    80
    54
     0
     8
     2
     0
     0
     0
   102
    60
   304
    67
    39
    22
     8
    32
    20
    28
    22
   109
    27
    24
    74
     6
    20
    49
     0
     0
     6
     9
     0
     0
    15
   114
   147
    30
    14
    33
    42
    20
    12
    16
    26
    61
    85
    19
   209
    39
    26
    27
     0
     0
     5
     0
     4
     0
     8
    96
   109
   132
    16
    35
    18
    42
     9
    18
    38
    31
    14
    31
   105
    78
    48
    22
     4
     5
     2
     0
     0
     5
    38
    84
   178
    69
    53
    28
    50
    24
    49
    12
    42
     8
    27
    27
    67
    19
    30
    20
     0
    11
     0
     0
     0
     0
    10
    35
   149
    26
    40
    33
    24
    40
    12
   169
    14
    16
    44
    34
    33
    23
    21
   105
     0
     2
     0
     0
     0
     2
    17
   130
   112
    71
    32
   140
    33
    29
    39
    18
    40
    39
    35
    39
   129
   217
    77
    69
     0
     9
     2
     0
     0
     0
    70
   137
   141
   134
    54
    31
    54
    28
   100
   119
    32
   159
    38
    25
   124
    52
    35
    42
     0
     0
     2
     0
     9
     1
    30
   119
   330
   111
    25
    36
    43
    30
    27
    93
    43
    42
    30
    11
   158
   101
    96
    30
     0
     0
     0
     3
     0
     0
    22
    69
   225
    68
    23
    25
    13
    62
    16
    35
    12
    17
    38
    30
    24
   154
    36
    19
     0
     0
     2
     0
     6
     0
    14
    54
   105
    72
    17
    22
    26
    22
    18
    61
    36
    25
    28
    42
    67
    32
    33
    63
     3
     4
     1
     0
     0
     0
    22
    33
   267
    27
    38
    18
    40
    35
    21
    11
    27
    28
    20
     8
   182
    77
    39
    25
     0
     0
     0
     0
     0
     0
    55
    21
   381
    32
    21
    37
    48
    10
    27
    47
    29
    73
    17
    76
   113
    28
    31
    32
     0
     0
     8
     5
    13
     0
    44
    53
   112
    74
    49
    49
    19
    19
   142
    47
    95
    28
    67
    14
    73
    33
    76
    82
     7
     0
     4
     0
     0
     2
    72
   189
    19
    85
    27
    32
    33
    75
    23
    47
    13
    15
    38
    35
    55
    55
    57
    59
     0
     0
     7
     0
     0
     6
    33
    88
   146
   106
    31
   148
    31
    36
    21
    28
    43
    66
    30
    36
    38
    53
    46
    37
     0
     0
     3
     0
     0
     4
    40
    26
   243
   145
    68
    45
    22
    41
    10
    33
    13
    46
    53
    65
   234
    38
     5
    46
     6
     1
     8
     6
     0
    12
    15
   146
   310
    60
    34
    42
    30
    40
    17
    20
    32
    26
    22
    29
   114
   125
   106
    42
     0
     0
     2
     1
     0
     0
    25
   146
   129
    91
    40
    21
    34
    38
    56
    18
    37
    63
    67
    29
    21
    66
    34
    64
     2
     0
     0
     7
     0
     0
     8
   178
   253
    34
    33
    34
     7
    26
    75
    54
    70
    59
    10
    13
    91
   234
    21
    31
     0
     3
     0
     7
     0
     5
    16
   186
    35
   151
    42
    50
    28
    54
    39
    77
   314
    31
   181
    18
    41
    30
    15
    29
     0
     0
     0
     0
     2
     0
   118
    27
   271
    76
    46
    31
    75
    46
    22
    39
    64
    31
    18
    67
   118
    64
    82
    47
     5
     0
     0
     3
     0
     5
    25
   108
   219
    78
    24
    81
    28
    15
    21
    13
    31
    37
    22
    35
    40
    60
     9
    17
    12
     5
     0
     0
     0
     7
    27
    61
    18
    17
    37
    20
    27
    28
    80
    47
    48
     7
    28
    50
    76
    19
    54
    93
     0
     5
     9
     0
     2
     0
     7
   188
    38
   117
    15
    10
    12
    31
    29
    57
    37
    77
    36
    39
   182
    94
    93
    76
     0
     7
     0
     5
     0
     0
    25
    43
    49
    60
    21
    26
    43
    27
    14
    23
    12
    28
    41
    28
   138
    17
    46
    17
     8
     4
     0
     3
     0
     0
     9
   196
   109
   180
    25
    56
    28
    30
    26
    31
   114
    28
    58
    33
   238
    32
    31
    37
     0
     0
     0
     0
     0
     0
    59
   121
   190
    99
    24
    24
    24
    47
    26
   183
    52
    90
    57
     8
    28
   210
    30
    47
     0
     0
     0
     4
     4
     2
    37
    64
    20
    77
    59
    29
    35
    50
    10
    45
    78
    20
    81
   284
    34
   272
    39
    42
     5
     0
     8
     0
     0
     5
    95
   188
   113
    29
    29
    25
    18
    18
    34
    24
   122
    93
    38
   170
    60
    19
    29
    18
     0
     0
     5
     0
     0
     0
    16
    88
   204
   144
    29
    58
    29
    16
    63
    93
    21
    29
   156
   158
   152
    26
    69
    35
     3
     0
     8
    10
     0
     0
    49
     7
   185
   134
    92
    72
    62
    62
    26
    19
    32
    35
    19
    23
   156
    46
    23
     9
     0
     0
     0
     4
     0
     5
    46
    26
   180
    91
    19
     9
    69
    26
    27
    26
    27
    35
    34
    20
   102
    62
    35
    37
     7
     0
     8
     2
     0
    16
    10
    67
    87
    98
   213
    35
    42
    12
    25
    27
    38
    57
    33
    40
    69
    54
    23
    46
     4
     0
     0
     0
     0
     0
    37
    80
    56
   160
    22
    19
    38
    49
    45
    58
    36
    25
    30
    31
    99
    21
    25
    14
     0
    17
     0
     7
     2
    35
    72
    53
   107
    48
    30
    37
    83
   169
    97
    26
    22
    36
    80
    87
    75
    38
    68
     1
     0
     0
     1
     0
     3
    52
    91
   129
   120
    30
     2
    35
    56
    46
    34
    28
    61
    17
    34
    81
    20
    15
    34
     0
     0
     0
     6
     0
     1
    19
   149
    70
   104
    21
    31
    14
    30
    12
    17
    17
    14
    28
    53
    36
    15
    21
    39
     0
     4
     4
     0
     0
     0
     8
   118
   124
   164
     9
    27
    32
    30
    21
    35
    32
    28
    55
    25
    21
    31
    42
    70
     0
     0
     5
     0
     0
     0
    29
   134
   104
   159
    33
    25
    53
    34
    46
    64
    30
     5
    41
    22
    93
    70
    18
    29
     8
     0
     0
     0
     2
     5
    23
    64
   137
    58
    33
    48
    25
    63
    61
    38
   154
    64
    39
    58
   182
    29
    41
    20
     0
     0
     0
     0
     0
    13
    90
    24
   125
   165
    23
    47
    45
    37
    29
    58
    34
    19
    61
    38
    60
   234
    37
     8
     0
     0
     7
     0
    13
     0
    21
   206
   114
    60
    20
    27
    29
    25
    31
    69
    42
    52
    58
    27
   154
   149
    26
    24
     6
     0
     0
     1
     0
     0
    17
    89
   367
   294
    62
    37
    42
     1
    23
    46
   167
     6
    36
    11
    54
    32
     6
    27
     0
     0
     0
     0
     6
     0
    27
    33
     8
   193
    52
    29
    30
    34
    13
    22
    11
    28
    17
    40
     6
    64
    13
    23
     3
     1
     5
     2
     0
     0
    33
    68
    93
    53
    12
    27
    21
    16
    71
    23
    34
    15
    27
   178
    54
    63
    35
    14
     8
     0
     0
     0
     7
     0
   103
    26
   107
   131
    39
   119
    13
    24
   171
    16
    74
    30
    48
    26
   129
    21
    18
    20
     0
     0
     0
     0
     0
     6
    25
   127
   104
   127
    34
    81
    75
    56
    25
    22
    16
    35
    34
    60
    64
    70
    22
    61
     2
     2
     7
     9
     0
     1
   100
   119
   115
    44
    53
    18
    30
    25
    78
    22
    38
    31
    23
   162
   147
    32
   110
    36
     9
     8
     2
    11
     0
     0
    87
   133
    78
    50
    30
    47
    46
    32
    52
    46
    28
     7
     6
    26
    69
    34
    12
    27
     0
     0
     0
     2
     0
     0
     9
    62
   252
    65
    67
    33
    24
    74
    77
    42
    24
    36
    51
    15
   242
    36
    39
    54
     8
     0
     3
     0
     0
     2
    35
    73
   109
   187
    81
    57
    32
    75
    20
    23
    15
    49
     4
    23
   200
    41
    79
    12
     0
     5
     0
     0
     0
     4
    79
   154
   135
   126
    32
    34
    36
    34
    76
    15
    18
    68
    10
    68
    38
    64
    26
    47
     0
     0
     1
     0
     0
     8
    58
    54
    96
   144
    25
    32
    39
    62
    25
    14
    35
    56
    17
    28
    53
    38
    14
    39
     5
     0
     0
    12
     0
     0
    14
   183
   187
    21
    73
    17
    34
    14
    18
    42
    18
    26
    15
   311
    99
    17
    26
    33
     4
     0
     0
     0
     0
     2
    17
   111
   160
   285
    30
    30
     9
   188
    26
    17
    41
    56
    62
    28
    47
    54
    33
    21
    14
     7
     0
     0
     0
     0
    16
    67
   170
    70
    37
    15
    22
     7
    32
    34
    45
    41
   174
    10
   155
   155
    50
    35
     1
     0
     0
     0
     0
     0
    21
    81
   221
    37
    70
   175
    22
    32
    74
    14
    99
    35
    26
    17
    98
    76
    67
    15
     0
     0
     0
     2
     0
     0
    44
   147
   147
   114
   174
    39
     5
    50
    23
    38
    17
    15
    30
    16
    58
    51
    19
    22
     1
     0
     0
     0
     0
     0
    20
   135
   127
    11
   109
    30
    19
    20
    15
    65
    53
    23
     0
    31
    16
   100
    30
    10
     0
     0
     2
    10
     0
     0
    89
   170
   112
    69
    54
    21
     5
    10
    85
    67
   220
    37
     7
    17
    43
    22
    42
    18
    14
     6
     0
     0
     0
     0
    33
    28
   215
   183
    69
    68
    62
    36
    18
    25
    32
     8
    23
    71
    25
    24
    29
    31
     0
     0
     1
     6
     0
     7
    25
    73
   172
   187
    40
    50
    20
    33
    29
    78
    63
    39
     7
    50
    47
    32
    44
    48
     0
     7
     0
     0
    10
     1
    67
   110
    91
    70
    37
    19
    39
    55
    62
    37
    22
    30
   218
    52
    28
   160
    29
    42
     6
     0
     9
     0
     0
     0
     1
   196
   139
    85
    34
    15
     7
    36
   160
   100
    35
    30
    31
    92
    90
   160
    40
    13
     6
     1
     4
     8
     0
     0
    35
    71
    98
    58
    55
    19
    18
    15
    73
    34
    15
    27
    22
    80
   218
    55
    28
    49
     1
     1
     7
     0
     0
     2
    23
    98
   149
   131
    24
    30
     3
    45
    71
    31
    36
    30
    77
    26
    64
    36
    14
    37
     0
     0
     0
     0
     0
     2
    17
    62
   150
    28
    12
    33
    21
    59
    26
    17
    14
    17
    34
    26
    25
     8
    23
    43
     0
     1
     0
     2
     0
     5
    32
    68
   146
    56
    13
    53
    50
    15
    13
    28
    18
    16
    23
    40
   237
    26
    17
    20
     3
     6
     9
     1
     8
     8
    50
   133
    55
    16
   196
     7
    44
    19
    23
    16
    23
    11
   170
    81
    27
    70
    24
    44
     0
    14
     6
     3
     2
     7
    33
   200
    25
    85
    26
    47
    20
    22
    29
    40
    26
    33
    28
    27
   102
    77
   220
    21
     0
     0
     0
     0
     0
     0
    18
   188
   135
    50
    30
    41
    13
    16
    29
    26
    31
    12
    10
    24
    92
    67
    38
    31
     0
     0
     0
     0
     0
     0
    19
   341
    31
    25
    19
    53
    56
    12
    39
    23
    44
    16
    12
    29
    62
   117
    48
    10
     2
     4
     0
     0
     0
     0
    12
   105
    37
   113
    24
    16
   140
    27
    26
    33
    59
    20
    39
    76
    27
    94
    28
    30
     2
     1
     0
     9
     0
     0
    16
   128
    42
   185
     8
    30
    55
    20
    42
    14
    56
    15
    44
    19
    73
    62
    44
    46
     0
     0
     0
     0
     0
     7
    80
    99
   181
    70
    11
    17
    51
     7
    32
    24
    31
    18
    58
    42
    34
    54
    81
    20
     0
     0
     0
     2
     0
     3
    19
   212
   138
   191
    26
    31
    36
    39
    32
    34
    64
    55
    30
   172
   107
    42
     8
    21
     0
     1
     0
     4
     0
     0
    75
    65
    20
    79
    73
    20
    29
    79
    53
    22
    77
    38
    65
   123
    58
    13
    20
     4
     0
     0
     6
     0
     0
     0
    24
    12
   194
    42
    24
    73
    17
    59
    35
    26
    16
    23
    14
    85
    32
   144
    30
    27
     6
     9
     2
     0
     6
     0
    24
   204
   106
    60
     9
    50
    30
    58
    76
    26
    30
    21
    16
    51
    40
    58
    29
    23
     0
     0
     0
     7
     0
     0
    21
   138
    49
    63
    61
    12
    39
    13
    32
    10
    14
    23
    16
    38
    18
    18
     9
    22
     0
     0
     0
     0
     0
     0
    26
    45
    92
    12
    24
    11
    11
    42
    36
    23
    43
   165
    26
   153
    51
    67
    40
    32
     5
     0
     0
     2
     0
     0
    49
    45
   135
    23
    10
    29
    12
    31
    24
    20
    37
    25
    34
    87
    39
    40
    60
    32
     0
     9
     9
     0
     0
     0
    36
    53
   245
   141
    29
    48
    44
   104
    23
    20
    34
   160
    31
    20
     9
    71
    41
     9
     4
     0
     0
     0
     0
     1
    95
   105
   146
   162
    20
    38
    76
    51
    89
    24
    29
    79
   180
    70
    66
    26
    97
    70
     0
     0
     2
     0
     1
     0
    17
    64
    77
    23
    27
    32
     9
    10
    53
    19
    56
    50
    49
    82
    19
   108
    10
     7
     0
     0
     0
     0
     0
     6
    18
   129
   120
    66
    12
    18
    57
   165
    32
    87
    22
    19
    19
    32
   209
   138
    56
    23
     0
     2
     0
     2
     2
     0
    28
   108
   136
    95
    13
    59
     9
    47
    36
    47
    39
    14
    17
    75
    52
    44
    13
    17
     0
     1
     5
     0
     6
     0
    10
    27
   103
    70
    38
    27
    70
    27
    60
    16
    26
    83
    19
    32
   336
    79
    34
    37
     0
     0
     0
     0
     0
     0
    47
    86
   168
    53
    15
    11
     6
    17
    31
    57
    34
    32
    13
    10
   115
    50
    26
    72
    10
     2
     0
     0
     2
     6
    48
   128
   198
    54
    99
    13
   188
    26
    24
    31
    31
    25
    64
    63
    95
    32
    23
    21
     2
     4
     4
     3
     0
     0
    43
    95
   186
   140
    76
    37
    18
    36
    40
    82
    72
    61
    31
    30
    30
   171
     9
    20
     0
     0
     2
     0
     0
     0
   113
    51
   129
    95
   160
    13
    27
    30
    57
    77
    18
    38
    25
    17
   109
    40
    33
    30
     0
     0
     0
     3
     7
     5
    18
    76
   148
    74
    17
    35
    42
    10
    47
    18
    49
    67
    20
    22
   104
   144
    22
    62
    13
     0
     0
     0
     0
     0
     9
    10
   125
   133
    43
    33
    18
    21
   182
    20
    12
    23
    25
    29
    88
    12
    14
    66
     6
     7
     6
     0
     0
     0
    13
    70
    71
   104
    39
    14
    37
    29
    22
    66
    30
    16
    52
    11
   153
     5
    59
     4
     4
     0
     4
     0
     5
     0
     5
   164
    68
    97
    29
    82
    38
     8
     7
    61
    16
    27
   179
    33
    18
    13
    45
    20
     0
     7
     0
     0
     3
     0
    98
    42
    84
   109
    42
    21
    28
    90
    78
     7
    32
    32
    50
   212
   146
   337
    25
    90
     0
     0
     2
     0
     4
     0
    30
    74
    58
    31
    30
    48
    41
    56
    22
    35
     2
    59
    34
    35
   121
   248
    38
    57
     4
     3
     0
     0
     0
     0
     5
   106
    71
    33
    80
    42
    18
    26
    48
    40
    13
   159
    34
    14
    69
    24
    36
    33
     0
     5
     0
     0
     0
     0
    71
    57
   159
    66
    19
    42
    55
    10
   242
     9
    42
    62
    53
   159
    28
    18
    71
    43
     6
     0
     0
     0
     1
     5
    24
    28
    60
    14
    23
    13
    13
    30
    18
     4
     3
    36
    49
    34
    44
    77
    17
    16
     8
     3
     0
     2
     4
     7
    19
   126
    48
   154
    26
    38
    52
    27
    18
    24
   106
    20
    15
    13
   100
   210
    15
    18
     7
    13
     5
     0
     3
     9
    15
    20
    99
    96
    13
    56
    17
    14
    43
    34
    16
     3
    74
   156
    59
   106
    46
    70
     2
     0
     0
     0
     0
     0
    52
    59
   146
    59
    39
    31
    60
    28
    47
    10
    39
    12
    38
    45
    68
   194
    31
    27
     1
     0
     0
     0
     0
     0
    73
    66
   108
   204
    46
    33
    48
    36
    41
    64
    35
    39
   123
   204
   222
    67
   165
    57
     0
     0
     0
     0
     0
     0
    61
    63
    93
   127
    16
    24
    18
    46
    15
    74
    33
    25
    19
   181
    59
   195
    11
    39
     0
     0
     0
     0
     0
     0
    18
   105
    14
   126
    21
    29
    65
    67
    66
    32
    83
    25
    31
    12
    39
    26
    22
    46
     0
     0
     0
     0
     0
     0
    19
    69
    98
    93
    13
    39
     0
     4
    22
    54
    30
    21
    21
    65
   216
    23
    43
   173
     3
     0
     0
     0
     0
     0
    94
    60
   191
    51
    24
    26
    35
    15
    61
     5
    24
    34
    25
    40
   155
    17
    19
    59
     0
     6
     0
     0
     0
     2
    26
    95
   155
   127
    36
    35
    32
    25
    15
    27
    18
    31
    27
    24
    26
    58
    14
    33
     9
     1
     0
     0
     0
     0
    10
   109
    53
   102
    18
    26
    39
    51
     9
   302
    21
    60
    11
    24
   175
    37
   127
    24
     0
     0
     0
     5
     0
     8
    34
   194
    87
   128
   105
    18
    36
    30
     7
    69
    29
    28
    31
    48
    75
    33
    22
    72
     0
     0
     5
     0
     0
     0
    37
    71
    49
    25
    28
    24
     9
    32
    52
    49
    22
    14
    67
     3
    49
    15
   174
    31
     0
     6
     0
     4
     0
     4
    47
    28
    84
    16
    19
    46
    17
    18
    32
     8
    10
    85
    11
    79
    12
    24
    30
     9
     0
     0
     1
     3
     0
     6
    74
   103
   226
    44
     9
    46
    24
    60
    13
    31
    32
    27
    59
    30
    20
    17
    31
     8
     0
     2
     0
     0
     0
     0
    17
    24
    90
    77
    22
    13
   191
    28
    21
    20
    33
    13
    32
    22
    23
     8
    24
    40
     0
     0
     0
     2
     0
     3
   138
    65
   101
    23
    30
    69
    14
    13
    16
    19
    37
    21
    22
    66
    17
    20
     7
    48
     8
     0
     2
     0
     0
     0
     8
    73
    62
   109
    31
    10
    58
    63
    11
    21
    51
    47
    27
    11
   122
   142
    51
    16
     0
     4
     0
     1
    11
     3
    23
    55
    93
   115
    35
    36
    19
    35
    42
     6
     6
    27
    55
    10
   167
    63
    95
    13
     0
     0
     0
     5
    10
     0
    10
    53
   111
   102
    19
    13
    31
     9
    16
    47
     7
     7
     0
    20
    11
   103
    12
    56
     0
     0
     0
     6
     1
     0
    70
   101
   159
    95
    23
    40
    31
    71
    19
    31
    51
    10
    48
     2
    69
    19
    33
    20
     0
     3
     0
     3
     0
     1
    21
    20
   125
   154
    93
   162
    14
    57
    29
    18
    35
    20
   151
    16
    36
    18
    41
    10
     0
     0
     0
     0
     3
     0
    20
    86
   142
   139
    27
    32
    30
    60
    15
    15
    49
    26
    70
    28
    20
    37
    47
    62
     0
     7
     4
     0
     0
     0
     0
    38
    86
    67
    61
    14
    21
    11
    11
    62
    27
    29
    16
    16
    13
    66
    28
     7
     0
     1
     0
     0
     7
     0
    37
   157
    65
    70
    28
    17
    14
    34
    33
    34
    20
    26
    16
    28
    19
    34
    33
    56
     7
     0
     0
     0
     0
     0
    14
    48
   143
    99
    48
    35
    48
     7
    27
    25
     7
    19
    27
    72
    54
    66
    17
    50
     0
     6
     0
     6
     0
     0
    48
    37
   102
    75
    15
    24
     9
    22
    31
    12
    59
    91
    33
    28
    41
    35
    33
    22
     0
     0
     4
     0
     0
     0
    46
   113
   138
   139
   158
    28
     8
    23
    60
    32
    52
    56
    73
    83
    32
    99
    18
    41
     0
     1
     0
     0
     8
     0
    74
   101
    95
    68
    30
   203
    11
    20
    40
    11
    59
    24
     1
    30
    70
    63
    66
    18
     6
     0
     0
     0
     0
     0
     5
    19
   139
    75
    28
     9
    20
    30
    39
    31
    24
    16
    32
    21
    46
    66
    21
    14
     2
     0
     0
     0
     4
     0
    30
    65
   266
   126
    23
    39
    62
   163
    55
     7
    34
   163
    38
    58
   151
    28
    29
     7
     1
     0
     0
     0
     0
     0
    71
    98
    80
     2
    75
    32
    35
   176
    41
    13
    42
    19
    25
    23
   295
   188
    27
    34
     0
     0
     0
     0
     9
     0
    50
   100
    45
   106
    39
    47
    66
    44
    69
    30
   220
    29
    29
    76
    68
   143
    69
    23
     0
     0
     0
     0
     0
     0
    71
    47
   186
    67
    27
    21
    11
    11
    33
     8
    32
    30
    39
    32
    34
   115
    37
    88
     5
     0
     0
     1
     1
     0
    22
   132
   205
    25
    22
    37
    52
    11
    26
    74
    14
    46
     8
    23
    76
   154
    27
    20
     0
     0
     0
     0
     7
     0
    21
   102
    49
    88
    34
    36
    33
    21
    42
    85
    28
    18
     5
    29
    80
    71
    48
    19
     0
     0
     1
     0
     0
     6
     9
    98
    96
    73
    34
    72
    30
    14
    59
   174
    75
    17
   200
    14
    18
   158
    12
    20
     5
     0
     0
     0
     0
     0
    22
    67
    92
    45
    23
    25
    12
     3
    66
    19
    16
    33
    49
    20
   275
    15
    28
    18
     0
     0
     0
     6
     0
     5
    14
    71
    67
   110
    45
    18
    15
    55
    40
     8
    19
    10
    83
    15
    23
    34
    63
    25
     0
     6
     0
     2
     0
     0
    54
    64
   192
   149
    28
    52
    36
    13
    29
    21
    42
    35
    16
    17
    88
    96
    22
    38
     8
     0
     0
     0
     8
     0
    32
    13
   154
    37
    16
    53
    16
    52
    66
    59
   167
    11
     9
   111
    35
   194
    18
    20
     0
     0
     0
     0
     0
     0
    17
   100
    89
    22
    73
    14
    31
    16
   161
    26
   160
    26
    14
    31
    22
    32
    25
    54
     0
     0
     0
     0
     0
     0
    20
   139
   152
    13
    27
    22
    20
    32
    69
    67
    25
    24
    47
     8
    60
    18
    28
    12
     0
     0
     0
     0
     0
     0
    24
   152
    59
    54
    21
    25
    50
    12
    19
    11
    18
    53
    12
    32
   132
    66
    31
    22
     3
     1
     4
     0
     0
     0
    48
    16
   190
    16
    18
   198
    18
    23
    20
     8
    19
    44
    25
    99
    24
    65
    19
     3
     0
     0
     0
     0
     0
     9
    12
    58
    61
    60
    17
    79
    18
    18
    27
    47
    86
    18
    12
    64
    65
    65
    37
    21
     0
     0
     8
     4
     0
    13
    44
    81
   116
    65
    14
    42
    28
   173
    15
    23
    26
    57
    37
    53
    24
   213
    68
    63
     0
     3
     8
     3
     0
     0
    22
    28
   178
   161
    34
    56
    32
    77
    35
    25
    65
    35
    14
    26
    13
    17
    20
    32
     0
     3
     3
     0
     8
     0
    27
   148
    60
    42
    70
    83
    44
    20
    79
     8
    49
    69
    34
    16
   152
    19
    11
    58
    11
     0
     0
     2
     0
     0
    16
   142
   208
   112
    11
     9
    22
    20
    16
    16
    18
    13
    33
     6
    79
    74
   142
    25
     6
     3
     0
     0
     5
     0
    20
   111
    39
   103
   111
    33
    24
     8
    32
    41
    28
    55
    31
   168
    80
    48
    30
    21
     0
     0
     0
     4
     0
     0
    44
    34
    97
    86
    54
    11
    19
    28
    37
    37
    26
    70
    26
    20
    61
    16
    66
    37
     0
     0
     0
     0
     7
     0
    63
    59
   141
   107
    26
    34
    73
    19
    31
    50
    46
    55
    30
     4
   197
    67
    30
    12
     2
     0
    10
     0
    10
     9
    37
    94
   150
   111
    18
     5
    24
    70
    50
    20
   152
    50
    25
    33
    28
    54
    31
    38
     0
     2
     2
     0
     0
     0
    40
    58
    56
    85
    19
    23
    65
    22
    43
    15
    38
    30
    21
    29
    44
    91
    29
    43
     4
     0
     0
     0
     0
     0
     8
   138
   114
     7
    35
    34
    12
    17
    22
    13
    22
    20
   150
    61
    13
   212
     9
    17
     0
     0
     1
     0
     0
     1
    27
    66
   132
    57
     8
    18
    30
    26
    84
    10
    52
    19
    24
    41
    20
    30
    56
    21
     0
     0
     0
     0
     0
     0
    22
    20
   219
     6
    32
    31
    31
     5
    15
     4
     5
    27
    26
    23
   107
    23
    24
    24
     1
     0
     0
     0
     0
     0
    21
    24
     2
    27
    62
    17
    76
    27
    24
    16
    23
    21
    13
    18
    42
    56
    17
    33
     0
     0
     0
     3
     0
     0
   115
   140
    54
   296
    39
    14
    66
    30
    13
    22
    74
    55
    21
    21
   195
    95
    15
   186
     8
     0
     0
     0
     7
     0
    23
   137
   197
   109
    50
    29
    22
    74
   152
    26
    24
     9
    20
    84
    68
    17
    23
    20
     0
     0
     0
     0
     0
     0
    30
   112
   141
    68
    14
    18
    13
    23
    21
    60
    14
    34
    22
    63
    52
    67
    18
    40
     0
     4
     6
     0
     0
     0
    16
    34
     8
    62
    24
    65
    52
    46
    34
    26
    67
    22
    20
     8
    73
    13
    18
    25
     6
     5
     4
     0
     0
     1
     0
    89
   216
    70
    64
    19
    27
    27
    11
    34
    20
    17
    48
    13
    85
    35
    14
    25
     5
     7
     0
     0
     0
     0
    24
    59
   111
    88
    63
    20
    34
    33
    16
    57
     7
    11
    12
    32
   116
    14
     8
    33
     0
     0
     0
     7
     4
     0
    30
    57
    67
    78
    15
    25
    20
   150
     8
    23
    27
    82
    22
    14
     9
   152
    23
    27
     4
     0
     0
     0
     0
     0
    57
    18
   110
    76
   105
    28
    18
    79
    28
    20
    41
    34
    26
    32
    35
    16
    33
    37
     3
     0
     0
     6
     5
     0
    36
    62
   108
    63
    10
    23
    61
    41
    17
    66
    44
    69
    27
    27
    81
    84
    33
    34
     0
     1
     0
     0
     0
     0
    12
   103
   145
    33
    87
    30
    56
    11
    29
    98
    43
    22
    20
    18
    22
   195
    11
    14
     0
     0
     0
     0
     0
     0
    72
    91
   173
   106
    18
     9
    21
    46
    22
    24
     9
     9
    14
    26
    13
   119
    30
    21
     0
     0
     0
     0
     0
     7
    61
    83
   105
    59
    72
    60
    22
    17
    87
    34
    25
    16
    25
   210
    98
    32
    35
    13
     5
     1
     0
     0
     0
     0
    35
    72
    74
    64
    16
    28
    63
    26
    10
    88
    50
    21
    28
   105
    43
    79
    32
    71
     0
     0
     4
     8
     0
     1
    19
   136
   218
    74
    22
     3
    13
    11
     9
    20
    50
    21
    24
    30
    72
    35
    47
     8
     9
     6
     0
     9
     0
     0
    15
    48
    62
   203
    39
    22
    28
    21
    89
    23
    23
    23
    48
    78
    38
   105
    34
    19
     0
     6
     0
     2
     1
     0
    75
   113
    78
   133
    27
    17
    25
    26
    25
    69
    40
     8
    34
    69
    26
    30
    63
    26
     0
     0
     0
     0
     0
     9
    68
    84
    16
   133
    11
    17
    32
    79
    22
   223
    17
     0
    12
    35
    71
    41
    27
    19
     5
     9
     0
     0
     0
     0
    14
   138
   110
   100
    28
     0
    21
    22
    14
    17
     9
    33
    43
    21
    55
    11
    28
    29
     0
     0
     0
     0
     6
    12
    27
    23
   116
    58
    44
    34
    10
    19
    29
   207
    52
    14
    14
    14
    37
    13
    32
    20
     0
    13
     0
     0
     7
     0
    70
    20
    45
   105
     3
    87
    35
    32
     2
    42
    48
    25
    27
    66
    50
    15
    35
     8
     5
     4
     5
     1
    10
     0
    80
    70
   123
    15
    39
     8
    41
    45
    20
    20
     8
    56
    15
    60
   138
    33
    33
    25
     7
     0
     0
     1
     0
     8
    43
    43
   115
   110
    51
    99
    54
    18
    34
    49
    48
    19
   147
     7
    65
    40
    24
    37
     3
     0
     0
     0
     2
     0
    23
    28
    77
    55
    27
    27
    35
    22
    12
    27
    32
    64
    24
    10
    54
   141
    50
    36
     9
     2
     4
     0
     1
     0
   102
    66
   216
    55
    12
    31
    33
    20
    51
    44
    11
    13
    44
    26
    51
    57
    13
    38
     1
     2
     0
     0
     0
     8
    43
   100
    58
    55
    26
    19
    36
    29
    42
    28
    68
    78
    40
    22
    86
    60
     9
    30
     0
     0
     2
     0
     0
     0
    33
    48
    53
    70
    60
    38
    27
    18
    21
    46
     8
    17
    17
    26
   139
    62
     8
    22
     0
     0
     4
     0
     0
     0
    18
    35
   138
     9
    29
    12
    33
    15
    30
    37
    35
     9
    54
    48
    64
    53
    45
    21
     0
     0
     0
     0
     6
     0
    83
    51
   110
    53
    50
    30
    23
    30
    21
    26
    19
    17
    28
    31
    70
    18
    20
    30
     9
     0
     0
     0
     0
     0
    25
    56
   298
     9
    20
    29
    71
     7
    11
    34
   177
    30
   168
    23
    62
    80
    36
    26
     0
     7
     0
     0
     0
     1
    49
   155
   144
    51
    33
   101
    56
    17
    25
    13
    54
    60
    69
    66
    96
    34
    13
   223
     0
     3
     9
     0
     0
     0
    14
    14
    93
    35
    74
    16
    15
    27
    64
    24
     6
    15
     2
    65
    53
   184
    24
    55
     0
     0
     0
     0
     0
     0
    64
   102
    90
    60
    29
     9
    28
    12
    22
    16
    84
    19
    45
    26
    50
    39
    20
    12
     0
     0
     0
     0
     0
     0
    51
    96
    97
    98
    18
    29
    59
    49
    26
    39
    28
    31
    18
    13
    56
   145
    61
    32
     4
     0
     0
     0
     0
     1
    55
    68
   274
    63
    83
    48
    30
   150
   317
     7
    22
    18
    63
    28
    68
   106
    16
    31
     0
     4
    12
     0
     0
     0
    16
   114
   105
    92
    27
    27
    29
    34
    37
    29
    37
    66
    48
    22
    25
    25
    24
    63
     3
     0
     4
    11
     0
     0
    30
    44
   100
    27
    27
    22
    14
    97
    25
   181
   168
    79
    31
    63
    40
   141
    93
    43
     2
     1
     0
     0
     0
     0
    80
    13
   186
    21
    22
    76
    42
    42
   114
    21
    42
    17
    18
    35
   118
    32
    20
    25
     0
     0
     0
     0
     0
     8
    36
   109
   126
    65
    29
    24
    20
    24
    36
    67
    38
    55
    11
    16
    29
    13
    33
    35
     9
     0
     4
     0
     4
     6
    25
    90
    31
   180
    18
     0
   152
    21
    35
     7
    21
    26
    39
    33
   221
    11
    24
    43
     0
     9
     0
     0
     5
     0
    57
    93
    95
    87
    43
    27
    22
    25
    27
   135
     8
    17
    17
    17
    67
    22
    71
    11
     0
     0
     0
     8
     8
     9
     9
    29
    66
   101
     6
    24
    35
    29
    20
    32
    43
    10
     9
    36
   202
    30
   166
    10
     0
     0
     0
     7
     0
     0
    32
   144
    57
    95
    26
    35
    37
   196
    19
    56
   233
    19
     7
    23
    71
   162
    57
    34
     5
     7
     0
     0
     0
     0
    21
    60
   192
   126
    23
    49
    61
    24
    24
   153
    10
    27
    22
   224
   113
    25
    22
    98
     0
     0
     0
     3
     2
     0
    60
    78
   125
   100
    34
    48
    43
    26
    40
    70
    17
    29
    45
    27
    58
    19
    18
    39
     0
     8
     5
     0
     0
     0
    24
    24
   223
    49
    19
    17
     2
    63
    31
    31
    49
    15
     0
   194
    74
   123
    38
     9
     3
     0
     2
     0
     0
     0
    56
    93
   107
    62
    18
    25
    66
    46
    34
    63
    65
    27
    24
    52
     9
    17
    27
    64
     0
    10
     0
     0
     0
     2
    26
     9
   359
    46
    38
    16
    68
    14
    25
   154
    29
    21
    73
    24
   165
    33
    49
    25
     0
     0
     0
     8
     0
     0
    63
    13
   173
   175
    33
    33
    36
     8
    20
    29
    19
    68
    62
    18
    56
   106
    13
     8
     2
     0
     0
     1
     5
     7
    20
    12
   153
    19
    53
    48
    65
    17
    49
    47
    12
    14
    10
    26
    62
    36
    15
    35
     0
     0
     1
     0
     0
     3
    26
    48
   248
    65
    61
    57
    16
    45
    30
   154
     5
    32
    37
    16
   147
    14
    19
    11
     1
    10
     8
     0
     3
    10
    23
    71
   130
   110
    35
   213
    37
    36
    33
    92
    32
    66
    38
    70
    69
    12
    79
    17
     1
     0
     4
     0
     0
     0
    25
   119
    97
   112
    26
    23
    30
    20
    24
     3
     7
    27
    30
    49
    99
    15
    85
    29
     0
     0
     0
     0
     0
     0
    36
   110
   100
    55
    32
     3
    17
    72
    25
    14
    11
    76
    38
    29
   113
    23
    33
    28
     7
     0
     6
     0
     0
     0
    26
    72
   108
    26
    40
    55
    25
    55
    21
    34
    72
    31
    17
    29
    38
    25
    12
    61
     0
     0
     0
     0
     0
     3
    13
    36
   106
    99
    21
    23
     6
    18
    21
    37
    25
     9
    31
    36
   149
    65
    38
    58
     9
     0
     0
     3
     9
     0
    55
   137
    59
     2
    41
    20
    15
     7
    22
    52
    20
    38
    21
    24
    36
    38
     6
     8
     0
     1
     0
    14
     0
     1
   129
   271
   173
    31
    68
    30
    93
    16
    40
    11
    61
    39
    25
    11
    29
   156
    59
    83
     0
     3
     0
     5
     0
     0
    19
    67
   196
    44
    31
   319
    33
    33
    57
    16
    30
    32
    24
    22
   195
    37
    69
    22
     5
     5
     0
     0
     0
     8
    23
    61
   185
     6
    15
    25
    72
    12
    17
     5
    23
    16
    60
    14
    56
    44
    14
     0
     3
     0
     0
     0
     7
     8
    24
   116
   170
    33
    23
    15
    18
     8
    11
   120
    18
    34
    66
    47
    28
    24
     5
    31
     0
     6
     3
     6
     0
     0
    19
    31
   292
   163
    11
    22
    16
    17
    11
    44
    30
    28
    32
   149
    59
    18
    28
    25
     0
     6
     1
    10
     0
     0
    42
   105
   101
    34
     7
    11
    32
    13
    14
    63
    26
    19
    63
    42
   108
    95
    54
    19
     1
     0
     0
     0
     5
     3
    48
    31
   157
    59
    39
    34
    31
     9
    26
    27
    24
    35
    32
    28
    91
    17
    33
    15
     0
     0
     7
     0
     1
     0
    79
   130
    88
    88
    23
    43
    38
    30
    47
    19
    40
     9
    30
    38
    57
    21
    34
    42
     0
     3
     6
     5
     1
     0
    68
   101
   226
    24
     8
    28
    24
    19
    28
    53
    28
   174
    23
    25
    80
    72
    32
    31
     0
     0
     0
     7
     0
     0
    39
    92
   146
    77
     3
    23
    11
    11
    21
    49
    11
    16
    45
     4
    27
    18
    17
    46
     2
     0
     0
     1
     0
     0
    69
    81
   124
    75
    27
    17
    27
    24
    18
    27
     7
    57
    41
    13
    41
   186
    27
    73
     0
     0
     8
    10
    10
     0
    79
    73
   104
   144
    15
    66
    10
    41
    18
    32
    26
    68
    21
    21
   158
    26
    23
    24
     0
     5
     0
     0
     0
     0
    29
    22
    67
    45
    21
    20
    15
    52
    16
    54
    40
     9
    17
    19
    28
    89
    43
    56
     0
     0
    15
     4
     0
     0
    25
     6
   115
   130
    87
    36
    52
    12
    70
    27
    47
    38
    78
    19
    66
    24
    21
    26
     0
     0
     0
     0
     0
     4
   119
    72
   221
   231
    31
   151
    21
    26
     9
    35
    31
    26
    35
    35
   184
   193
    32
    35
     0
     0
     0
     2
     0
     1
    71
    66
   125
    37
    12
    58
    91
   185
    60
    24
    36
    65
    34
    62
    20
    39
   103
    16
     0
     0
     0
     7
     9
     2
    24
    19
    22
   122
    12
    43
    21
    31
    28
    12
    46
    15
    22
    20
   154
    27
    14
    34
     5
    12
     0
     0
    10
     0
    45
     6
   133
    66
    16
    17
    15
    12
    50
    76
    35
    19
    46
     8
    19
    10
     9
    11
     0
     0
     0
     0
    10
     0
    69
    56
    67
   103
    24
    21
    11
    64
    85
    24
    36
    18
     0
     8
   159
   174
    30
    28
     0
     0
    10
     0
     1
     0
    24
    65
   116
   132
   164
    29
    18
     7
    25
    35
    58
    31
    21
    15
   148
    17
     3
    32
     6
     0
    15
     0
     0
     7
     3
   163
   105
    59
    33
    39
    37
    22
    19
    43
    54
    12
    69
    33
    51
    14
    11
    15
     0
     0
     9
     0
     0
     0
    42
   134
    62
    67
    38
    57
    34
    44
    38
    23
    24
    35
    39
    58
    96
    63
    35
    33
     0
     7
     0
     1
     0
     0
    30
    82
   304
   142
    33
    37
    73
    32
    25
    74
    45
    25
    23
    66
    36
    74
    36
    13
     0
     0
     3
     0
     8
     0
    52
   102
    66
    70
    88
    20
    19
    13
    19
    50
    22
    29
    51
    43
   155
    65
    29
    20
     0
     4
     0
     0
     6
     0
    42
    71
    48
   102
    39
    21
    35
    23
    32
    67
    35
    23
    26
    25
    84
    68
     8
    47
     0
    10
     2
     0
     1
     0
    22
    96
    64
    64
    11
    12
    14
    11
     8
    21
    30
    25
    22
    36
   301
    27
    73
    35
     2
     0
     0
     1
     1
     0
    28
    14
    56
   151
    28
    49
    13
    31
    67
    48
    10
    65
    18
    34
   154
    21
    53
    25
     9
     0
     0
     0
     4
     3
    64
    69
   146
    76
    33
   172
    20
    26
     7
    24
    10
    32
    10
    34
   209
    38
    83
   165
     0
     5
     0
     0
     0
     0
    58
   117
   226
    80
    34
    39
    21
    29
    70
    40
   342
    73
    56
   210
    69
    11
    12
    22
     0
     1
     2
     0
     0
     3
    47
    77
    96
   104
    21
    67
    20
    33
    88
     6
    23
   112
    21
    42
    95
    33
    30
    50
     2
     0
     1
     0
     0
     0
    24
   102
   231
    52
    50
    30
    12
   122
    12
    36
    44
    70
    16
   156
   104
    44
    14
    49
     6
     0
     0
     1
     0
     0
    53
    81
    99
    99
    24
    19
    30
    32
    55
    27
    39
    11
    54
    37
    31
    30
    30
    34
     7
     8
     0
     0
     2
     0
    21
   104
   126
   113
    11
    35
    35
    64
    72
    30
    91
    50
    22
    15
    57
    67
    14
    36
     3
     0
     0
     0
     0
     5
     0
    68
    56
   114
   121
    37
    81
    42
    19
    16
     9
    19
    54
    12
    56
    67
    44
    37
    22
    15
     0
     0
     4
     0
     0
    13
    99
    95
    74
    21
    15
    58
    57
    21
    42
    28
    15
    15
    13
   144
   120
    19
    40
     0
     0
     0
     7
     5
     0
    62
   152
   237
   177
    12
    59
    19
    22
    25
    54
    59
    21
    21
    33
    16
   113
    60
    56
     0
     0
     0
    10
     0
     0
    19
    53
   263
   102
    33
    11
    17
    26
    21
     9
    78
    77
    18
    26
    47
   103
    46
    21
     5
     2
     8
     0
     0
     0
    83
    58
    90
    96
     8
    31
    26
    10
     2
    14
    25
    22
   101
    63
    66
    44
    18
    19
     0
     7
     0
     0
     0
     6
    45
    93
   184
    65
    14
    71
    34
   152
    22
    75
    21
    37
    19
    13
   204
    17
    68
    14
     0
     0
     0
     0
     0
     0
    71
   145
   101
    25
    35
     7
    34
    15
    38
    21
    25
    45
    32
   105
   160
    76
    24
    36
     1
     3
     7
     1
     0
     0
    20
    97
    49
    51
    24
    15
    30
    20
    63
    18
    46
    11
    12
    11
    61
    30
    23
    26
     0
     0
     0
     0
     4
     2
    44
    61
   124
   148
    38
    45
    21
   117
    28
    12
    12
    19
    20
    40
   233
    22
    14
    30
     0
     0
     0
     5
     0
     7
    92
    26
   138
   110
    73
     7
    60
    30
    41
    64
    96
    26
    28
    30
    30
   124
    33
    16
     0
     5
     0
     0
     0
     0
    33
   170
   213
    20
   178
    69
    35
    40
    62
    33
    24
    16
    31
    34
    82
   159
    30
    68
     0
     4
     0
    11
     0
     0
    30
   107
    18
    13
    40
    22
    20
    12
    30
    25
    19
    70
    31
    15
    11
     4
    18
    17
     0
     0
     0
     2
     0
     5
    74
    45
   145
   220
    13
    57
    12
    52
    13
    16
    20
    29
    59
    30
    21
    31
    31
    20
     6
     0
     0
     0
     9
     0
    76
    17
   104
   145
    33
    55
     8
    30
    34
    51
    11
    67
    38
    10
    17
    27
    38
    24
     0
     0
     0
     0
     0
     0
    51
   116
    58
   172
    27
    39
    23
    23
   232
    17
    32
    16
    17
   101
    10
   192
    53
    28
     1
     5
     4
     0
     0
     0
    34
    61
   147
    82
    23
    16
    30
    28
    37
    64
    36
    21
    19
    27
   166
    14
    68
     5
     0
     4
     0
     0
     0
     0
    75
   140
    69
   144
    22
   170
    67
    44
    17
    79
    29
    29
    38
    59
    74
    53
    32
    14
     2
     0
     0
     0
     5
     0
    59
    56
    31
   134
    20
    95
    13
    41
    54
    31
    37
    60
    34
    55
    33
   161
    24
     5
     7
     0
     0
     0
     0
     1
    17
    67
    96
    56
    45
    40
    28
    60
    58
    58
   155
    22
    29
   161
    57
    91
    13
    13
     0
     0
     5
     0
     0
     7
    20
    23
   288
    23
    43
    37
    52
    25
    19
    18
    67
    39
    27
    77
    21
     5
    18
    48
     0
     0
     9
     0
     2
     0
    33
    68
   170
   169
    24
    19
    26
    95
    77
    54
    28
    20
    32
    26
    33
   114
    31
    54
     0
     0
     2
     3
     0
     2
    17
     3
    84
    29
    19
    38
    47
    26
    23
     4
    78
    27
    31
    43
     3
    61
    26
    76
     2
     0
     0
     0
     0
     0
    27
   156
    24
    75
     1
    34
    25
    14
    57
    29
     8
     8
    20
    10
   110
   109
    28
    35
     0
     5
     6
    12
     1
     0
    18
    57
    75
   153
    18
    24
    34
    50
    23
   173
    42
    82
    50
    86
   152
   109
    48
    35
     3
     0
     8
     0
     2
     0
    71
   137
    64
   108
    51
   163
    68
    35
   176
    54
    25
    34
    68
   185
   152
    55
    43
    27
     0
     0
     0
     0
     5
     0
    10
    98
   204
    36
    21
    14
    87
    32
    12
    24
    50
    53
    41
    36
   154
    16
    25
    36
     0
     0
     0
     0
     0
     8
    31
    84
    67
     8
    34
    20
    26
    36
    19
    43
    19
    22
    28
    33
    74
    23
    36
    11
     0
     0
     0
     0
     0
     0
    33
    46
    57
    95
    33
    75
    10
    43
    26
   101
    36
    37
    31
    22
    19
    19
    15
    13
     0
     2
     2
     0
     0
     7
    29
   106
   108
   185
    12
    29
    26
    28
    29
    19
    19
    25
    45
    11
     9
   252
     9
     9
     0
     0
     0
     0
     3
     0
    32
   101
   193
   105
    24
    19
    50
    28
    20
    25
    30
     7
    20
     6
    60
   117
    18
    22
     0
     4
     0
     0
     0
     0
    15
   141
   245
    63
    51
    27
    98
    46
    22
    63
    90
    31
    24
    18
    74
   129
    84
    23
     0
     7
     0
     0
     0
     0
    36
   110
   172
   140
    88
    37
    31
    46
    25
    33
    26
    14
    26
    18
   257
    52
    19
    22
     0
     0
     0
     0
     9
     0
    59
   113
    65
   100
    33
    68
    63
    21
    59
   161
    18
    28
    37
    29
   129
   154
    20
    30
     0
     0
     1
     0
     0
     0
    12
   140
   107
    44
    51
    23
    30
    37
    35
    28
    47
    40
    76
    22
    39
    61
    35
    22
     0
     0
     0
     0
     7
     0
    72
   141
    53
    13
    16
    53
   112
    14
    55
    23
    21
    27
    29
    72
    17
    97
    57
    25
     0
     0
     0
     0
     0
     0
    36
    55
    56
    61
    21
    31
    29
    30
    14
    13
    30
    78
    97
   167
   114
    24
    63
     7
     0
     0
     9
     8
     8
    13
    33
    61
   139
   106
    33
    37
     5
    13
    35
    38
    26
    10
    12
    34
    23
   111
    18
    29
     0
     0
     1
     0
     3
     0
    67
   103
    78
    52
    38
    18
    29
    27
    18
    24
    23
    53
    23
    35
    60
   105
    34
    46
     4
     0
     1
     0
     0
     0
    33
    32
   188
    15
    45
    79
   149
    67
    50
    46
    17
    58
   172
   163
   206
   109
    60
   148
     0
     0
     0
     0
     0
     0
    55
    63
   105
    43
    50
    68
    47
    15
    72
    36
    19
    37
    58
    15
   182
    77
    42
    27
     0
     0
     0
     0
     0
     0
    13
   178
   204
    63
    47
    17
    34
    25
    23
    16
    35
    30
    98
    10
   127
    70
    22
    41
     0
     0
     0
     0
     6
     0
    46
    99
   151
    71
    28
    30
    36
    12
    20
    22
    35
    34
    20
    18
   149
    52
    41
    80
     2
     0
     0
     0
     5
     0
    63
    46
   173
   152
    16
   171
    24
    69
    77
     7
    26
    49
    13
    74
    36
    10
    23
    43
     0
     8
     6
     0
     0
     0
    12
   177
    55
    13
    14
    73
    18
    17
    31
    32
    19
    79
    26
    38
    23
    14
    49
    25
     0
     7
     0
     0
     0
     0
    34
   120
    98
    93
    31
   100
    32
    56
    32
    54
    94
    24
    13
   104
    74
   117
    20
    21
     0
     0
     2
     0
     0
     0
    41
    57
   307
   165
    44
    34
    41
    43
    75
    18
    15
    84
    53
    58
    27
    15
   100
   120
     0
     0
     0
     0
     0
     0
    49
   195
    93
   120
    59
    32
    32
     5
    79
    24
    22
    13
    49
    23
   100
    67
   158
    92
     0
     6
     0
     7
     0
    14
    93
    59
   142
    69
    35
    50
    23
    59
    36
    22
    62
    41
    28
    45
   118
   152
     8
    38
     0
     0
     0
     0
     0
     0
    24
   127
   129
    74
    44
    69
    36
    16
    48
     9
    30
    32
    20
    32
    44
    69
     5
    34
     4
     2
     0
     4
    12
     0
    55
   176
   154
    57
    14
    32
    64
   109
    28
    40
    22
    37
   116
    29
    28
   120
    27
    14
     1
     0
     0
     0
     3
     0
    12
   117
   111
    38
    37
    81
    71
    25
    13
    34
    22
    13
    37
    27
    32
    72
    33
    18
     1
     2
     0
     0
     2
     0
    19
    38
    64
   153
    36
    70
    59
    30
    17
    18
    21
    16
   227
    51
   162
    76
    32
    30
     3
     1
     2
     0
     5
     5
    18
    23
   206
   244
    62
    36
    35
    26
    61
     6
    49
    49
    33
    18
    44
    65
    64
    30
     0
     0
     7
     0
     0
     0
    67
    28
    80
   184
    71
    23
    12
     8
    66
   170
    44
    20
    27
    24
    39
    16
    27
    33
     0
     0
     0
     0
     0
     0
    15
   106
    45
   153
    44
    11
    27
    86
    52
    43
    58
   204
    23
    29
    20
   215
    45
    48
     1
     3
     0
     0
     3
     0
    39
    78
    92
    52
    52
    85
    31
    18
    30
    24
    18
    12
    78
    66
   102
    10
    15
    15
     0
     0
     7
     4
     0
     0
    25
    95
    61
    59
    40
    57
   163
    66
    36
    32
    22
    15
    22
    26
    75
     9
    22
    31
     8
     0
     0
     2
     7
     0
   123
    89
    24
    62
    26
    50
    71
    45
    67
    46
    38
    41
    15
     9
    22
    31
    31
    12
    12
     8
     0
     6
     0
     0
    75
   185
   191
    97
    21
    84
   138
    31
    11
   192
    35
    18
    40
    50
   224
    28
    27
    40
     2
     0
     0
     0
     5
     0
    97
    61
    52
   263
    62
    59
    45
    34
    46
    20
    63
    27
    59
    31
   117
    86
    19
    84
     0
     9
     0
     0
     0
     0
     8
   111
    67
   158
    16
    35
    26
    18
    31
    47
    15
    30
     9
   244
    12
    39
    23
     0
     0
