    48
     0
     0
     0
     0
    59
    12
   127
    49
    25
    18
    14
    18
   180
     7
     6
    12
    17
    25
    65
    62
    15
    18
     6
     7
     0
     0
     0
     0
     1
    55
    38
   222
     8
     1
    21
    10
     4
    15
    12
     6
    16
    15
     5
    55
    21
     0
     0
     0
     0
     0
     0
     0
    50
     7
    97
    65
     8
    10
     0
     6
    10
    39
   142
    11
    13
    16
    55
    89
    21
    23
     0
     0
     5
     0
     0
     9
     9
    11
    40
    24
    18
    11
    33
    54
     8
     6
    13
    14
    14
    21
     3
     8
    11
    21
     0
     0
     0
    17
     0
     0
    17
    79
    52
    66
    29
     7
    19
     8
     4
    64
    12
     2
     6
    24
   254
     0
     6
    18
     0
     0
     0
     0
     0
     0
    28
    63
    13
    50
    22
    36
     8
    16
    28
    13
    10
    12
    12
    54
    27
    10
    14
    29
     0
     1
     0
     0
     0
     1
    31
     8
    46
    84
     6
   155
    14
    62
    47
     2
    13
    16
    23
    54
     8
    43
    25
    18
     0
     0
     6
     0
     0
     1
     9
    22
   127
     1
     5
     9
    16
    19
     5
    13
    11
     3
    22
     6
    15
    54
    23
    66
     0
     0
     1
     0
     0
     0
     8
    55
    93
   112
     2
     5
    10
     9
    65
     9
    22
    59
    12
    17
   116
   196
    12
    25
     0
     0
     0
     3
     0
     0
    19
    12
    48
    15
     1
    14
    43
    14
     6
    18
    22
    18
    26
    14
    38
    55
    20
     7
     0
     2
     0
     0
     1
     0
     8
   135
    13
     9
    11
    27
    27
    60
    26
    26
    23
     2
    54
    19
     1
    18
    20
    53
     0
     0
     1
     0
     0
     0
    30
    96
    58
    61
    11
    13
    18
     3
    10
    67
    15
     3
     3
   157
    15
    11
    19
    11
     0
     0
     0
     0
     7
     0
    13
    25
    66
    46
    19
    15
    21
     0
     4
    27
    14
    11
    18
    19
    26
    22
    68
     1
     0
     5
     8
     1
     0
     0
    34
    16
   137
    31
    14
    28
    16
    36
    15
    26
    67
    21
    23
    25
   152
    32
     5
    30
     0
     0
     0
     0
     0
     0
    24
    50
    51
   181
    27
    20
    53
    48
    57
    33
    55
     9
    10
     4
   175
    59
    12
    19
     0
     0
     0
     0
     0
     0
     8
    14
    98
    75
    18
    23
   157
    34
    11
    63
    14
    22
    14
    14
     8
    55
     3
    13
     0
     0
     0
     0
     0
     0
    14
    28
    17
   136
    55
     3
     0
     0
     9
    29
    17
     2
    30
     3
    99
    11
    22
    20
     0
     0
     0
     0
     0
     3
    21
    52
   135
    26
    19
    22
    21
    21
    15
    12
     1
    18
     7
     9
    12
    16
     3
    13
     0
     0
     0
     0
     6
     0
    17
    53
   153
   132
    27
    18
    12
     3
    31
    49
    17
    25
     8
    26
   162
    48
    20
     2
     0
     0
     0
     0
     0
     0
    11
    14
     8
    11
    29
     7
     5
    40
     9
    13
    55
    11
    30
    17
    49
    18
     8
    11
     0
     0
     0
     0
     0
     0
    58
    53
    86
    50
    10
     6
    25
     2
    15
    19
    19
    20
    13
    77
   196
    14
    25
    17
     2
     3
     0
     0
     1
     0
     7
    36
    46
    74
     6
    19
     7
     9
    23
    55
     7
     8
    57
   150
    62
    10
    12
    23
     0
     0
     4
     0
     6
     0
     1
    44
    70
   130
    33
    55
    52
    25
     5
    13
     8
    12
    43
    26
    12
    59
     0
    40
     0
     0
     0
     0
     0
     1
    21
    40
    57
     0
    16
    25
    11
    27
    14
    26
    13
     5
    21
    18
   334
    32
     9
     8
     0
     0
     0
     0
     0
     4
     1
    22
   132
    15
    26
    13
    17
     9
    17
    25
    17
    21
     2
    41
    58
    12
     8
    11
     0
     0
     6
     0
     2
     0
    20
   148
    58
   138
    25
   156
     9
    19
    27
    25
    51
    43
    14
    26
    49
    45
    46
    12
     0
     0
     0
     0
     0
     0
     4
    22
   139
    25
    33
    28
    20
    48
    23
    17
    16
    57
    20
    32
    34
    47
     5
    58
     3
     0
     3
     3
     5
     0
    19
    64
    49
    65
    11
    26
    10
    43
    12
    10
    18
    50
    18
    61
    29
    63
    11
    13
     0
     2
     0
     0
     0
     0
    26
    48
   103
    51
    10
    19
     9
    12
    20
    28
    13
    51
     6
    24
    48
    50
    13
    57
     0
     0
     0
     0
     0
     0
    12
     5
    24
    64
    11
    23
    14
    72
     5
    46
    12
     6
     9
    20
   197
    47
    10
     5
     0
     0
     0
     7
     0
     0
    17
     8
   148
    11
     3
    15
     7
     3
    10
    37
    17
    12
    12
   140
    11
    22
    19
    25
     0
     0
     0
     0
     0
     0
    17
    43
   105
    90
     5
    11
     6
    29
    17
    11
    20
    16
    20
     6
    33
    18
    54
    14
     7
     0
     0
     8
     0
     0
    15
    12
    56
    24
    12
    14
    17
     7
     7
    14
     4
     1
    17
    27
     6
    10
    39
     9
     0
     4
     0
     0
     0
     0
     9
    62
    50
     6
     5
     9
    58
    11
    53
    15
     1
    23
    31
    87
    86
    20
     9
    22
     0
     1
     0
     0
     6
     5
    42
    63
    73
    42
    25
     7
     3
    16
    12
     7
    12
    12
     9
    27
   105
    42
    16
    26
     0
     0
     0
     0
     0
     0
    25
    55
    16
    13
    18
    27
    16
    32
     1
    22
     5
    14
     7
    19
     8
    17
    27
    20
     1
     0
     4
     0
     0
     0
    10
     8
   136
    47
    18
    17
    14
    29
    50
    17
    22
    24
    13
    24
     9
    52
    40
    14
     0
     0
     0
     0
     0
     4
    13
    38
     6
   106
    19
    11
    23
    20
    12
    19
    16
     9
     4
    41
   341
    59
    24
    33
     0
     1
     0
     0
     7
     0
    10
   107
     0
    99
    32
    16
    10
    22
    19
    19
    12
     4
    26
     0
   140
    12
    21
    27
     0
     7
     0
     0
     0
     0
     9
    56
    68
     0
    11
     1
    26
    16
    13
    14
    24
    12
     7
     5
     1
    78
    22
     9
     0
     6
     0
     0
     0
     0
    18
    85
    18
    90
    23
    27
    14
    14
     6
    10
     3
    22
    27
    54
    14
    48
    12
    15
     0
     0
     5
     0
     0
     0
    27
    32
    92
    54
    16
    53
    15
    58
    11
    16
    19
    24
    25
    54
    16
    22
    24
     4
     0
     0
     1
     0
     0
     0
    55
    11
   159
    20
     2
    50
    10
    25
     5
    26
     9
    11
    34
     7
    20
     5
     9
    14
     0
     0
    10
     0
     0
     0
    16
    13
   178
    20
    14
     7
    20
    12
    18
    29
     6
    48
    14
     5
    18
    55
    20
    44
     0
     0
     0
     0
     0
     0
    10
     8
    84
    62
     3
     9
    27
    12
     1
    17
   156
    23
     0
   149
    18
     6
    27
     4
     0
     0
     1
     0
     0
     0
    21
    30
    13
    46
    59
    28
   172
     3
    18
    25
     2
     6
    23
    40
    57
     5
    13
    24
     0
     0
     0
     0
     0
     3
    33
     8
    50
    14
    21
     5
     9
    20
    26
    17
    10
    48
     6
    54
    85
    10
    26
    72
     0
     0
     0
     0
     0
    12
     4
   113
    60
    57
    10
    14
     4
    19
    11
    17
    21
    95
    22
    58
    13
    15
    22
    11
     0
     0
     0
     0
     8
     3
    80
    54
   107
     9
    20
    19
     1
    13
    17
    21
     8
    16
    12
    52
    80
    25
     5
    11
     3
     0
     1
     0
     0
     0
    14
    29
    15
     6
    11
    14
    19
    28
    20
    12
     9
    11
    11
     1
   209
    85
    27
    13
     0
     0
     0
     0
     0
     0
     5
    56
    45
    98
    11
    15
    18
    20
    22
    20
     0
    14
    26
    22
    43
    58
    25
     1
     4
     0
     0
     0
     0
     0
     7
    58
   156
    10
     4
     3
     0
    12
    19
    11
     2
     9
     0
    10
    21
    13
    30
    57
     0
     8
     1
     8
    13
     0
    42
    67
    47
   141
    15
   184
    15
    60
    36
    28
     7
    16
     9
    42
    16
   151
    21
    18
     0
     0
     2
     0
     3
     0
    10
   104
    38
    25
    12
    15
    11
    18
    33
    19
     2
     9
    49
    27
    13
    55
     4
    14
     0
     0
     0
     0
     0
     0
    12
    13
   132
    79
     1
    21
    44
    23
    11
    26
    12
    24
    11
    11
   158
     5
    13
    15
     2
     0
     0
     0
     4
     0
    83
    75
   169
    29
    15
    28
    20
    35
     0
     8
    15
    14
    29
    21
    47
    44
    43
    25
     0
     0
     6
     0
    10
     0
    10
    23
    65
     8
    66
    48
    23
    58
    17
     3
    14
    13
     5
    10
    18
     4
    19
    26
     0
     0
     0
     7
     0
    13
    59
     2
     4
     3
    43
     5
    21
    21
     5
     9
    11
     0
    23
    74
    20
    10
     8
     3
     6
     0
     1
     2
     0
     0
    43
    46
   114
    10
    21
     2
    16
    27
     5
     7
    15
    18
     5
    17
    34
    97
    25
    10
     0
     0
     0
     0
     0
     0
     9
    57
    98
   117
     6
    49
    19
    11
    10
    14
    26
     9
     9
    21
   175
     1
    55
     9
     0
     0
     0
     0
     0
     0
     8
    13
   117
    10
    18
    26
    20
    12
    29
    23
    13
    17
     6
    19
     9
    19
    12
     0
     0
     0
     5
     0
     1
     0
     4
    47
    26
    28
    13
    12
    26
     8
    14
    19
    18
   164
    11
    10
    34
    17
    11
     8
     0
     0
     0
     0
     0
     2
     7
    97
    53
    39
     5
    11
    36
    37
   147
    22
    30
    19
    18
    22
     5
    38
    17
    22
     7
     0
     0
     0
     2
     3
    52
    33
    65
    87
    14
     9
    38
    23
    43
     9
    18
     8
    22
    17
    69
    22
    64
    12
     0
     0
     0
     0
     0
     0
     7
     2
    15
   142
    19
    18
     7
    13
    24
     8
    10
    27
     0
    14
    15
    11
    11
    16
     0
     0
     0
     1
     0
     0
     8
    51
    28
    21
   153
    15
    64
    11
     9
    14
    53
    11
     8
    60
    51
    43
    16
     4
     0
     2
     0
     0
     0
     0
    54
    95
   203
    60
    24
    22
    19
    29
    13
    10
    19
     6
     0
    64
    22
   130
     3
    22
     4
     0
     2
     5
     0
     1
    22
    57
    21
    60
    27
   150
    24
     6
    11
    18
    13
    16
    10
    61
    80
    66
     8
    29
     0
     0
     0
     8
     0
     0
    42
   136
    97
    62
     2
     5
    57
    17
    43
    16
    47
    17
    15
     6
    15
    14
    40
     6
     4
    10
     0
     0
     0
     0
    11
    48
    52
    51
    27
    11
    26
    18
    17
    19
    25
    29
    13
    11
    41
    16
    17
    10
     0
     0
     0
     0
     0
     0
    15
    27
    34
     8
    11
    11
     3
     7
    22
    10
    25
    63
   156
     5
    13
     0
    33
   121
     0
     0
     2
     0
     0
     0
    59
    46
    59
    23
    20
    14
    24
    12
    13
    11
     7
    29
   136
     8
    15
    49
    32
     8
     0
     0
    10
     2
     0
     0
     7
    45
   176
   105
   145
    17
    57
    15
     8
    21
     8
   144
   160
    60
   149
    24
    17
    56
     0
     0
     0
     0
     0
     1
    21
    58
     7
    74
     3
    30
    30
    25
    12
     2
     0
    24
    25
    33
    10
    46
    11
     6
     3
     0
     0
     0
     6
     0
    39
    19
    41
    13
    19
    18
    35
     1
    14
    15
    25
     4
     6
    12
    50
    21
     7
    21
     0
     0
     0
     0
     5
     0
    35
    20
    40
    22
    14
    67
    11
    22
    13
     1
    13
    44
    13
    23
     9
    29
    13
    25
     8
     0
     0
     0
     0
     1
    24
    16
    58
    17
    13
    20
     8
    34
    28
    27
    57
    19
    29
    12
    23
    12
    26
    10
     0
     0
     7
     7
     0
     0
    15
    52
    94
   197
    22
    33
    22
    33
    13
    58
     8
    14
     9
    13
    12
    10
     7
    26
     5
     0
     0
     0
     0
     2
    24
    48
    50
    91
    14
    19
    17
     9
    10
    10
    14
    10
    20
   158
    14
    21
    21
     7
     0
     0
     0
     0
     0
     0
     6
   140
   121
    72
    19
    11
   154
     9
     7
     3
    26
    13
     9
     0
    28
    17
     1
     8
     0
     0
     0
     0
     1
     4
    15
    18
     0
    30
    13
     9
    16
     9
    45
    59
     6
    15
    32
    22
    17
    16
     5
    10
     0
     0
     0
     0
     0
     0
     0
   109
    93
    18
     9
    20
    20
    21
     3
     2
     9
    19
    13
     0
    18
    59
    15
    19
     0
     0
     7
     7
     0
     0
     5
    85
    10
    22
    27
    20
    13
     3
    54
    24
    18
    14
    29
     5
   105
    21
    46
    18
     6
     9
     0
     0
     8
     0
    12
     9
    23
    23
    43
    11
    12
    19
    17
    47
   167
    24
    44
    54
    38
    16
    20
    15
     0
     0
     0
     0
     1
     0
    43
    12
   112
     4
     8
   140
     5
    13
    18
    25
    56
     9
    24
    43
    58
    26
     3
    20
     0
     0
     0
     0
     0
     0
    34
    46
    60
    48
    50
    51
     4
    21
    30
    22
     0
     0
    13
     0
    12
   106
     6
    31
     7
     0
     0
     3
     0
     2
    22
     2
    74
     5
    21
    66
     8
    54
    14
    30
     8
     4
    11
    50
    11
    53
    13
    14
     0
     2
     0
     0
     0
     0
    53
    57
    58
    92
     2
     4
    19
     4
    57
    14
     8
    37
   139
    27
     5
    51
    22
     7
     0
     0
     0
     0
     0
     0
    27
    18
    30
    26
    20
    11
    60
     1
    10
    74
    62
    11
    16
   110
    42
     4
    15
     9
     7
     0
     0
     0
     0
     0
    21
    72
   125
    47
    11
    17
     6
     5
    49
    45
    16
    20
     3
    66
   103
    16
    30
    25
     3
     0
     0
     1
     0
     5
    56
    44
    54
     8
     4
    13
    14
    17
    22
    31
    33
     3
    86
   106
     7
    18
    28
     2
     0
     0
     0
     5
     0
    18
    13
    52
    11
     8
    20
    17
    66
    60
    26
    18
     0
     3
    18
   149
    58
    35
    10
     0
     7
     0
     0
     0
     0
    11
     4
    95
   131
    11
     9
    17
    15
    19
    20
    11
     8
     6
    13
    92
    21
    14
    12
     0
     0
     0
     0
     0
     0
    53
    37
    17
     5
    14
    14
    14
    26
    61
    14
     2
    12
    12
    11
    10
    12
     6
    14
     0
     0
     0
     0
     0
     4
     8
    46
    57
    55
     3
    27
    18
    17
     5
     6
    11
    10
     0
    18
     7
    51
     4
    13
     0
     0
     0
     0
     0
     0
    21
    93
    48
     2
    68
    31
     7
    17
    14
    11
    38
     8
     0
     6
     6
    64
    10
    51
     0
    16
     0
     0
     0
     0
    46
    10
    32
    15
    25
    11
    21
    27
     9
    56
    15
    20
    13
     5
    26
    49
    12
    20
     0
     0
     0
     0
     0
     0
    10
    11
   113
    45
    40
    18
   112
    21
    33
     3
    20
    14
    27
    13
    17
    34
    60
    33
    16
     0
     8
     3
     0
    10
    15
    57
    47
    24
     4
     5
    22
    47
    17
     3
    27
     5
     3
    24
     3
    50
    16
    35
     0
     0
     0
     2
     0
     0
     7
    51
    45
    13
     2
     3
    14
    10
    22
     8
     8
    56
    12
     3
    65
    10
     4
    14
     0
     0
     0
     0
     0
     4
    19
    68
    48
     0
    29
    24
    16
     1
     8
    49
    13
    28
     3
    13
    57
    50
    24
    23
     7
     0
     9
     0
     2
     0
    11
    37
     0
    12
    17
    49
    18
    22
    24
    15
    15
   177
    12
    54
     1
    11
     3
    10
     0
     9
     4
     7
     0
     0
     9
    58
    10
    12
    20
     6
    13
     9
    23
     3
     8
     0
    49
    17
   100
    27
     9
    13
     0
     2
     0
     4
     0
     0
    65
    46
    39
    22
     9
    25
    24
    15
    18
     2
    23
    17
    53
    10
    55
     8
     8
     7
     0
     0
     5
     3
     0
     0
    14
    15
    37
   127
     8
     8
     6
    18
    13
     5
    44
    22
    58
   156
   247
    46
    22
     9
     0
     0
     0
     0
     0
     0
    14
    16
    98
     0
     4
    20
   111
    15
    26
    68
    13
    82
    12
    19
    14
   102
    21
    17
     0
     0
     0
     0
     0
     0
     0
    85
   126
    50
     8
     5
    13
    26
    13
    15
    21
   167
     6
     3
     2
    14
     6
     9
     0
     0
     8
     0
     0
     0
    10
   132
     7
    20
     9
    52
    12
    17
    22
     8
     4
    22
    31
    24
     4
     1
     2
    14
    11
     0
     0
     0
     0
     0
    19
    13
    52
     4
     7
     6
    10
     5
    15
     7
   139
    19
    48
    17
    15
    15
     6
     9
     0
     0
     0
     0
     0
     3
    13
    16
    82
    50
    47
    17
    14
   146
     8
    55
    15
    27
    11
    17
    12
   105
    50
    11
     0
     0
     7
    15
     0
     6
    28
   100
    88
    43
     6
    70
     6
    75
    21
    17
    15
    36
    19
     3
   196
   101
    14
    11
     0
     0
     0
     0
     3
     0
    26
    80
   108
     7
    32
    21
    19
    14
    16
    29
    60
    48
     8
     3
    60
    20
     7
     7
     1
     0
     4
     0
     0
     0
    11
    41
   135
   101
    50
    11
    12
   179
    17
    56
    33
    19
    15
     0
    96
    26
    12
     6
     0
     0
     0
     0
     0
     0
     0
    47
    87
    86
     5
     1
     4
     0
    18
     4
    19
    56
    17
    65
     2
     4
     4
     3
     0
     0
     0
     0
     0
     7
    20
    61
   253
    58
    10
    10
     6
     1
    12
    17
    34
    37
    24
     8
    49
   103
    22
     2
     0
     0
     0
     7
     6
     5
    59
    49
    88
   124
    29
    44
     6
    18
    22
    13
     1
    17
     3
    42
   147
    46
    18
    10
     0
     0
     0
     2
     0
     0
     6
    14
   132
    98
     8
    21
     1
    15
    17
     9
    22
    26
    36
     8
    31
    26
    30
     8
     0
     0
     2
     0
     0
     0
    18
    99
    23
    21
     9
    13
     8
     5
    13
     9
    20
    26
    10
    25
     1
    63
    49
    36
     0
     3
     0
     0
     0
     0
    19
    90
    69
    54
    17
     4
    17
    60
     2
     8
    10
    20
    13
    26
    17
    49
    19
    34
     1
     0
     0
     0
     0
     0
    11
   109
    10
    62
    31
     0
     7
    10
    10
    16
    16
    12
    12
    27
    55
    10
     4
    10
     0
     0
     0
     0
     0
     8
     8
     4
    49
    19
    75
    24
    14
     2
    52
     9
    17
     7
     3
   162
    41
     9
     2
     9
     0
     0
     0
     0
     0
     0
    14
    42
    15
   141
    14
    14
     6
    18
    28
     6
     3
    11
    10
    15
    13
    22
    13
    18
     0
     0
     0
     0
     4
     5
    23
    53
    20
    34
    17
    18
    12
     5
   166
    15
    18
     8
   157
     7
    31
    52
    35
    27
     7
     8
     0
     0
     0
     0
     7
   135
    94
     0
    63
    18
    19
    14
    20
    11
    21
    23
    12
    13
    53
    11
     3
    10
     0
     0
     0
     0
     3
     0
    11
    14
    45
    50
    10
     2
    34
    19
     7
    50
    32
    20
    53
    47
    93
    19
     3
    30
     0
     0
     0
    10
     0
     0
     4
   112
   180
   141
    16
    26
    10
    13
    12
     4
    21
    71
    23
    18
     5
     5
     7
     8
     0
     0
     0
     9
     0
     0
    21
    88
   165
     7
    18
     4
    15
    24
     1
     9
    13
     5
   158
     0
    20
     4
    10
    10
     0
     0
     0
     0
     0
     0
    55
     0
    50
    88
    90
     6
    18
     0
     7
    26
     2
    18
    16
    17
    50
    50
     7
    17
     0
     0
     0
     0
     4
     5
    45
    12
   128
    11
    11
    12
    14
    22
     9
     7
     1
     7
    30
     4
    12
    15
   152
     5
     0
     0
     0
     0
     2
     0
     8
     9
     5
    91
    67
   148
    15
    20
    12
     4
    38
     9
     8
    45
     0
     3
     4
    15
     0
     0
     8
     0
     0
     0
    17
   126
   127
     4
     9
     0
     2
    54
     7
    48
    45
    20
    27
    15
    20
    50
     1
    16
     0
     0
     0
     0
     0
     0
    66
    61
    66
    56
     8
    13
    56
    19
    20
    36
    24
    33
    25
    16
     8
    12
     8
    27
     0
     0
     0
     0
     0
     0
     9
    22
    22
    17
    14
    14
    12
    52
     5
    15
    28
    60
    49
    58
    53
    20
    19
    13
     0
     0
     0
     2
     6
     0
     8
    45
    10
     2
    13
     7
    18
    32
    12
    13
    15
    10
    26
     1
    11
    20
     0
    18
     0
     0
     6
     0
     0
     0
    21
    50
    11
    24
    41
    18
    23
     8
    19
    19
     4
     8
    54
    19
     5
    16
     3
    29
     0
     0
     0
     0
     6
     0
    22
    11
    88
     4
    34
     7
     9
     3
    10
    13
     5
    14
     2
   150
    16
     4
    12
     6
     0
     0
     0
     0
     0
     0
   112
    12
   165
    47
    60
    30
    15
     7
    10
    13
    23
    41
    13
   148
   155
    20
     7
    18
     0
     0
     0
     0
     6
     0
     2
     3
    59
    69
    17
    15
    20
    28
    18
     4
    10
    21
    13
    15
   195
    16
    21
     5
     0
     0
     0
     0
     0
     0
     0
    15
    46
    52
    28
    15
     1
     1
    60
    23
    27
     1
    12
    12
    22
   158
    55
    11
     6
     0
     0
     0
     0
     0
    18
    52
    96
    52
     7
    70
    13
    18
    33
    19
     7
     9
    15
     6
    61
    49
    13
    15
     0
     0
     0
     0
     0
     0
    22
    12
    63
     9
     5
     1
     0
    26
    51
    12
     5
    21
    32
    19
    68
    14
    12
    13
     2
     0
     2
     0
     6
     0
    11
    93
   100
    42
    22
    11
     6
    27
    11
   157
     6
     6
    13
   156
    43
    52
     3
     7
     0
     0
     0
     0
     6
     0
    11
    11
    14
    89
    16
    16
     8
    15
     0
    31
    17
    20
    16
    17
     4
     2
     0
    10
     0
     0
     0
     0
     3
     0
     6
    24
    45
    62
     0
     6
    15
     8
    13
    15
    22
    15
    10
    23
    13
    53
     0
    11
     0
     0
     0
     0
     0
     0
     7
    53
    42
   125
    10
     8
    25
    13
     7
     5
    16
     5
     8
    49
    17
    18
    14
    12
     0
     0
     0
     1
     0
     0
     9
    43
    41
    84
    10
     9
     4
    33
    32
    14
     2
    23
    20
    20
    83
    20
    17
     0
     0
     0
     0
     5
     0
     0
    17
    11
    88
   180
    19
     5
    11
    29
   161
    51
    20
    12
     3
    31
    85
     9
    16
     7
     0
     0
     0
     0
     0
     0
    89
    14
    43
    19
    14
     7
    14
     7
     7
    19
    65
    25
     9
    12
    45
    18
    13
    73
     0
     0
     4
     0
     0
     0
    44
     4
   112
    16
     6
    12
    16
    14
    54
    11
     4
     8
    24
    21
     9
     2
    12
    10
     0
     0
     0
     0
     0
     0
    18
   109
   136
    15
    53
     2
    63
    60
    41
    22
    10
    12
    14
    25
    58
     8
    12
    79
     0
     0
     0
     0
     0
     0
    25
    66
    56
    46
    45
    11
    62
    19
    16
    47
     9
    15
    12
     8
    47
    52
     1
    59
     0
     0
     0
     0
     0
    10
    17
    58
    65
     0
    27
     5
    15
    11
    53
     5
    16
    27
    16
    13
    15
    12
    16
    15
     6
     0
    14
     0
     0
     0
     0
    45
    99
     9
     2
    24
     9
    23
    39
     9
    52
     8
    52
    23
    74
   164
    69
   116
     0
     1
     2
     0
    10
     0
    39
    86
   134
    73
    73
     8
    33
     2
    43
     2
    12
    23
    17
     0
    72
   122
    26
    20
     0
     0
     1
     0
     0
     0
     4
    52
    43
    52
     7
    26
     9
    15
    26
    13
    38
    16
     8
    60
    23
    53
     9
     0
     0
     0
     0
     2
     0
    12
    11
    52
    17
    90
    16
    49
    18
     7
     3
     9
     4
    17
    15
    11
   159
    13
    11
    25
     0
     0
     0
     0
     0
     0
    46
    77
    85
     9
    13
     7
    12
    48
    10
    15
    19
    28
    10
     0
    10
    21
    19
    13
     0
     0
     0
     0
     0
     0
    10
    64
    41
    53
    15
    17
    17
    17
    16
     1
    10
     6
     4
    10
     0
    22
    35
     9
     0
    10
     0
     0
     0
     6
    26
    58
   104
   125
    19
    10
     4
    25
    27
     1
    19
     7
     5
    12
     2
    17
     5
    13
     7
     0
     0
     2
     7
     0
    26
   110
    43
    13
    26
     7
    24
    19
     6
    29
    13
    26
    46
    11
    49
    20
    14
     5
     0
     0
     1
     0
     0
     5
    29
    27
    10
    52
    13
     7
     1
    14
    19
    12
    47
   141
    19
    26
    55
     6
     8
    26
     0
     0
     0
     0
     7
     0
     0
     7
    57
    40
    17
    12
    17
    10
     4
    49
    11
    19
    16
     6
    68
     5
    19
     1
     4
     0
     0
     0
     0
     0
     3
    58
    87
     6
    12
    25
     7
     7
    18
    54
   191
    24
    16
   208
    20
     7
    14
    27
     0
     0
     0
     0
     0
     2
     7
    21
    48
    83
    57
    42
     2
     8
    10
    21
    51
     7
    51
    18
    25
    19
    15
    16
     0
     0
     0
     0
     1
     0
     6
    81
     4
    28
     9
    20
    13
    18
     0
    18
     4
    16
    15
    55
    16
    11
    55
    21
     0
     0
     0
     0
     0
     0
    55
    16
     0
    49
     1
     6
    20
    14
     0
    67
     3
    13
    12
    10
     1
     9
    10
    30
     0
     0
     0
     0
     0
     0
    18
    10
    88
    64
     1
     5
    12
    42
    35
    23
    20
    20
    26
    15
    43
    14
    23
     1
     0
     0
     0
     0
     0
     2
    60
    21
    16
   103
    21
    18
    26
    56
    25
     9
    12
    20
    15
     6
    14
    19
    12
    10
     0
     0
     0
     0
     0
     0
    23
    52
    15
    62
     0
    10
   151
    18
     6
    13
    14
    18
     7
    13
     4
     8
    14
    14
     0
     0
     0
     0
     2
     0
     2
    42
    16
    29
     5
    10
     4
     7
    42
     0
     9
    31
     9
    14
    15
    20
    14
     4
     0
     0
     0
     2
     3
     0
    11
    56
    95
    55
    20
     6
    16
    21
    18
    18
    71
    14
    18
    14
    98
    71
     9
    18
     0
     0
     5
     0
     0
     8
    17
    90
    51
     6
     7
    45
    27
     6
    36
     1
    13
    24
     0
     4
    25
    48
     5
    20
     0
     0
     0
     0
     0
     0
    14
    55
    46
    38
     1
    14
    13
    10
    12
    37
     7
    17
     0
    12
    62
    22
    16
    10
     0
     0
     0
     0
     5
     0
    27
    56
   157
    12
    23
     2
    13
     0
    14
    20
    23
    21
    51
    10
    45
    58
    30
    39
     0
     0
     0
     9
     5
     1
    36
   134
    43
    57
    24
     9
    35
    67
    25
    29
    28
    12
    17
    59
    18
    20
     0
    18
     0
     0
     8
     0
     0
     0
    56
    49
    89
    84
     0
     1
     5
    20
    30
     8
    10
    15
    60
    60
     0
     8
    30
     6
     0
     2
     0
     0
     0
     0
     5
    12
    74
    42
    19
    46
     6
    13
    15
     7
     0
    19
     2
    17
     5
    43
    52
    51
     0
     0
     0
     0
     0
     2
    23
    97
    52
     7
     1
    21
    15
     8
    19
    26
    19
     8
    11
     9
    24
    50
    24
     0
     1
     0
     0
     0
     0
     0
    23
     3
    44
    53
    42
     8
    10
     6
     3
    54
     4
     7
    17
    11
    40
     8
    11
    52
     0
     0
     1
     0
     0
     0
    11
    61
    80
    11
     8
    23
    55
     9
     1
     0
    13
     9
     5
    15
    45
     7
    16
    24
     0
     0
     2
     0
     0
     0
    91
    21
   102
    52
    12
     4
    17
    50
     6
   153
     8
    11
     6
    16
    57
    12
     6
    24
     7
     0
     0
     0
     0
     0
    19
     9
    83
    57
    16
   162
    13
    47
     8
    19
     0
     7
    12
     0
   141
     8
     3
    29
     0
     4
     0
     0
     0
     1
     8
    22
    63
    47
    18
     9
     6
    13
     4
     2
    31
     5
     6
     4
    24
    19
     9
    18
     3
     0
     3
     0
     0
     0
    14
    10
    37
   124
     9
    14
    12
     9
    18
     1
    18
    26
     5
    27
     4
    80
    12
    16
     0
     3
     0
     0
     0
     0
     3
    11
    87
    17
     7
    19
    14
    11
    52
    15
    64
     8
     8
     5
    13
    16
     7
    10
     0
     0
     0
     0
     0
     0
    17
    45
    60
     7
     2
     8
     8
     8
    10
     4
    19
     6
    49
   150
    42
     1
     7
    11
     0
     0
     0
     0
     0
     6
     0
     6
    99
    14
    27
    17
    26
     9
   145
    26
    19
     1
     4
    14
    10
   155
    14
    60
     0
     0
     0
     0
     0
     0
    13
    54
    83
    47
    10
    22
     9
    17
    25
   149
    75
     8
    19
    59
    61
   142
    15
    18
     0
     0
     3
     0
     0
     1
    26
    72
   115
    82
    22
    17
     0
    19
     4
    15
    14
    19
   151
    11
    50
     1
    23
    23
     0
     0
     0
     1
     0
     2
    12
    52
    62
    42
    18
    15
    12
    18
    12
    16
     7
    10
     7
    35
   141
    26
    13
     1
     0
     0
     2
     0
     0
     7
    17
     8
     9
   116
     7
     3
     0
    16
    11
     0
    15
    27
    21
     5
    46
    28
    10
    20
     0
     0
     0
     0
     0
     0
     7
    30
    82
    46
     0
    19
     2
    19
     9
    46
    24
     8
     8
    37
    27
    11
    18
     0
     0
     0
     0
     0
     0
     0
     8
    54
    14
    42
     3
     8
    19
     8
    23
     4
    63
    31
    27
    11
    61
    13
    40
    14
     0
     0
     0
     0
     0
     0
    62
    45
    46
    62
    52
    48
     0
    13
    15
    18
    13
     3
    22
    23
    47
    81
    11
     0
     3
     0
     0
     0
     0
     0
     2
     8
    42
    88
    17
    49
    16
    23
    22
    16
    22
     2
    10
    30
    29
   163
     8
     7
     0
     0
     0
     0
     1
     0
    39
    67
   134
    55
    12
    70
    10
    15
     8
     3
    22
    45
    40
    60
    16
    30
    68
    13
     0
     0
     0
     0
     0
     0
    24
     3
    45
    52
    21
    19
    59
     6
     8
    11
    10
     0
     1
    22
   154
     6
    29
    13
     0
     0
     0
     0
     0
     2
    16
    40
    54
    29
    19
    16
     4
    18
    19
    22
     8
     8
    22
     0
   207
    24
    16
    13
     0
     0
     0
     0
     0
     4
    54
    16
    45
    18
    17
     7
     9
    48
    24
     6
    17
    26
    15
     9
    91
    84
    10
     8
     0
     0
     0
     0
     0
     7
    19
   111
    59
     7
    17
    17
    21
    14
    11
     5
     6
    25
    16
    36
    10
    13
    18
     9
     0
     0
     4
     0
     0
     0
    14
    53
    89
     6
    85
     1
     1
    22
     7
    15
    15
    19
    60
   154
     9
     5
     7
    36
     0
     0
     0
     0
     0
     0
    54
    47
     4
    76
    12
    25
    56
    56
    49
    13
    12
     5
    12
    16
     7
    61
     7
    32
     0
     0
     0
     0
     0
     0
    45
    89
   168
    58
    23
     2
    15
    14
    59
    11
     1
    25
    24
    26
   147
     0
    17
    20
     0
     3
     0
     0
     0
     0
     7
    84
    27
     0
    12
     7
    17
     0
    22
    40
     6
     3
    56
    11
    44
    54
     1
    11
     0
     0
     0
     0
     0
     0
     0
    11
    20
    80
     9
    18
    16
    15
   150
     6
    63
    14
    18
    23
    44
     5
    17
    13
     3
     0
     0
     0
     0
     0
     3
    13
    89
     8
     7
     7
     8
    17
     0
    14
    33
    27
   138
   110
    26
    28
    13
    12
     0
     0
     0
     0
     0
     0
     3
    15
   128
    29
    12
     0
     5
    13
     6
    10
    20
    57
     5
    19
    13
     4
     6
     3
     0
     0
     4
     0
     0
     0
    11
    46
    52
    68
    17
    11
    13
    46
     4
    15
    29
    16
     9
    11
    15
     3
    14
    20
     0
     0
     0
     0
     0
     0
    50
    24
   110
    14
    62
    16
     9
     7
     6
    15
    23
    10
     1
    21
    53
    73
    50
     6
     0
     0
     0
     0
     0
     6
    10
    46
    20
    50
    13
    12
     8
     0
     9
    61
    11
     9
    17
    54
    16
    58
    48
    26
     0
     0
     0
     0
     0
     6
     3
    87
    17
    86
    18
    18
    11
    10
    13
     7
     8
    13
     7
     0
     6
    81
    10
    22
     0
     8
     0
     0
     0
     0
    28
    11
    54
    15
     7
    12
    11
    14
     2
    10
    41
    16
     2
    11
    17
    25
    11
    20
     0
     0
     0
     0
     0
     0
    17
    91
    44
    94
    14
     8
    34
     6
     9
    12
     6
     3
    13
     8
    15
    12
    19
    25
     0
     0
     0
     0
     0
     7
     7
    11
     0
     3
     5
     2
     5
    30
    14
    36
     4
    17
    11
     5
    98
     4
     1
     2
     0
     0
     0
     0
     0
     0
    30
     2
    38
     0
    23
    16
     9
    43
    11
     1
    27
    11
    20
    25
    38
     6
    12
    13
     2
     0
     0
     0
     0
     8
    39
     7
    95
     5
    20
     9
     2
    11
    16
    37
     1
    22
    30
     1
    94
    19
     9
     7
     0
     0
     0
     0
     0
     6
     5
    51
    51
    12
     5
    11
    22
    19
     5
    12
    13
    17
    14
    11
    13
    48
    22
    58
     0
     0
     9
     0
     3
     0
    17
    12
     5
     8
     1
    14
    45
    19
    14
     0
    10
     8
     9
     0
    20
    16
     2
     3
     0
     0
     0
     0
     0
     0
     2
     3
    56
    32
     6
    28
    10
    53
     5
     8
    14
    15
    14
    12
    60
    20
     9
    11
     0
     0
     0
     2
     0
     0
    28
    42
    86
    18
     9
    11
    12
    23
     6
    57
    22
     6
     0
    14
   157
     8
    14
    11
     0
     0
     6
     0
     0
     0
    16
    27
    21
    12
    42
     7
     9
    15
    14
     3
    21
    18
    11
    31
    26
     4
     7
     5
     0
     0
     0
     0
     0
     0
    12
    51
    46
     0
     6
     1
    45
    10
    10
    13
     5
    15
     7
    43
     9
    28
     0
    34
     8
     1
     2
     0
     8
     0
    10
    57
    12
   119
    29
    23
    20
     0
    28
     9
     6
    42
    12
    18
    33
     9
     2
    12
     0
     0
     2
     0
     2
     0
    27
    12
   146
     8
    13
    25
    20
    53
    30
     4
    17
   191
     2
    23
     8
    15
    14
    15
     0
     0
     0
     0
     0
     0
    19
     3
    50
    29
     4
     2
    20
     6
    14
    18
     0
    14
    17
    10
     5
    16
    22
    28
     8
    10
     0
     0
     0
     0
    16
    15
     7
    81
    52
     7
    24
    14
     2
    17
    48
    15
    47
    12
    53
    47
     6
     8
     0
     0
     0
     0
     0
     0
    17
     7
    12
    10
    59
    12
    64
     9
     6
    39
    24
     6
    33
    13
     7
    45
    37
     9
     7
     9
     0
     0
     0
     0
     0
    34
   115
    44
    17
    36
     6
     0
    14
     7
     4
    33
    54
    20
    47
     4
    12
    15
     0
     6
     0
     0
     0
     0
    11
    24
    49
     4
    32
    24
     6
    14
     2
    26
     2
    61
     3
    17
    49
    16
    14
    14
     0
     0
     2
     0
     0
     0
    23
    54
    52
    42
    12
     4
     9
    23
     6
     9
     0
     6
    18
    30
   169
    60
    59
     6
     5
     0
     0
     0
     0
     0
     7
    47
    82
    52
     0
    10
     6
    12
    45
    26
     8
     8
     7
    12
    48
    96
    10
    12
     0
     0
     0
     0
     8
     0
     0
   115
    98
     2
    13
    22
    47
    10
     5
     9
     5
   192
    49
     6
     8
     6
    17
    15
     0
     0
     0
     2
     0
     0
     8
     6
    41
    60
     8
    10
     1
     9
    13
     5
    14
     8
     7
     4
    12
     6
     8
    17
     0
     0
     3
     0
     0
     0
    19
     9
    16
    96
    15
    13
    13
     2
    35
    13
     9
    13
    14
     3
     2
     0
    61
     8
     0
     0
     0
     0
     1
     0
     2
    10
     9
     3
    10
    11
     0
     8
    69
    11
    17
     0
    23
    12
     6
    48
    10
     0
     0
     0
     0
     0
     0
     0
     5
     6
    53
    41
    22
    20
     1
    18
     6
    19
    11
     8
    29
     7
    45
    43
    58
    11
     0
     0
     1
     0
     0
     0
    12
    63
     5
    78
     6
     5
     2
    11
    26
    17
    25
    30
    12
    18
    46
     8
    14
     3
     0
     0
     0
     0
     0
     0
    22
     3
   104
    10
    32
     6
     8
    27
    14
    23
    62
    15
    14
   153
    10
    26
    56
     8
     4
     0
     4
     3
     0
     0
    15
    14
    51
    14
    19
    12
     9
    15
    15
     2
    21
    10
     1
   153
    19
    21
    24
   155
     0
     0
     0
     1
     0
     0
    12
    27
    92
    40
    19
    25
     5
     9
    22
    17
     5
    16
    14
     9
     9
    56
    15
    42
     0
     0
     2
     0
     0
     0
    21
     3
     7
    55
     7
     5
    16
     0
    36
     8
    12
    12
    28
     3
    22
    32
    17
    31
     6
     0
     0
     0
     0
     0
     3
    73
    66
    58
     9
    12
     5
    17
     7
     5
    15
    12
    13
     7
    63
    13
    22
    26
     0
     7
     0
     0
     0
     0
    15
   100
    37
    13
    13
     8
    50
     8
     9
    14
    13
    16
    16
    74
    82
    13
    15
     4
     0
     0
     0
     0
     6
     0
    23
    13
   150
    51
    11
     2
     4
     4
    10
    21
    14
    18
    12
    20
     3
     9
    19
     4
     0
     0
     0
     3
     4
     0
     1
    55
   136
    90
    20
    38
    11
     4
     8
    52
     5
   161
    14
     8
     9
    70
    62
    10
     0
     0
     0
     0
     0
     0
    11
    34
    88
    24
    10
    10
    62
     0
     9
     2
    31
    28
     7
    10
    10
   105
    24
     1
     0
     0
     1
     0
     2
     0
    16
    66
    70
    52
    24
    57
     3
    12
    17
     6
    14
    22
    39
    54
    15
    11
    13
    21
     0
     0
     0
     0
     0
     0
    24
    44
    63
    78
    18
    11
    16
     8
     1
    15
    39
     9
    21
     9
    13
    11
    14
    10
     4
     0
     0
     0
     0
     0
    13
    45
    87
    48
     7
    76
    28
     5
     6
    22
    18
     9
     4
     5
     2
    47
    12
     8
     0
     0
     0
     1
     0
     0
     0
    50
     2
    48
     4
    53
     3
    15
     3
    12
    23
     3
     7
    21
    94
     8
    11
    24
     0
     0
     2
     0
     1
     0
    13
    49
    20
   107
     3
    11
    25
    75
    13
     3
    33
    71
    35
   157
    14
    16
    15
     3
     0
     0
     0
     0
     0
     0
    11
    71
   174
     9
    24
    53
    31
     4
     6
    23
    15
     4
    42
    15
    23
     7
     7
    20
     0
     0
     0
     0
     0
     0
    10
    61
   130
    20
     5
     4
    11
    12
     4
    15
   140
    30
    18
     9
   192
    47
    21
    16
     0
     0
     0
     0
     0
     0
    10
   168
    11
    99
     9
     3
    17
     3
     0
     7
    11
    11
    26
    26
     0
    40
    54
     8
     0
     0
     0
     0
     0
     0
     4
     0
     4
    85
     9
    26
    10
    32
    28
    11
     8
    19
    12
    13
    14
    22
    15
    24
     0
     1
     0
     2
     0
     0
    57
    55
     6
   106
    17
    24
     6
    21
    32
    60
     2
     7
    19
   156
    47
   158
     0
     5
    12
     0
     0
     0
     0
     0
    20
    56
    79
     2
     6
     4
    50
    17
    11
    52
     4
    16
     9
     7
    16
     1
    24
    11
     0
     0
     6
     0
     0
     0
    54
   149
   122
    52
     8
     4
    54
     9
     9
     9
    13
    37
    14
   156
    22
     1
    13
    20
     4
     0
     0
     0
     0
     0
    19
    52
    42
    51
    12
    14
    25
     6
    45
    40
     5
    14
     5
    15
    19
   159
    13
    13
     0
     0
     0
     0
     0
     0
    14
    47
    48
    43
    14
    12
     0
    15
    43
    16
    13
     9
     6
    45
    98
    48
    22
    17
     0
     0
     0
     0
     0
     0
    16
    59
    84
    43
    14
    17
     3
    10
     0
     4
     9
    27
     4
    15
    14
     0
    10
    11
     0
     0
     0
     6
     0
     0
    20
    20
    45
     5
   154
     0
     4
    12
     8
    14
    35
     5
    38
     5
    55
    28
    21
     7
     0
     0
     0
     0
     0
     0
     9
    47
    96
    84
    19
     4
     8
     0
    20
    13
     7
    13
    11
     6
     8
     0
     0
    13
     0
     0
     0
     3
     0
     0
    48
    13
    44
    14
    19
    13
     1
    46
    12
    52
     0
     9
    17
    10
    69
    66
    63
    15
     7
     0
     0
     0
     0
     0
     1
     8
    21
    75
    16
     8
    61
    24
    14
     6
    11
    44
    24
     2
     5
    18
    22
    11
     0
     0
     0
     9
     0
     0
    11
    20
    13
    52
    16
    15
    29
    45
     8
    20
    50
     9
    26
     4
    14
    53
    60
    48
     0
     0
     0
     0
     0
     0
     2
    13
    10
    11
    15
    17
    12
    15
    12
     7
    16
     3
    17
     0
    11
    20
    11
     7
     0
     0
     8
     4
     7
     2
     7
    62
    51
    47
    11
     5
    18
     5
   145
    12
    11
   145
    51
    10
    54
    30
    23
    12
    10
     0
     0
     0
     4
     0
     8
    17
   137
    91
    18
    10
    22
    13
    19
    11
    11
     0
     6
    16
     6
    16
     9
    21
     0
     0
     1
     0
     0
     0
    60
    11
    41
    43
    13
    21
    26
     8
    77
     8
    12
    13
    11
    62
    91
     9
    24
     0
     0
     0
     0
     0
     2
     0
    23
    57
    48
    53
     2
     0
     8
    13
     8
     6
     9
     8
     1
     3
    50
     3
    18
    12
     0
     0
     0
     9
     0
     0
    18
   130
   104
    17
    20
    21
    22
    10
     5
     4
    15
     6
   289
    14
    58
    61
     9
    11
     0
     0
     0
     0
     0
     0
    10
    60
   142
    18
    30
     2
    16
    25
    16
     6
    21
    27
    13
    25
    17
   113
    15
    34
     0
     0
     0
     0
     0
     0
    13
    55
    13
    52
     9
    17
     9
     8
    23
     4
     7
     1
     0
     3
     2
    43
    19
    23
     0
     0
     0
     1
     0
     0
     0
    43
    60
    49
    15
     9
    14
     8
    23
    18
    27
     2
    15
     9
    67
     9
     3
     9
     0
     2
     0
     0
     2
     4
     2
    64
    23
    51
     5
    12
    16
     9
    14
    24
    15
    24
    22
    15
    11
    28
     0
    18
     0
     2
     0
     0
     0
     0
     3
    85
   168
    86
    16
    13
    23
    10
    14
    29
     3
    37
    14
    60
   136
    19
     6
     0
     5
     0
     0
     0
     0
     0
    25
    10
   103
    56
    24
    11
    15
    13
    14
     8
    10
    10
    58
     9
    13
     8
    15
    41
     4
     0
     0
     0
     0
     0
     4
    61
    41
    11
    15
    13
    60
    10
     7
     7
    30
    11
    21
     6
    41
    92
    60
     9
     0
     0
     0
     5
     0
     0
    16
    11
    24
    64
    10
    14
    47
    13
    10
    18
     8
     6
    46
    21
    16
    91
    32
    15
     0
     0
     0
     4
     0
     0
    26
     8
    56
    43
     8
    18
     5
     0
     9
     6
    27
     0
    16
     4
     6
    67
     6
    16
     0
     0
     0
     1
     0
     0
     9
   181
    15
    59
    31
     3
    18
    23
    18
     7
    51
    15
    20
    15
     3
    56
     1
    14
     0
     0
     0
     0
     0
     0
    16
    40
    11
     2
    19
    10
    10
     8
    16
    26
     9
    37
     6
    28
    22
    12
     5
    17
     7
     4
     0
     0
     0
     0
    15
    11
    13
    95
     5
    26
    15
     6
    29
    11
     6
    19
     5
     7
    68
     0
    12
    32
     0
     6
     0
     0
     0
     0
    17
     7
    81
    37
    10
     2
   160
    22
    11
    18
     2
    10
    11
     4
    28
    10
    13
     6
     0
     0
     0
     0
     0
     0
    24
    23
    65
    11
    14
    25
    45
    15
    31
    21
     9
    24
    15
    45
    92
    15
     7
    33
     0
     0
     2
     0
     0
     0
    17
    50
   146
    98
    11
    30
    18
     7
     4
    32
     8
    15
    45
    21
    26
    29
    24
    12
     0
     0
     0
     0
     0
     0
    55
    13
   116
    22
     2
    15
     6
    19
    17
    19
     6
     3
     8
    52
    72
     7
     6
     2
     0
     0
     5
     0
     0
     1
    10
    65
     3
    55
     1
     5
    12
     8
    45
    15
     5
     5
    21
     1
    57
    22
    13
    18
     6
     0
     0
     0
     0
     0
     0
    46
    43
    49
    20
    11
     1
    19
    17
    16
     1
     3
    16
    12
     3
    23
    12
    52
     0
     8
     0
     0
     0
     0
    17
    97
   118
     9
     7
     7
     9
     3
    21
    13
     4
    14
    20
     1
     6
    14
    14
     2
     0
     1
     0
     0
     0
     3
    49
    48
    82
    14
    13
     7
     4
     9
    64
    13
    14
    10
    18
     7
    45
     2
    20
    26
     0
     0
     0
     2
     0
     3
    11
    83
    69
    67
     6
    23
     4
    25
     6
    46
     0
    22
    47
    14
   199
    20
    22
    14
     0
     0
     0
     0
     0
     0
    35
   128
    69
    45
    16
    26
    11
    18
    42
    35
    14
    15
    27
    12
     7
    13
    22
     8
     0
     0
     1
     0
     0
     3
    21
    59
    99
    44
     0
    31
     3
     5
     9
     2
    20
     9
    21
     9
    24
     8
     1
    10
     0
     0
     0
     7
     0
     0
     6
    12
    72
   172
     0
     0
     3
    35
    13
    21
    18
     2
    13
    11
     9
   158
    13
    16
     1
     0
     0
     0
     0
     0
     5
    57
    41
    60
    15
     1
    45
    28
    14
    18
     5
    11
     4
     7
     7
    18
    11
    11
     0
     1
     0
     0
     0
     0
     9
    67
    63
    18
     3
    56
     3
   153
    15
    20
    10
     0
    19
    13
    12
     9
     9
    15
     0
     0
     0
     0
     0
     9
    17
    84
    60
    13
     2
    14
    16
    17
     9
    21
     0
     8
    21
     8
    11
    11
    14
     6
     0
     0
     1
     1
     3
     0
    17
    59
    29
    20
     6
    27
    16
    14
    15
     0
     6
     6
    29
     4
    43
    10
    15
     1
     0
     2
     0
     0
     8
     0
    10
     2
   106
    53
    76
    13
    55
     1
    56
    48
    15
    29
    31
    17
    20
    86
   194
    14
     0
     1
     0
     0
     4
     0
     9
    15
    23
    62
    13
    10
    18
    18
    16
     0
    54
    11
    15
     8
   155
     9
     8
     2
     0
     0
     0
     0
     0
     0
    17
    89
    49
    22
    11
    11
    13
     5
     4
    20
    32
    12
    25
    21
    20
     7
    10
     7
     0
     0
     0
     0
     0
     0
     3
   121
    58
    43
    12
     5
     3
    15
    16
     3
    18
    12
     9
    12
    24
    26
     8
     5
     0
     0
     0
     0
     0
     0
     0
    11
    42
    48
    79
    13
    12
    17
    13
    17
    18
     8
    11
     3
    15
    22
    69
     8
     8
     0
     0
     0
     0
     0
     1
    23
   129
    48
    64
     9
    28
    26
    16
    25
     8
    24
     5
    13
    30
    22
   161
    15
    11
     0
     3
     0
     0
     0
     8
     7
     8
   105
    48
     6
    12
     7
    14
    15
    21
     9
    18
     7
    18
    29
    32
    10
    74
     0
     0
     0
     0
     0
     3
    11
    58
   134
    56
     4
     8
    11
    13
     0
     8
     7
    10
     8
    61
     4
    58
     7
    14
     0
     0
     1
     4
     0
     5
    21
    60
    93
    20
    12
    15
    23
     8
    10
    14
    42
     2
    10
    20
    91
    11
     5
     0
     0
     0
     0
     0
     0
     0
    16
     0
    11
    68
    19
    17
     2
    11
    10
    42
     5
    15
     5
    10
   158
    15
     5
    13
     1
     0
     0
     0
     0
     0
    18
    57
   102
    11
    15
    29
     1
    20
     7
    20
    25
    17
    61
    14
     9
     4
    11
     9
     0
     0
     0
     0
     2
     0
    50
    53
    83
    56
     4
    13
     4
     6
    15
    29
    48
    13
     4
    21
     6
    11
     6
     0
     0
     3
     0
     0
     0
     0
    14
    52
     7
    75
     1
    12
    24
    52
    15
    16
    11
    15
   150
     6
     0
    14
    14
    19
     3
     0
     0
     0
     0
     0
    51
   104
    59
    64
    10
     9
    51
    17
    61
    13
    11
    45
    15
    18
    50
    57
    13
    48
     0
     0
     0
     0
     0
     0
    13
    54
    93
    10
     0
    11
     4
     8
    28
    13
   144
    11
    12
    51
     6
    13
    34
    33
     0
     4
     0
     0
     5
     0
     8
    68
    34
    87
    21
     6
     1
     6
     3
     2
    12
    13
    10
    13
    53
    74
     0
    21
     0
    12
     0
     7
     0
     7
    11
    44
    52
    58
    26
    69
    10
    17
    44
     0
    60
     2
    14
    63
    19
    12
     7
     3
     1
     0
     0
     0
     0
     0
    16
    88
    47
    21
    18
    23
    11
    12
     4
    45
     2
     7
    19
     7
     7
    15
    12
    17
     0
     0
     0
     0
     0
     0
    14
    78
    17
    20
    10
    14
    22
    17
     8
    28
    16
     9
    47
    51
   195
    55
    12
    10
     4
     0
     0
     0
     0
     0
    63
    11
    30
    91
     9
    11
    22
    27
    17
    23
     7
    13
   155
     6
    54
    13
     3
     5
     8
     0
     0
     0
     0
     7
    26
    21
    46
    48
    12
    14
    18
    23
    27
    19
   151
     9
    11
    34
    15
    21
     8
     7
     3
     0
     0
     0
     6
     0
    19
    46
    16
    42
    24
    13
     7
    14
    15
   151
    11
    36
    31
    15
    28
     2
    15
    86
     0
     0
     0
     0
     0
     0
    17
    54
    47
    90
    21
    17
     5
    28
    28
     8
    15
    38
     8
    47
    55
    19
     0
    55
     5
     0
     0
     0
     1
     0
    16
    16
    89
    54
     9
    11
    17
    15
    12
     7
    15
     8
    27
    14
   102
    47
    10
    10
     0
     2
     0
     0
     0
     0
     8
    47
    20
    73
    18
    13
    26
    43
    20
    27
     9
    10
     3
    78
    84
    11
     8
    10
     0
     0
     0
     1
     3
     0
    19
    13
    10
    16
    16
     6
    25
     2
    18
     9
    20
    10
    19
    16
    21
    13
    18
    21
     0
     0
     0
     6
     0
     0
    16
     4
    89
    49
    20
     9
    15
     9
     5
     9
     8
    11
     8
    19
     9
    43
    68
     0
     0
     0
     0
     5
     0
     0
    12
    58
   134
    42
     4
    55
    26
    29
    47
    24
    16
    10
    14
    10
     9
    32
    21
    16
     0
     0
     0
     0
     0
     0
    17
   125
   100
     4
     1
    18
    51
    17
    36
    11
    27
     7
    40
    64
    61
    10
    16
    21
     6
     0
     0
     2
     0
     0
    21
     7
    12
    88
     9
    24
     1
    14
    17
     1
    43
     7
    22
    20
    10
    54
     7
     9
     0
     0
     0
     3
     0
     0
    50
     0
   168
   119
     3
    15
    21
    66
    56
    11
    16
     2
    12
    13
    14
   194
     8
    48
     0
     0
     0
     1
     0
     0
     8
    67
     3
    56
    44
     8
     2
    22
    49
    17
     0
    16
    13
     0
    10
    53
    31
    15
     2
     0
     0
     0
     0
     0
     9
    20
    13
    13
     6
    22
    22
    41
    26
    11
    16
    15
    24
     3
    59
     3
     9
     9
     0
     0
     0
     0
     0
     7
   100
    95
    65
    78
    15
    26
    18
    44
     8
     7
    13
    20
     6
    19
    61
    30
     0
    17
     1
     0
     0
     0
     0
     0
    43
    59
    97
    55
    17
     8
     1
    26
    16
    29
     4
     0
    18
    16
    13
    26
     7
    23
     0
     1
     0
     0
     0
     3
     4
    90
    38
   138
    19
     5
    28
    57
    18
    27
    21
    23
    23
    17
    10
    32
    42
    14
     0
     0
     0
     0
     0
     1
     9
   164
    56
    99
    12
    28
    12
    30
    13
    20
    17
    10
    40
    12
    11
    74
     7
     5
     0
     0
     0
     0
     0
     0
     9
     1
    15
   113
     3
    54
     4
    10
     8
    12
     4
    20
    11
    27
     3
     3
    16
    24
     0
     0
     0
     8
     0
     0
    11
    94
   129
    86
     9
    51
    20
    17
     3
    61
     5
    10
    27
     8
     9
    57
    11
    14
     0
     0
     0
     2
     0
     0
    17
    51
    59
     5
    52
     8
    14
   152
     0
    10
    40
     4
   146
     7
     4
    26
    14
    20
     0
     0
     0
     0
     0
     0
     3
    97
    64
    50
     5
     4
     8
     6
    25
    19
    19
     5
     6
    54
    34
     9
    11
    50
     0
     0
     0
     0
     0
     0
    15
    25
    48
    13
     3
     2
     0
    15
    22
    14
    21
    86
     6
     2
    61
   100
    28
    16
     0
     0
     6
     0
     0
     4
     8
    18
   128
    55
     5
    17
    20
     0
    32
    40
    12
    19
    17
   194
    14
    13
     6
    12
     0
     0
     0
     0
     0
     0
     4
    52
    12
    20
     1
     2
    30
    64
    27
    22
     9
    11
     3
     2
    17
    43
    64
    20
     0
     0
     0
     2
     0
     0
    48
    56
    98
    55
    14
     6
    17
     8
     1
   140
     9
     9
    11
    12
     4
    18
    27
    15
     3
     1
     0
     0
     0
     0
     4
    79
    42
    17
     9
    28
    12
    18
    43
    19
    11
    28
    31
    28
    41
     2
    17
     7
     0
     0
     0
     0
     7
     0
    12
    55
    92
    14
    17
    18
    18
     9
    62
    12
    19
    64
     1
     7
    14
    19
     9
    24
     6
     0
     0
     2
     0
     0
    11
    50
    53
    96
     9
    10
    12
     4
     9
     7
     7
    22
    21
     2
    69
    13
     9
    28
     0
     0
     0
     6
     0
     8
    22
    58
   129
    89
    12
    12
     4
    50
     6
    10
    13
    27
    13
    10
     8
    54
    32
    23
     0
     0
     0
     0
     0
     0
    45
     8
    90
    64
    45
     6
     4
    28
    72
    14
    13
    37
    18
    22
    30
   114
    20
    52
     0
     0
     1
     0
     0
     0
    16
    26
    92
    52
    16
    16
     6
   192
     5
    18
     9
    53
    17
   153
    14
    59
    15
    21
     0
     0
     0
     0
     0
     3
    11
   140
    84
     0
    12
    21
    21
     2
     0
    17
     9
    16
     0
     6
     6
    13
     4
    19
     0
     8
     0
     0
     0
     0
    16
     3
    62
     1
    19
    17
    16
    25
    51
    15
    17
    13
     7
     2
    41
    38
    48
     2
     0
     0
     0
     0
     0
     0
    28
    15
    61
    17
    19
    32
    28
     5
    15
    12
    55
    14
    49
    15
   148
     0
    10
    14
     0
     7
     0
     0
     0
     0
     2
     9
   205
     7
    23
    23
     9
    19
   145
     0
    15
   171
    24
    14
    85
    43
    20
    14
     0
     0
     1
     0
     4
     0
    35
    17
    92
    87
    20
    11
    12
    16
    52
    22
    19
    27
    13
    18
    47
    72
    10
    35
     0
     0
     0
     3
     0
     0
    20
    41
    20
    90
    25
    65
    38
    17
    12
    18
    36
    12
    17
     8
    95
    74
    32
    11
     0
     0
     0
     0
     0
     0
     5
    19
   104
    58
    14
     0
    52
    16
     1
    44
    23
    12
    13
    13
    50
     9
     9
    19
     0
     0
     3
     2
     0
     0
    14
     2
    96
    48
     6
     6
     2
     3
     6
    23
    17
     8
    25
     2
    22
    12
     2
    32
     6
     2
     0
     0
     6
     0
    15
    22
    99
    47
    13
    19
    10
    16
    11
    22
    13
     2
    26
    49
    53
     2
    19
     4
     0
     0
     0
     7
     0
     0
    51
    58
    87
    64
     3
    31
    20
    28
     9
    12
    17
     9
    27
    18
    21
    25
    85
    11
     0
     0
     0
     0
     0
     0
     8
    84
    51
    40
    62
    11
   153
     6
     5
    27
    17
    20
    50
    17
     1
    40
    80
    38
     1
     0
     0
     0
     0
     0
    25
    19
   121
    10
    28
    61
    36
    14
    58
     5
     5
    34
    18
    16
    27
    63
    43
    15
    10
     0
     0
     0
     0
     0
   108
     7
     1
    20
     9
     8
    15
     6
    14
    28
     3
    25
    46
    33
     6
     5
    15
     8
     0
     0
     0
     0
     0
     5
    25
    59
    23
    15
    11
    40
     9
    15
    31
    26
    10
    22
     8
    18
    53
     0
    26
     0
     0
