    51
     0
     0
     0
     0
    44
   109
   303
    64
    47
    40
    10
    17
    37
    69
    24
    82
    25
    87
    23
   203
    70
    53
     0
     0
     8
     0
     0
     0
    29
   128
   188
    69
    11
    42
    28
    32
    47
    21
    35
    48
    32
   314
    25
   102
    38
    49
     0
     5
     0
     0
     0
     0
    73
   127
   222
   108
    31
    31
    97
    51
    16
    63
    23
    20
    71
    82
    35
    61
    21
    10
     5
     0
     2
     6
     0
     0
   105
    71
   157
    99
    59
    14
    35
    21
    30
    34
    93
    50
    81
    15
    68
    88
    32
    46
     0
     0
     4
     0
     8
     0
    37
    80
   125
    25
    43
     7
    24
    41
    74
    29
    34
    28
    41
    42
   134
    88
    26
    15
     3
     1
     0
     0
     7
     0
    84
   136
   157
    54
    51
    26
    39
    31
    62
    30
    61
    36
    33
    40
   170
    88
    58
    58
     0
     0
     0
     0
     0
     9
    47
   114
   175
   112
    89
    93
    45
    83
    79
    32
    51
   239
    28
    51
    81
   118
    35
    28
     2
     0
     0
     6
     0
     0
    35
   123
    66
    50
    33
    68
    33
    69
    22
    15
    24
    50
    16
    64
    75
   148
    38
    52
     0
     0
     0
     0
     2
     2
    75
    67
   197
    53
    27
    15
    23
    20
    47
    25
    32
    37
    26
    27
   126
    74
    62
    78
     0
     0
     0
     0
     0
    13
    15
   124
   146
   153
    91
    18
    64
    98
    81
    67
   243
    53
    38
    16
   154
   263
    37
    46
     1
     0
     4
     0
     0
     0
    13
   196
   119
   112
    13
    28
    82
    18
    24
    66
    36
    22
    90
   152
   164
   191
    25
    17
     6
     0
     0
     5
     0
     0
    70
   111
    84
    68
    32
   161
    94
    27
    88
    41
    36
    48
    69
   182
   160
    99
    11
    35
     3
     0
     3
     6
     0
     4
    68
    86
   180
   206
    61
   211
    66
    40
    60
    18
    29
    55
    94
   182
    91
   129
    38
    18
     0
     0
     0
     0
     2
     0
    84
   123
   127
   258
    42
    28
    41
    88
    71
    21
   155
    38
    28
    74
   103
   241
    14
    28
     0
     0
     0
     0
     0
     7
    68
    36
    96
    73
    24
   111
    53
    66
    25
    51
    71
    26
    48
    40
   122
    60
    40
    97
     2
     9
     0
     3
     0
     0
    70
   163
   188
    84
    40
    53
    56
    48
    17
    96
    65
    30
    69
    58
   158
    50
    31
    18
     0
    11
     0
     0
     0
     0
    43
    82
   130
   104
    20
    24
    26
    31
    45
    78
    48
    52
    50
    29
   196
   162
    30
    79
     2
     6
     0
     0
     0
     0
    66
    18
   144
   190
    62
    23
   122
    44
    89
    91
    40
    46
    83
    73
    96
   109
    29
    34
     0
     0
     0
     0
     0
     1
    87
    46
   164
    50
    54
    45
    37
    20
    26
    34
    26
    54
    21
    55
   115
    69
    59
    52
     1
     5
     1
     1
     0
     0
    64
   225
   128
    72
    24
    57
    47
    28
    48
    23
   129
    24
    47
   118
    88
    75
    66
    22
     4
     0
     0
     0
    14
     1
    62
   199
   102
   258
    50
    84
    21
    52
    22
    42
    50
    39
    24
    57
   194
   113
    59
   102
     2
     4
     0
     0
     0
     0
    45
   116
   141
   111
    81
    35
    15
   154
    50
   204
    40
    58
    36
    28
   142
   120
    20
    55
     0
     0
     0
     0
     0
    10
    29
   145
    64
    80
    22
    50
    83
    57
    51
   178
    40
    38
     3
    19
     9
    19
    33
    58
     3
     2
     0
     0
     0
     4
    78
    80
   104
    99
    36
    27
    28
    15
    72
   111
    36
    77
   198
    33
   134
    20
    26
     4
     5
     0
     0
     4
     0
     0
    35
    12
   195
   136
    74
    30
    66
    47
    43
    49
    73
   174
    65
    28
    27
    67
    19
     7
     2
     0
     0
     0
     0
     2
    45
    74
   141
    89
    34
    14
    35
    13
    21
    73
    56
    37
    32
    19
    64
   128
    52
    59
     0
    14
     2
     0
     5
     0
    66
   180
   127
   178
    37
    83
    24
    93
    50
    93
    45
   196
    48
    93
    58
    22
    55
    30
     6
     0
     4
     0
     7
     6
   167
   160
   264
   162
    40
    54
    74
    47
    89
    39
    38
   141
    24
    51
    97
    22
    34
   105
     8
     0
     8
     0
     0
     4
    93
    84
   208
    41
    44
    95
    16
    27
    28
    33
    81
    54
    13
    26
    61
    96
    24
    39
    11
     0
     0
     0
     5
     2
    25
   117
   197
   180
     7
    44
    31
    30
    21
    44
    40
    39
    32
    62
   271
    63
    23
    27
     0
     0
     0
     0
     0
     0
    59
    99
   104
   161
    30
    38
    35
    62
    34
    61
    25
    23
    94
    44
    69
    48
    36
    27
     0
     4
     0
     0
     0
     0
    40
   227
   314
   209
    27
    15
    72
    61
    44
    18
    21
   190
    29
   104
   164
    86
    51
    27
     0
     0
     0
     0
     0
     3
    61
    25
   196
    14
    46
    51
    51
    65
    34
    78
    91
    18
    59
    32
    63
   111
    28
    27
     0
     1
     0
    11
     2
     0
   112
    98
   291
   154
    58
    42
    51
    71
    34
    71
    56
    34
    22
    39
    91
    90
   177
    56
     7
     0
     2
     0
     0
     0
   106
   208
   172
   121
    77
    37
    25
    15
   327
    26
    69
   185
    47
    56
    95
    51
    86
    44
     0
     0
     0
     4
     6
     0
    36
   203
   232
   119
    46
    42
    35
    32
   114
    20
    49
    40
    41
   212
    72
    75
    63
    25
     4
     0
     7
     1
     0
     0
    42
   119
   230
    40
    22
    17
    38
    39
    40
    23
    35
    17
    38
    25
    43
   101
    39
   122
     0
     0
     0
     0
     0
     0
    46
   115
    60
   199
    47
    39
    55
    62
    71
    33
    31
   280
    93
    78
   229
   308
   126
    59
     0
     0
     0
     5
     0
     0
    37
   170
   142
    89
    24
    52
    51
    58
    71
     7
    49
    40
    36
   245
    18
    75
   297
    47
     5
     0
     2
     0
     9
     0
    31
    60
   117
   265
    17
    77
    20
     8
    32
    18
    32
    68
    39
    10
   150
    61
    41
   186
     2
     0
     6
     0
     5
     1
    52
    71
   129
   218
    26
    90
    50
    63
     3
    36
    55
    69
    57
    83
    35
    38
    48
    94
     5
    15
     2
     3
    13
     6
    81
   163
   108
   133
    41
    26
    56
    15
    65
    52
    79
    17
    38
    49
   293
   109
    72
    19
     1
     0
     0
     0
     3
     0
    81
    64
    81
    53
    48
    21
    95
    31
    21
    72
    94
    18
    25
   110
    65
    38
    54
    68
     0
     0
     0
     0
     0
     0
    53
   120
   122
   124
    38
    39
    58
    21
    81
    20
    99
    58
    27
   104
    85
   110
    38
    62
     0
     0
     2
     2
     0
     0
    88
    60
   123
   140
    36
    44
    19
    50
    14
    35
    37
    55
    27
    33
   144
    35
    47
   116
     0
     0
     0
     0
     0
     0
    47
    67
    24
    24
    37
    35
    12
    17
    36
    84
    31
    93
    25
    21
    32
    15
    37
    49
     0
     0
     0
     0
     0
     0
    31
    85
   247
   110
   179
    39
    18
    30
    47
    55
    22
    30
    70
    27
    19
    53
    26
    50
     5
     9
     4
     2
     2
     0
    30
   137
   211
    62
    33
    23
   158
   112
    20
    45
    65
    90
    53
    52
    81
    71
    22
    49
     0
     0
     3
     3
     0
     0
    46
    49
   224
    88
    34
    32
    22
   108
    28
    43
    43
    28
    40
    42
    69
    28
    35
    78
     2
     0
     0
     5
     0
     0
    62
   130
   232
   144
    36
    26
    26
    44
    60
    64
    59
    23
    30
    61
   214
    39
    41
    19
     0
     7
     8
     0
     4
     7
    98
    52
   137
    91
    43
    26
    47
    33
    73
    43
    49
    33
    31
    53
    10
    92
    71
    15
     0
     0
     5
     0
    11
     0
    30
    58
   111
   195
    36
    59
    47
    45
    78
    33
    28
    71
    79
    69
    72
   102
    25
    18
     0
     0
     0
     0
     3
     0
    32
    59
   127
    97
    39
    33
    34
    46
    11
    84
    37
    36
   203
    22
    45
    31
    59
    36
     0
     0
     5
     0
     4
     1
    49
   123
   182
   149
    30
    23
    51
     9
    80
    28
    40
    52
    44
    37
    97
    73
    25
    47
     4
     0
     0
     0
     2
     0
    37
   117
   209
   130
    47
    70
    93
    48
    38
    21
    19
    58
    52
    64
    70
   103
    27
    33
     2
     7
     0
     2
     0
     1
   105
   248
   108
   136
    31
    29
    83
    49
    40
    56
    32
    63
   216
    52
   109
   101
    36
    49
     4
     0
     6
     0
     0
     0
    37
    74
   263
   108
    66
    18
   180
    32
    52
    15
    30
    37
   156
    83
   119
   250
    20
    90
     0
     0
     4
     8
     7
     2
    57
   160
   123
   120
    24
    51
    61
     9
    74
    64
   205
    39
    43
    28
    72
   359
    44
    54
     0
     6
     3
     0
     2
     0
    58
    48
    70
   114
    20
    31
    50
    38
    36
    30
    27
    56
    23
    70
    77
   104
    84
    30
     4
     2
     0
     0
     9
     0
     3
   138
   303
   111
    28
    21
    53
   461
    34
    43
    85
    62
    83
    47
    30
   106
    30
    52
     0
     0
     0
     8
     0
     0
    63
   280
   223
   189
    44
    18
    71
    23
    19
    46
   212
    24
    27
    45
   193
   213
    41
    18
     0
     1
     0
    13
     5
     0
    38
   260
   243
   165
    37
    76
   105
    83
    31
    51
    38
    85
    40
    15
    52
    54
    30
    42
     0
     7
     0
     0
     0
     0
   178
   223
   274
   331
    56
    37
    27
    89
   106
    27
    47
    29
    66
   321
    68
   195
    36
    23
     0
     0
     0
     2
     0
     0
    19
    34
   253
   263
    49
    72
    17
    23
    11
    85
    51
    40
    50
    53
   422
    39
    48
    33
     0
     2
     0
     2
     0
     8
    28
   186
   142
   106
    43
    55
    34
    67
    49
    20
    97
    27
    24
    25
    27
    45
    58
    30
     0
     0
     0
     4
     0
     2
    38
    70
   138
   141
    25
    24
   110
    38
    40
   202
    89
    94
    26
    49
    87
    38
    50
    21
     0
     3
     0
     0
     0
     5
    45
   112
   100
   111
    74
    72
    44
    83
    33
    39
   101
    59
    32
    43
   209
    19
     5
    71
     0
     0
     0
     0
     0
     0
    36
    99
    84
    87
    24
    38
    50
    21
    59
    15
    34
    36
    32
    37
   245
    44
    43
    21
     0
     3
     5
     1
     0
     0
    72
    51
   254
    72
    70
    70
    34
    42
    38
    39
    22
    36
    71
    36
    99
   156
    47
    23
     0
     8
     5
     0
     0
     0
   103
    91
   161
   119
    45
    67
    25
    29
    61
    91
    44
    25
    57
    39
    77
   109
    37
   123
     0
     0
     0
     0
     3
     0
    77
   161
    38
   101
    61
    20
    30
    34
    34
    22
    57
    48
    37
    36
    60
    42
    64
    24
     2
     0
     0
     0
     1
     8
    99
   140
   155
   135
    34
    93
    29
    25
    81
    29
    79
    44
    52
    29
   189
   181
    63
    71
     0
     0
     3
    20
     0
    11
    51
   104
   103
   127
    31
    63
    84
    47
    62
    52
    39
    50
    45
    48
   106
    67
    31
   169
     1
     0
     0
     0
     0
     0
    41
   195
   111
    48
    28
    40
   199
    24
    22
    13
    29
    32
    89
    26
   105
   120
    60
    35
     1
     0
     0
     0
     6
     0
    67
   108
   316
    82
    43
    17
    29
    17
    18
     2
    32
    17
    84
    75
    20
    66
    88
    31
     4
     8
     5
     0
     7
     0
    44
   146
   235
    71
    27
    56
    59
    10
    76
    85
   316
    37
    80
    53
    55
    26
    73
    31
     1
     6
     7
     2
     0
     7
    38
   231
   227
   136
    42
    20
    71
    29
    86
    59
    72
    32
    67
    92
    84
   216
    47
    76
     0
     0
     2
     0
     2
     0
    29
    28
   102
    67
    16
    30
    86
    61
    23
    31
    58
    41
    60
   166
    31
    65
    95
    41
     0
     0
     7
     1
     0
     1
    30
   113
   126
    30
    34
    37
    27
    31
    85
    61
    66
    83
    30
    33
    61
    64
    44
    32
     0
     0
     0
     0
     0
     0
    56
    16
   208
   142
    46
    54
    14
    14
   162
    38
    53
    42
    87
    16
    34
   129
    72
   104
     3
     0
     0
     0
     0
     7
    36
    89
   207
   100
    38
   122
    15
    56
    67
    11
    56
    23
    48
    14
    66
    37
    53
    21
     7
     0
     4
     3
     0
    10
    38
   171
   125
   114
    49
    22
    23
    36
    41
    33
    33
    15
    23
    49
   119
    24
    18
    34
     0
     0
     9
     0
     5
     0
   116
   173
   229
    63
    11
    79
    37
    53
    17
    47
    31
    48
    28
    19
    81
   156
    35
   121
     5
     8
     0
     0
     4
     2
    75
   169
   204
    86
    69
    27
   109
    34
    57
    68
    89
    73
    19
     9
   173
   166
    71
    52
     1
     4
    11
     4
     0
     0
    35
    26
   281
   108
    39
    34
    45
    39
    41
    28
    21
   238
    59
    21
    32
    95
    23
    32
     0
     5
     0
     4
     3
     4
    37
   106
   286
   117
    37
    26
    33
    13
    41
    42
    15
   178
    29
   116
   138
    39
    61
    44
     0
     0
     0
     4
     0
     0
    70
   129
    90
    67
    10
    92
    50
   196
    58
    32
    40
    41
   160
    34
    72
   106
    39
    17
     0
     0
     0
     7
     4
     0
   109
   156
   201
    33
    44
   201
    24
     5
    65
    63
    19
    54
    67
    33
   157
    46
    18
    77
     0
     0
     3
     0
     6
     0
    64
    13
   112
    19
    20
    29
    66
    53
    12
    31
    28
    49
    34
    67
    72
   201
    31
    28
     0
     0
     0
    15
     0
     0
    33
   199
   119
   246
    53
    42
    40
   177
    64
    54
    32
    36
    73
    49
    34
   105
     8
    31
     7
     0
    11
     0
     0
    43
    84
   207
   157
    81
    49
    56
    40
    19
    37
    84
    43
    96
    29
    32
    39
    54
    12
     1
     4
     3
     0
     0
     7
    20
    69
   104
   198
    74
    33
    32
    35
    21
    42
    27
    39
    35
    18
   180
    31
    58
    75
     0
     2
     0
     0
     0
     1
    64
    79
    66
   220
    21
    47
    31
    41
    35
    90
    22
    28
    55
    27
    41
    31
   107
    25
     2
     0
     0
     0
    10
     4
    13
    97
   173
   192
    76
    24
   151
    35
    17
    49
    16
    13
    17
    46
    79
    43
    20
    25
     5
     0
     0
     7
     2
     0
    41
   200
   225
    64
    37
    31
    27
     7
    33
    58
    77
    33
    23
   102
    61
   201
    18
    19
     3
     0
     7
     0
     0
     0
    28
   183
   171
    62
    87
    41
    26
    13
    26
    48
    62
    66
    66
    62
    52
    37
    58
    25
     0
     6
     0
     0
     0
     0
    88
   137
   110
    90
    73
    16
    64
    34
    29
    25
   199
    54
    42
    64
    81
   112
    26
    26
     0
     0
     0
     0
     2
     0
    26
   112
   228
   107
    55
    33
    74
    41
    16
    51
    92
   152
    33
   168
    93
   192
    30
    16
     2
     6
     0
     9
     4
     0
    37
   114
   140
   199
    75
    57
    50
    48
    36
    63
   157
    35
    19
    53
    65
    19
    64
    39
    16
     4
     0
     0
     0
     0
    13
   171
   173
   109
    23
    50
    39
    39
    31
    84
    10
   168
    63
    21
   199
    61
    33
    55
     0
     7
    16
     0
     0
     0
    60
   227
   195
    53
     5
    73
    46
    19
    17
    28
    28
    44
     6
   115
    36
   104
    71
    54
     0
     8
     0
     0
     0
     4
    94
    86
   225
    84
    40
    36
    22
    76
    18
    52
   194
    43
    47
    16
   193
    32
    10
    69
     0
     8
     0
     0
     0
     3
    33
    93
   224
    93
    65
    20
   167
    72
    47
    47
    33
    31
    16
    37
    54
    76
    42
    36
     0
     9
     0
     6
     2
     0
    30
   162
   115
    79
    68
    35
    82
    28
    93
    43
    42
    64
   139
    42
   109
   165
    12
    52
     8
     0
     0
     6
     1
     8
    49
    67
   214
   330
    39
    27
    30
    84
    17
    31
    44
    29
    49
   203
    50
   173
    29
    50
     1
     1
     0
    13
     1
     0
    67
   306
   171
    23
    39
    25
    17
    21
    36
   107
    25
    63
    34
    30
    83
    70
    91
    20
     0
     6
     0
     9
     0
     8
    30
   237
    78
    50
    24
    48
    54
    23
    32
    69
    47
   101
    28
    30
    87
    64
    32
    40
     0
     6
     4
     0
     3
     0
     4
    44
   263
    59
    46
    58
    96
    45
    54
     9
   102
    33
    60
    51
    32
   157
    33
    45
     0
     2
     8
     0
     0
    10
    29
    73
   175
   136
    27
   210
    86
    21
    22
    11
    21
    20
    16
    49
    58
    30
    65
    89
     7
     7
     0
     1
     0
     0
    94
    85
   145
   157
    44
    88
    39
    26
     6
    32
    25
    28
     8
   105
    19
    54
    41
    45
     0
     0
     0
     0
    10
     0
    78
   183
   167
   191
    51
    48
    42
    64
    29
    46
    31
    54
    32
    80
    66
    46
    54
    40
     0
     4
    13
     0
     0
     1
    27
    58
   215
   168
    14
   204
    85
    42
    40
    56
    75
    32
    38
   115
    51
   128
    22
    27
     0
     3
     0
     5
     0
     0
    25
    89
   190
   128
    34
    36
    22
    47
    26
    34
    72
    19
    38
    45
   178
    62
    17
    48
     4
     0
     0
     0
     0
     0
    31
    50
    17
   114
    16
    24
    82
    26
    21
    57
    37
    38
    33
    81
    60
    43
    27
    44
     1
     0
     0
     2
     5
     0
    15
    11
   244
    76
    67
   166
   146
    24
    32
    71
    48
    14
    62
    78
    35
    29
    36
     9
     0
     8
     0
     0
     8
     0
    38
    65
   136
    45
    45
    75
    13
    39
    61
    33
    34
    49
    33
    57
    63
    51
    30
    43
     9
     8
     0
     0
     2
     0
    24
   104
   149
   125
    49
    51
    36
    33
    42
    22
    70
    41
    32
    20
    71
   117
    26
    26
     0
     0
     0
     0
     2
     5
    92
    71
   126
   238
   119
    78
    43
   232
    44
    42
    42
   177
    67
    33
   343
    68
    42
    31
     0
     0
     2
     8
     0
     5
   135
   232
   156
   150
    29
    66
    34
    68
    78
    22
    39
    72
    49
    34
    56
    60
   109
    51
     2
     0
     3
     0
     0
     6
    56
   109
   219
    33
    50
    58
    30
    27
    57
    11
    32
    22
    51
     8
    31
    25
    29
    10
     2
     8
     0
     0
     0
    18
    28
   153
   107
   166
    40
    45
     8
    25
    34
    44
    97
    29
    25
    32
    60
    31
    34
    71
     0
     0
     4
     0
     0
     0
    22
   130
   257
   163
    16
    19
    37
    26
   107
    32
    26
   160
   141
    42
    63
    67
    65
    46
     0
     0
     4
     0
     0
     0
    27
   188
   106
   136
    35
    14
    38
    61
    19
    54
    23
    18
    19
    54
   115
    62
    36
    38
     1
     0
     0
     0
     2
     2
    51
    95
   193
    15
    76
    22
    20
    12
    19
    89
    31
    27
    79
    78
   154
    85
    26
    29
     0
     3
    12
     0
     0
     0
    90
   208
   146
    72
    97
    79
    42
    70
    78
    42
    50
    22
    31
    43
    99
   212
    66
    51
     5
     0
     0
     0
     6
     7
    16
    47
   120
    32
    93
    51
    57
    59
    49
    24
    54
    38
    32
    31
    65
   266
    26
    27
     0
     0
     8
     0
     0
     0
   118
    27
   116
   174
    54
    10
    38
    37
    28
    62
   104
    59
    37
    49
   122
   164
    65
    32
     0
     0
     0
     6
     0
     1
    30
    97
   162
    47
    86
    22
    11
    33
    22
    23
    78
    22
    27
    43
    38
    22
    32
    42
     0
     0
     0
     6
     0
     0
    54
   144
   328
   134
    27
    35
    74
    16
    64
    24
    22
    47
    26
   143
   245
   226
    30
    42
     0
     4
     0
     0
     0
     3
    17
    40
   201
    53
    26
     8
    57
    38
    20
    23
    73
    47
    34
    26
   100
    29
    91
    76
     0
    12
     0
     0
     7
     6
    14
    25
   278
   120
    22
    26
    48
    66
    34
    16
    32
    64
    59
    60
    59
    44
    11
    83
     0
     0
     4
     0
     0
    18
   174
   256
   234
   181
    84
    48
    40
    31
    27
    87
    53
    21
    36
    14
   134
    25
    19
    75
     0
     0
     0
     0
     0
     0
    22
   227
   169
   111
    21
    73
    42
    12
    17
    23
    74
    40
    54
    71
    30
    64
    20
    38
     0
     0
     0
     7
     0
     0
   105
    47
    58
    98
    74
    38
    51
    79
    81
   201
    22
    20
    14
    33
    14
   186
   130
   115
     0
     0
     8
     0
     0
     0
     2
    53
   313
   196
    32
    30
    66
    98
     7
    24
    25
    83
    34
    29
    86
   227
    17
    19
     7
     3
     0
     0
     0
     6
    15
   129
   140
    58
    69
    30
    93
    34
    90
    17
    49
    98
   158
    26
   388
    23
    23
    24
     7
     3
     0
     0
     0
     0
    42
   116
   206
    91
    28
    28
    42
    12
    25
    21
    71
    21
    67
    34
    39
   187
    75
    18
     0
     0
     0
     1
     1
     0
    72
    74
    82
    27
    43
    23
    27
    34
    31
   174
    72
    68
   122
    23
   277
   154
    53
    21
     0
     0
     3
     9
     2
     8
   135
   175
   119
   114
    32
    40
     8
    48
    71
    20
    29
    46
    48
    72
    43
   261
    27
    56
     0
    24
     0
     0
     7
     8
    71
    61
   100
   149
    31
    77
    28
    68
   314
    67
    74
    45
    29
    32
   230
    68
     5
    64
    12
     0
     0
     0
     0
     0
    18
    83
    32
   197
    31
    28
    35
    26
    34
    35
   101
    41
    67
   192
    23
    22
    45
   112
     1
     0
     0
     0
     0
     0
    21
   108
    53
    57
    66
    77
    20
    29
    33
    47
   195
     6
    21
    40
    84
    81
    46
    53
     8
     0
     0
     6
     5
     1
    33
    77
   133
    71
     4
    35
    22
    22
    38
    32
    79
    72
    33
   215
    16
     9
    27
    41
     5
     0
    11
     0
     0
     0
    53
    98
    54
    73
    35
    46
    84
   115
    14
     6
    16
    40
    23
   154
    16
    57
    45
    41
     9
     0
     9
     0
     0
     0
    42
   157
    62
    67
    31
    38
    41
    35
    25
   193
    51
    46
    72
    27
    34
    24
   157
    53
     0
     5
     0
     2
     0
     0
    66
   110
    70
   239
    43
    43
   161
    38
    37
    60
    70
    42
    90
    46
    48
    79
    77
    21
     0
     0
     0
     4
     0
     2
   116
   224
   146
    63
    49
    40
    40
    49
    15
    10
    26
    42
    59
    41
   200
   164
    30
     9
     0
     0
     0
     0
     2
     0
   143
    12
    57
   205
   104
    25
    54
    54
    18
   178
    16
    19
    26
     9
    21
   345
    21
     4
     0
     0
     1
     0
     3
     0
    77
    60
    61
   136
   100
    42
    31
    21
   247
    20
    48
    34
    42
    39
   117
    55
     9
    62
     0
     0
     7
    12
     0
     0
    46
    16
    81
    65
    22
    10
    37
    20
    23
    33
    32
    29
    32
    25
    75
    97
    48
    22
     0
     2
     2
    10
     0
     0
    44
    84
   390
    73
    18
    47
    35
   168
    83
    59
    54
    23
    72
    29
    35
    73
    34
    12
     1
     0
     2
     8
     0
    12
    55
   175
   228
   117
    20
    42
    27
    26
    33
    34
    30
    58
    11
    35
   127
    68
    28
    32
     6
     1
     7
     0
     0
     0
   101
   148
   281
    84
    42
    27
    35
    17
    25
    47
    38
    53
    47
   109
   129
    24
    17
    50
     0
     0
     0
     0
     5
     0
    97
   190
    79
    81
    39
    51
    73
    56
   109
    35
    58
    57
    58
   160
   133
   111
    23
    37
     0
     0
     0
     0
     9
     0
    23
   149
    28
   161
   185
    30
    70
    11
    24
    39
    15
   178
    41
   219
    39
     2
    25
    24
     0
     0
     0
     3
     3
     0
   151
   161
   147
   144
    26
    43
    45
    13
    18
    31
    46
    31
    51
    34
    13
    64
    38
    13
     4
     5
     0
     0
     2
     2
    39
   115
   320
   227
    32
    33
    38
    45
    17
    24
    39
   183
    21
    55
   128
    25
    60
    68
     0
     0
     1
     0
     3
     4
    39
   105
   292
    66
    61
    71
   187
    24
    30
    36
    43
    24
    33
   214
    44
    73
    19
    17
     2
     0
     1
     0
     0
     0
    80
    66
   222
   117
    22
    68
    17
    40
    22
    83
    32
    79
    25
    46
   100
    35
     7
    37
     0
     2
     0
     5
     0
     0
    59
   114
   178
   116
    17
    32
    76
    36
    56
    34
   105
    50
    27
    74
    27
    82
   216
   145
     1
     5
     0
     0
     0
     1
    52
    92
   245
   147
    26
    27
    66
    79
   176
    85
   215
    49
    54
    19
    35
    48
    29
    34
     0
     0
     0
     0
     0
     2
    76
   104
   180
   112
    11
    59
    19
    22
    47
    14
    39
    16
    25
    27
   147
    97
    30
    47
     0
     0
     0
     0
     1
     8
    49
    98
    66
   116
    24
    38
    28
    29
    57
    53
    21
    17
    38
    72
    65
    23
    67
    22
     0
     3
     5
     4
     2
     0
    80
    96
   159
    62
    39
    59
    73
    36
   102
    12
    29
    12
    66
    11
    55
   106
    36
    47
     0
     0
     0
     5
     0
     0
    92
    84
    19
    63
    48
    39
    13
    16
    75
    23
    57
    74
    15
    26
    57
    93
    25
    28
     0
     0
     5
     0
     0
     0
    63
    70
   152
   107
    20
    20
    26
    19
    65
    32
    34
     9
    31
    67
    58
    94
    12
    43
     0
     0
     3
     0
     0
     0
    56
   113
   213
    83
    25
    15
    66
    31
    33
    39
    25
    34
    81
    69
   176
   102
    59
    33
     0
     0
     0
     0
     0
     2
   110
    50
   148
    70
    78
    16
    25
    76
    77
    35
   164
    35
    30
    42
    13
    83
    28
    29
     0
     2
     1
     0
     1
     0
    66
   282
    67
   114
    31
    11
    37
    30
     5
    26
    18
    42
    53
    32
     7
    74
    18
    24
     0
     0
     0
     0
     8
     4
    37
    17
   234
   226
    33
    48
    14
    12
    22
    52
    34
    20
   107
    20
   391
    22
    36
    10
     0
     7
     3
     0
     0
     0
   107
   168
   146
    35
    20
    33
   178
    13
   180
    22
    38
     9
    37
    76
   143
    70
    66
    78
     0
     0
     0
     0
     7
     4
    18
   105
   232
   102
    81
    45
    24
    29
    13
    47
    56
    31
    27
    26
    77
    71
    15
    38
     0
     0
     0
     8
     1
     6
    37
     0
    83
    57
    40
    57
    33
    56
    28
    47
    23
    80
    71
    19
   107
   118
    17
    28
     0
     8
     4
     0
     1
     0
    84
   160
   107
    18
    53
    18
    60
    21
    49
   164
    62
    30
   150
    41
    56
    64
    38
    41
     0
     8
     0
     0
     0
     2
    33
   170
   143
    98
    32
    47
    63
    60
    96
    27
    28
    48
    13
    28
   294
   197
    28
    42
     0
     0
     0
     0
     0
     3
    65
    86
   119
   115
    56
    30
   319
    30
    32
    35
    49
    40
    66
    25
   156
   183
    29
    24
     0
     0
     0
    12
     0
     0
    52
   109
    99
    79
    22
   118
    13
    11
    63
   104
     4
    18
    22
    69
    29
    14
    14
    44
     0
     7
     6
     0
     4
     2
    73
    54
   212
   179
    21
    26
    36
    15
    41
    42
    27
    33
    10
    50
    64
    15
    65
    36
     0
     0
     6
     0
     0
     0
     9
    15
    12
    64
    30
    29
    29
    22
    27
    32
    26
    62
    35
     7
    34
    42
    30
    15
     5
     0
     9
     3
     3
     0
    39
   116
   153
    31
   110
    18
    26
    64
    37
    76
    48
    34
    83
    57
    24
   171
    21
    15
     5
     0
    10
     2
     9
     0
    30
   129
   244
    66
    18
    20
    75
    36
    58
    69
    78
    16
    41
    32
   206
    63
    70
    37
     4
     4
     4
     0
     0
     0
    26
   139
   301
   277
    50
   111
   100
    65
    66
    27
    12
    17
    18
    72
   121
   103
    29
    25
     0
     3
     5
     0
     0
     0
    25
    62
   122
    81
    24
    36
    66
    41
    51
     0
    18
    30
    14
   107
   104
    45
    70
    17
     0
     2
     0
     7
     0
    12
    18
   123
   229
    31
     9
    31
    41
    35
    11
    25
    20
    20
     9
    45
    26
    41
    14
    13
     0
     7
     0
     2
     0
     0
    83
    64
    99
    39
    81
    14
    40
    25
    30
    12
    11
    25
    28
    28
    23
    58
    20
    34
    10
     0
     4
     1
     3
     0
    76
    71
   203
    45
    16
    63
    20
    15
    15
    43
    21
    16
    27
    29
    66
   239
    42
    36
     3
     0
     0
     0
     0
     9
    21
   124
   310
    31
    41
     9
    33
    20
    41
    25
    11
   104
    23
    29
    11
    56
    78
    62
     0
     0
     0
     6
     0
     0
    46
    42
   170
    95
    57
    18
    51
   102
    72
    34
    40
    41
    29
    71
    53
   390
    48
    29
     0
     4
     0
     0
     6
     2
    88
   117
    94
   111
    38
    67
    34
    50
    29
   159
    14
    46
    28
   182
   166
   120
    34
    70
     5
     0
     3
     0
     0
     0
    24
    28
   188
   349
    24
    37
    25
    34
    28
    24
    51
    40
    24
   154
    76
    47
    72
    21
     5
     4
     0
     3
     0
     9
    41
    43
    18
    19
    32
    45
    26
    73
    70
    22
    37
    27
    35
    58
    89
    32
    34
    70
     7
     0
     0
     0
     0
     7
    59
   109
    81
    26
    12
    31
    17
    45
    61
    28
    18
    38
    21
    31
    57
    39
    37
    40
     0
     6
     4
     0
     0
     0
    67
    95
    83
    25
    61
    14
    41
    42
    31
    54
    78
    38
    49
    28
    25
    16
    29
    24
     0
     0
     6
    11
     0
     1
    30
    71
   204
    25
    39
    18
    11
    75
    12
     3
    33
    29
    45
    94
    63
    11
    17
    47
     4
     6
     0
     0
     0
     0
    48
   195
    99
    39
   112
    35
    38
   112
    14
    53
    19
    21
    22
   323
   123
   283
    68
    32
     0
     0
     0
     0
     6
     2
    22
   286
   107
    92
   104
    30
    27
    13
    38
    80
    24
    58
    55
    42
    79
    55
    31
    42
     0
     0
     0
     0
     6
     0
    32
    65
   183
     7
    18
    24
    27
     9
    24
    35
    18
    24
    63
    24
    94
    24
   194
    32
     0
     0
     0
     5
     0
     1
    16
    35
   156
    46
    35
     8
    16
    30
    50
    24
     3
    39
    22
    37
    19
    14
    20
    41
     5
     0
     0
     3
     0
     0
    19
   212
   205
    51
    32
    20
    43
    15
    41
    31
    64
   172
    17
    21
    50
    90
    32
    41
     0
     1
     0
     0
     0
     5
    67
    76
    43
    25
    37
    44
    36
    20
    31
    45
    54
    60
    57
    61
   133
    26
    71
    47
     0
     0
     6
     0
     0
     1
    12
   191
   191
    52
    28
    14
    44
    20
    74
    28
    78
    51
    58
    39
    24
    20
    18
    71
     3
     1
     7
     0
     9
     0
    66
   158
   176
    96
    47
   173
    13
    30
    60
    56
    36
    17
    85
    73
    26
    26
    33
    52
     0
     2
     2
     6
     0
     0
    43
   113
   148
   112
     3
    34
    39
    29
    10
    39
    53
     9
    27
    26
    14
    96
    78
    28
     0
     0
     2
     0
     7
     0
    21
   137
    74
   108
    46
   119
    48
    82
    17
    73
    34
    25
    75
     4
    16
   226
    30
    63
     3
     4
     1
     0
     0
     2
    25
    74
   214
   163
    41
    20
    38
    13
    41
    50
    16
    42
    13
    64
    88
   301
    12
    40
    12
     0
     5
     0
     0
    14
    62
   116
   147
    23
    31
    23
    25
    19
    19
   179
    25
    39
    41
    12
    31
    11
    29
    54
     0
     0
     0
     4
     4
     0
    64
    52
   160
   174
    37
    50
    31
    19
    17
    25
    38
    29
    28
    28
   167
    12
    36
    51
     0
     0
     0
     2
     1
     0
    67
    89
   102
    20
    62
    11
    25
    17
    31
    28
    17
    21
    15
    18
   282
   187
    27
    20
    16
     0
     0
     0
     8
     0
    40
   182
   232
    69
    57
    58
    20
    39
    52
    30
    18
    16
    28
     8
    81
   106
    50
    22
     0
     0
     1
     0
     0
     0
    15
   107
   341
    61
    40
    69
    56
    34
    34
    77
    17
   230
    68
    67
    36
   413
    27
    30
     3
    12
     0
     0
     0
     2
    53
    11
   218
   146
    39
    58
    88
    14
    20
   163
    40
    81
    38
   160
   151
    52
    46
    38
     0
     1
     0
     0
     2
     0
    26
    41
    72
    60
    19
    18
    17
    56
   146
    16
    34
    26
    39
    78
    60
    20
    45
    16
     0
     0
    10
     8
     6
     1
    48
    90
    94
    67
    17
    38
    19
    29
    44
    21
    28
    79
    39
    32
    78
    24
    48
    50
     1
     3
     0
     0
     1
     0
    75
    24
   102
    13
    18
    65
    53
    48
    26
    35
    27
    23
    80
    83
    81
    27
    27
    34
     0
     0
     1
     6
     0
     0
     7
    70
   159
    68
    56
    39
    50
    19
    32
    19
    22
    27
    50
    27
    23
    53
    50
    15
     6
     7
     0
     0
     1
     7
    67
     7
   204
   122
    35
    27
    38
    50
    26
    33
    44
    40
    78
   179
    73
   264
    48
    22
     0
     0
     2
     0
     4
    13
    61
    79
   233
    85
   166
    26
    19
    54
    84
    84
    34
    30
    52
    18
    51
   137
    20
    29
     0
     0
     4
     0
     3
     0
    28
   169
   129
   108
    38
    28
    77
    18
    40
    67
    26
    17
    35
     9
    18
   106
    35
    29
     3
     0
     8
     4
     2
     0
    71
    52
   107
    33
    29
    23
    11
    23
    31
    34
    31
    24
    55
    44
    40
    21
     2
    27
     0
     0
     0
     0
     9
     0
    40
   152
   144
    53
    16
    72
     9
    75
    21
    20
    51
    31
    17
   144
    62
    75
    15
    16
     7
    15
     0
     1
     0
     6
    61
    77
    68
   189
    37
     9
     6
   172
    26
    23
    10
    47
    33
   205
   296
    53
    10
    20
     0
     0
     0
     0
     1
     0
     5
    49
   223
    27
    33
    14
   171
     8
    26
    30
    54
    25
    48
    17
   239
    61
    61
    28
     9
     2
     0
     1
     8
     2
    81
   182
   207
   152
    34
    37
    36
    45
    60
    45
    35
   105
    47
    56
    54
    84
    31
    55
     0
     0
     1
     7
     5
     0
    36
   190
   128
    61
    35
    47
    51
    76
    32
    39
    86
    57
    75
    56
    57
    48
    68
    18
     0
     8
     5
     0
    10
     0
    17
    28
   120
   106
    25
    38
    18
    45
   149
    30
    13
    21
    45
    43
    65
    20
    23
    39
     4
     1
     0
     4
     0
     2
    82
    63
    63
   104
    29
    38
     8
    15
    12
    21
    65
    31
    16
    15
    20
    81
    33
    84
     0
     0
     0
     0
     6
     7
    26
    72
   222
    22
    23
    26
    19
    11
    32
    25
    14
    65
     7
    13
   148
   131
     7
    51
     0
     9
     0
     8
     9
     0
    18
   107
    17
    19
    90
    37
     6
    24
    25
    40
    26
    28
    16
   100
    30
    97
    12
    14
     5
     4
     2
     0
     0
     0
    81
   107
    73
   229
    27
    20
    19
   166
    30
    32
    20
    23
    37
    61
    27
    66
    23
    44
     8
     1
     5
     0
     0
     1
    91
   111
   125
    33
    28
    62
    15
    30
    11
    41
    46
   120
    30
    19
   211
    16
    18
    16
     0
     0
     0
     5
     1
     8
    47
    40
   235
   207
    53
    45
    29
    15
    33
    53
    37
    76
    23
    18
    41
   120
    30
    34
     2
     0
     2
     0
     8
     0
    33
   120
   184
   115
    18
    10
    40
   180
    38
    41
    28
    45
     6
    79
   254
    34
    19
   147
     0
     0
     0
     2
     1
     0
    66
    18
   112
   118
    26
    31
    89
    19
    30
    55
    39
    10
    34
    59
    45
    29
    49
    40
     3
     0
     0
     0
     8
     0
    33
    98
    32
    67
    22
    19
    22
    31
   174
    35
    40
     8
    25
    17
    23
    64
     7
    54
     1
     0
     0
     7
    14
     7
    55
    53
   115
    93
    42
    34
    14
    30
    63
    75
    30
    28
    35
    91
   109
    77
    84
    15
     3
     0
     5
     0
     0
     0
    32
   196
    99
    83
    12
    23
    18
    12
    20
    17
    25
    25
    33
    17
   170
    70
    12
    40
     0
     3
     3
    14
     0
     0
    24
    70
   115
   100
    20
   140
    86
    87
    40
    21
    63
    75
    42
    36
   236
    27
    42
    69
     0
     0
     0
     0
     0
     0
    28
   165
   211
    52
    79
    33
    24
    49
    37
    42
    29
    28
    37
    69
    23
    66
    31
   110
     0
     0
     0
     0
     0
     0
    14
   101
   280
    84
    27
    26
    26
     4
    70
    33
    29
    27
   151
    51
    77
    37
     9
    39
     2
     2
     0
    10
     6
     0
    33
   128
   216
    91
    21
    20
    18
    33
    25
    39
    15
    47
    31
   177
    23
    24
    25
    42
     0
     0
     0
     0
     0
     4
    71
    77
   139
    78
    75
    20
    51
    34
    17
    37
    20
    37
    19
    74
    27
    35
    21
    22
     0
     0
     0
     0
     0
     0
    25
    26
    98
   229
   115
    10
    16
    22
    27
    45
    31
    19
    36
    62
   112
    71
    33
    54
     0
     0
     0
     0
     2
     0
    29
    63
   241
    70
   154
    17
    11
    58
    49
    17
    22
    54
    15
     8
    26
    66
    26
    22
     0
     5
     5
     0
     0
     5
    40
   129
   152
   155
    78
    13
    45
    42
    47
    18
    41
    33
   107
    23
    78
   164
    44
    47
     1
     2
     2
     0
     1
     0
    85
    46
   151
    67
    29
    33
    29
    42
    18
   163
    79
    27
    48
    54
    15
   177
    33
    67
     0
     0
     0
     8
     0
     1
    21
   119
    11
    75
    21
    68
    43
    43
    15
    30
    40
    99
    37
    78
   133
    21
    57
     9
     8
     0
     0
     0
     0
     4
    29
    25
    93
    95
    10
    23
    14
    27
    32
    21
    15
    52
    23
   160
   245
    16
    14
    19
     0
     2
     7
     0
     0
     7
     6
   157
   277
   187
    77
    40
    64
    14
    21
    21
    52
    14
    37
    16
   119
   103
    29
    66
     4
     8
     0
     0
     6
     0
    34
   133
   135
    61
    21
    24
    29
    27
    32
    37
     8
    19
    45
    37
   143
    78
    33
    34
     9
     0
     2
     0
     0
     0
    41
   106
   117
   135
    48
    36
    18
    23
    15
    19
    79
    54
    13
    63
    17
    24
    35
    29
     0
     0
     6
     0
     8
     0
    32
   108
   148
    64
    31
    26
    41
    36
    26
    37
    25
    39
    41
    36
    15
    28
    27
    51
     1
     0
     0
     0
     0
     0
    19
    75
   121
   287
    76
    48
    28
    28
    62
    44
    61
    41
    28
   129
   101
    71
    27
    68
     4
     0
     0
     0
     2
     0
    25
    55
   146
    28
    35
    64
    36
    15
    24
    25
    37
    34
    24
    30
    57
    57
    26
    22
     1
     0
     5
     4
     0
     8
    53
   110
    30
   140
    38
    54
   153
    24
     8
    27
    11
    15
    18
    75
   227
    74
     6
    16
     0
     0
     0
     0
     0
     4
    49
    53
    88
   101
    22
    20
    13
    29
    42
    20
    58
    43
    47
   186
   241
    44
    42
    23
     0
     0
     7
     2
     5
     0
    55
   106
    62
    86
    23
    47
    14
   173
    29
   167
    38
    45
    29
    14
    59
    71
    13
    17
     0
     0
     0
     0
     0
     4
    43
    54
   156
    28
    17
    77
    77
    32
    22
   102
    62
    17
    29
    39
    64
    88
    43
    51
     0
     3
     8
     1
     0
     0
    53
    62
   179
    14
    51
    60
     0
   204
    10
    33
    18
    77
    13
    15
   113
    78
    27
    55
     0
     3
     0
     0
    14
     1
     7
   195
   324
    39
    27
    31
    34
    50
    62
    25
    28
    82
    26
    62
    63
    63
    20
    38
     0
     0
     0
     0
     0
     5
    32
    76
   135
   166
    68
    45
    33
    96
    37
    20
   116
    19
    82
    24
   139
    60
    16
    30
     0
     0
     2
     0
     0
     0
    22
   166
    66
   167
    36
   158
   184
    51
    34
    28
    11
    23
     5
    48
    35
   216
    15
    25
     0
     8
     0
    14
     0
     3
    32
    25
   184
    59
    32
    20
   175
    35
    21
    44
    22
    24
    32
    29
    30
    69
    17
    21
     0
     0
     5
     1
     3
     8
   105
   142
   226
   110
    22
    33
   177
   158
    20
    29
    24
    25
    12
    29
    37
    66
    30
    89
     0
     1
     8
     3
    14
     0
    75
   201
    49
    56
    14
    31
    16
    37
    40
    25
    63
    26
   157
   178
    29
    16
    25
    21
     2
     2
     0
     0
     1
     0
    19
   130
   258
    87
    72
   109
    79
   168
   174
   116
    41
    36
    77
   110
   135
    94
    47
    17
    14
     0
    14
     0
     0
     0
    18
    97
   173
   108
    31
    28
    86
    30
    11
    69
    20
    43
    52
    37
    98
   212
   154
    94
     6
     0
     0
     0
     2
     0
    36
    76
   175
    89
    68
    26
    61
    44
    37
    12
    76
    49
    31
    74
    65
   153
   104
    33
     0
     2
     3
     0
     0
     0
    22
   195
    58
    93
    17
     4
    29
    28
    27
    48
    35
    58
     9
    21
   161
    35
   159
    38
     0
     0
     7
     0
     0
     0
    28
    92
   139
    69
   201
    15
    20
    48
    21
    57
    62
     9
    27
    47
    55
    22
    17
    17
     1
     3
     0
     0
     0
     0
    27
   187
   234
    59
    18
    18
     3
    14
    43
    30
    15
    37
    37
    78
    79
    43
    14
    27
     7
     0
     0
     0
     0
     0
    29
    50
    43
    72
    37
    31
    40
    41
    22
    31
    28
    23
    38
    75
   168
   158
    14
    27
     6
     0
     8
     0
     0
     0
    48
    68
   133
    92
    40
    54
    19
    42
    34
    97
    85
    41
    17
    34
    37
    21
   181
    27
     1
     7
     3
     0
     0
     0
    83
   140
   127
    35
    12
    43
    68
    33
    16
    46
    14
   100
    39
   109
   200
    66
    28
     8
     0
     0
     0
     3
     0
     0
    82
    25
   229
    20
    62
    30
    24
    33
     6
    69
    77
    27
    34
    17
    26
   114
    62
    30
     1
     0
     0
     0
     0
     0
    75
    62
   196
   175
    52
   184
    18
   128
    11
    47
    45
    18
   101
   202
    47
    31
    18
    62
     2
     0
     0
     0
     0
     0
    45
    67
    88
   108
   181
    22
    17
    19
    68
    25
    43
    32
    39
    34
    57
   140
    19
    18
     0
     0
     0
     0
     3
    10
    28
    77
    68
    27
    16
    38
    59
    29
    58
    30
    90
    16
    23
    16
    97
   104
    31
    33
     0
     0
     0
     4
     0
     0
    55
   196
   191
   152
    28
    65
    23
    16
    27
    22
    24
   182
    43
    19
    42
   123
    32
    32
     0
     5
     0
     6
     0
     0
    33
   164
   120
   174
    62
   112
    11
    18
    38
    17
    14
    81
    25
   237
   105
   124
    71
    31
     0
     0
     8
     0
     2
    11
    77
   162
   230
   113
    19
    25
    30
    43
    24
    24
    33
    59
   114
   189
    20
    70
    17
    29
     0
     7
     0
     0
     0
     5
    81
   116
   115
    95
    27
    37
   102
    44
    33
    24
    50
    15
    27
    37
   227
    59
     7
    80
     0
     6
     0
     6
     3
    12
    19
   157
   107
    79
    12
    50
   172
    28
    30
    28
    46
    12
    12
    50
    24
   326
    13
    25
     0
     5
     0
    13
     1
     0
    20
    98
   120
   200
    56
    60
    29
    47
    94
    52
    37
    23
    75
    28
   198
    58
    16
    29
     0
     0
     5
     0
     0
     3
    22
   179
    55
   212
    64
    12
    92
    31
    38
    30
    17
    70
    33
    56
    20
    64
     8
    35
     0
     0
     5
     0
     2
     1
    16
    69
   127
    21
    35
     8
   145
    20
    80
    80
    17
    60
    25
    39
    29
    65
    26
    40
     2
     0
     0
     0
     0
     0
    54
   119
   205
   233
    33
    61
    11
    52
    12
   169
    33
    67
    32
   179
   231
    90
   106
    41
    23
     0
     2
     1
     0
     0
    44
   189
   228
   323
    25
    30
    27
    39
    29
    91
    27
    43
   170
    75
   107
    18
    36
    25
     0
     2
     0
     4
     0
     0
    32
   187
   186
   130
    27
   107
    35
    34
    92
    65
    24
    74
    22
    35
   319
    26
    15
    36
     6
     0
     8
     0
     6
     0
    62
   123
    11
   123
    37
    40
    45
    19
    35
    34
    69
    18
   100
    25
    30
   183
    18
    20
     0
     0
     0
     0
     0
     1
    41
    53
   101
    62
    19
    40
    39
    15
    20
    31
     9
     7
    31
    34
    68
    99
    25
    24
     0
     7
     0
     0
     4
     0
    81
   120
    97
   169
    29
    25
    18
    47
    87
    39
    29
    23
    31
    48
    49
   356
    52
    10
     5
     0
     0
     8
     0
     0
    15
    57
   103
    70
    31
    70
    29
    33
    24
    34
    14
    27
    21
    49
    18
    21
    21
    74
     6
     6
     0
     0
     3
     6
    59
    29
   216
    33
    55
    19
    68
    26
    33
    61
   100
    77
    60
    30
    57
    63
    52
   100
     3
     0
     3
     0
     0
     6
    47
    72
   271
    92
    61
    48
    67
   140
    34
    61
   311
    54
    66
    49
   103
   120
    48
    40
     0
     0
     0
     0
     0
     0
    39
    56
    51
   143
    18
    36
    30
    77
    48
    14
    34
    85
   175
    38
    52
    63
    32
    82
     4
     4
     0
     0
     6
     1
    54
    21
   210
   135
    73
    62
    26
    16
    41
    43
    33
    39
    50
    81
    82
    45
     6
    78
     0
     7
     0
     0
     0
     8
    80
   103
   220
   101
    84
    38
    14
    71
    16
    16
    28
    21
    24
    59
    80
   202
    32
    41
     0
     2
     0
     0
     0
     0
   103
   105
   147
   107
    32
    39
    27
    12
    22
     4
    24
    19
    35
    24
    34
    96
     8
    62
     2
     0
     7
     0
     9
     0
    26
    58
   139
    25
    37
    38
    20
    24
    89
    76
    36
    27
    12
    50
    40
    63
    60
    44
     0
     0
     2
     0
     2
     0
    44
    50
   196
    66
    47
    58
    42
    64
    36
    39
    45
    10
    29
   112
   100
    61
    78
    34
     0
     0
     1
     2
     2
     4
    25
   228
    43
    98
    26
    33
   197
    23
    43
    59
    97
    38
    14
    28
   229
    60
    68
    63
     0
     0
     2
     0
     0
     0
    61
    15
    79
    84
    35
    13
    31
    24
    36
    32
    10
    56
     9
    39
   238
   107
    28
    37
     6
     0
     0
     0
     0
     0
    65
   121
    60
    70
    41
   201
    15
   141
    33
   208
    63
    38
    24
   185
    58
   175
    59
    73
     3
     2
     0
     3
     0
     0
    43
   200
   129
    57
    28
    28
    10
    40
    38
    34
    26
    17
    34
    29
    37
    19
    89
    19
     0
     0
     8
     0
     0
     8
     0
    67
    19
   153
   164
    28
    35
    66
    62
    36
    27
    45
    16
    42
    32
    32
    73
    52
    62
     5
     6
     0
     0
     6
     0
    15
    34
    54
   143
    10
    80
    19
    31
    22
    86
    14
    43
    30
    49
    22
    54
    17
    41
     4
     1
     0
     0
    12
     0
    26
   121
   198
    56
    26
   173
    26
    83
    82
   104
    23
    51
    71
    43
   235
    64
    28
    24
    11
     0
     4
     0
     0
     1
     9
    95
   148
   156
    13
    39
    31
    15
    59
    65
    18
    59
    89
    59
    57
    40
    21
    77
     0
     2
    10
     2
     0
     0
    80
    22
   100
    93
    18
    34
    11
    13
    28
    34
    59
    41
    42
   182
   460
    15
    61
    22
     0
     0
     8
     2
     0
     0
    37
   107
   237
    44
    17
    47
    30
    50
    38
    27
    36
    63
    38
   168
    54
    49
    39
    22
     2
     5
     9
     1
     2
     0
    44
    24
   252
   109
    41
    14
    40
    40
    29
    20
    19
    38
    52
    97
   104
    82
    25
    14
     6
     0
     0
     0
     1
     0
    22
    73
    57
   116
    66
    38
    23
    49
    39
    75
    41
    71
    47
   168
    76
   107
    64
    27
     4
     0
     0
     0
     0
     0
    90
   201
    89
   154
    32
    74
   200
    24
   104
    19
   174
    64
    63
    31
    66
    53
    52
    30
     0
     0
     0
     2
     0
     0
    76
    97
   253
    56
    26
    47
    39
    77
    75
   163
    33
    49
    57
    24
   124
    19
   168
    14
     0
    17
     0
     8
     2
     0
    45
    89
   201
    90
    80
    75
    93
    79
    40
    33
    42
    51
    33
    34
   107
   181
    66
   189
     0
     2
     0
     0
     0
     3
    12
    57
    67
   134
   118
    76
    25
    19
    76
    85
    72
   166
    39
    26
   165
    13
    30
    21
     8
     0
     0
     8
     0
     0
    77
    64
   114
    73
    41
    12
    25
    25
    37
   100
    21
    24
   102
    17
   175
   141
    30
    39
     0
     3
     0
     0
     0
     4
    16
   169
    69
   110
    28
    89
    21
   178
    25
    24
    10
    22
    32
    26
     8
    26
    36
    32
     0
     0
     7
     0
     6
     4
    64
   224
    44
    97
    45
    52
    20
    55
    34
   201
    33
    12
    38
    22
    26
    13
    36
    59
     4
     3
     0
     0
     0
     0
    97
    67
   145
    53
    67
    26
    86
    19
    28
    17
    39
   170
    37
    64
   296
   195
    67
    24
     0
    13
     1
     4
     0
     0
    47
    69
   242
   187
    17
    29
    39
    55
    36
    18
   155
    88
    74
    73
   158
    33
    53
    64
     2
     0
     0
     0
     0
     0
    73
    22
   183
    95
    40
    35
    41
    83
    24
    47
    75
   174
    66
    38
    53
   130
   105
    15
     0
     7
     0
     0
     0
     5
    28
    91
   107
     9
    52
     4
    75
    28
    46
   126
    78
    37
    29
    27
    17
    65
    91
    34
     0
     6
     0
     8
     7
    10
    44
    14
    98
    98
    68
    23
    53
    52
    45
    32
    26
    34
    44
    34
    92
    41
    34
    10
     8
     0
     7
     0
     0
     3
     5
   118
   190
    91
    12
    56
    27
    13
    74
    38
    18
    42
    32
    78
    41
    69
    17
    34
     4
     0
     3
     0
     0
     0
    17
    77
    86
    56
    15
    35
    31
    19
    18
    38
    47
    35
    13
    16
    56
    71
   133
    55
     0
     6
    11
     2
     0
     0
    42
    43
   106
   133
    70
    94
    12
   158
    19
    80
    36
    47
    29
    66
    36
   152
    11
    32
     5
     0
     0
     0
     1
     0
    67
   126
   244
    95
    58
    48
    27
    38
    31
    29
    30
    28
    26
    22
    40
    25
    67
    28
     7
     0
    15
     0
     0
     0
    29
   209
   209
    89
    66
    72
    43
    36
    28
    67
    31
    24
    64
    45
    33
   110
    19
    38
     5
     0
     0
     0
     0
     0
    26
    72
   104
   165
    57
    57
    33
     8
    10
    45
    17
    24
    26
    24
   127
    84
    76
    24
     0
     0
     0
     0
     0
     0
    39
   138
   180
    64
    17
    34
    31
    43
    31
    12
    98
    45
    14
    31
    25
    95
    64
    30
     7
     0
     8
     0
     0
    13
    34
   116
    99
    37
    38
    70
    38
    29
    10
    77
    89
   141
    33
    47
   139
    32
    24
    45
     6
     2
     0
     4
     0
     0
   127
    91
   155
    57
    63
    32
    26
    15
     0
    50
    71
    30
   101
    47
    56
   150
    27
    25
     0
     0
     0
     0
     0
     7
    23
   159
    51
   143
    38
    19
    30
    37
    48
    46
    47
    17
    61
   118
   102
   109
   116
    28
     4
     3
     0
     0
     3
     4
    79
    49
    91
    85
    28
   188
   178
    35
    27
    77
    56
    66
   166
    56
   102
    19
    19
    45
     1
     0
     1
     0
     0
     0
    60
   214
    88
    67
    25
    37
    86
    46
    55
    37
    97
   106
    80
    71
    53
    45
    13
    48
     0
     0
     0
     6
     0
    21
    61
    84
    39
   188
    58
    87
    45
   113
    29
    56
    20
    27
    28
    26
    68
    73
    34
    37
     0
     0
     0
     0
     7
     0
    20
    87
   220
    81
    23
   162
    10
    73
    58
    54
    17
    83
    19
    11
    77
    47
    69
    30
     0
     5
     9
     3
     0
     0
    22
   241
   144
   230
    18
    16
    22
    28
    16
    70
    38
    26
   103
    54
    60
    96
   180
    85
     0
     2
     0
     0
     0
     4
    32
    72
   136
    56
    32
    13
    40
    19
    36
    32
    72
    16
    83
    38
    57
   199
    25
    43
     0
     0
     0
     0
     0
     0
   120
    11
    44
   140
    26
    20
    81
    46
    13
   158
    40
    17
   168
    82
   122
    39
    37
    23
     8
     0
     0
     0
     4
     0
    27
   203
   331
    23
    55
    27
    41
    39
    79
    49
    39
    26
    45
    19
   143
    34
    32
    34
     9
     8
     0
     0
     0
     6
    32
   269
   208
   172
    27
    57
    53
    44
    94
    43
    68
    29
   100
    97
   233
    73
    30
    69
     2
     0
     0
     4
     0
     9
    71
    40
   138
   103
    27
    34
    45
   115
    30
    37
     6
    36
     9
    39
   126
   175
    28
    30
     0
     0
     1
     2
     9
     9
    76
    63
    77
    52
    47
    35
    45
    56
   142
     5
    74
    22
    15
    41
   170
    24
    47
    12
     1
     4
     0
     0
     1
     3
    83
   155
   141
    36
    28
    32
    45
     6
    37
    45
    21
   166
    55
    34
    43
   108
    23
    74
     2
    13
     3
     0
     7
    14
   114
    89
   167
   106
    19
    76
    62
    10
    34
    39
    28
    17
    69
    13
    32
    50
    46
    23
     4
     7
     0
     3
     0
     0
    28
    98
   194
   176
    80
    78
    83
    72
    74
    65
    33
    60
    46
    69
    80
    38
    47
    50
     0
     0
     3
     6
     1
     0
    51
    74
   108
   129
    82
    59
    33
    35
    48
    36
    16
    28
    37
    23
   120
    44
    37
    36
     0
     2
     1
     0
    11
     7
    21
    48
   255
    78
    59
   182
    37
    97
    47
    32
    17
    64
    39
    94
    55
   215
   205
    38
     0
     2
     0
     0
     1
     4
    63
    47
    85
    13
    18
    37
    19
    43
    37
    38
    12
    49
    78
    30
   149
    20
    30
    37
     0
     0
     0
     0
     0
     0
    95
    27
   122
   110
    31
    36
    41
    54
    23
   184
    42
    36
    27
    32
    28
    15
    40
    35
     0
     0
     0
     0
     2
     0
    45
   185
    51
   117
    37
    59
    46
    11
    27
    26
    29
    22
    24
    32
    77
    52
    43
    25
     7
     0
     0
     0
     0
     0
    73
   172
   265
   130
    42
    19
    25
    23
   128
    19
    30
    43
    25
    22
    34
   299
   162
    32
    11
     5
     2
     8
     0
     0
    34
   259
   211
    42
   128
    90
    28
    18
    70
    85
    15
    10
    41
    18
    42
   205
    10
    21
     5
     0
     0
     0
     0
     0
    42
   194
   116
    75
    12
    58
    79
    32
    25
    24
    26
    84
    38
   151
    45
    73
    77
    53
     0
     2
     0
     0
     2
     2
    44
    87
   241
    60
    33
    26
    31
    44
    42
    25
   157
    27
    26
    81
    12
    83
    36
    40
     0
     0
     0
     0
     3
     0
    31
   116
   192
   135
    84
    12
   174
    96
    74
    35
    34
    58
    24
    79
    72
    46
    12
    12
     0
     0
     0
    13
     2
     8
    41
   114
   198
    77
    28
    39
    28
    40
    14
    18
    62
    81
    29
    30
    64
   199
    14
    62
     0
     1
     0
     3
     6
     0
    32
    49
    60
   100
    74
    16
    40
    17
    78
    97
    32
    38
    15
   172
   173
    49
    37
    30
     0
     0
     1
     0
     0
     3
    58
   128
   177
    68
    80
    30
    43
    41
    49
     9
    59
    43
    41
    27
    88
    49
    28
    65
     0
     0
     5
     0
     8
    13
    37
    94
   255
    56
   105
    35
    37
    17
    22
    42
    36
   102
    27
    90
    27
    67
    77
    49
     0
     8
     4
     2
     0
     6
    63
    65
    42
    48
    91
    53
    24
    30
    71
    47
    39
    80
    52
    71
    81
   139
   140
    36
     0
     7
     0
     0
     0
    10
    37
   182
    94
    84
    45
    40
    51
    56
    23
    81
   130
    32
    58
    50
   333
    50
    47
    78
     3
     0
     1
     0
     7
     2
    61
   103
   135
    14
    17
    46
    29
    32
    17
    33
    51
    49
    53
    81
   171
    10
    50
     0
     0
