   105
     2
     3
    11
     8
    94
   157
   166
   364
   101
    69
    67
    68
   108
   271
    98
    87
    99
   259
   306
    63
    56
    78
     6
    11
     1
     7
     2
     1
    96
   263
   347
   119
    75
   166
   149
   170
   123
   353
   192
    76
   105
   108
   450
   299
   113
    68
     3
     4
     4
     0
     0
     0
   134
   198
   301
   161
    73
    54
   123
    38
    93
    55
   155
   259
    79
    75
   261
   126
    70
    90
    10
     5
     1
     2
    10
     4
   116
   268
   224
   269
    52
   111
   172
    80
    35
   248
   119
   207
   113
   129
   412
   247
    93
    49
     0
     0
     8
     7
     0
     6
   229
   261
   288
   189
   130
    98
    72
   111
   211
    93
   128
    71
   422
    93
   139
   219
    69
   107
     0
    10
     2
     0
     0
     8
   133
   159
   588
   170
    72
    72
    95
    97
   106
   162
    75
    81
   120
   123
   266
   327
   135
    97
     0
    24
     8
    12
     4
     0
   189
   148
   251
   387
   128
    60
    94
   110
   105
   163
   111
   133
   115
   295
    98
   198
    87
   117
     8
     1
     5
     4
     9
     0
    98
   317
   388
   413
    75
   109
    95
   117
    55
   111
    81
    82
    52
   107
   171
    78
    77
    85
    11
     0
     3
     0
     4
     3
    86
   185
   207
   253
   169
    94
    78
    96
    79
    56
   222
   139
   155
   115
   258
   266
    56
    53
     0
     3
     0
    11
     6
     5
    70
   241
   219
   297
    83
   137
    53
    48
    77
   106
    68
    95
    57
   527
   159
   142
    69
    88
     9
     3
     1
    10
     0
    12
   179
   306
   243
   159
    90
   223
    88
   189
   232
    62
    81
   332
    60
   279
   384
   109
   109
    84
     0
     5
     2
     9
     0
     4
   143
   110
   337
   229
    84
   199
   106
    96
    62
    71
    64
    69
   141
   227
   441
   129
    73
   117
     1
     0
     0
     0
     0
     7
   120
   289
   391
   412
   314
   108
    63
   318
    89
    51
    64
   143
   103
   130
   459
   253
   110
   102
    19
     7
     7
    25
     0
     8
   116
   183
   700
   283
   119
   120
   136
    73
    76
    97
   111
    75
   114
   446
   411
   192
    99
   120
     5
     0
    17
    13
     4
     3
    42
   252
   384
   113
    83
   192
    92
   112
   130
    51
    61
   279
    82
    94
   210
   335
    75
    87
    10
     9
    10
     0
     0
     6
    84
   232
   332
   152
    80
   144
   102
    57
    78
    78
   128
    43
   173
    69
   306
   118
   109
    48
     0
     7
     3
     1
    17
     0
    53
   358
   398
   297
    80
    93
    95
    67
    79
    77
   203
    52
    41
   108
   301
    76
   100
   103
     1
    11
     7
     3
     0
     3
    54
   267
   179
   198
    83
   111
    61
    45
    88
   111
    49
   168
    76
   244
   435
   425
    59
   111
     0
     3
    14
     1
     1
    10
    54
    96
   340
   150
    92
   121
    61
    69
    70
    38
   240
   116
    62
   135
   227
    65
    68
    91
     2
     0
     3
     6
     0
     7
   130
   310
   480
   261
   106
    95
    51
    80
   220
    78
    61
   103
    57
   233
   550
   138
   129
    99
     6
     0
     8
     0
     0
     0
    65
   381
   453
   212
   117
    88
   184
    47
   103
    74
   120
    71
   278
   111
   166
   359
    92
   113
     7
     0
     9
     0
     8
     9
    99
   269
   197
   337
    62
    65
    47
    95
    75
   201
    82
    71
    57
    89
    82
   317
    78
   119
     7
     1
     1
    11
     0
    13
   172
   381
   291
   295
   189
    73
    44
    69
    75
    75
    72
   109
   111
    49
   343
   304
   237
   135
     2
     9
     0
     0
     3
    13
   101
   319
   324
   345
   191
    38
    81
   139
    96
   151
   204
   114
   108
   478
   109
   156
    95
    56
     0
     0
     0
     0
     0
     5
   102
   346
   380
   208
   146
    60
   100
   135
   135
   198
    66
    95
    79
   223
   188
   180
   201
   109
    25
     2
     0
     0
    14
     0
   188
   113
   425
   175
    74
    80
   110
    65
   130
    88
   132
   117
    83
   117
   202
    76
    67
    67
     6
     9
     2
    26
     8
     5
   209
   326
   491
   179
   227
   113
   158
   177
   247
    90
    88
    64
   145
    95
   141
   180
   100
    79
     0
    10
    10
     9
     2
    17
   130
   425
   332
   257
    74
    89
    40
   161
   169
   120
    70
   161
    67
   285
   126
   175
    56
    85
     0
     8
     8
     1
     1
     0
   113
   198
   255
   274
   141
    82
   136
    68
   280
    48
    90
    53
   158
    61
   154
   169
   100
   139
     0
     0
     0
     5
     4
     7
    67
   382
   354
   135
   118
    74
    68
    62
    43
    40
    97
    91
    86
   107
   112
   270
   202
   123
    16
    10
     0
     2
    17
     1
   114
   363
   329
   284
   190
    79
    63
    94
   111
   124
    61
    60
    61
   104
   146
   160
   106
   110
     0
     0
     0
     1
     1
     9
    92
   216
   382
   208
   126
    90
   166
   114
   156
   155
    34
   115
   106
   118
   237
   175
   117
   132
     0
     9
     4
     3
     7
    19
   138
   260
   287
   331
    72
    65
   236
    92
   101
    72
    73
    61
   140
   153
    88
    60
    77
    85
     6
     0
     0
    13
     0
     1
   170
   192
   526
   270
   132
   105
    63
    70
    73
    74
    51
    94
   120
   168
   315
   302
    89
   143
    12
     0
     0
     5
     7
     9
    79
   289
   367
   377
   165
    71
   105
    76
   208
    63
    73
   167
    84
   112
   235
   418
    99
    98
     0
     0
     0
     7
     0
     0
    62
   221
   327
   225
   102
    75
    62
   155
    96
    77
    95
    94
   121
    64
   101
   265
   106
    87
     8
     0
     0
     0
    18
     6
   144
   244
   303
   150
    88
    88
   104
    55
    93
    50
   232
    37
    77
   111
    76
   171
    82
    75
    15
    10
     0
     0
     9
     6
   117
   403
   340
   280
    79
   105
    87
    78
    54
   105
    71
    80
    71
   182
   130
   119
    99
   121
     9
     0
    14
     8
     0
     0
    98
   177
   154
   263
    56
   169
    60
   119
    30
    56
    47
   106
   263
   255
   177
   167
   106
    49
    10
     0
     1
    11
     0
     0
   164
   234
   467
   278
    68
    47
    99
   141
    59
   112
    95
    64
   114
   109
   116
   160
    77
    93
     0
     9
    14
     0
     5
     9
   262
   201
   198
   300
    98
   100
   118
   166
    50
   247
   124
   116
   142
   233
   358
   274
    91
   109
     7
     9
     0
    13
     2
     0
   113
   349
   339
   169
   123
    45
   254
   126
   120
   102
   145
    61
   117
   123
   492
   142
    87
   121
     7
     0
    15
     2
     7
     1
   138
   308
   111
   201
    62
    54
    76
    85
   187
   177
    74
   126
   275
   124
    54
   297
   115
    96
     0
     2
     0
    12
     0
     0
    97
   279
   217
   378
    68
   115
   104
    69
    77
   185
   157
   245
   110
    91
   288
   223
    69
    46
     0
     9
     5
     3
     9
     1
    59
   295
   278
   214
    58
   220
   127
    61
   151
    93
   100
   123
    91
    98
   151
   105
    78
    78
    10
     3
     0
    11
     4
    15
    83
   209
   406
   182
   148
    87
    81
   152
    98
    47
    77
    66
    81
   142
    68
   104
    96
   140
     8
     0
     0
     6
     3
     4
   107
    63
   369
   298
    65
    72
    38
   106
   125
   200
   103
    44
    79
   125
   376
   207
   190
    79
     9
     9
     6
     0
     3
    12
    86
   298
   353
   229
   100
    83
    72
   136
   142
    82
   110
   105
   109
   256
   319
   254
    86
    58
     3
     8
     6
     4
     2
     4
   167
   322
   285
   217
   143
   110
   120
   115
   268
   217
    46
   219
   142
   192
   224
   231
   160
    94
     0
     0
     5
     5
     7
     2
    92
   437
   204
   219
    92
    53
    52
    69
   207
   106
    91
   192
   122
   112
   331
   190
    74
    66
     8
     4
     5
     3
     0
     0
   157
   232
   634
   171
   175
   150
   117
   129
   149
    87
    85
    84
   100
   128
   174
   144
   153
    46
    13
     4
     9
     1
     0
     0
    86
   186
   463
   225
    53
   194
   183
   177
   195
   120
    82
    85
    76
   174
   102
   242
    53
    68
     0
     0
     5
     0
     6
     2
    72
   321
   187
   210
    84
    57
   287
    89
   102
    91
    70
    39
    63
   146
   273
    82
    69
   112
     3
     7
    12
     4
     9
     5
   150
   328
   421
   130
   165
   147
    59
    53
    73
    38
   183
    60
   111
   166
   199
    63
   105
   107
     0
     7
    19
     0
     2
     0
    43
   352
   599
   334
   143
   105
    98
   115
   156
   103
    61
   195
    65
   187
   236
   335
   126
    69
     6
     0
     5
     6
     9
     0
   136
   277
   338
   242
    98
    72
   160
   102
    61
   147
    75
    57
   125
   125
   172
   172
    44
   115
     0
     4
     1
     1
     1
     5
   117
   172
   412
   239
    91
   168
    58
    43
    90
   265
   164
   124
   133
   238
   167
   123
    36
    72
     5
    12
     1
     8
     0
     3
    62
   268
   291
   350
   162
    80
    94
    97
    92
    84
    66
    74
    84
    67
   228
   160
    67
   159
     6
    15
     2
     4
    12
     0
   129
   320
   326
   131
    64
    65
   122
   132
    42
   102
    79
    37
    74
   135
   280
   134
    53
    67
     0
     9
     4
    18
     4
     0
   230
   210
   440
    66
    69
    53
    92
    89
   113
    83
    88
    45
    74
   182
   528
   148
    70
   153
    10
    13
     0
     0
    13
     1
    70
   132
   329
   238
    94
    48
   119
   143
    64
    93
   111
   113
    50
   141
   255
   271
    59
   146
     9
     6
     0
     6
     0
     0
   129
   273
   413
   292
    86
   166
    65
    43
   229
   117
    62
    43
   127
   117
   304
   187
    65
    45
     0
     0
     8
     0
     4
    12
   174
   278
   473
   317
    86
   285
   110
    88
    83
   102
   238
    82
    93
   264
   280
   162
    92
    89
     0
     5
     7
     2
     2
     1
    63
   308
   557
   311
    94
    58
    51
    96
    39
    92
    71
   114
    40
   187
   169
   159
    65
    81
     0
     0
     0
     0
     3
    15
    99
   194
   284
   222
   243
   111
   208
   249
   105
    74
   145
   125
   139
   194
   177
   264
   105
   130
     3
     0
     5
     0
     9
     6
   113
   257
   385
   330
    77
   149
   115
    78
    46
    45
   150
    79
    48
   151
    29
   170
    89
   101
     1
    10
     6
     4
     0
     4
   100
   145
   352
   169
   241
    93
    67
    75
    66
    67
    76
    76
    73
   368
   212
   263
    94
   211
     8
     0
     0
    18
     5
    11
   122
   327
   452
   164
   129
   117
   143
    48
   108
    88
   313
   141
   131
   533
   103
    88
    72
    33
     0
     1
    19
     9
     8
     1
   220
   203
   306
   293
    43
   149
   234
    94
    66
   105
   170
    78
    85
   252
   143
   292
   128
   120
     0
     0
    11
     1
     0
     2
   180
   421
   295
   375
    79
   108
   281
    99
   100
    85
    79
   113
   235
   282
   155
   292
   118
   145
     7
     4
     9
     9
    17
     3
    48
   228
   170
   212
    90
    58
    87
   225
    69
   119
    69
   127
   107
    99
   582
   159
   103
    74
     0
     0
     9
    10
     9
     0
   189
   269
   352
   294
   214
    60
   135
    61
   284
    80
   234
    56
   119
   124
   115
   187
    73
    47
     0
    10
     2
     0
     0
     0
    84
   114
   395
   459
    37
    82
   254
    82
   116
   126
    73
   158
   123
    53
   258
   199
    88
    92
     7
     0
     1
     0
     8
     1
   167
   222
   438
   237
    79
   161
   165
    65
    61
   128
    88
    85
   284
    76
   228
   130
    46
    69
     3
     0
     2
    18
     7
     7
   105
   208
   404
   186
    86
    95
   100
    98
    96
    72
    62
   100
   180
   184
   307
   258
   109
   140
    12
     2
     7
     7
     4
     0
   145
   314
   445
   262
    60
    86
    98
   124
   116
   104
    57
   169
    79
   134
   155
   131
   119
    83
     8
     1
     8
     2
     1
     6
   116
   266
   465
   345
    72
    69
   146
    64
    85
   120
   142
   231
    70
   153
   509
   333
   179
    65
     0
     3
     7
     3
    10
     0
   156
   337
   260
   265
   124
   112
    90
    45
    62
   117
    37
    25
    30
   206
   233
    65
   121
    48
     7
     3
     0
     6
     0
     0
    53
   110
   531
   259
   178
    56
    81
   149
    72
    81
   132
    72
   100
   159
    91
    65
    79
    44
    12
     0
     1
    16
     0
     0
    54
   165
   344
   306
    65
    35
   187
   106
    77
    97
    87
   143
    97
    89
    60
   252
    64
    68
     4
     2
    11
     1
     7
     5
   107
   173
   407
   146
   148
    72
    71
    73
    88
   172
   337
   220
   139
    52
   149
   264
    91
    82
     9
     3
    12
     3
    11
     1
   168
   419
   312
   274
    51
   115
    66
    84
    71
   101
    76
   135
    54
    64
   333
   191
    27
   116
     0
     0
     5
     0
     4
     1
    54
   341
   293
   340
   124
   133
   254
    83
    84
   237
   150
   145
   158
   158
   225
   426
   123
    79
    15
     0
     5
     6
     2
    14
   146
   259
   319
   247
    87
   148
   163
    82
    69
   347
   105
   301
   230
   289
   208
   414
    73
   183
     3
     4
     0
     0
    20
     0
   110
   288
   457
   191
    51
   113
   211
    76
    73
    77
   127
    68
   207
    88
   140
    80
    66
    97
     7
     2
     0
     0
     5
     0
   142
    39
   354
   279
   110
   108
    85
    95
   134
    60
    93
    48
   244
   121
   336
   111
   135
   118
     9
     0
    13
     2
     2
     8
   162
   244
   480
   369
    61
    60
    61
    75
    54
   136
    45
    58
   187
    77
    86
   125
   126
    65
     0
     5
     0
     3
     5
     0
   113
   174
   407
   235
   154
   106
    93
    51
    55
    66
    52
    59
   126
    91
   212
   304
    49
   114
     0
    10
    15
     9
     8
    14
   120
   168
   245
   328
   252
    62
   163
   106
    96
    81
   209
   116
   108
    94
   221
   248
   143
    59
     7
     0
    21
    17
     5
     0
   133
   280
   335
   383
   142
    92
   104
    43
    41
   130
   182
    83
   297
   245
   251
   457
    69
   289
     3
    16
     0
    14
     0
   105
   211
   328
   234
   112
    72
    87
    94
   133
   101
    60
   159
    85
   226
    63
   181
    70
    81
     0
     7
     0
     0
     0
     7
    94
   139
   363
   191
   122
    55
    45
    66
    51
   198
    94
   154
   114
    67
   223
   135
    48
    55
     4
     0
     0
     0
     0
     0
   147
   354
   123
   351
   140
    78
   260
   110
    43
    85
    69
   274
   103
   233
   528
   251
   108
   112
     0
     0
     5
     0
     4
    13
   130
   176
   318
   234
    99
    37
   102
   336
    53
    61
    74
    46
   113
    73
    58
   149
    81
    48
     9
     1
     0
     5
     6
     3
   185
   202
   326
   245
    94
    55
    46
    83
   173
   191
   123
   106
    84
   244
   263
   140
    55
    73
     0
     4
     0
     6
     1
     7
    84
   207
   482
   257
    60
    54
    91
    89
   153
    59
   190
    69
    91
   200
   172
   217
    84
    93
     6
     6
     1
     5
     0
    10
   109
   198
   430
   279
    83
    93
    85
    62
    95
   131
    80
   143
   135
   138
   454
   267
   111
   119
     0
     0
     5
     1
     7
    15
    37
   172
   440
   391
   137
   110
    99
    60
    97
   304
   260
   106
    62
   155
   109
   251
    79
   110
     0
     9
     1
     4
    16
     7
   116
   100
   184
   413
    71
    95
    52
   207
   161
    35
   118
    59
   134
    53
    93
   138
    70
   161
     0
     9
     6
     0
     0
     8
    91
   358
   458
   121
    58
    65
    45
   141
    47
    90
    92
    92
   210
    44
   202
   266
    48
   109
     0
     0
     4
     0
     1
     1
   113
   310
   232
   307
    72
    81
    85
    50
   228
    52
    86
    44
    40
   386
    87
   221
    60
    56
     1
     0
     4
     0
     0
    14
   107
   216
   246
   305
   167
   200
    59
   208
    49
   125
    81
    97
   206
   100
   270
   127
    66
    85
     0
     0
     0
     0
     2
     1
   118
   198
   334
   181
    47
    74
   143
   192
    71
   116
    63
    78
    87
   108
   155
   320
    75
    78
     1
     1
     4
    10
     0
     0
    88
   214
   258
    96
   121
    43
   121
    73
    79
    56
   144
   129
    72
   111
   203
   258
   145
   212
     4
     0
     0
     0
     2
     8
    84
   337
   395
   291
   100
   102
   177
   128
   142
   106
    97
    85
   115
    94
   130
   350
    62
   132
     7
     2
     0
     4
    12
     8
   172
   233
   246
   162
   141
    70
    56
   146
    87
    94
   106
   101
    87
   175
   309
   112
   103
    85
     1
     6
    17
     0
     2
    15
   114
   133
   385
   262
    36
    85
   222
    43
    92
   190
    63
   153
    44
    40
   156
   160
    72
   231
     0
    10
     4
     2
     5
     0
    53
   243
   277
   325
    89
    78
    82
   128
   108
    53
    74
    66
   290
   128
   147
   190
   185
    90
     2
     4
     0
     0
     0
    10
   153
    85
   280
   221
    55
   200
   176
    47
   152
   139
    64
   127
   117
    95
   158
   171
   115
   115
     6
     0
     0
     0
     0
    10
   121
   177
   333
   138
   194
   134
    97
    97
    53
    36
    92
    49
    63
   115
   139
   289
    63
    67
    10
    12
     9
     6
     0
     0
    91
   135
   210
   363
    68
   142
   134
    84
    52
    45
    83
   134
   122
   118
   548
   190
    95
   128
     3
     0
     0
     8
     0
     7
    93
   290
   576
   131
    53
   266
   324
   222
    55
   130
    73
   114
   103
   158
    74
    69
   286
   160
     9
     3
     3
     0
     7
     3
   247
   374
   251
   167
   101
   102
   137
   126
    44
    88
    47
   210
    57
   164
   133
   188
    89
    90
     4
    14
     0
     2
     7
    10
    76
   246
   339
   158
    34
   306
    52
    59
    55
    85
    98
   103
    91
    62
   113
   176
    66
    69
     3
     1
     0
     4
     7
    10
   134
   127
   387
   192
    27
    37
    69
    64
    48
   103
    79
    84
    92
    95
    95
   116
    78
    51
     0
     0
    10
     0
     0
     4
   125
   300
   238
   409
   104
    54
    35
    42
   204
   109
    59
    79
    93
    85
   190
    50
    79
    97
     2
     0
     1
     2
     7
     3
    71
   287
   324
   233
    48
   114
    54
    76
    71
    80
    69
    51
   227
    53
    80
   215
    55
    61
     0
     2
    15
     9
     6
     0
   125
   274
   294
   336
   144
   134
    61
   114
    68
    65
   179
   159
    34
    70
   367
   168
   122
   120
     9
     9
     0
     3
    16
    12
   151
   183
   520
   306
   102
   101
    79
    84
   121
   121
   129
   104
    87
   230
   389
    20
   102
    69
    30
     7
     7
     0
     8
     7
    30
   191
   315
   194
    64
    66
   109
    61
    72
   146
   120
   103
    71
    78
   173
   136
    56
    67
     7
     6
     0
     0
     0
     0
   167
   206
   271
   333
    60
    63
   130
   101
   120
    65
    72
    55
   105
   253
   207
   184
    92
   151
    13
     5
     2
     4
     1
     0
    43
   410
   227
   123
    98
    54
   124
    30
    52
    82
   102
   104
    34
   135
   105
    94
    61
    67
     0
     6
    17
     9
     7
     1
    68
   133
   426
   121
   104
    80
    64
    45
    44
    65
    97
    70
    94
    70
   105
   220
    62
   129
     7
    13
     0
     0
     3
    13
    88
   354
   316
   223
    69
   118
   120
   112
    72
   129
    55
    48
   126
    70
   187
   346
    62
    53
    10
     0
     8
     0
     0
     0
   105
   176
   755
   222
    76
   187
    92
   161
    84
    45
    87
   117
   105
   382
   288
   106
    72
   118
    17
     7
    12
     2
     7
     0
   200
   249
   303
   252
   151
   302
    55
   110
    45
   235
   209
    61
   220
    66
   350
   301
   204
   133
     3
     4
     0
     1
     6
    10
   117
   135
   258
    99
    85
    90
    79
   109
    72
    59
    68
    98
    87
    64
   443
   169
    76
    69
     1
     0
     0
     1
     7
     1
   122
   164
   371
    78
    33
    51
    92
    76
    41
   100
    64
   125
   101
   216
   477
   294
    72
   129
     0
    13
     0
     0
     0
     3
    87
   256
   275
   197
    27
    78
    38
   184
   143
    70
    46
   107
    54
    92
   423
   131
   149
   120
    12
     2
     0
     0
     0
     0
    60
   341
   326
    98
   102
    85
   116
    93
    73
   212
    76
   104
    64
    84
    85
   237
    84
   105
     8
     0
     3
     7
     7
     0
    88
   229
   300
   257
    92
   106
    94
   117
   100
   112
    33
    81
    47
   101
   450
   174
    38
   110
     5
     0
     2
    10
     9
     4
   157
   222
   441
   202
    72
    69
   133
    51
    96
   111
    70
    82
    67
    82
   418
   284
   116
    61
     6
     7
     0
     3
     6
     8
    89
   283
   499
   309
   232
    87
    81
   149
    76
   102
    82
    98
   117
    84
   109
   155
   158
   124
     5
     2
     8
     8
     8
     2
   131
   235
   329
   352
   102
    61
    94
    50
   155
    29
    79
    55
    63
   103
   228
   272
   202
   111
     0
    13
    11
     7
     7
     0
    86
   202
   323
   360
    99
    74
   147
   101
    78
    76
   267
    55
    63
   184
   343
   155
    52
    81
     4
    12
     7
     0
     0
     6
   129
   189
   261
   273
   197
   174
    80
    54
   105
   174
    49
    94
   103
   135
   150
   233
    79
    92
     0
     9
     0
     0
     0
     4
   106
   131
   396
   217
    44
   134
   126
    88
    70
    68
   118
    64
    78
    82
    61
   268
    98
   106
     3
     6
     0
     5
    10
     4
    96
   264
   485
   160
    53
    39
    62
    50
   108
    81
    59
    91
   158
    58
   172
   159
    41
    69
     1
     1
     0
     9
    22
     1
   161
   236
   364
   391
    79
    90
    49
   125
    74
    97
    85
   104
    59
    89
   306
   147
   205
    79
     2
     5
     4
     7
     4
     0
   111
   292
   407
   262
    54
   126
   165
    59
    91
   168
    37
    80
    67
   109
    97
   374
    75
    59
     0
     3
     3
     3
     0
     2
    40
   282
   327
   132
    57
    30
   134
    64
   104
    61
    92
    98
    96
   143
   112
    91
   127
    91
     2
     6
     7
     1
     6
     7
    93
   180
   274
   166
    80
    62
    44
    42
   168
    51
   126
   124
    96
    73
   221
   143
    29
    79
     3
     2
     7
    16
     0
     7
    84
   101
   385
   315
    80
    49
    66
    37
    44
    75
    53
    81
    85
    59
   247
   174
   103
    70
     8
     0
     5
     0
     4
     3
    98
   248
   314
   123
    92
    49
   105
    83
   123
   139
    92
   137
   135
   263
   326
   342
   128
    95
     0
     1
     9
    14
     0
     3
    92
   128
   405
   327
    69
    51
   113
   212
    40
   126
    73
    65
    79
   111
   174
   108
    73
    22
     8
     0
     0
     3
     2
     7
   106
   182
   453
   409
    67
   106
    64
    30
   167
    69
    62
    83
    64
   131
   538
   245
   108
    63
    10
     7
     3
     4
     0
    18
    91
   227
   614
   277
   192
   143
   186
   119
    45
   136
   287
    84
    80
   259
   477
   265
    68
   150
     5
     0
     0
     7
     0
    16
   130
   279
   254
   360
   104
    63
   140
   141
    78
   122
   108
   111
   145
    46
   101
   248
    80
   142
     2
     0
     0
    11
     4
     0
   209
   130
   360
   192
    72
    70
   118
   362
    56
    43
    58
    85
    65
   103
   123
   305
    62
   124
     8
     1
     0
     8
     5
     0
   107
   332
   369
   177
    57
    66
    68
   123
    52
   198
    37
    59
    67
    58
   141
   266
    42
    77
     7
     0
     1
     0
     8
     0
    82
   128
   274
   291
    47
    40
    59
    61
   113
    88
   101
    57
    64
    54
   264
   108
   113
   104
     4
     0
     5
     8
     0
     2
    89
    95
   329
   169
    99
    59
   182
    47
    52
   146
    26
    72
    37
   117
   290
   115
    57
   104
     8
     5
     0
     3
     7
     6
   135
   217
   382
   260
    75
   111
    99
    98
    80
   129
    91
    63
   106
    95
   161
   235
   243
    66
     0
    12
     1
    18
     0
     0
    88
   354
   487
   293
    94
    70
   103
   103
   123
    99
    64
   167
    36
   130
   408
   294
   130
   123
     6
     7
     3
     0
     5
    13
    80
   186
   299
   242
    88
    83
   186
    81
    47
    75
    59
   111
    62
   219
   127
   109
    86
    49
    11
     0
     0
     0
     2
     2
   120
   242
   335
   224
   130
    84
    70
   104
    36
   134
    66
    62
    59
    39
   134
   181
    95
   128
     0
     0
     5
     3
     3
     0
    98
   208
   356
   166
    98
    65
    69
    99
   189
    51
    44
    58
    43
   217
   162
   185
    64
    81
     7
     1
     0
     0
     0
     8
    62
   158
   317
    78
    70
    94
    95
    50
    52
    58
    56
    84
   137
    89
    76
   158
    73
    91
     2
     0
     0
     5
     5
     0
    88
   170
   350
   196
    61
    59
    73
    76
    80
    40
    54
    64
    50
   260
   273
    85
    82
    98
     7
     0
     0
     5
     6
     0
   157
    99
   276
   171
    77
   250
    59
   150
   114
    62
   107
    77
   118
   212
   153
   292
   127
    77
    10
     6
     0
     5
     6
     0
   112
   221
   325
   326
    77
   218
    55
    67
   247
   129
    66
    88
    75
   110
   138
   276
   164
   116
     1
     0
     1
     0
     6
     3
    72
   168
   232
   330
   140
   198
    75
   104
    55
   130
    44
   101
   176
   125
   237
    89
   196
    67
     0
     0
     8
     5
    10
    10
    94
   104
    78
   232
   155
    81
    34
   106
    47
   105
   103
    77
    73
    48
    40
   214
    88
   222
    11
     2
     0
     6
     6
     0
   149
   204
   253
   106
   173
    76
    81
    92
   297
   121
    38
    43
    36
    70
   155
   313
    79
    81
     2
     1
     1
     9
    15
    19
    71
   207
   197
   174
   113
   160
    79
    84
    61
    68
   153
   149
   123
   122
    92
   142
   115
    85
     5
     6
     2
     0
     0
     0
    50
   115
   284
   300
    74
    35
   118
    59
    41
    61
    74
    62
    46
    89
   210
   182
    42
   114
     0
    10
     7
     0
     0
     0
   156
   329
   418
   338
    69
    51
   103
   225
    73
   121
    55
   160
    69
   129
   453
   208
    80
    92
     8
     8
     0
     0
     7
     0
    65
   213
   224
   259
    71
   110
    70
    50
   155
   111
    73
    99
    75
   210
   227
   183
   115
    70
     5
     4
     4
     2
     0
     5
   135
   155
   305
   128
   103
    70
    83
    85
    57
   108
    69
    64
   232
   120
   187
   158
    28
    70
     1
     0
     0
     0
     5
     0
    99
    59
   167
   210
    74
    27
    69
   117
    94
    45
    69
   329
    74
    30
   240
   385
    64
    34
     8
     0
     4
     6
     1
     0
   181
   273
   240
   126
    81
   125
    67
    98
    51
    23
   130
    71
    51
   203
   221
   319
    86
    74
     1
     2
     3
     6
     0
     0
    97
   107
   247
   246
   153
    91
    57
   178
   116
    96
    80
    43
    64
   205
   299
   313
    52
   209
     1
     5
    10
     0
     1
     0
   119
   140
   151
   282
    71
    71
    66
   210
    56
    53
    61
   111
    59
   223
   132
   338
    92
    33
     1
     2
     7
     9
     5
    11
    76
   345
   310
   256
   134
   247
    67
   107
    78
   101
   179
    51
    83
    55
   279
   250
   118
    66
     0
     9
    14
     2
     3
     0
   106
   279
   451
   479
    60
   109
    88
    87
    47
    77
    77
   313
    88
   222
   155
   184
    95
    72
     0
     0
     0
     0
    18
     8
   152
   144
   277
   178
    56
    79
    82
    50
    33
    37
   116
   163
    85
    82
   401
   133
    29
   134
     8
     6
     2
     0
     0
     0
    77
   262
   203
   139
    67
    59
   113
   121
    37
    64
    76
    31
    39
    68
   288
    74
   109
   121
     4
     8
     3
     2
     4
     8
   172
   174
   195
   258
   107
    56
    47
    44
    63
    67
    65
   113
    61
    61
   316
   117
    60
    67
     8
     0
     6
     4
     0
     1
    61
   239
   380
   183
    60
    78
   111
    87
    81
    27
   102
    88
    66
    90
   239
   123
    34
    80
     0
     0
     9
     0
    18
     0
    71
   374
   316
    86
    46
    52
    47
    53
    77
    49
    36
    34
    58
   114
   292
   201
    87
    48
     1
     9
     0
    14
     1
     0
    75
   448
   212
   471
    64
   107
   189
    68
    68
    84
   122
    70
    67
   112
    83
   280
    66
   143
     0
     0
    12
     0
     3
     3
    92
   129
   136
   234
    74
   144
   123
    73
   114
    81
   144
    78
    68
    81
   354
   103
    63
   104
     0
     1
     3
     3
    13
    11
    97
   212
   465
    89
    67
    65
    37
    76
    68
    75
    29
    40
    71
    80
   186
   353
    77
    90
     1
     8
    10
     0
     8
    10
    76
   170
   138
   265
   106
    41
   161
   127
    58
    97
   211
    77
    78
   137
    85
   183
    55
    90
     0
     3
     0
     0
     9
     0
    95
   118
   203
   204
    86
   117
    35
    85
    53
    50
   286
    75
   100
   101
   146
   113
    34
   148
     0
     0
     3
    17
     3
     0
   144
   243
   328
   174
    93
    66
    79
    43
    63
    28
    57
   146
    58
   109
    60
    41
    55
    44
     4
     2
     6
     0
    17
     2
   101
   219
   240
   134
    95
    71
    48
    33
    45
    93
    67
    71
    91
   293
   162
   129
    75
    64
     5
     5
     2
     0
     7
     0
   160
   411
   208
   268
   193
    90
   155
   124
    55
   100
   116
   101
    54
    82
   243
   164
    78
    80
     5
    15
    22
     0
     1
     2
    96
   141
   229
   186
   112
    67
    51
    73
   105
   169
    85
   154
    60
   324
   165
   279
    78
    73
     2
     2
     0
     4
     0
     0
    64
   282
   199
   162
    78
    76
   116
    52
   134
    44
    56
    71
   206
    50
   165
   151
   103
    53
    10
     9
    10
     0
     0
     0
    76
   211
   466
   135
    41
    75
    50
    82
    74
    46
    82
    52
   132
   105
   111
   179
   134
    43
     5
     1
     4
     7
     5
     2
   172
   113
   150
   194
    44
   148
    51
    64
    43
   100
    60
    64
    39
   173
   116
   189
   299
   109
     8
    15
     4
     3
     0
     0
    62
   174
   328
   216
    53
   213
    63
   184
    90
    53
    65
    26
    45
    42
   237
   103
   122
    76
     0
     4
     0
    19
     7
     0
    65
   240
   227
   173
   221
    54
   166
    50
    56
    58
   138
    45
    63
    41
   109
    36
    61
   120
     0
     7
     1
     3
     1
     7
    51
   381
   368
   233
   119
    62
   266
    95
   178
    79
   151
   430
    83
    64
   117
   166
   100
    74
     7
     0
     0
     3
     0
    11
   103
   371
   194
   243
    67
   115
    84
   107
    61
    48
   194
   123
   121
   106
   162
   205
   129
    58
     0
     2
     4
    10
     4
    10
    35
   266
   284
   146
    59
    40
   121
    25
    74
    40
   179
    74
    60
    78
   238
   262
   103
    65
     0
     0
     0
     0
     1
     9
    39
   216
   571
    63
   101
   100
   205
    81
    87
    80
    73
   186
   178
   104
   370
   258
    93
    56
     0
     1
     0
     2
     0
     0
    52
   140
   224
   186
    63
    48
    40
    43
    98
   184
    68
   180
   196
    77
   424
   108
    38
   129
     0
     0
     0
    10
     5
    12
    37
   142
   356
   174
    37
    50
    54
   211
    41
    96
   164
   108
    56
    93
   278
   177
    92
   105
     0
     6
     0
     0
     5
     0
    79
   137
   488
    69
   120
    41
    51
   116
    80
   146
   139
    76
    74
    55
    52
    92
    40
    32
     0
     0
     9
     0
     2
     6
    47
   149
   465
   182
   110
    46
    57
   103
    36
   115
    68
    72
    69
   106
   114
   242
   217
   151
     0
     4
     0
     0
     1
     3
   158
    51
   354
   345
    88
   113
    53
    54
    55
    35
    73
    76
    55
   215
   120
    77
    63
    99
    10
    19
    12
    11
     3
     7
    46
   196
   243
    72
   116
    97
    55
    91
   122
    49
    33
    73
    57
   169
   167
    81
    62
    31
     1
    16
     2
     0
     0
     2
   114
    43
   221
   351
    46
    49
    58
    75
    19
   196
   231
    59
    85
   257
    97
    50
    94
   119
     0
     3
     0
     0
     0
     0
    56
   198
   232
    98
    61
   117
    71
    85
   133
    48
   232
   158
    89
    53
   142
   356
    40
   238
    12
     0
     9
     4
     1
     8
   134
   176
   466
   110
    74
    41
   119
   147
    86
   125
    62
    41
    37
    37
   156
   116
    93
    91
     2
     0
     8
     0
     0
     0
    45
   150
   367
   116
   120
    85
   136
   188
    91
    37
    49
    95
   128
    66
   158
   214
   226
    82
     3
     5
     0
     6
     3
     0
   122
   232
   408
   136
    58
    82
   215
    95
    61
    84
   169
    81
    78
   105
    60
   173
   144
    63
     7
     7
     0
    12
    12
     0
    46
   254
   271
   103
    70
    63
    84
   140
    82
   115
    94
    99
    51
   108
   346
   111
   124
    60
     9
     0
     0
     0
     0
     0
   120
   186
    63
   186
   141
    71
    32
    62
    53
    50
    52
    59
   120
    73
   184
   206
   134
    63
     0
     1
     0
     3
    13
    10
    41
   112
   206
   217
   128
    43
    31
    56
    83
    60
   186
    84
    37
    58
   312
    77
    15
    70
     0
     5
     0
     5
     9
     9
    88
   137
   249
   137
   119
   232
    36
    95
    82
    62
    77
    76
    71
    79
    69
    94
   131
    43
     0
     7
     2
     0
     5
    13
    40
   169
   278
   243
    51
   109
    60
    79
    91
    35
    64
    41
    37
   115
    40
   133
    48
    80
     1
     8
     4
    10
     9
     0
   107
   289
   246
   143
    81
   187
    69
    33
    83
   197
    53
    83
    56
   198
   105
    42
    96
   102
     0
     0
     1
     8
    13
     0
    83
   241
   422
   158
   117
    64
   189
   124
    51
   292
    68
    40
   331
    65
   289
   208
    72
   104
     0
     0
    11
     0
    13
     3
    91
   169
   406
   242
    79
    96
   130
   109
    37
    56
    81
    81
   201
    99
    95
   281
    80
   117
     6
     0
     6
     0
     5
     8
    62
   156
   306
   243
    50
   278
    97
    44
    58
    72
    65
   182
    88
   138
    74
    91
    67
    33
     0
     8
     0
     2
     7
     0
    67
   158
   167
   250
    75
   147
   192
    75
    59
    73
    49
    38
    74
    48
    83
   170
    75
    58
     0
    10
     0
     0
     0
     5
   135
   231
   224
   156
    53
    84
    61
    55
    93
    87
   111
    72
   113
    67
   186
   101
    70
    56
     0
     0
     0
     0
     0
     1
    77
   316
   170
    66
    83
    61
    49
    59
    60
    75
    66
    98
   108
    45
   268
   147
    41
    63
    10
     0
     5
     0
     0
     0
    45
   303
   434
   298
    67
    52
   252
    87
    50
    47
    93
    64
    47
   143
   367
   126
    64
    59
     8
    15
     2
     0
     0
     7
   139
   246
   427
   214
    87
    59
    93
    72
    78
   381
    89
    69
    57
    52
   382
   283
    98
    94
     7
     4
    11
     4
     0
     0
    98
    65
   386
   243
    86
    98
    63
    61
   224
    87
    85
    94
   141
    83
   197
   230
    61
    26
    10
     6
     2
     7
     0
     7
    59
   231
   235
   211
   102
    67
    83
    85
    70
    53
    96
    91
    94
    24
   198
   162
    60
   162
     0
     9
    12
     5
    12
     6
   102
   145
   304
   182
    50
   229
    69
    29
    54
    79
   181
   190
    75
   103
   150
    87
    59
    55
     0
     2
     7
     8
     5
     0
    90
   235
   175
   271
   180
    37
    71
    77
    54
    88
    81
    48
    53
    52
   183
   109
    81
   110
     2
     0
     0
     3
     2
     0
    53
   204
   289
   299
    70
    86
    56
    56
    58
   199
    35
    48
   127
    29
   122
   271
    94
    32
     0
     8
     0
     1
     0
     0
   148
   304
   292
   245
    49
    76
    68
    33
    88
    38
    51
    61
    71
    59
   208
   112
    61
    47
     3
    12
     0
     3
     2
     4
    81
   106
   170
   179
    95
    71
    85
    57
    95
   132
    75
    81
    45
    64
    96
   113
    49
    53
     4
     0
     9
     9
    10
     0
   119
   153
   242
   233
   109
    90
    60
    96
    47
   113
   192
   228
    43
   142
   325
   230
    53
    67
     0
     0
    15
     0
     0
     6
   105
   211
   255
   227
    91
   133
    86
    55
    59
    77
    93
    54
    61
    46
   113
    90
    47
   121
     3
     0
     0
     0
     7
     7
   197
   114
   385
   187
   101
   132
    48
    54
    64
    68
    54
   104
    73
    79
   135
    49
   118
    82
     8
    10
     0
     2
     7
     0
    42
   184
   183
   240
    44
    68
    38
    69
   184
   192
    60
    90
    36
   140
   286
    39
    95
    42
    11
     1
     2
     0
     8
     1
    84
    48
   248
   168
    81
    73
   153
    63
   241
    55
    64
   106
    97
   117
   224
   203
    80
    54
     3
     0
     4
     0
     0
    11
    39
   228
   188
   113
    57
    42
    66
    84
   111
    52
    30
    47
    36
    98
   129
   110
    54
    47
     0
     3
     7
     0
     0
     1
   135
   171
   478
   261
   110
    78
    74
    90
   156
    72
   246
   148
   126
   247
   199
   325
    77
   107
     1
     5
     4
     2
     2
    10
   162
   207
   363
   324
   118
   115
   103
    43
    48
    91
    95
    90
    43
   248
   338
   219
    51
    77
     0
     0
     0
     6
     0
     0
    78
   273
   409
   169
    79
    84
    73
    45
    40
    60
   226
    52
    84
    46
   354
   202
    49
    23
     2
     0
     0
     0
     0
     2
    83
   218
   213
   217
   104
    65
   209
    96
    95
   352
   111
    86
    60
   171
    85
   134
    59
    56
     0
     2
     1
    15
     9
     6
    66
   180
   333
   279
   250
   117
    51
    29
    54
    68
    74
    59
    64
   271
   153
   130
    51
   101
     5
     0
    14
     9
    15
     5
   107
   219
   200
   171
    46
    40
    44
    39
    72
   200
    79
   103
    62
    93
   105
   226
   101
    58
     4
     0
     0
     2
     0
     1
   124
   113
   199
    65
    32
    34
   105
    41
    85
    85
   111
    23
   122
    53
   184
   156
   264
    52
     4
     0
     6
     4
    14
     6
   180
   158
   294
   310
    77
   137
    48
    50
   140
    41
   193
   114
    54
    53
   140
   296
    54
    69
     0
     0
     8
     0
     8
    13
    58
   284
   502
   178
    54
   111
   119
   212
    97
    55
    66
    75
    90
    88
   229
   185
    78
    91
    12
     3
     0
     0
     1
     0
    69
   127
   205
   267
    69
    94
   241
    57
    31
    48
    55
    84
    52
   126
    59
    91
    87
    44
     0
     0
     7
     0
     3
     0
   100
   183
   252
   220
    91
    99
   187
    60
    69
    73
    75
    46
   133
    98
   210
   171
    25
    60
     0
     0
     0
     0
     0
    10
    51
   250
   315
   167
    85
    97
   244
    84
    35
    99
    12
    62
    37
   218
    88
   148
    68
    94
     4
     3
     0
    12
     0
     7
    62
   292
   219
   147
    86
   108
   151
    88
    73
    64
    38
    75
    85
    69
   277
   127
    83
    54
     0
    15
     8
    11
     2
     0
    65
   144
   261
   319
    66
   106
    58
    70
   101
   170
   139
    74
   212
    92
   283
   240
   116
    99
     0
     4
     6
     0
     3
    13
    84
   387
   221
   238
    78
    79
    52
    66
    66
    58
    54
   127
   223
   307
   195
   274
    82
    71
     6
     3
    12
     1
     0
     5
   113
   200
   276
   197
   129
    84
    99
   108
   214
    71
   125
   113
   161
   256
   352
   122
    93
    65
    21
     0
     0
     2
     3
     4
    58
   257
   370
   152
    63
   174
    99
   103
   107
    40
    95
    74
    89
   259
    92
   132
    59
    52
     3
     0
     8
     5
     0
     0
    60
   246
   175
   294
    96
    48
    61
   107
    99
   161
    43
    46
    81
   201
   202
   134
   117
   187
     5
     3
     6
     0
     0
     8
   159
   299
   300
   122
   109
    63
    66
    52
   100
    88
    64
    77
    51
    84
    79
   168
    83
    55
     9
     0
     0
     0
     1
     0
    67
   208
   330
   212
    89
    38
    65
    39
    42
   102
    61
   107
   136
    89
   484
   113
   234
    38
     0
     0
     0
     4
     0
     5
   149
   153
   214
   202
    24
    40
   264
    71
    59
   236
    77
    90
    49
    57
   130
    49
    83
    85
     8
     5
     8
     3
     2
     0
    80
   225
   289
   331
   128
    48
    59
    82
   206
    75
   108
   168
   153
   104
   133
   124
    54
   101
    12
    12
     6
     6
     0
     7
   200
   287
   376
   261
    71
    76
    66
    89
   139
    22
   108
   129
   110
    59
   504
   254
   103
   109
     0
     2
     5
    12
     1
     6
    49
   109
   287
   355
   104
    58
    50
   122
    68
    70
    38
    64
   100
   118
   112
    41
    92
    59
     0
     0
     0
     6
     0
     0
   140
   159
   234
   233
    65
    74
   117
    38
   129
   107
   109
    83
    76
   118
   146
   131
    73
   119
     6
     2
     2
     0
     0
     5
    93
   164
   343
   286
    79
    74
    57
    83
   108
    64
    72
    58
    50
   147
   406
   205
   111
    49
     0
     6
     3
     4
     0
     0
    83
   163
   359
   116
    71
    89
    70
    73
   114
    39
    78
   134
    56
   414
    84
   116
    53
    57
     0
     0
     0
     1
    11
    11
    63
   248
   432
   181
   114
    61
    50
    81
    85
    53
    83
    64
   192
   112
   216
   213
    99
    17
     7
     0
     5
     1
     5
    14
    87
   253
   221
   166
    82
    75
    76
    70
    58
    72
   132
   245
   138
    94
   212
   291
    62
    46
     8
     3
     0
     3
     0
    10
    50
   378
   278
   208
   233
   119
    53
   192
    78
    37
   139
    81
    89
    52
    65
   159
    92
    58
     0
     2
     0
     0
     0
     3
   151
   208
   456
   216
   117
    41
    63
   104
    43
    43
    73
    75
    86
   112
   143
   232
    58
   127
     1
     1
     0
     0
     6
     8
    52
   228
   467
   224
    69
    82
   102
    93
    30
   169
    36
   237
    59
   232
   116
   169
    53
    57
     1
     5
    15
     0
     1
     5
    62
   432
   170
   133
    45
    75
    91
   126
    86
    54
    69
    33
   202
    33
    83
   113
    87
   133
     0
     0
     0
     3
     8
     0
    87
   114
    74
   152
    40
   126
   135
    65
    39
   117
    58
    55
   122
    80
    98
   326
    71
   131
     4
     7
     0
    10
     0
     0
   125
   131
   332
    46
    66
   186
    61
    57
   194
   113
    59
   206
    47
    86
   100
    40
   122
    56
     0
     0
     4
     2
     3
     0
    70
   467
   199
   354
   102
   168
    76
    68
    62
   145
   108
   212
    77
   215
    64
   188
   146
    69
     2
     5
     4
     3
    10
     0
    43
   280
   105
   313
    39
   125
   143
    57
   116
    74
   109
   124
    48
    91
   114
   164
    72
    68
     0
     8
     0
     8
     1
     2
    71
   354
   156
   207
    91
    45
   115
    76
    39
    59
    79
    48
    61
   325
   238
    61
    51
    74
    11
     7
     1
     1
     4
     0
   114
   119
   328
   279
    84
    57
    27
   205
    73
    72
    34
    90
    61
    61
   257
   234
    55
   102
     2
     0
     0
     0
     0
     2
   157
   131
   546
   325
    57
    44
    97
    86
    16
    49
   188
    62
    78
   230
   160
   191
    95
   146
     1
     0
     0
     5
     2
     6
    54
   250
   254
   178
    43
    70
    71
    63
   108
    64
    94
   121
   101
   209
   196
    89
   123
    90
     9
     0
     5
     2
    10
     4
    55
   215
   231
    66
    66
    69
   108
    73
    96
    65
    64
    45
    63
    83
   111
   138
   109
    25
    19
     5
     8
     0
     4
     0
   132
   209
   434
   116
    56
    85
    77
    76
   197
   154
    95
    93
   129
   134
    83
   226
   229
    65
     0
    12
    10
     8
     0
     5
    88
   212
   475
   298
   101
   130
    79
   164
    88
    67
    78
    51
    92
   235
   337
   170
    53
    59
     1
     9
     0
     3
     0
     3
    81
   162
   273
   271
    36
    59
    93
   188
    33
   147
   102
    61
    52
   119
   122
   134
    60
    47
     1
     1
     0
     4
     0
     0
   138
    76
   328
   213
   218
   116
    64
    89
    47
    87
    68
    41
    69
   235
   241
   173
   109
    86
     0
     0
    19
     5
     8
     0
    55
   106
   263
   273
   188
    42
    45
    41
    51
    60
   221
    55
    69
   265
   218
   112
    93
    84
     0
     5
     0
     0
     3
    18
   105
   152
   189
   199
   122
    51
    35
    90
   107
   120
    87
   175
    84
   429
   154
   114
    41
    46
    14
     0
     5
     0
     1
     0
    63
   259
   434
   131
   114
   147
    68
   155
    65
    78
    87
    82
    50
   178
   426
   250
    41
    54
     8
     0
     0
     8
     0
     6
    71
   234
   224
   272
    87
    62
    34
    92
   123
   136
   138
    65
   167
    81
   358
   115
    98
   113
     7
     8
     5
     4
     5
    16
   165
   180
   620
   294
   139
   109
   158
   168
   130
    85
   187
   111
    63
   131
    96
   129
    74
    56
     3
     0
     7
    10
     0
     9
    35
   104
   264
   178
   109
    32
    52
    66
    83
   228
   227
    93
    32
   239
   120
   120
    68
    29
     0
     5
     5
     6
     1
     3
   168
   149
   414
   216
   256
    62
    94
    59
    76
   221
    50
    83
    28
    69
   291
   167
    72
   109
    14
     8
    10
     7
     0
     0
   125
   284
   431
   248
    64
    42
    47
    58
   136
    38
    84
    65
   110
    68
    88
   104
    42
   115
     0
     7
     5
     2
     0
     0
    81
   217
   154
    95
   181
   100
    52
    65
    83
   243
   222
   141
   119
   156
   223
    84
   146
    53
     0
     9
     3
     1
     9
    12
    92
   222
   187
   234
   188
    40
    78
   146
    52
   220
    40
    32
    97
   222
   348
   175
   105
    50
     0
     3
     7
     0
     0
    10
    81
   227
   240
   127
    90
    90
    49
    75
   119
   126
    96
    39
   150
    91
   174
   124
    67
    75
     0
     0
     0
     3
     9
     2
    62
   247
   313
   101
    85
    48
   133
   142
    53
   171
    46
   196
   148
    84
   216
   155
    60
   102
     3
     0
     2
     2
     7
     7
   152
   272
   356
   274
   150
   192
    61
    73
   189
    90
   239
   107
    37
    75
   146
   131
    62
    66
     3
    12
     4
     0
     3
     0
    60
   334
   259
   384
    79
   130
    53
    90
    71
    72
    36
   203
    82
   238
   327
   322
    65
    57
     5
     1
     3
     0
     7
     1
    55
   138
   342
   110
    52
    76
    98
    84
    86
    69
    74
    69
    70
    57
    59
    75
   125
    21
     0
    12
     0
    11
     6
     7
   104
   165
   446
   246
    54
   494
   108
    51
    47
    96
    85
    50
    82
    91
   299
   261
    80
   110
     4
     0
     6
     0
     0
     0
    41
   304
   222
   346
    96
   163
    68
    40
    91
   207
    37
    30
   120
    97
    87
   103
    70
    48
     0
     0
     5
    12
     9
     7
   197
   282
   414
   316
    82
    59
   106
   194
   221
   122
    64
    62
    63
   116
   361
    87
    97
   130
     4
     6
     6
     3
     2
    15
   150
   209
   363
   339
    73
   297
   122
   121
    91
    82
   116
   118
   129
   287
   288
   173
   104
   158
     3
     8
     0
     4
     1
     2
    85
   126
   263
   183
    27
    75
   112
    67
    98
    39
    61
    86
    59
   116
   174
    44
    57
    67
     0
     8
     7
     0
     0
     0
   126
   144
   336
   270
   112
   211
    38
    27
   206
    64
    56
   112
   123
    44
   115
   276
   123
   122
     0
     1
     0
     3
     1
     1
    54
   236
   128
    79
    46
    67
   133
    53
    35
   122
    73
    46
    70
   109
   118
   203
    71
    93
     0
     5
     0
     5
    10
     3
     4
    84
   125
   177
   157
    74
    55
   217
    46
    84
    46
    92
    74
    60
   109
   318
    37
    98
    73
     0
     0
    16
     0
     4
     2
   176
    54
   273
   148
    59
   140
    88
    32
   109
   120
   120
    53
   116
   243
   199
    55
    57
    79
     9
     0
     4
     1
     3
     0
   133
   272
   416
   170
   152
   225
    34
   100
   123
    74
   103
    78
   150
    61
   138
   257
    68
   176
    11
     2
     0
     7
    17
    19
   221
   131
   461
   321
    76
    85
   113
    83
    91
    42
   119
    60
    61
   104
   429
   262
    82
   133
    12
     1
     5
     6
     0
     5
    84
   164
   304
   309
   130
   103
    79
    99
    48
    26
    49
    84
   116
    77
   165
   140
   123
    69
     2
    18
     7
     4
     0
     0
    73
   233
   257
   249
   114
    52
    37
    58
   112
    36
    64
    52
    69
   124
    88
    96
    82
    49
     5
     0
     0
     3
     0
     5
   128
   147
   156
   224
    42
    40
    65
    63
   124
    64
   218
    31
   107
   103
   211
   288
    92
    89
     2
     9
     4
     2
     2
     0
    95
   253
   257
   229
   184
    55
   107
    60
    56
   111
    71
   107
    94
   217
   300
   289
    32
    81
     8
     0
     0
     0
     1
     0
    61
   203
   289
   302
    95
   195
    60
    97
    65
    92
    55
    57
   100
    63
   128
    65
    95
    62
     0
     0
    10
     7
     8
     6
   224
   243
   332
   235
   138
   105
   111
    78
   116
    46
   272
   132
   111
    91
   286
   163
    91
    49
     0
     7
     4
     5
     2
     0
    81
    55
   245
   270
    81
   139
   113
    84
   163
    83
    90
    58
    45
    92
   146
   224
   207
    87
     7
    10
    16
     1
     0
     0
    69
   203
   266
   279
   120
    64
    73
    98
    99
    25
    64
    99
    74
    91
   150
   186
    51
    68
     0
     0
     1
     0
    10
     0
    67
   264
   297
   187
   114
    65
   120
   115
   127
    73
    51
    73
    64
   133
   133
   246
    64
    93
     0
     1
     0
    11
     2
     3
   100
    77
   225
   245
    42
    98
    54
    54
   114
    56
    92
    82
    62
    86
    88
   132
    74
    73
     2
     0
     4
     6
     7
     8
    82
   309
   302
   269
    92
   136
    64
   112
    54
    73
    98
    59
    88
   324
   279
   138
    89
   103
    16
    27
     5
     6
     0
     3
    91
   103
   398
   347
    81
    81
    43
    56
    44
    75
   113
    48
    97
   126
   105
    68
   150
    49
     0
     4
     0
     0
     0
     6
    99
   250
   474
   242
   111
   133
   275
   204
   227
    90
    51
    72
    60
   111
   181
   297
    56
   217
     2
     0
     3
     0
     8
     7
   191
   257
   352
   358
   107
   154
   225
    38
   135
   127
    60
   243
    66
    93
   181
   222
    87
    80
     4
     4
     0
     4
     0
     4
   159
   270
   406
   156
    67
   118
    72
   159
    81
   169
   102
    73
    54
    91
   106
   156
    98
   123
     1
     0
     8
     5
     5
     7
    67
   233
   161
   156
    95
   119
   213
    38
    50
    48
    37
   118
    60
    73
   176
   207
    87
    64
     0
    10
     0
     2
     1
     0
   120
    75
   305
   287
    49
    61
    81
    53
    46
    52
   127
    45
    74
   125
   164
   259
   156
   130
     1
     0
     5
     5
     9
     7
    97
   130
   174
   288
    76
    83
   183
    50
   120
    73
    57
    78
   137
    50
    69
   101
    82
   139
     0
     1
     0
    17
     0
     0
    67
   233
   225
   302
   120
    69
    71
    45
   127
   112
    68
    39
   195
   129
   158
    95
    40
   205
     9
     0
     0
     7
    13
     4
   101
   220
   250
   351
    72
    81
    38
    83
    83
    73
   261
    88
   127
    92
   287
   243
   339
    49
     1
     7
     5
     3
    10
     6
    74
   423
   246
   227
    83
   214
   130
   281
    89
   116
    72
    82
   182
   244
   188
   130
   122
    67
     0
     0
     0
     0
     0
     1
    69
   290
   318
   174
   125
    49
    63
    41
    81
    66
    39
   103
    43
   121
    58
   204
    51
   139
     0
    19
     0
     0
     4
     0
    68
   228
   175
   297
    48
   106
    42
    95
    46
   171
    56
   207
    67
   219
    94
   230
    73
    91
    13
     0
     0
     6
     0
     0
    71
   128
   401
   182
    61
    83
   104
    45
    47
    54
   105
    70
   109
   102
   350
   164
   148
   197
    10
     0
     7
     0
    21
     2
    52
   231
   279
   300
    46
    87
   126
    63
    47
    56
   107
    74
    81
   104
   270
   168
   105
    65
     0
     8
     5
     4
     0
     1
    84
   189
   297
   235
    85
   349
    89
    74
    77
    31
    63
    53
    83
   132
   130
   196
    95
   117
     7
     5
     5
     7
     0
     3
   119
   254
   353
   131
    65
    80
   132
   335
    71
    60
    88
    94
   100
    62
   174
   111
   125
    86
    16
     2
    10
     0
     4
     7
   118
   114
   528
   447
    74
    44
    80
    74
    97
   239
    86
    80
    75
   113
   204
   281
   161
   100
     3
    13
    13
     2
     0
     9
   129
   181
   196
   315
    84
   103
   121
   100
   134
    70
   126
    99
    76
   200
   611
   210
    86
    58
     2
     0
     0
    15
     4
     1
   110
   246
   456
   194
    89
   114
    66
    50
    84
   119
   120
    87
   244
    55
   159
   174
    58
    49
    12
     0
    11
     1
     7
    14
    45
   248
   494
   192
    49
    82
    77
    75
   369
   215
    70
    50
    62
    99
   256
   332
    82
    58
     0
    11
    14
     0
     1
     5
    90
   356
   414
   310
   119
   149
   108
   141
    70
    91
    53
    46
    70
    89
   419
   691
    47
    43
    12
     1
     0
     2
    11
     0
   147
   326
   364
   261
   152
    49
    66
    80
    66
    72
    98
    74
    86
   231
   427
   152
    73
   115
     5
     0
     3
     0
     0
     2
    80
   251
   224
   109
    88
    65
    62
   139
   137
    70
    96
    71
    94
   230
   165
   135
   118
    66
     0
     2
     3
    12
    10
     4
   136
   155
   393
   271
   115
    71
   321
    77
    69
    88
   214
   119
    83
   191
   143
   348
    83
    60
    10
     0
     0
    17
     0
     0
   162
   298
   322
   111
    72
   123
   108
   122
    68
    74
   130
    53
    41
   216
   243
   186
    89
    65
     0
    15
     5
     0
     9
     2
   139
   180
   237
   221
    55
   164
   120
   123
    70
   103
    87
    73
   147
   199
   102
   113
   215
    43
     0
     0
     1
    14
     3
     0
   129
   180
   157
   417
    86
    81
    65
    69
    40
    36
   166
   172
    70
   206
    85
   118
    53
   120
     2
     0
    19
     4
     3
     8
   103
   244
   174
   102
   103
    56
   107
   131
   120
    88
    66
    67
    56
   113
   223
   179
   119
    82
     0
     7
     8
     0
    13
     7
   109
   140
   304
   187
   101
    39
   194
   107
   125
    79
   247
   109
    42
   242
   102
    46
    40
    77
     0
     9
     0
     2
     2
    15
   210
   377
   177
   475
   103
   133
    88
    99
    89
   106
   122
   225
    64
   125
   102
   243
   261
    95
     0
     5
     4
     0
     1
     0
   146
   182
   336
   417
    88
    79
   103
    83
    63
    81
    69
   215
   227
   247
   180
   101
   128
    63
     0
    10
     8
     0
     0
     4
   213
   295
   271
   205
   104
   157
   203
    78
    61
   249
    82
    71
   104
    58
   110
   140
   229
   237
     0
     0
    12
     4
     2
    15
    81
   223
   301
   159
    55
    71
   230
    68
    86
    66
    66
    36
   110
    47
   288
   104
   119
    70
     0
     1
     2
     3
     7
     0
   160
   152
   148
   313
    82
    70
    98
    91
   105
    58
   108
    62
    57
    62
   192
   135
    99
    70
    22
     7
     7
     9
     0
     0
   233
   189
   523
   331
    86
   115
    50
    66
    33
    94
    59
   125
    89
    52
   110
   154
    23
   144
     0
     6
     4
    33
     7
     0
    39
   387
   220
   186
   276
    98
    86
    61
    40
    75
   192
    77
    97
    83
   315
   172
    64
    73
     0
     5
     7
     6
     0
     0
   216
   189
   299
   281
   115
   212
    59
    80
   130
   127
   162
    84
   228
    67
   107
   192
    93
    83
     3
     0
     7
     7
     2
     2
   130
   323
   397
   237
    60
    91
    47
    64
    74
   116
    65
    77
    77
    82
   140
   341
   200
   145
    10
     1
     2
     1
     4
     0
    54
   333
   354
   182
    95
   148
    97
    83
   150
   204
    66
    75
    86
   107
   215
   156
    71
    60
     5
     0
     4
    16
     2
     6
    64
   287
   316
   191
    53
   119
   124
    62
    58
    48
    92
    75
    93
    86
   193
   157
    67
   264
    23
     3
     0
     0
    17
     6
    73
   286
   407
   292
   106
   123
   114
   112
    85
   105
   120
    37
   104
   206
   156
   208
    47
    76
    10
    21
     3
     0
    10
     9
   102
   361
   106
   386
    74
   106
   116
   199
    58
   108
    43
   173
   133
   255
   312
   190
    56
    99
     0
     0
     0
     0
     2
     1
    75
   242
   364
    63
    73
    92
    93
   151
    50
    80
   106
    80
   116
   218
   393
   267
   225
    69
     2
    17
     0
     2
     6
     5
   105
   193
   242
   418
    97
    93
    60
   158
    62
   137
   197
    90
   105
   122
    55
   180
    89
   103
     1
     4
     0
     3
    10
     0
    98
   195
   497
   464
    67
    81
    80
   176
    77
    90
   135
    85
    85
   198
   345
   132
    82
   124
     1
     0
     9
     9
     8
     5
    73
   312
   136
   358
    68
    67
   186
   209
    99
   101
    94
   195
    73
   282
   227
   231
   168
     0
     0
