    26
     0
     0
     0
     0
    45
    60
    47
    41
    22
    22
   165
    43
    82
    71
    30
    30
    22
    11
   119
    94
     3
    16
     0
     9
     0
     0
     1
     0
    50
    27
   153
    28
    39
    41
    48
    33
    35
    84
    25
    13
    18
    39
    60
    13
    13
    18
     1
     0
     7
     0
     2
     0
    51
    71
   219
   138
    42
    29
    26
   177
   162
    43
    27
    24
    29
    28
   203
    31
    59
    20
     0
     0
     1
     0
     9
    11
    30
    11
    59
   115
    50
    40
    34
    20
    70
    19
    24
    27
    38
    22
    88
    34
    12
    43
     0
     6
     0
     0
     0
     0
    29
    67
   186
     7
    18
    44
    73
    61
    21
    61
    70
    75
    47
    21
    25
    83
    28
    26
     0
     0
     0
    16
     0
     0
    28
    99
   158
    65
    34
    30
    20
    24
    26
    18
    24
     9
    27
   127
    68
   164
   171
    40
     0
     0
     6
     0
     0
     0
    18
   121
   196
    59
    51
    77
    69
    48
    32
    65
    22
    31
    50
   335
   126
    24
   182
    61
     1
     6
     0
     0
     0
     0
    28
    65
   236
   164
    17
    27
    39
    10
    49
    43
    24
    11
    76
    14
    77
    67
    66
     9
     7
     0
     0
     0
     0
     0
   116
    91
    22
   130
    25
    17
    33
    25
    52
    60
    20
    17
    43
    42
    28
   106
    57
    50
     0
     0
     0
     5
     0
     1
    90
   176
   156
    89
    37
    21
    19
    11
    48
    19
    22
    65
    41
    22
   135
    37
    45
    50
     0
     0
     1
     0
     0
     0
    32
    20
   154
    53
     7
    25
    31
    34
    40
    18
    10
    20
    30
    39
    65
   103
    25
    30
     2
     0
     0
     2
     0
     2
    44
    42
   106
    61
    79
    19
    24
    74
    30
    69
    19
    26
    33
    58
    75
   191
    16
    58
     6
     0
     2
     0
     0
     0
    32
   140
   100
   223
    93
    80
    38
    45
    17
    39
    38
   197
    20
   121
   129
   105
    21
    21
     1
     0
     0
     6
     0
     1
    40
    60
   240
    93
    20
    41
    15
    61
    31
    18
    74
    24
   105
    31
    14
   159
    34
    16
     0
     3
     0
     3
     0
     0
    16
    66
   304
    43
    35
    74
    30
    49
    27
    10
    12
    53
    26
    16
    21
    33
    14
    29
     1
     6
     0
     0
     0
     1
    22
   223
    53
    85
    39
    40
     9
    37
    21
    47
    45
    17
    26
    26
    72
    19
    18
    71
     0
     0
     0
     8
     2
     0
    41
    53
   187
   202
    45
    29
    46
    33
    26
    29
    55
    22
    41
    16
    35
     2
    15
    25
     0
     0
     5
     0
     4
     0
    26
   155
   120
   102
    27
    22
    13
    57
   121
   106
    25
    24
    42
    97
    44
   332
    19
    85
     9
     1
     0
     0
     0
     0
    23
   115
   214
   110
    39
     9
    26
    73
   169
    34
    25
    47
    12
   155
   169
   104
    39
    16
     0
     0
     0
     1
     0
     0
    73
   100
   154
   108
    38
    39
    31
    82
    44
    73
    46
    47
    15
    36
    24
    40
    18
    20
    10
     2
     3
     0
     0
     0
    27
   197
   193
   104
    16
    54
     4
    21
     1
    44
    82
    71
    22
    23
   187
    65
    67
    42
     0
     0
     0
     0
     7
     0
    71
    49
    54
    27
    27
    46
    24
    20
    14
    20
     6
    28
   163
   100
    15
    11
   168
    16
     2
     0
     6
     0
     0
     7
    36
    22
   205
    68
    18
    35
    56
    27
    13
    33
     3
    28
    39
    31
    68
    36
    53
    22
     0
     9
     0
    10
     0
     0
    27
    95
   128
    93
    40
    24
    24
    17
    31
    43
     5
    26
    34
    18
   189
    33
    34
    16
     0
     1
     0
     0
     0
     0
    72
    27
   220
    68
    73
    26
    83
    12
    27
    38
    25
    19
    81
   178
    30
    58
    62
    34
     3
     5
     0
     0
     6
     0
    20
    70
   131
    62
   121
    75
    85
    50
    69
    16
    39
    34
    27
    29
    61
    20
    34
    78
     2
     0
     0
     2
     0
     0
    48
   146
   144
   111
    42
    27
    14
    14
    29
    45
    41
    20
    65
    52
   204
    56
    72
    47
     0
     2
     0
     0
     0
     0
    30
    17
   195
    17
    53
    61
    47
    37
    54
    71
    59
    84
    28
    53
    15
    61
    30
    22
     0
     0
    12
     6
     0
     0
    12
    55
   220
   134
    18
    79
    85
    10
    30
    16
    17
    39
    14
    59
    34
    65
    22
    30
     5
     0
     0
     0
     5
     0
    34
   128
    58
    67
    13
    13
    45
    32
    12
    42
    21
    18
    34
    20
    27
    31
    74
    47
     0
     0
     0
     5
     0
     0
    10
   123
    98
   125
    17
    33
    85
    42
     6
    44
    29
    42
    15
    32
    45
    85
    35
    19
     1
     0
     0
     0
     1
     0
   142
    47
    82
   152
    98
    14
    12
    11
    16
    25
    48
    24
    68
    34
    31
    34
    29
    21
     7
     0
     8
     0
     8
     0
    44
    66
   129
    83
    26
    55
    74
    31
    28
    54
    24
     1
    32
   103
   181
   125
    31
    26
     0
     3
     0
     0
     0
     3
    25
   147
    90
     9
    37
    34
    17
    21
    28
    31
    53
    29
    35
    30
   146
    47
    48
    35
     0
     0
     0
     0
    14
     0
    22
   190
    26
   105
    28
    29
    35
    35
    15
    36
   102
    67
    15
    23
    26
    30
    83
    52
     0
     0
     1
     0
     0
     0
    23
   131
    89
   303
    48
    23
    17
    31
    18
    21
    40
    22
    10
    28
   112
    68
    28
    20
     0
    11
     0
     1
     8
    10
    18
   101
    38
   261
    35
    21
    86
    13
    21
    23
    24
    17
    28
    31
    62
    72
    15
    70
     4
     5
     0
     0
     0
     4
    32
   107
    82
   107
    33
    29
    31
    10
    21
    96
     9
    26
    20
     5
   188
    50
    51
    15
     0
     0
     0
     0
     0
     2
    66
    92
   154
    34
    19
    29
    32
    38
    29
    23
    61
    16
    41
    33
    59
    49
    43
    13
     0
     0
     0
     0
     0
     0
    22
    11
   151
   134
    38
    21
    11
    19
    25
    11
    26
    17
    55
    63
    42
    58
    22
    43
     2
     0
     3
     0
     0
     0
    39
    28
   165
    56
    81
    30
    18
    22
    25
    25
    41
   158
    31
    40
   105
   172
    40
    12
     0
     0
     0
     0
     0
     0
    24
   211
   145
    78
    37
    36
    27
    39
    33
    55
    32
    35
    51
    50
    71
    24
    35
    29
     6
     0
     0
     0
     0
     0
    24
    27
    59
   111
    46
    30
    20
    18
    14
    10
    28
    36
    11
    37
    55
    74
     8
    71
     0
     9
     0
     0
     0
     4
    16
    70
    61
    94
    10
    71
    63
     9
    35
    25
    33
    36
    23
    31
    66
    98
    41
    21
     0
     8
     4
     0
     8
     0
    20
   146
    87
   185
    32
    33
    35
   173
    23
    27
    65
    21
    13
   180
    85
     6
    28
    43
     0
     0
     0
     0
     7
     4
    67
    63
   155
    84
   123
    34
    47
    60
    55
    30
    31
    12
    30
    30
   154
    82
    21
    40
     0
     0
     0
     0
     0
     0
    26
   185
    82
    63
    41
    46
    74
    23
    57
    31
    43
   176
    65
    18
    46
    84
     6
    26
    13
     2
     5
     2
     7
     7
    45
   171
   256
    31
    63
    57
    60
    24
    73
    36
    29
    28
    16
    80
    63
   193
    14
    81
     0
    10
     8
     5
     0
     0
    34
   194
    51
   128
    65
    43
    76
    24
    19
    32
    62
    47
    44
    46
    15
    37
    49
    40
     4
     5
     0
     1
     5
     1
    35
    70
   144
    41
     3
    58
    56
    29
    15
    16
    53
    38
    51
    15
    67
    98
    42
    24
     6
     0
     0
     2
     7
     0
     3
   117
   199
    96
    46
    62
    13
    46
    34
     2
    24
    23
    49
   168
   103
   107
    24
    19
     0
     0
     0
     7
     0
     0
    56
    26
    37
   105
    48
    48
    67
    17
     9
    24
    13
    22
    28
    25
   204
   102
    58
    21
     4
    12
     6
     0
     0
     7
    56
    15
   129
    44
    20
    15
    21
    68
   174
    53
    14
    17
    28
    65
    63
     4
    20
    22
     8
     7
     0
     1
     2
     5
    19
    82
   192
    30
    46
    25
     7
    31
    26
    29
    42
    22
    65
    19
    33
    89
    24
    25
     0
     0
     0
     1
     0
     0
    57
   183
    85
    52
    38
    39
    57
    75
    48
    21
   177
    81
    38
    74
   122
    72
   180
    26
     0
     0
     0
     0
    11
     7
    76
   124
   237
    84
    75
    40
    22
    18
    31
    33
    15
    36
    90
    60
    23
    62
    28
    46
    10
     6
     0
     0
    12
     3
    30
    52
   177
   113
    17
    26
    37
    63
    26
    35
    19
    17
    76
    18
    14
   148
    28
    50
     4
     0
     5
     0
     0
     5
     3
   114
    89
    36
    17
    22
    51
    29
    38
     9
    38
    39
    14
    47
    84
    11
    22
    25
     1
     5
     0
     0
     0
     0
    77
    73
   117
    97
    21
    12
    17
    69
    23
    20
    24
    13
    11
    22
    62
    81
    10
    27
     0
     3
     9
     0
     0
     0
    58
    48
    92
   139
    24
    10
    32
    28
    19
    67
    17
    16
    13
    66
    90
    28
    50
    25
     0
     0
     1
     0
     0
     2
    30
   174
   106
    91
    71
    28
     7
    33
    18
    16
   178
    20
    36
    20
    41
    87
    38
    25
     0
     0
     7
     0
     2
     5
    32
   199
   265
   155
    62
    30
   198
    77
    63
    50
    24
   164
    17
    37
   103
    57
   205
    33
     0
     0
     0
     0
     0
     0
    34
   118
   405
   146
    32
    80
    32
    18
    11
   100
    54
    33
    56
    19
    41
    31
    50
    24
     2
     0
     0
     8
     0
     0
    36
   146
   135
    37
    18
    60
     8
    18
    71
    18
    38
   190
   168
    67
    26
    79
   169
    28
     6
    19
     0
     0
     0
     0
    29
    68
   107
    59
    48
    20
    41
    57
    24
    45
    36
    31
    27
    57
    98
    20
    25
    61
     0
     0
     9
     8
     0
     0
    45
    56
   148
    88
    47
    46
    38
    32
    22
    26
    14
    34
    21
    19
    79
    72
    50
    69
     0
     6
     5
     0
     0
     0
    17
   183
   101
    60
    19
     6
    33
    66
    26
    51
    38
    50
    26
    14
    33
    11
    85
    17
     0
     0
     2
     0
     1
     1
    18
   104
    11
   143
    25
    75
    77
    15
    12
    20
    16
    62
   106
    13
    10
    27
    38
    23
     5
     4
     0
     3
     0
     3
    71
    63
   141
   254
    16
    60
    58
    50
    10
    22
    68
    27
    40
   179
   301
    60
    31
    42
     0
     0
     0
     0
    16
     0
    63
    27
   149
    33
    40
    29
    36
    77
   192
    35
     4
   149
    14
    43
    35
    55
    79
    96
     0
     0
     2
     6
     0
     0
    39
    85
   123
    66
    94
    30
    58
     0
    15
    62
    18
    49
    25
    56
   151
    20
    43
    21
     0
     0
     0
     0
     0
     3
    33
    63
   174
    19
    37
    47
     9
    31
    67
    80
    63
    31
     6
    44
   207
    61
    67
    26
     0
     1
     3
     0
     0
     5
    19
    48
    66
   113
    52
    16
    56
    36
    16
    30
    26
    65
    13
    38
   110
   163
    73
    18
     0
     0
     7
     1
     1
     0
    62
   101
   192
    29
    15
    54
    26
    47
    35
    18
    42
    99
    37
    13
    23
    26
    38
    50
     9
     0
     4
     3
     0
     6
    27
    61
   109
    94
    14
    34
    50
    24
    59
    55
    12
    68
    33
    48
    66
    30
    15
     4
     0
     0
     0
     0
     2
     0
    46
   188
    29
   156
    34
    31
   117
    23
    28
    35
    10
    18
    48
    31
   107
    88
   119
   124
     5
     0
     7
     5
     4
     3
    21
    72
    67
    12
    29
    36
    20
    38
    32
    49
    29
    30
    25
   156
    18
    72
    30
    33
     0
     0
     0
     1
     3
     0
    37
   171
    59
   113
    24
    18
   113
     7
    19
   175
    62
    31
    64
    28
   161
    74
    40
    47
     0
     0
     0
     1
     0
     5
    21
   103
   112
    42
    65
   163
    29
    15
    23
    76
    22
    44
     5
    16
    79
    29
    66
    28
     1
     0
     5
     0
     0
    11
    25
    39
   145
    62
    33
    14
     8
    28
    19
    31
    24
    19
    11
    75
   110
    23
    12
    29
     0
     0
     0
     0
     0
     0
    48
    82
   100
   198
    58
    32
    52
    25
    13
    33
    19
    53
    34
    77
    71
    44
    63
    42
     0
     6
     0
     0
     4
     0
    26
    68
    59
    81
    75
    65
    12
    33
    12
    22
    20
    22
    77
    41
    38
     8
    35
    18
     1
     2
     4
     0
     4
     0
    75
   111
   183
   129
    83
    40
    18
    17
    43
    41
    31
    49
    28
    55
    52
    28
    90
    25
     0
     0
     0
     0
    15
     6
    18
    28
   146
    55
    56
   144
    47
    31
    82
    32
    52
    74
    44
    60
    33
    79
    39
    10
     0
     4
     0
     0
     5
     0
    37
    22
   112
    20
    24
    40
    62
    20
    30
    38
    31
    38
     8
   165
    69
    40
    13
    23
     0
     0
     0
     0
     7
     0
    22
    24
   119
    90
    40
    25
    30
    20
    37
    23
   121
    40
    62
    79
    24
   113
     8
    41
     0
     0
     0
    11
     0
     0
    49
    15
   178
    23
    35
    41
    27
    11
    84
    28
    17
    21
    11
    31
    56
   119
    38
    25
     0
     0
     0
     0
     2
     2
    19
   113
    75
    54
    28
    36
    36
    23
    30
    20
    16
    15
    39
    54
   113
    14
    35
    15
     0
     0
     6
     2
     1
     0
    22
    60
   178
   107
    27
     9
    42
    23
    24
    28
    18
    73
   160
    18
    39
    47
    17
    35
     0
     0
     0
     0
     0
     5
    37
   149
    59
    66
    56
    10
    38
    50
    63
    30
    73
    85
    69
   217
    80
    87
    48
   191
     0
     2
     2
     0
     0
    53
    50
   143
   110
    33
    30
    32
    39
    42
    26
   181
    59
    15
    22
    26
    73
    30
    49
     0
     2
     0
     0
     1
     1
    41
    77
   232
   112
   161
    67
    66
    35
    36
     8
    51
    75
    18
   212
    67
    13
    33
    20
     0
     0
     4
     9
     0
     0
   139
     7
    94
    54
    17
    36
   166
    28
    10
    59
    50
    13
    20
    29
   212
   327
    12
    22
     0
     0
     9
     0
     6
     1
    62
    96
    68
    41
    20
    29
    29
    28
    68
    53
    35
    44
    55
    27
    34
   204
    13
    28
     0
     0
     0
     6
     0
     0
    45
   155
   157
   108
    20
    28
    34
    39
    68
    27
    79
    55
    16
    44
   127
   164
     4
    57
     1
     0
     3
     1
     0
     0
    16
    60
   112
    59
    52
    25
    36
    36
    26
    29
    13
    34
    16
    32
    75
    65
    90
    48
     0
     0
     0
     0
     0
     0
    40
   109
    56
    18
   189
   210
    70
    93
    50
    44
    34
    72
    72
    58
    25
    17
    95
    28
     0
     3
     3
     2
     0
     0
    40
   136
   263
   120
    52
    30
    15
    12
    71
    23
    20
    30
    26
    32
   213
    98
    12
    45
     0
     5
     0
     7
     0
     0
    37
    22
   119
    50
    18
    27
    15
    45
    33
    17
     8
     8
    10
    42
   210
    15
    26
    20
     7
     0
     3
     0
     0
     0
    56
    24
    99
   116
    28
    60
    30
    20
   111
    66
    58
    48
    49
    25
   263
    76
     8
    28
     0
     0
     0
     1
     0
     2
    22
    83
   114
   123
    23
    22
    29
    57
    14
    18
    24
    32
   162
    45
    62
    44
    14
    37
     7
     2
     2
     0
     1
     0
    86
    29
    59
   224
    37
   175
    43
    20
     9
    13
    24
    57
    23
     3
     9
    74
    17
    33
     0
     0
     0
     8
     3
     0
    16
    35
    51
   142
    51
    18
    17
    35
    23
    36
    32
    44
    29
    38
    18
    18
    11
     7
     0
     0
     2
     9
     0
     3
     9
   115
   137
   186
    40
    18
    28
    21
    31
    43
    28
    35
    34
    17
    64
    27
    74
   160
     0
     2
     0
    10
     0
     2
    40
   174
    59
   199
    78
    23
    34
    57
    31
    41
    76
    25
    47
    11
   179
    94
   121
    29
     5
     3
     1
     0
     0
     0
    48
    56
   120
    16
    16
    23
    34
    19
    29
    61
    69
    24
    43
    41
    60
    12
    36
    67
     9
     8
     1
     0
     0
     7
    57
   133
   104
    10
    10
    23
    62
    29
    39
    57
    45
    49
    12
    37
   111
    48
    25
    22
     0
     0
     0
     1
     3
     7
    62
    22
    11
   109
    35
    22
    47
    28
    10
    28
    70
    50
    33
    24
    74
     9
    59
    37
     0
     0
     3
     0
     1
     0
     6
    25
    65
    55
    23
    28
    24
   164
    30
    45
    75
    31
    47
    78
    24
    62
    27
    68
     0
     0
     0
     9
     6
     1
    28
   124
    21
    97
    38
    15
    42
    11
    17
   136
    27
    12
     5
    66
    34
    99
    44
     8
     0
     0
     0
     0
     2
     0
    34
    99
   228
    91
    75
    23
    18
    18
    64
    32
    34
    42
    14
   155
   146
    78
    16
    19
     0
     0
     0
     0
     2
     4
    77
    89
   133
   225
    33
    51
    26
    21
    24
    23
    34
    63
    17
    37
    75
    96
    13
    30
     0
     2
     1
     0
     9
     0
    54
    17
    53
   149
    24
    86
    22
    33
    98
    36
    15
    23
    40
    34
    73
    16
    29
    21
    11
     0
     0
     0
     0
     0
    60
   147
   123
    59
    26
    62
    21
    32
    16
    56
    81
    17
    28
    64
    29
   185
    31
    31
     0
     0
     2
     6
     0
     7
    15
    55
     6
   103
    39
    27
    29
    42
    29
    56
    21
    13
    36
    36
   109
   120
    61
    20
     0
     0
     0
     0
     0
     0
    19
    21
   129
    15
    43
    19
    21
    24
    10
    24
   152
    38
    11
   113
    64
    16
    31
    32
     0
     3
     0
     0
     9
     0
    38
   100
   285
    63
    19
    46
    26
    23
    19
    41
    29
    58
    40
    23
    44
    57
    29
    18
     0
     0
     0
     5
     0
     0
    40
    72
   174
   220
    23
    32
    48
    42
    22
    14
     9
    12
    84
    35
    31
    70
    32
    88
     0
     0
     5
     0
     0
     0
    31
   260
   144
   103
    30
    69
    20
    41
    49
    26
    96
    70
    34
    42
   145
    80
    31
    43
     0
     0
     3
     0
     0
     5
    36
    64
    53
     1
    35
    14
    27
    15
    20
    16
   152
    12
    17
    40
    93
   126
    20
   172
     7
     1
     0
     0
     0
     0
     8
    56
   183
   137
    52
    22
    22
    38
    30
    20
    44
    37
    16
   163
   153
    26
    21
    12
     0
     1
     0
     0
     0
     0
    17
    23
   223
   179
    59
    37
     8
    98
    11
    38
     9
    48
    22
    28
    52
    52
    30
     8
     0
     5
    10
     0
     0
     0
    63
   175
   167
   104
    26
    22
    12
    12
    33
    19
    25
    67
   106
    21
     8
    89
    26
    30
     0
     0
     2
     0
     6
     0
    66
    95
   253
    26
     4
     8
    45
    26
   205
   182
    19
    22
   155
    28
    57
    33
    17
    58
     0
     0
     0
     0
    12
     0
    14
    86
    27
    59
    21
    68
    37
    27
    65
    12
    32
    71
    24
   155
    80
    73
    28
    23
     0
     0
     0
     0
     3
     0
    65
    16
   107
    53
    21
    26
    13
    26
   131
    20
    20
    31
    13
    35
    15
    95
     0
    26
     2
     0
     2
     0
     0
     0
    22
   145
   220
   191
    38
    23
    38
    29
    11
    42
    16
    10
    45
    27
    30
    35
    61
    20
     0
     0
     0
     8
     4
     0
    29
    63
    90
    61
    27
    21
    34
    14
    32
   172
    20
     3
    22
    72
    29
   182
    40
     7
     0
     0
     0
     0
     0
     0
     5
    61
    14
    58
     8
    27
    70
    21
    16
    38
    30
    57
    32
    13
    26
    44
    33
    32
     0
     0
     0
     0
     0
     0
    62
    92
   183
    42
    25
     7
    25
    20
    35
    10
    51
    15
    24
   161
     7
    63
    37
    72
     0
     0
     0
     1
     0
     6
    65
    53
    89
    80
     6
    64
   148
    21
     6
    17
    18
    27
    18
    23
    60
   154
    25
    28
     3
     0
     0
     5
     2
     0
    56
   137
    14
    63
    22
    51
     8
    88
   155
    53
    27
    17
    30
    47
   253
    91
    16
    38
     1
     2
     0
     0
     0
     0
    71
    45
   150
    16
    45
    20
    18
    25
    16
    15
     6
    13
    47
    17
    76
   111
    40
    23
     0
     0
     0
     7
     0
     0
    36
    50
    22
   134
     6
    52
    34
    11
    46
    32
    27
   195
    14
    42
   105
     7
    93
    58
     3
     1
     1
     0
     0
     5
     7
    90
   154
    54
    23
    22
    30
    37
    14
    22
    17
    26
    34
    16
   212
    10
    19
    18
     0
     0
     3
     6
     0
     0
    57
    64
   151
    36
    13
    28
    29
    13
    21
    19
    67
    25
    20
   163
    65
    59
    35
    61
     0
     0
     0
     0
     0
     3
    16
    47
    69
   149
    45
    55
    17
     6
    21
    85
    12
    18
    21
    23
    64
    54
    13
    62
     0
     0
     0
     0
     3
     0
     0
    24
   144
    99
    60
    77
    29
    32
    86
    17
    50
    45
   292
    18
    83
    20
     5
    62
     0
     7
     0
     0
    10
     0
    32
   152
   114
   112
    34
    66
    31
    24
    26
    61
    37
    23
    77
    35
    84
    88
    32
    57
     0
     0
     0
     3
     9
     0
   144
    76
   261
    65
    19
    27
    25
    21
    28
    69
    23
    50
    15
    27
   100
    44
    71
    54
     0
     0
     5
     5
     0
     3
    16
    33
   181
    57
    55
    32
    22
    76
    36
    25
    11
    65
    52
    41
    12
   100
    31
    14
     0
     0
     0
     0
     0
     0
    27
   104
   168
    85
    10
     3
    32
    26
    38
    32
    14
    56
    45
    15
    19
    49
    33
    13
     0
     0
     0
     0
     0
     0
    19
    95
    92
    21
     4
    19
    30
    34
    76
     9
   206
    40
    28
    23
    58
    49
    56
    11
     0
     0
     5
     0
     0
    12
    16
   101
   105
    79
    28
    23
    49
    77
    49
    21
    52
    20
     4
    40
    46
   145
   173
    34
     2
     0
     2
     0
     0
     0
    52
    45
    64
    60
    16
    30
    69
    29
    17
    14
    37
    32
     6
   183
    99
    56
    44
    17
     0
     0
     0
     0
     1
    10
    59
    75
    66
   105
    82
    48
    56
    30
    77
    11
    27
    11
    33
    36
    13
   186
    47
    24
     0
     0
     0
     7
     0
     0
    30
    69
   210
    95
     4
    11
     5
    33
     6
    28
    10
    37
    17
    39
    76
    19
    22
    69
     0
     0
     0
     0
     6
     2
    33
    28
   154
    19
     8
    22
    19
    23
    22
    31
    42
   166
    47
    56
    63
    28
     9
    29
     0
     1
     0
     1
     0
     0
    38
    53
   223
    56
    92
    10
    13
    12
     9
     8
     8
   218
    33
   188
    10
   122
     4
    23
     0
     0
     0
     0
     0
     0
    77
   191
    54
    55
    10
     3
     5
    22
    32
    21
    23
   127
    39
    21
    86
   142
    70
    38
     0
     0
     4
     8
     0
     6
     9
    31
   106
    66
    18
    10
    29
    10
    78
    16
    30
    16
    15
    42
   252
    85
    17
    22
     0
     0
     4
     0
     0
     0
    36
    56
    92
    13
    13
    11
    25
    16
    27
   151
    13
     2
    25
    17
    32
    13
    35
    99
     0
     0
     4
     0
     3
     0
    24
   188
    29
   111
    35
    19
    71
    23
    31
    65
    12
    55
    34
    26
    37
    33
    20
    21
     0
     0
     0
     8
     0
     4
    32
   136
    45
    86
    40
    20
    33
    71
    40
    54
    25
    49
     9
    71
   154
    30
    17
    22
     0
     0
     0
     0
     0
     0
    61
   117
   141
    64
    21
     6
    35
    44
    21
    35
    43
    20
    27
     4
   114
    22
    34
    18
     0
     0
     0
     6
     0
     1
    27
    41
    99
    60
    15
    11
    26
    36
    23
   140
    38
    13
    28
   162
   141
    74
    45
    59
     0
     0
     0
     0
     3
     0
    21
    40
    54
   192
    49
    13
    16
    13
    15
    25
    16
    12
     5
    26
   186
   168
    37
    57
     3
     0
     7
     0
     6
     0
    29
   144
    55
    53
    57
    10
     6
    14
    22
    29
    33
    33
    15
    12
    43
    94
    19
    15
    10
     0
     0
    11
     0
     0
    34
    85
    71
   118
    22
    31
    59
    51
    25
    25
    23
    18
    90
    36
   171
    18
    64
    12
     0
     7
     0
     0
     0
     7
    24
    96
    97
   130
    37
    19
    46
    52
    24
    69
    45
    52
    22
   154
    39
   199
    34
    28
     8
     0
     0
     0
     0
     0
    44
    81
   165
    74
    27
    35
    50
    32
    79
   182
    30
    28
    23
    25
    61
   128
    34
   205
     0
     3
     0
     0
     0
     0
    68
   167
   158
    24
    41
    25
    68
    55
    39
     2
    28
    35
    29
    66
   340
   210
    12
    16
     0
    10
     0
     3
     0
     0
    42
    54
   228
    74
    50
    12
    37
    28
    15
    11
     8
    22
    33
    86
    19
    18
    18
    68
     0
     5
     0
     1
    12
     0
    34
   149
    71
    56
    57
    40
    28
    10
     7
    76
    53
    30
   187
    24
    34
    50
    27
    12
     0
     0
     0
     0
     0
     0
    14
    67
    53
    53
    18
    11
    76
    55
    28
    67
    28
    43
    72
    36
    30
   144
    27
    72
     0
     0
     6
     6
    10
     0
    30
    32
    73
   184
    24
    32
    11
    15
    29
    23
    79
    15
   147
    58
    18
    58
    44
    14
     0
     0
     2
     2
     0
     0
    32
   149
    43
   130
    32
    46
    32
    40
    29
    19
    35
    40
     4
    23
   167
    20
    49
    37
     0
     0
     0
     0
     6
     0
    49
   140
   144
    64
    27
    32
    36
    28
    13
    24
    13
    50
    42
     6
    69
    67
    13
    31
     4
     0
     0
     0
     0
     0
    18
    31
   179
    15
    38
    18
    67
    23
    17
    28
    13
    60
    34
    24
   107
    66
    41
     8
     0
     0
     6
     0
     0
     0
     4
    58
    30
    98
    27
    63
    41
    56
    10
     2
    11
    48
    24
    10
    23
    18
    55
    25
     0
     0
     0
     0
     0
     0
    15
    73
    17
    64
    23
    12
    58
    44
    19
    71
    30
    39
    58
   173
     7
    60
    26
    47
     0
     1
     0
     2
     0
     4
    16
    21
    96
    54
    63
    22
    32
   144
    72
    29
    60
    30
    21
    73
    72
    66
    28
    22
     0
     0
     0
     0
    13
     0
    97
    60
    26
    16
    29
    17
    13
    14
    34
    64
    19
   188
    51
    15
    56
    40
    20
    25
     0
     0
     0
     9
     0
     1
    52
   169
   191
   125
    24
    50
    58
    11
   172
     7
    16
    28
    20
   298
    25
    49
    17
    39
     0
     0
     7
     0
     0
     0
    90
    27
   152
    89
    69
    22
    32
    74
     6
     8
    41
     4
    12
    70
    73
    75
    33
    80
     2
     0
     5
    12
     0
     0
    29
   112
   173
    75
     8
    13
    84
    33
    57
    55
    34
    36
    11
    29
    54
    36
    19
    33
     1
     7
     1
     4
     0
    14
    17
    76
   212
    26
   196
    24
    21
    11
    11
   159
    28
    13
    11
   206
    21
    62
    24
    29
     0
     0
     0
     0
     0
    10
     4
    80
   113
    62
     3
    38
    26
    26
    22
    22
    39
    42
    14
    19
    90
    51
    23
    67
     3
     0
     6
     0
     0
     0
    63
    40
    21
    60
    57
    16
    22
    18
     6
    16
    17
    21
    45
    69
   112
   141
    26
    23
     3
     0
     0
     0
     6
     0
    48
   106
    59
   145
    56
    28
     5
    22
    46
    13
    22
    28
    31
    41
    51
    33
    55
    23
     0
     0
     5
     0
     0
     0
    16
   155
   178
    77
    13
    29
     8
    32
    65
    63
    30
    11
    39
    25
    66
    30
    48
    50
     6
     9
     1
     0
     2
     0
    43
   226
   176
   173
    26
    33
    29
    51
    47
    41
    79
    33
    31
   175
    29
    99
    30
    45
     1
     0
     0
     0
     0
     0
    16
   190
    98
    52
    27
    92
    18
     8
    22
    70
    22
    22
    30
    32
    91
    77
    20
    21
     2
     0
     0
     0
     0
    10
    16
    13
   225
    19
    12
    18
     8
    24
    44
    16
    45
    19
    16
    15
    37
    59
    34
    22
     0
     1
     0
     0
     0
     0
    45
   172
   241
   124
     8
     6
    52
    24
    19
    14
    13
    39
    23
    28
    19
   258
    22
    20
     1
     9
     0
     1
     0
     0
    25
   143
   270
    64
    50
    24
    18
    50
    22
    10
    17
    15
     1
    23
    26
    27
    45
    20
     6
     0
     0
     4
     0
     0
    14
    36
    83
    57
    22
    26
    12
    14
    12
    14
    26
    10
    13
    54
     9
    15
     3
    15
     0
     0
     0
     8
     0
     4
    47
   269
    95
    63
    25
    21
    70
    19
    50
    31
    27
   193
    68
    57
    53
   238
    15
    34
     0
     3
     5
     1
     0
     0
    54
    18
   143
    65
    19
    66
    18
    52
    75
    40
    94
    40
    25
   106
    21
    16
    15
    37
     0
     0
     3
     2
     3
     0
    27
    61
    41
    23
    49
    28
    20
    13
    14
    17
    20
    22
    80
    22
    26
    23
    11
    31
     8
     0
     0
     0
     0
     0
    19
     8
   218
     8
    20
    24
    13
    13
    63
    12
    14
    39
    26
    36
    86
   101
    52
    36
     0
     8
     2
     0
     0
     0
   104
    55
   121
   100
    38
    13
    21
    14
    20
    26
    43
    20
    19
    39
    23
    23
    15
    49
     0
     0
     0
     8
     0
     0
    18
    34
    50
    64
    14
    12
   173
     8
    29
    12
    13
    33
    16
    56
    13
    30
    29
    16
     0
     0
     0
     0
     0
     0
    17
     4
   211
   113
    24
    26
    33
    24
    19
    50
    24
    61
    13
     6
    98
    75
    14
    16
     0
     0
     0
     6
     0
     0
    62
   181
   189
    99
    59
    43
    26
    97
    47
    81
    26
    35
    39
    45
   173
    56
    33
    66
     4
     1
     0
     3
     0
     0
    16
    66
   101
   126
   159
    19
    39
    85
    20
    21
   114
    23
    27
    32
    28
   164
    17
    25
     2
     0
     0
     0
     0
     0
    19
   106
    57
   101
    13
    21
    32
    36
    33
    17
     2
    15
    47
    17
   155
    55
    27
    70
     0
     0
     0
     0
     0
     4
    26
    23
   148
   108
     4
    10
    19
     9
    22
     5
     5
    23
    25
     5
    90
    56
    22
    13
     0
     0
     0
     0
     3
     0
    26
    93
    41
    65
    30
    23
     7
     8
    19
     5
    45
    19
    46
     8
    49
    83
    34
     7
     9
     0
     0
     0
     0
     0
    32
    56
   139
    18
    63
    24
    83
    14
    49
    11
    18
    40
    30
    19
    51
    14
     9
    17
     0
     0
     7
     0
     0
     0
    17
   102
    63
   100
    22
    50
    31
    31
    54
    21
    11
     7
    27
    56
    44
     9
    17
     9
     0
     0
     0
     5
     0
     0
    32
   173
    52
    37
    50
    44
    31
    61
    26
    48
    33
    19
    63
    71
    33
   145
    10
    20
     1
     0
     0
     3
     0
     2
    21
    49
   137
    62
    20
    48
    33
    83
    40
    41
    14
    33
    30
   181
   214
    74
    17
    77
     0
     0
     0
     0
     1
     0
    81
    15
    94
   114
    27
    15
    26
     1
    52
     8
    26
     5
    30
    78
    20
    13
    25
    32
     0
     0
     5
     4
     0
     4
    45
    12
   139
    25
    20
    23
    15
    78
    37
    52
    31
    43
    12
   228
    28
   132
    25
    24
     0
     0
     4
     0
     2
     0
    55
    58
    72
    53
    28
    95
    14
    31
     1
    94
    33
    11
     6
    21
    20
     9
    60
    37
     7
     4
     6
     0
     1
     4
    31
    11
    67
    93
    34
    24
     4
    34
    19
    21
     4
    15
    24
    25
   153
     8
    25
     5
     0
     0
     0
     0
     4
     0
    35
    26
    28
   100
   145
    26
    42
    10
     4
     3
    33
    22
    39
    42
   163
    52
    49
    54
     0
     0
     3
     0
     0
     0
    99
   109
   135
    44
    51
    29
    21
    67
    29
    21
    41
    19
    35
    19
    40
    16
    89
     8
     0
     0
     0
    13
     6
     3
   111
   116
   178
    55
    37
    22
    24
    35
    34
    24
    23
    21
    77
    73
    66
    24
    97
    18
     0
     0
     0
     0
     0
     0
    22
   108
   185
    35
    28
    71
    22
    67
    19
    37
    41
    28
    87
     3
    18
   131
    16
    74
     0
     0
     0
    10
     0
     3
    15
   118
    50
    72
    27
    21
    14
    33
    26
    18
    41
    21
    13
     9
   279
   203
   156
    27
     0
     2
     0
     0
     1
     0
    48
    21
   104
    23
    16
    77
    39
    14
     6
    23
    37
    15
   291
   207
    80
    53
     6
    25
     0
     0
     0
     0
     6
     0
    72
    55
    33
   134
    36
   171
    50
     7
    14
    25
    39
    22
    24
    12
    57
    47
   182
    65
     4
     0
     0
     0
    10
     6
    35
   165
   261
   111
    28
   204
     9
    14
     8
    31
    58
    38
    40
    41
    53
    37
     4
    69
     0
     0
     4
     0
     0
     0
    52
   115
    16
    58
   157
    16
    15
   186
    39
    62
    18
    58
    34
   163
   110
    22
    11
    33
     0
     6
     0
     8
     0
     0
    21
   105
    28
    25
    56
    28
    22
    16
    46
    37
    25
    16
    12
    25
    67
    35
    65
    20
     0
     4
     0
     7
     0
     3
    54
    90
   258
    53
    31
    26
    24
    33
    23
    31
    31
    13
    54
    16
    59
    71
    20
    63
     0
     7
     0
     0
     9
     0
    28
    59
    99
    66
    19
    15
    36
    41
    74
    72
    18
    15
    31
   165
    43
   149
    16
     8
     0
     4
     0
     0
     0
     5
    38
    51
    89
   139
     5
    14
    41
    27
    66
    11
   139
    14
    20
    40
    94
    27
    13
    17
     0
     0
     0
     4
     0
     0
    15
    27
   112
   115
     9
    27
    13
    21
    17
    23
    24
    81
    29
    16
    94
    87
    21
    18
     0
     0
     0
     0
     0
    10
    58
    19
    33
   142
    62
    21
    31
    21
    17
    34
    26
    28
    27
    32
    15
    26
    30
    55
     0
     0
     0
     0
     2
     0
    32
    14
   151
   182
   118
    98
    79
   164
     7
    46
    14
    12
    64
    71
    89
   129
    16
    36
     0
     6
     0
     0
     0
     0
    87
    38
   157
    83
    41
    38
    31
    26
    32
    17
    28
    13
    65
    25
   233
    19
    40
    40
     5
     6
     0
     6
     9
     1
    24
    65
    65
    70
    21
    26
    24
   110
    27
     6
    72
    21
    53
     7
    13
    69
    75
    12
     7
     0
     6
     8
     9
     2
    27
    78
   115
    72
    21
    16
    55
     9
    28
    51
    13
    33
    15
    22
   110
   105
    30
    56
     5
     0
     0
     0
     0
     2
    30
    83
   115
    21
    34
    20
    41
    22
    26
    52
    66
     9
    41
    34
     2
    11
    55
    84
     3
     0
     0
     0
     0
     0
    37
    43
   148
    78
    30
    28
    14
    12
     5
    84
    15
    30
     0
    11
    27
    15
     4
    75
     0
     0
     0
     0
     6
     4
     9
    58
    89
    41
    27
    13
     9
    34
    18
    14
    50
    18
    33
    26
    34
    43
     6
    16
     1
     0
     0
     0
     0
     0
    72
    21
   179
   132
    57
    34
    68
    16
    23
    36
    28
    77
    73
    14
    51
    46
    66
    14
     0
     0
     0
     0
     1
     8
     7
    66
    74
    68
   185
    17
    31
    28
     8
    24
    34
    32
    40
    25
    74
   137
    59
    12
     0
     4
     0
     3
     4
     0
    95
    58
   164
    16
    19
    17
    34
    53
     8
     2
    18
    27
    22
    33
    42
    55
    11
    17
     0
     7
     0
     0
     0
     1
    27
    20
    46
   102
    23
    22
    44
    53
    16
    23
    21
    18
    19
    58
    56
    98
    22
    30
     0
     0
     0
     0
     9
     7
    21
    49
   132
    82
    12
    23
    16
    16
     2
    19
    21
    47
    21
    20
    19
    28
    49
    43
     0
     0
     8
     0
     0
     2
    28
    91
    59
    38
    27
    27
    10
    11
    18
    12
   133
    60
     8
    60
    56
     5
    40
    31
     4
     3
     0
     0
     6
     0
    19
    39
   105
   142
    12
     7
    28
    25
     8
     4
    25
    23
    34
     6
   110
    63
    11
    19
     0
     2
     0
     0
     6
     0
    51
   127
   186
    12
    28
    70
    16
    39
    19
   164
    39
    51
    33
    39
     9
   100
    94
    17
     0
     0
     0
     2
    13
     9
    26
   139
   156
    56
    32
    29
    13
    42
    75
    30
    23
     6
    33
    17
   155
    90
    24
    63
     0
     0
     0
     0
     0
     0
     9
    33
    65
    31
    21
    22
    54
    17
    17
    22
    24
    21
    19
    25
    25
   121
    12
    36
    11
     0
     0
     0
     0
     0
     0
   104
    58
    77
     7
    16
    21
    63
    28
     2
     2
    30
   161
    55
    63
    34
    16
    24
     1
     0
     0
     0
    10
     0
    22
   146
   148
    46
    17
    14
    26
    17
    12
     8
    10
    39
    71
    16
    24
    74
    17
    18
     0
     1
     0
     0
     9
     0
    19
    65
    58
    69
    56
    21
     9
    33
    38
    31
    34
    26
    24
    10
   219
    15
    59
    18
     0
     0
     9
     0
     0
     0
    63
    65
    56
   226
    10
     8
    15
    27
     0
   219
    42
    18
    69
    55
    34
     5
    35
    17
     0
     0
     0
     0
     5
     1
    48
    28
   243
   120
    19
    55
    48
    12
    11
    51
    21
    29
    43
    25
    82
    66
    47
    33
     5
     0
     0
     3
     1
     0
    30
    57
   224
    71
     9
    65
    11
    36
    34
    14
    20
    30
     7
    30
    62
    34
    36
    36
     3
     0
     5
     0
     0
     0
    62
   170
    96
    98
    55
    80
    92
    28
   195
   176
    33
    26
    25
    88
    22
    17
    17
    22
     2
     7
     0
     0
     0
     1
    61
    51
    89
    43
     7
    37
    12
    20
    25
    22
    12
    23
   161
    17
   210
    11
    15
    23
     0
     0
     3
     0
     0
     0
    18
   140
   167
    54
     8
    11
    24
    26
   152
    17
    22
    12
     5
     4
    22
    74
    17
    47
     0
     0
     0
     4
     0
     0
    27
    20
    91
   171
    21
    12
    64
    20
    56
    95
     6
    61
   215
    11
   106
    16
    29
    24
     0
     0
     0
     0
     0
     0
     6
    96
    83
    77
    20
     5
    19
    40
    21
    24
    22
    17
    50
    12
   112
    63
    25
    15
     0
     0
     0
     0
     3
     0
    17
    63
   148
    64
    42
   124
    14
    42
    10
    31
   150
    17
    13
    48
    20
    41
    28
    21
     0
     0
     0
    10
     0
     6
     7
    61
    32
   110
    20
    44
    28
    40
    19
    50
    48
    95
    28
    13
   104
    30
    38
    56
     2
     0
     0
     7
     6
     0
     6
    50
    61
    45
    17
   153
    33
    26
    24
    20
    23
    25
     3
    26
    55
     5
    11
    17
     0
     9
     0
     0
     0
     0
    28
    92
    94
    24
    34
   158
    25
     9
    15
    16
    22
    68
    23
    12
    22
    59
    21
    24
     0
     0
     0
     0
     3
     0
     8
    63
    16
    93
    33
    13
    25
    51
     2
    31
    29
    22
    69
    78
    60
   117
    43
    12
     0
     0
     6
     0
     0
     6
    40
    64
   143
    92
    33
    27
    75
    39
    19
    19
    34
    40
    41
    13
    48
    23
    22
    25
     0
     0
    10
     0
    10
     5
    24
    25
   182
    96
    38
    11
    15
    33
    22
    23
    45
    27
    25
    15
    25
    31
   152
    29
     0
     0
     0
     0
     0
     7
    34
    96
   107
   102
    42
     4
   184
    17
    58
   124
    20
    47
    88
    12
     7
    88
   171
    24
     0
     0
     0
     2
     2
     0
    57
   116
   206
    49
    18
    49
    59
    25
    12
   170
    80
   192
    48
    11
   145
    90
    29
    28
     9
     0
     0
     0
     0
     0
    58
    15
    96
    13
    63
    96
    11
    18
    10
    16
    15
    26
    19
    21
    75
   152
    27
    13
     0
     0
     6
     8
     0
     2
    21
    62
    60
    25
    23
    24
    24
    18
    17
    50
    26
    10
    17
    17
    80
    22
    28
    19
     0
     6
     0
     5
     0
     9
    35
    51
    74
    51
    17
    33
    30
    58
    15
    25
    24
    18
    17
    45
    14
    16
    15
    10
     1
     1
     6
     0
     0
     0
    15
    92
   182
   128
    23
     3
    36
     5
     9
    25
    43
   152
    10
    27
    47
    21
    21
    34
     0
     5
     0
     0
     0
     0
    62
   111
    94
    59
    39
    30
    31
    24
    28
    26
    36
    37
    13
    16
    23
     8
    62
    11
     0
     7
     0
     0
     0
     6
    18
   123
   176
   139
    45
    24
    13
    25
     7
     6
    13
    21
    19
     6
    73
    79
    15
    28
     8
     0
     6
     4
     0
     0
    28
    58
   290
   147
    26
    27
    37
    55
    10
    26
    22
    60
    26
    66
   169
    58
    39
    48
     0
     4
     0
     0
     1
     0
    19
    16
    18
    19
    56
    11
    67
    16
    59
    19
    20
    14
    23
    12
    13
    15
    37
    68
     0
     8
     0
     0
     0
     0
    33
    76
   115
    23
    32
    17
    65
    27
    22
    21
    23
    20
    25
    24
   199
    11
    32
    25
     0
     0
     0
     6
     7
     7
    12
   144
    57
    91
    17
     7
    19
    25
    26
    10
   171
     7
    13
   174
    13
    22
    18
    18
     0
     6
     0
     0
     0
     0
    48
    55
   220
   110
    28
    20
    46
    15
     7
    38
    15
     2
    19
    65
    58
     2
    17
    67
     0
     0
     3
     1
     1
     0
    53
    18
    95
    15
    21
    24
    39
    18
    23
    18
    54
    35
    24
    15
    12
    14
    43
    18
     0
     0
     0
     2
     4
     5
    13
   176
    52
   104
   104
    33
    45
    44
    31
    16
    20
    14
    39
    30
    44
   118
    27
    73
     0
     6
     5
     0
     5
     0
    70
    20
    67
   138
    37
    40
    31
    23
    12
    20
    29
    36
   175
    49
   137
    72
    10
    47
     0
     0
     7
     0
     0
     0
     7
   113
    31
    66
    30
    19
    40
    41
   212
   173
    20
    15
     6
   190
    96
   249
    26
    48
     0
     0
     2
     0
     0
     7
    30
   121
    70
    21
    24
    23
    28
    23
    49
    28
    62
    42
    36
    51
   245
    34
     9
    29
     9
     0
     0
     0
     0
     0
    18
    60
    92
    63
     8
    26
     2
    11
    27
    48
    32
     2
    29
    61
   155
    12
    12
    26
     0
     0
     0
     0
     3
     5
    22
   225
     5
    54
    34
    29
    35
    73
    24
    36
   135
    34
    42
   156
    24
    18
    66
    61
     0
     0
     0
     0
     0
     0
    32
    13
    62
    20
    62
    46
    30
    78
     6
    24
    44
    44
    14
    61
   134
    16
    36
    20
     0
     0
     0
     0
     4
     0
    42
   120
   110
    83
    43
   149
    25
    55
    98
    70
    67
    25
   229
    25
   193
    46
    83
    26
     0
     1
     0
     0
     9
     0
    13
   109
    93
    99
   114
    88
   167
    51
    41
    28
    25
   179
    48
    60
    59
    60
    62
    32
     0
     3
     0
     0
    11
     0
    13
    62
   147
    29
    63
    22
    16
    26
    21
    46
    23
    10
    29
    20
    40
    30
    61
    27
     4
     0
     0
     1
    10
     0
    63
    50
    71
    52
    25
    43
    17
    12
    56
     4
    51
     9
    35
    95
    35
   101
    16
   109
     0
     0
     1
     0
     0
     0
    80
    67
   183
   142
    12
    32
    26
    19
    32
   132
    15
    24
    14
    15
    32
    58
    22
    30
     0
     0
     0
     0
     0
     6
    22
    12
   116
    52
     9
    41
    46
    31
    15
    61
    26
    17
    14
    12
    36
    59
    60
    26
     0
     0
     0
     0
     0
     4
    22
    68
    59
    69
    22
    36
    37
     8
    18
    27
    21
    37
    30
    11
    24
    47
    27
    27
     0
     0
     0
     0
     0
     5
    51
   104
    90
    64
    30
    16
    13
    25
    33
    15
    22
    28
    11
   182
    54
    44
    34
    36
     0
     0
     3
     0
     0
     7
    23
    57
    90
   244
    65
    55
    25
    23
    30
     9
    48
    32
    38
     5
   108
    65
    80
    65
     0
     0
     2
     0
     1
     0
    21
    55
    88
    85
    51
    31
    18
    23
    27
    18
    20
    58
    29
    38
    37
   238
    45
    35
     5
     5
     0
     0
     0
     0
    10
   267
   227
    53
    11
    52
    38
    25
    58
    10
   176
    56
    10
    22
    56
    62
     8
    34
     0
     0
     0
     0
     0
     1
    47
   139
   184
    12
    53
    17
    19
    37
    35
    14
    15
    14
    51
    12
    63
    72
     7
    34
     0
     0
    13
     0
     0
     0
    57
    67
   145
   169
    37
    50
    21
    20
    14
    19
    22
    24
    17
    17
    15
    64
    13
    33
     0
     9
     0
     4
     0
     0
    24
    90
   225
    53
    16
    17
    20
    18
    35
    33
   161
    29
    15
    17
    28
    91
    23
    74
     0
    10
     0
     0
     0
     0
    69
    67
    26
   187
    19
    22
    17
    25
    64
    30
    35
    89
    41
    41
     8
    26
    27
    23
     4
     6
     4
     7
     0
     0
    77
   100
    28
   190
     7
    40
    12
    74
    12
     1
    53
    44
    22
    18
   208
    41
     4
    43
     0
     4
     0
     0
     0
     0
    21
    44
   188
    69
     6
    25
    37
    21
    16
    46
    93
    37
    26
    14
    65
   106
    46
    15
     6
     0
     4
     4
     0
     6
    15
   109
    67
   102
    26
    62
    16
   163
    41
    64
    67
    19
     3
    34
    63
    39
    10
    33
     7
     6
     0
     0
     0
     5
    93
    47
   221
    77
     8
    37
   171
    18
    17
     6
    21
    27
    60
    25
    95
    18
    28
    24
     0
     0
     5
     0
    12
     0
     5
    87
    92
    18
    22
    50
    17
    26
    52
     8
    28
    18
     8
     5
   104
    46
    45
    44
     7
     6
     0
     0
     0
     0
    27
    27
    94
    83
   216
    14
    11
    60
   162
    19
    15
    37
    22
    28
    57
     9
    31
    12
     0
     0
     1
     0
     0
     3
    82
   140
   100
   115
    18
    22
    27
    42
    58
    15
    72
    42
    35
    23
    19
   282
   196
    23
     0
     0
     0
     0
     0
     0
     7
    97
   238
    11
    29
    48
    56
    65
    27
    32
    44
    54
    87
    24
    66
    14
    33
    62
     3
     0
     0
     3
     5
     0
    17
    14
   280
    32
    34
    40
    25
     5
    39
    27
    57
   145
    23
    39
   101
    11
    28
    28
     0
     0
     0
     0
     0
     1
    26
    98
   138
    57
    17
    61
    38
    11
    58
    20
    16
     9
    23
    49
    46
    25
    23
    16
     0
     0
     7
     0
     0
     5
    22
    79
    67
    74
    16
    25
    15
    32
    25
    11
    18
    18
    32
    33
    41
    70
    42
    43
     0
     7
     0
     4
     0
     2
     0
    21
    13
    98
   125
    20
    12
    13
    23
    34
    64
    16
    33
    19
    32
    19
   199
   188
    34
     0
     3
     2
     0
     0
     0
    15
   113
   171
    75
    20
     8
    42
    18
    28
    68
    25
     6
    10
    25
    14
    38
    34
    45
     0
     0
     0
    12
     0
     1
    11
    98
   108
    28
    52
    29
    17
    26
    34
    27
    20
    26
    42
    56
    25
    88
    40
    49
     0
     7
     0
     0
     3
     5
    91
    44
    88
    78
    59
    27
    45
    13
    95
    14
    57
    58
    56
    93
   181
    26
    19
    33
     0
     4
     0
     0
     3
     6
     6
    69
    30
    11
    52
    17
    51
    68
    34
     7
    79
    35
   163
    29
    19
   254
    16
    44
     0
     0
     9
     6
     0
     0
    19
    69
   113
    28
    28
    12
    19
    35
    57
    48
    19
    35
   161
    12
   156
    19
    47
    35
     4
     0
     0
     0
     0
     9
    62
    65
    62
    80
    71
    17
    32
    18
    63
     7
    34
    30
    13
    22
    82
    54
    19
    27
     0
     8
     3
     3
     0
     0
    78
    98
   111
    27
    37
    31
    13
    19
    19
    19
    20
    41
    22
    48
    38
    58
    23
    55
     6
     0
     0
     0
     0
     0
    29
   105
    69
    46
    43
    29
    14
    24
     2
    61
    45
     5
     9
    20
   161
   171
    60
    10
     7
     0
     0
     2
    10
     9
    57
   264
   109
   160
    29
    36
    19
    42
    11
    35
    59
    35
   186
    33
   181
    63
    20
    10
     0
     2
     0
     5
     0
     0
    16
    69
   115
    97
    28
    25
    37
    35
    49
    30
    28
    53
    43
    26
   186
    47
    25
     8
     0
     0
     0
     7
     0
     0
    48
    93
    55
   157
    14
    12
    19
    12
    23
    69
    49
    22
    37
    28
    26
    67
    46
    30
     4
     0
     3
     8
     0
     0
    22
    90
   107
    31
    43
    36
    22
    53
    39
    16
    29
     0
     2
    33
    79
    77
    19
    53
     0
     2
     3
     0
     4
     0
    18
    55
   105
   157
     8
     3
    13
    36
    19
    40
    40
    40
    45
   152
    55
    24
    44
   176
     0
     0
     0
     0
     0
     0
    33
    44
    56
    89
    49
    22
    42
    17
    18
     3
    18
    61
    35
    27
   123
   106
    22
    65
     0
     0
     0
     0
     4
     0
    89
    96
    60
    30
    62
     8
    48
    11
    18
    23
    13
    38
    22
    49
    48
   156
    80
    33
    12
     9
     1
     1
     0
     0
    33
    31
   114
    87
    66
    59
    43
    21
    55
    57
    46
    18
    84
    24
    54
    51
    68
    84
     0
     8
     6
     1
     0
     2
    38
    55
   216
    59
    85
    29
    14
    38
    22
    45
    63
    27
    50
   238
   105
    67
    22
    34
     0
    12
     4
     0
     0
     0
    42
    94
    30
    92
     9
   116
    40
    24
    47
    33
   156
    30
    56
    41
    15
   143
    37
    24
     0
     0
     1
     0
     0
     0
    25
   189
   156
    59
     1
    55
    68
    31
    23
    32
    26
    18
    25
    26
    18
    24
    18
    18
     0
     0
     0
     0
     0
     0
    69
    31
    54
    88
    38
    14
    17
    54
    26
    57
     3
    13
    35
    71
    60
    71
    18
    37
     2
     0
     0
     1
     0
     5
    39
    62
   108
   187
    28
   112
     6
     8
    56
    30
    12
     6
    42
     8
    87
    55
    34
    56
     4
     0
     0
     0
     0
     0
     7
    97
   164
    52
    21
    32
    21
    35
    28
    25
    29
    28
    32
    52
    17
    15
    64
    23
     0
     8
     1
     5
     8
     0
    87
    64
    78
    62
    64
    75
    15
    37
   130
    22
    62
    64
    25
    28
    59
   129
    17
    30
     2
     0
     0
     0
    20
     0
    37
   150
   208
    59
    52
    29
    16
    21
    26
    48
    11
    43
    18
    29
    85
   121
   110
    43
     0
     0
    15
     0
     0
     0
    70
    34
    52
    21
    40
    16
    13
    33
    28
    24
    61
    79
    28
    74
    63
    38
    24
    14
     0
     0
     0
     0
     0
     0
    14
    46
   136
   163
    14
    60
    21
    28
     8
    34
    27
    45
    24
    18
    66
    44
    35
    34
     0
     0
     0
     0
     0
     0
     2
    87
   193
    68
    29
    25
    37
    36
    24
    23
    14
    37
    18
    21
   141
    23
    60
    22
    10
     0
     6
     0
     0
     0
    25
    86
   169
   104
     4
    27
    64
    28
    11
     9
   154
    61
     9
    17
    70
    28
    23
    19
     5
     0
     0
     0
     5
     0
    19
    14
   139
    15
    27
    25
    24
    21
    12
    32
    23
    19
    26
    86
    20
    10
    33
    27
     0
     0
     7
     0
     0
     0
    24
    78
    91
    18
    13
    41
    27
    13
     8
    85
    54
    35
    37
    86
   260
    36
    11
    88
     0
     0
     9
     0
     0
     0
    10
   169
   199
   102
    22
    29
    62
    49
    26
    45
    35
    19
    32
    72
   158
   224
    19
    61
     5
     0
     0
     0
     2
     0
    46
   149
   141
    68
   153
    46
   168
    18
    62
    61
     3
    84
    40
    92
    33
    57
    42
    34
     0
     0
     3
     0
     0
     0
    27
    51
    94
   150
    20
    34
    22
    43
    47
    40
    12
    45
    33
    12
    22
   127
    28
    23
     2
     0
     0
     0
     0
     0
    50
    93
   153
    55
    43
    17
    47
    31
    51
    30
     7
    31
   286
    33
    53
    91
    75
    99
     8
     0
     0
     5
     0
     2
    14
    55
   108
   288
    33
    22
    75
    17
    15
     1
    15
    24
    15
    82
   165
    58
    23
    64
     1
     0
     0
     0
     0
     1
    35
    18
   108
    68
    37
    24
    66
    16
    40
    11
    34
    73
     7
     5
    81
    71
    35
    30
     9
     0
     0
     0
     6
     0
    52
   150
   190
    94
    60
    63
    78
    53
    34
   181
    68
    14
    68
   156
   146
    17
    22
    35
     0
     3
     0
     0
     0
     0
    27
     6
    63
   100
    22
    20
    20
    23
    30
    77
    28
    22
    22
   122
    77
   165
    39
     7
     5
     0
     3
     0
     0
     3
    16
    59
   105
    53
    34
    16
    62
    21
    25
     7
    27
   164
   186
    12
     2
   132
    23
    92
     0
     0
     4
     5
     7
     2
    85
    57
    52
    69
    29
    82
    15
    20
    29
    43
    36
    82
    35
    26
    30
    91
    24
    49
     0
     2
     0
     0
     4
     0
    14
    30
    98
     2
    25
    24
    28
    19
    32
    31
    23
    29
    44
    58
    21
    79
    17
    49
     9
     0
     0
     0
    15
     0
    70
    58
   207
   231
    29
    13
    56
    11
    30
    29
    81
    32
   115
    29
    49
    68
    26
    28
     8
     0
     0
     0
     6
     0
    45
   136
   276
    71
    18
    81
    93
    34
    31
    11
    29
    29
    37
    58
   129
    52
    25
    26
     0
     0
     0
     0
     0
     0
    37
    62
   192
    27
    25
    10
    25
    38
    70
    13
    21
    52
    95
    14
    29
    22
    51
    49
     0
     0
     0
     0
     0
     0
   103
    93
   237
    61
    22
     4
    22
    28
     8
    53
    52
    99
    20
    46
    35
    78
    21
    53
     0
     0
     0
     0
     2
     0
    50
    67
   128
   133
    21
    25
    23
    59
    76
    13
    26
    22
    19
    13
    61
   116
    22
    25
     0
     0
     3
    13
     0
     0
    16
    46
   140
   199
    25
    38
    92
    31
    29
    17
    44
    27
    76
    72
   116
    40
    49
     1
     0
     0
     2
     0
     2
     0
    25
    96
    28
    39
    66
    10
    24
    25
    18
    28
    70
    20
    33
    83
    84
    42
    33
    39
     0
     0
     0
     0
     0
     8
    12
    61
    99
   104
    22
    15
    30
    62
    47
    21
    15
    38
    10
    22
    36
    21
    28
    75
     0
     0
     0
     0
     0
     9
    50
   172
   125
    27
    16
    26
    23
    23
    26
    29
   155
    50
     7
     6
    32
   114
   107
    47
     0
     0
     0
     0
     1
     0
    37
   104
    36
   104
    55
    32
    12
    59
    42
    34
    26
    55
    61
    37
    66
    66
    32
    32
     0
     4
     0
     0
     3
     0
    30
   122
    73
    34
     9
    61
    32
    32
    41
    24
    22
    16
    43
    20
    23
    74
    24
    23
     0
     0
     0
     0
     0
     0
     7
    20
    87
    19
    76
    83
    41
    10
    64
    46
    32
    21
    37
    39
    38
   153
    26
    64
     0
     7
     3
     0
     4
     0
    39
    21
    92
    61
    29
   163
    68
    20
    41
    29
    24
    19
    33
    17
    17
    59
    26
    93
     7
     0
     7
     0
     5
     0
    40
    73
   217
   175
    29
    12
    27
    21
    19
    21
    29
    35
    27
    66
    71
    77
    35
    35
     0
     0
    15
     0
     0
     0
    61
    80
    31
    54
    29
    61
    23
    21
    29
   104
   140
    34
    10
    20
    25
    55
    60
    25
     0
    14
     0
     0
     2
     0
    16
   141
   274
    27
    28
    30
    38
    71
    26
    34
     4
   147
    23
   310
    33
    15
   107
    37
     0
     0
     0
     2
     0
     0
    36
    35
   135
   156
    17
    23
    13
    22
    23
    14
    32
   176
    16
   111
   256
    34
    25
    24
     0
     0
     0
     0
     0
     6
    37
   174
    79
    26
    55
    36
    20
    48
    39
    19
     8
    49
    41
    71
   109
    37
    47
    61
     0
     0
     0
     0
     0
     0
    25
   107
   111
   110
    29
     7
    72
     9
    38
    42
    56
    34
    24
    68
    79
    47
    32
     0
     0
