    34
     0
     7
     0
     0
   147
   107
    12
    26
   146
    41
    18
    13
     9
    10
    30
    61
    34
    15
    68
    70
    49
    33
     0
     0
     7
     0
     0
     0
    29
   143
   222
    68
    12
    26
    15
    38
    66
    23
    25
    14
     4
    19
     8
    29
    24
    29
     5
     0
     0
     0
     0
     9
    27
    21
    20
     7
    11
    29
    18
     8
    16
    16
    34
    20
    71
    56
   256
    60
   146
    18
     0
     0
     2
     9
     0
     7
    19
   183
    44
    67
    32
     6
     7
    31
    26
    27
    56
    26
    15
   154
    95
     6
    30
    35
     0
     0
     0
     0
     4
     0
    16
    82
    86
    18
    40
    35
    30
    22
    22
    31
    32
   171
    53
     8
    30
   110
    15
    14
     0
     0
     0
     2
     0
     0
    29
    29
   269
   101
    11
    38
    32
    26
    44
    29
    13
    20
   161
    29
   219
    91
    50
    31
     0
     0
     7
     0
     0
     0
    57
   127
    43
   147
    38
    23
    44
    11
    62
    70
    18
    18
    34
    26
    31
    52
    26
    46
     0
     0
     0
     0
     0
     3
    16
   105
   201
   132
    55
    23
    65
    11
    33
    58
     5
    10
    26
     6
    23
    62
    20
    25
     0
     0
     0
     0
     0
     0
    14
    51
   135
   181
    62
    14
     9
   165
   158
    60
    13
    76
    43
    24
    84
    24
    32
    30
     0
     4
     0
     0
     0
     0
    17
   139
    59
   101
    15
    17
    30
    68
     1
    19
    21
     9
    31
    58
    21
   116
    32
    34
     0
     0
     0
     6
     2
     4
    25
    20
    62
    57
    50
    18
    19
    67
    22
    25
    14
    24
    26
    23
    34
    23
    58
    61
     0
     0
     3
     0
     0
     0
    20
   142
   132
    58
    44
    31
    24
    45
    70
     5
    35
    36
    34
   119
    26
    26
    32
    15
     1
     2
     2
     0
    10
     0
    19
   152
   153
    16
    22
    10
    76
    11
   187
    30
     8
    22
     6
    81
   157
    33
    61
    76
     0
     0
     3
     6
     0
     5
    19
    81
   152
    70
    74
    15
    46
    28
    10
     6
    39
    20
    27
    28
    39
    56
    12
    44
     0
     4
     4
     6
     0
     0
    26
    32
    70
    22
    37
    22
    26
    17
    19
    10
     7
    29
    18
    10
    18
    71
    15
    11
     0
     0
     4
     0
     0
     0
    74
    20
    88
    94
    37
    89
    21
    63
    39
    82
    26
     4
    60
    26
    21
    11
    11
    34
     1
     3
    18
     0
     0
     0
    17
    54
    23
    16
    27
    15
    25
    27
    11
    25
     7
    62
     8
    61
    23
    71
    37
    38
     0
     0
     0
     6
     0
     0
     0
    59
   104
    74
     9
   156
    22
     9
    13
    66
    17
    32
    51
    19
   124
    65
    25
     2
     0
     0
    13
     0
     0
     0
    14
    95
   165
    65
    63
    45
    31
    19
    48
    12
    20
    38
    12
     6
    70
    30
    30
    31
     3
     0
     7
     6
     0
     9
    90
   123
    47
   105
    23
    33
    38
    55
    30
   155
    26
   287
    64
    26
    73
    22
    32
    54
     1
     0
     0
     0
     0
     0
    13
   115
   118
    61
     9
   199
    42
    24
    22
    43
    22
    57
    27
    38
    28
    97
    61
    20
     4
     0
     1
     0
     0
     0
    31
    75
   253
   113
    29
    99
    13
    31
    45
    13
    49
   112
    30
    33
    15
    19
    31
     3
     7
     0
     0
     0
    13
     0
    21
    26
    51
    95
    62
    17
    11
    13
    17
     5
    60
    10
    17
    20
   151
    37
    18
    24
     0
     7
     0
     7
     0
     3
    21
    59
    53
    48
    64
    13
     6
    19
    18
    30
    22
    12
    55
    47
    49
    75
    41
    14
     0
     0
     7
     0
     0
     0
    20
    85
    75
    94
    18
    44
    27
    25
    26
     8
    28
    69
    35
    17
    49
    36
    92
    27
     0
     6
     0
     1
     0
     0
    14
    68
    22
     9
    20
    24
    20
    10
    14
    15
    63
    17
    20
   203
    46
   154
    56
    10
     0
     0
     0
     0
     0
     0
    19
    36
   172
    16
    48
    11
   200
    37
    24
    36
    15
    34
    28
   140
    17
    29
    34
    44
     4
     0
     0
     0
     2
     0
    49
    63
   208
   115
    29
    27
    39
     6
    13
    33
    19
    67
    47
    79
    17
    82
    31
    16
     0
     0
     0
     0
     3
     0
    55
   133
   112
   180
    28
    29
    38
    82
    16
    19
   159
    15
    62
    20
    32
    14
    36
    32
     1
     0
     0
     0
     0
     0
    27
   127
   148
    68
    27
    18
    13
     6
     7
    24
    11
    25
    22
    18
    76
    49
    21
    21
     0
     0
     0
     0
     7
     7
    18
    52
   194
    64
    12
    13
    30
    30
     9
    37
     9
    18
    34
   183
     2
    46
    13
    15
     2
     0
     0
     0
     3
     4
    71
   133
   173
   155
    48
    12
    29
   163
    51
    48
    22
    16
    11
    10
    26
    27
    64
    21
     0
     0
     0
     5
     1
     0
    50
   126
    96
   102
     9
    14
    40
    29
    25
    29
    21
    35
    25
     9
    74
     0
    52
    57
    10
     1
     6
     0
     0
     1
    36
   145
    90
    48
    21
    40
    32
    18
    50
    47
    14
    31
    38
    59
   193
    28
    43
    14
     9
     0
     7
     0
     3
     5
    76
   104
   180
    67
    59
    56
    18
    29
    32
    18
    84
    32
    10
    52
   145
   116
    23
    19
     0
     5
     1
     0
     0
     0
    36
    67
    12
   138
    24
     9
    71
    69
    46
    28
    14
    34
    26
   168
     9
   105
    34
    55
     2
     0
     0
     8
     0
     0
    15
    85
   186
    14
     8
    24
    31
   193
   158
    38
    20
    10
    66
    59
    54
    25
    98
    64
     1
     0
     0
     6
     0
     0
    12
    54
    94
   106
    32
    10
    55
    28
    29
    15
   179
    23
    24
    17
    30
    56
    16
    11
     0
     5
     0
     0
     0
     0
    18
   195
   148
     4
    56
    37
    14
     7
    37
    62
     3
    11
    25
    25
    83
    67
    15
    14
     0
     0
     0
     0
     0
     2
    10
    61
   249
    56
    31
     7
    44
    37
    37
     8
     7
    29
    16
     8
    70
    71
    12
    35
     0
     0
     7
     0
     6
     0
    23
    57
   116
    59
    25
   165
    27
    51
    46
    21
    36
    16
    25
    43
   209
    68
    35
    25
     0
     0
     0
     0
     0
     7
    56
    95
    56
   148
    34
   213
    29
    49
    17
    18
    38
    21
    76
    80
    46
   408
    25
    34
     0
     7
     0
     0
     0
     0
    17
    36
    48
    91
    23
    63
    38
    15
    29
    27
    13
    28
    21
   117
   102
   132
    29
    27
     4
     0
     0
     0
     0
     2
    10
    11
    69
    71
    12
    17
    25
     8
    68
     5
    30
     8
    20
   199
    25
    61
    22
    12
     3
     2
     0
     0
     1
     0
    27
    87
   153
    19
    64
    38
    27
    32
    17
    12
    31
    27
    56
    26
    24
    38
    14
    44
     2
     0
    13
     7
     0
     1
    47
    43
    59
    61
    24
     3
    11
    21
    11
    79
    33
    34
    28
    16
    78
    32
    46
    17
     4
     0
     0
     2
     0
     0
    25
    36
   150
    27
    35
    27
    26
    31
     3
     9
     2
    45
    49
    23
    75
    51
    12
    32
     0
     7
     0
     1
     0
     0
    30
   110
   190
   152
    39
    21
    44
    60
    71
    37
    42
    47
    38
    19
    17
    95
    45
    41
     0
     0
     0
     4
     0
     2
    55
    87
   135
    45
    67
    13
    15
    32
    34
    12
    24
    30
    38
    25
    93
   100
    20
    31
     0
     2
     0
     2
     1
     4
    59
    55
   226
   148
    36
    44
    21
    20
    24
    43
    23
    16
    16
     8
    60
    56
    13
    13
     0
     2
     8
     0
     0
     0
    28
   219
    61
   129
    29
    20
    20
    12
    16
    64
    10
    17
    28
    31
    46
    14
    25
    27
     0
     0
     8
     0
     0
     0
     5
     9
   125
    80
    20
    24
    37
    34
    19
    26
    12
    41
    20
    75
    68
    66
    19
    17
     5
     9
     0
     0
     0
     8
    35
   101
    88
    46
    19
    16
    16
    60
    20
    18
    32
    30
    58
     1
   104
   172
    55
    27
     0
     1
     5
     0
     0
     0
    36
    23
   107
    46
    12
     5
    16
    60
    57
    17
    11
     7
     9
    94
    39
    10
    13
     6
     0
     0
     0
     0
     4
     1
    23
    22
    78
    15
    52
   201
    49
    33
    12
    40
    23
    32
    29
    11
   160
    81
    28
   108
     0
     2
     0
     0
     7
     2
    15
    72
   103
    26
    79
    88
    28
    27
    31
    40
    10
    35
    56
    65
    38
    55
    47
    31
     0
    13
     0
     8
     0
     8
    53
    58
   127
    72
    12
    31
    34
    36
    10
    42
    11
    30
    19
    39
    12
    58
    27
    15
     0
     3
     0
     0
     5
     0
    11
    55
    66
   146
    15
    45
    78
    26
    15
    20
    22
    23
    61
    17
    63
    12
     9
    28
     0
     0
     6
     0
     7
     0
    26
    58
    10
    51
    34
    15
     5
    16
    68
    16
    18
    57
    14
    27
    17
    54
    11
    24
     0
     1
     0
     6
     0
     0
    17
    55
   104
    69
    70
    15
    22
     5
    18
    25
    11
    23
    65
    10
    61
    94
    36
     5
     0
     0
     0
     8
     0
     0
    37
    12
   141
    69
    25
    36
    28
     5
    23
     7
    40
    16
    11
    28
    61
    23
    67
    23
     0
     2
     1
    10
     0
     0
    25
   241
   200
    95
    24
    19
    24
    17
    38
    21
    17
    40
    44
    11
    27
    64
    15
    64
     6
     0
     0
     0
     0
     0
    66
    62
   165
    54
    27
    17
    19
    51
    44
    16
    77
    26
   172
    75
   121
   196
    28
    28
     4
     0
     0
     0
     0
     0
    79
    61
    30
    39
    19
    21
    10
    13
    14
    12
    12
    18
    43
    23
    14
   163
    25
    55
     0
     0
     5
     0
     0
     4
    14
    48
   141
    89
    31
    16
    37
    10
    29
     5
    22
    25
    47
    22
    17
    64
    31
    29
     0
     0
     0
     0
     8
     0
    20
    66
    91
    68
    25
    13
    23
     8
   166
    21
    81
    29
     5
    36
   100
    26
    37
    30
     0
     0
     0
     7
     0
     0
    12
    66
   216
    47
    12
    12
    23
    77
    71
    26
    37
    50
    59
    15
    51
    41
    24
    16
     0
     6
     0
     0
     0
     7
    29
    22
   122
    21
    77
    45
    14
    25
    25
    27
    12
    29
     9
     7
   109
    38
    22
     8
     0
     0
     9
     3
     0
     0
    31
    95
   142
    29
    22
    22
    46
    11
    56
    18
    12
    26
    12
    57
    23
   129
    16
    28
     0
     4
     2
     0
     0
     0
    25
    53
    30
    13
    66
    57
    13
    26
    31
   111
    20
   103
     9
    25
    39
   256
    19
    71
     1
     0
     0
     0
     0
     0
    68
    16
   229
   139
    15
    17
    12
    19
    27
     6
    14
    34
    16
    38
    66
   187
    19
    33
     0
     0
     0
     0
     0
     5
    43
    77
   115
   155
     0
    56
    13
    45
    27
    60
    21
     8
    12
    16
    21
    67
    18
    29
     0
     6
     0
     0
     0
     0
    13
    66
    92
   109
    57
    17
    25
    32
    12
    50
    14
    48
    97
    12
     7
    35
    66
    23
     0
     0
     0
     0
     0
     7
    58
   128
    35
    30
    24
    20
     4
     9
     9
    21
    80
    16
    19
    20
    61
    63
     8
    11
     1
     0
     0
     4
     9
     0
    54
    36
   155
   132
     2
    11
    33
    25
    28
    21
    59
   162
    39
    23
   244
    12
    18
    69
     0
     3
    15
    12
     0
     0
    60
   107
    58
    24
    32
    39
    31
    11
    12
    29
   176
    20
     8
    29
    18
    10
    13
     9
     0
     0
     0
     0
     0
     0
    24
    70
   171
    19
    43
    35
    43
    24
    45
    29
    49
    21
    74
    36
    37
   103
    36
    27
     0
     2
     2
     0
     0
     0
    40
    18
    91
    53
    24
    15
    16
    23
   223
   181
     8
    44
     9
    12
     7
    97
    18
    19
     0
     7
     0
     0
     2
     0
    12
    23
    76
    35
    30
    21
    19
    35
     2
     2
    22
    20
    20
    88
   184
    46
    15
    10
     0
     0
     0
     0
     0
     0
    57
    56
    72
    67
    26
    56
    19
    24
    25
    15
    33
    26
    87
     9
    59
     6
     7
    37
     2
     0
     0
     0
     0
     6
    27
    22
    53
    38
    25
    30
   174
    94
    29
    63
    22
    27
    25
    19
    78
    65
    21
    25
     0
     0
     3
     2
     0
     0
    22
    45
    60
    68
    30
    31
    17
    54
    14
    38
    20
    14
     9
     7
    41
    93
    22
    48
    11
     0
     0
     0
     0
     0
    60
    20
   151
    21
     8
    42
    60
   115
     8
    43
    78
    14
    58
    40
   166
   136
    42
    30
     0
     0
     0
     0
     0
     0
    27
   104
   100
    49
    23
     9
    20
    34
    81
     5
    53
    17
    63
   169
    56
   105
    20
    59
     0
     0
     0
    12
     0
     0
    64
    54
   139
   108
    70
    21
    20
    23
    27
    17
    12
    23
    45
    26
    85
    72
    38
    27
     8
     0
     0
     0
     4
     0
    12
    42
   157
   102
    21
    44
    12
    14
     8
    27
    22
    57
    56
   159
   106
    75
    14
    55
     0
     3
     0
     0
     4
     0
    49
   132
   100
    20
    34
    33
    25
    23
     9
    10
    25
    52
   163
    20
    15
   147
    17
    56
     4
     8
     0
     0
     1
     3
    61
   134
   123
    81
    14
    36
    21
    49
    18
    39
    26
   159
    21
     9
     7
    71
    17
    23
     0
     0
     0
     0
     0
     0
    43
    93
    29
    73
    32
    14
    13
     2
    26
    39
    10
    12
    83
    11
   212
     7
     8
     4
     0
     5
    11
     0
     6
     0
    36
   222
   129
    72
    30
     8
    29
    30
    30
    66
    30
    19
    60
   109
   287
    75
    42
    19
     0
     0
     0
     0
     0
    34
    84
    65
   104
    37
   170
    16
    24
     7
    39
    26
     4
    28
   151
    34
   169
    37
    44
     0
     0
     0
     0
     0
     0
    15
   108
    48
    48
     7
    72
    34
    23
    27
    22
    28
    22
    64
    19
    22
    13
    61
    18
     0
     0
     0
     5
     5
     0
    18
    60
    98
   135
    13
    26
    38
   145
    19
    16
    20
    25
    26
   100
    35
    56
    39
    28
     0
     2
     0
     0
     0
     0
    60
    13
    19
    25
    27
    18
   235
    14
    19
    23
    51
    39
    19
    14
    26
    21
    11
     7
     1
     0
     0
     0
     0
     0
   114
   138
   123
    11
    28
    14
    44
    17
    26
    21
    18
    17
    31
    21
    69
    52
    20
    20
     0
     8
     3
     0
     0
     0
    19
   103
    85
    32
    20
    28
    15
    14
    21
     7
     5
    11
     9
    23
    19
    48
    48
    32
     0
     0
     2
     7
     0
     0
    52
    58
    66
    99
     3
    57
    21
    38
    27
    60
    63
    33
    10
    31
    21
   106
    56
    21
     5
     0
     0
     0
     0
     1
   107
   101
   212
    16
    21
    16
    69
    52
   137
     6
    27
    22
     2
    66
    69
    62
    61
    18
     0
     2
     0
     1
     0
     4
    55
   225
    64
     8
   111
    50
    16
    18
     7
    20
    21
    56
     3
    69
    91
    65
    30
    32
     0
     0
     1
     0
     0
     0
    30
    24
    22
    25
   215
    16
     9
    83
    59
    18
    15
    80
   159
    14
    56
    38
    22
    22
     0
     0
     0
     0
     3
     0
    50
   134
    22
    55
    17
    14
    29
    21
    67
    67
    33
    20
    14
   168
    42
   104
    15
     4
     1
     0
     0
     0
    12
     0
    26
    52
   108
    31
    23
    22
    19
    22
    15
    53
    96
    25
    72
   103
    72
   156
     6
    31
     0
     0
     0
     0
     0
     4
    34
    99
    53
    18
    42
    24
    15
    54
    15
    18
     8
    26
    31
   169
    62
    82
    19
    45
    10
     2
     0
     0
    10
     0
    28
    57
   162
   190
    42
    45
   163
    25
    13
    13
    24
    20
    32
     0
    56
    65
    18
    43
     0
     0
     0
     0
     9
     0
    24
   152
    22
    62
    27
    19
    36
    54
    39
    30
    37
    19
    32
   151
   209
   160
    25
     8
     0
     1
     0
     0
     0
     0
    44
    54
   103
     7
    12
    37
    30
    50
    58
    20
    14
    14
    63
     1
   202
   129
    25
    23
     0
     0
     0
     0
     0
     0
    23
     8
    73
    82
     3
    46
    35
    35
    37
    34
    30
    35
     6
    25
   139
    56
    10
     1
     0
     5
     0
     0
     0
     0
    18
   132
    59
   116
    33
    16
    30
    41
    33
     9
     8
    30
    38
    30
   140
    93
    31
     1
     0
     0
     0
     0
     0
     0
    21
    49
    65
   129
    13
    70
    17
    35
    65
    67
    31
    30
    13
   102
   104
    16
    19
    10
     0
     0
     0
     1
     0
     0
    25
    83
    79
    49
    26
    28
    58
    39
    17
    41
    68
    15
    81
    25
    18
   153
    15
    21
     0
     6
     4
     0
     0
     0
    11
   187
   103
   104
    28
    33
    17
    29
    29
    39
    24
    28
    34
     1
   160
   330
    60
    27
     0
     6
     0
     0
     0
     0
   101
    66
   102
   107
    39
    11
    17
    25
    24
    45
    28
     4
    78
    28
    33
     8
    29
    78
     4
     0
     0
     0
     0
     0
    27
    51
    65
    15
    23
    15
    59
    28
    53
    30
     3
     8
    12
     6
   107
    68
     9
    81
     0
     0
     0
     0
     0
     0
    43
    47
    37
   169
    62
    12
    59
     5
    26
    14
    26
    57
    35
    61
    78
    57
    15
     9
     0
     0
     0
     0
     0
     0
    78
    84
    15
   132
    18
    22
    58
    18
    20
    10
    75
    27
    34
    26
   164
    31
    29
    27
     8
     0
     0
     0
     5
     0
    50
    21
   123
   107
    64
    18
    16
    51
    25
    11
    15
    48
    19
     2
     7
    73
     9
    51
     0
     1
     0
     0
     0
     0
    17
    67
   223
   121
     1
    36
    98
    25
    35
    39
    20
    59
    48
    21
    16
   170
   121
    17
     0
     0
     0
     0
     0
    14
    17
    28
    29
    50
    68
    24
   122
    27
    36
    48
    41
    92
     3
    85
   100
    85
    11
    23
     0
     0
     3
     0
     0
     0
    13
    61
    48
   183
    27
    35
    48
    21
    29
    38
    11
    21
    12
    26
   137
    49
    22
    33
     0
     0
     0
     0
     0
     0
    29
    65
    53
     3
    14
    21
    32
    33
    22
    37
     3
    14
    65
     8
    94
    50
    30
    33
     0
     6
     1
     0
     0
     0
    16
    61
    68
    60
    28
    14
    49
    10
    67
    49
    10
     8
    19
    44
    16
    58
     9
     6
     2
     0
     0
     3
     1
     8
    66
    47
   152
    39
    14
    20
    32
    23
    23
    21
    27
    37
    17
    17
    47
   102
    58
    16
     0
     0
     0
     0
     0
     1
    30
    52
   152
    98
    16
     5
    23
    60
    28
    27
    13
    19
     3
    42
    61
    93
    31
     9
     0
     0
     0
     0
     2
     0
    28
    88
    69
    57
    26
    57
    24
   217
    26
     6
     8
    57
    25
    15
    49
   103
     9
    23
     0
     0
     0
     0
     0
     0
    54
    30
   158
    45
    23
    28
    23
    44
     9
    33
    30
    34
    15
   237
   133
    59
    70
    20
     0
     0
    11
     0
     0
     2
    16
    48
    71
    18
    81
    22
    10
    33
    70
    43
    15
    11
    30
    51
    18
   202
     8
    73
     0
     1
     0
     0
     0
     0
    10
    57
    58
    94
   169
    15
    12
    22
     7
    56
    23
    18
    43
     8
    18
    11
    18
    64
     0
     0
     0
     0
     0
     2
    58
     5
   106
    81
    60
    14
    31
    65
    21
    25
    35
     2
     6
    30
    69
    23
    34
    16
     0
     0
     4
     0
     5
     3
    63
    56
    81
    32
    20
    42
    21
     6
     6
     5
    28
    15
    29
    15
    15
    10
    10
    23
    10
     0
     0
     0
     5
     0
    72
    37
   102
   162
     9
    18
    19
     8
    10
    36
    29
    32
    31
    22
    30
    55
     3
    25
     0
     0
     0
     0
     0
     0
    12
    52
    49
    10
    21
   162
    51
    20
    37
    34
    28
    19
    14
    20
    48
    49
    15
    18
     0
     0
     3
     0
     0
     0
    39
     5
    85
    75
    16
    38
    33
    19
    12
    22
    75
    11
    69
    39
    43
    14
    12
    22
     0
     0
     0
     4
     0
     4
    17
    57
    61
    53
    20
    30
    73
    54
    26
    36
    41
     7
     8
    14
    62
    70
    22
    21
     0
     0
     0
     4
     1
     1
    15
    68
   132
   101
     9
    13
    61
     4
    42
    21
    38
    43
    19
    10
   192
    23
    25
    10
     0
     0
     0
     6
     0
     6
     8
    87
   106
    83
    27
    65
    83
    25
     9
    34
    31
    55
    24
    30
    93
    24
    12
    12
     0
     0
     0
     0
     0
     0
    73
    56
    69
    54
    32
    17
    15
    22
    39
    90
    26
    20
    22
    10
    27
    12
    18
    33
     0
     0
     0
     0
     0
     0
    28
    60
    96
    31
    38
    34
    19
    23
    58
     2
   152
    21
     6
    11
    40
    54
    57
    33
     1
     0
     4
     0
     0
     1
     3
   103
    94
    57
     4
    12
    21
    19
     9
    19
     9
    33
    30
    11
    91
    35
    65
    16
     0
     3
     0
    20
     6
     0
     8
    21
    92
    60
    10
    26
    36
    31
    57
    35
    20
    26
    37
    27
   195
    34
    26
    47
     0
     0
     9
     0
     0
     0
    67
    19
   114
    97
    52
    24
    30
    22
    10
    27
    18
    30
    16
    62
    33
    50
    76
    19
     0
     0
     5
     0
     0
     0
    16
   106
    85
    66
    16
    55
     2
    12
     5
   204
    18
    19
    14
     0
   205
    22
    21
    12
     8
     0
     0
     0
     0
     2
    15
    44
   101
    59
    16
    35
    31
     6
    62
     4
    14
    16
    23
     4
    82
    18
    23
    18
     0
     0
     0
     0
     0
     2
    38
   130
    53
    53
    24
    16
    38
    30
    18
    56
    13
    31
    32
     5
    95
    16
    11
    18
     0
     0
     0
     0
     0
     0
    22
    36
   158
   103
    14
    48
    37
    12
     6
    30
    13
    70
    19
   166
    18
    25
     6
    20
     0
     8
     0
     2
     0
     0
    46
    68
    95
    91
    58
    29
    37
    16
    14
     5
    16
   160
    12
    28
     7
    72
    26
    37
     0
     4
     0
     0
     0
     0
   173
    59
   146
   139
    17
    72
    30
    11
    13
    29
    14
     9
    18
    25
   109
   230
    19
    17
     8
     0
     8
     0
    15
     3
    22
   135
    24
    73
    18
    16
    12
     9
    73
    26
    42
    56
   168
    48
   178
     9
    26
    24
     0
     0
     0
    13
     0
     0
    86
    27
    49
     9
    61
    15
    17
     5
    14
    11
    33
    24
    12
     9
   155
    52
    51
     6
     0
     0
     0
     0
     0
     0
    66
     7
    84
     5
    14
     6
    25
    29
    10
    30
    19
    28
    15
     7
   144
    49
    24
    24
     5
     0
     0
     0
     5
     0
    38
    22
   172
    62
    98
     8
    20
    31
     8
    34
    27
    39
    24
    10
    50
    13
    38
    21
     0
     0
     0
     0
     0
     0
    31
     7
   102
   112
    22
    43
    52
     4
     7
    62
    38
    20
    22
    18
    17
    68
    85
    16
     7
     0
     0
     1
     0
     0
    18
   122
    57
    14
    19
    34
    36
    22
    30
    18
    36
     7
    10
    20
   219
    43
    71
     8
     5
     0
     0
     7
     4
     0
    50
    39
    90
    54
     0
    23
    15
    64
    24
    27
    22
    46
    34
    23
    23
   113
    24
    29
     1
     0
     0
     0
     6
     4
    41
   313
   177
    98
    18
    27
    29
    13
    29
    21
    20
    20
     8
    30
   152
   107
    28
    10
     6
     0
     0
     0
     6
     1
    53
   108
   249
   155
    13
    23
    20
    30
    25
    13
    31
    11
    26
    21
    27
    15
    14
    30
     0
     0
     0
     0
     0
     0
    29
    23
   124
   126
     7
    17
    57
   152
    12
    18
    20
     2
    35
    94
    45
    49
    25
    56
     5
     0
     0
     6
     6
     0
    21
    54
    47
    68
    22
    23
     7
    10
     9
     4
    39
    19
    22
    20
    56
    94
    14
    12
     0
     0
     6
     0
     7
     5
    64
    20
    14
   150
    21
    38
    30
    18
    21
    17
    21
     9
    16
    23
   155
    63
     5
    56
     0
     0
     0
     3
     0
     5
    87
    94
   162
     6
   198
    11
    23
    30
    13
    59
    13
    38
    17
   219
     6
   109
    18
    34
     6
     0
     8
     4
     0
     0
    41
    19
   180
   144
    43
    32
    52
    33
   153
     8
    15
    23
    21
    66
    15
   157
    27
    40
     0
     0
     0
     3
     0
     0
    16
    43
   135
    66
    50
    43
    25
    10
     8
    13
    11
     6
    17
    19
    65
    37
    60
    11
     0
     0
     0
     6
     0
     0
    16
    27
    66
    59
     7
    11
     4
    34
    29
    20
    19
    19
    20
   146
     6
   369
    19
    17
     2
     0
     0
     5
     0
     0
    19
    93
   147
    62
    34
    47
    25
     9
    35
   103
    23
    29
     8
    96
    87
    62
    22
     9
     0
     0
     0
     0
     3
     0
    40
    28
   108
    62
    17
    13
     9
    31
    23
    24
    27
    14
    23
    20
    26
    21
    27
    75
     0
     0
     0
     6
     0
     6
    40
    27
    90
   149
    11
    47
    24
    25
    14
    36
    50
     9
    16
    67
     8
    64
     3
    25
     0
     0
     0
     1
     0
     0
    45
    93
   139
    50
     5
    25
    19
    31
    17
    23
     7
    12
    18
    22
    53
    10
    14
    18
     0
     0
     0
     0
     0
     3
    26
    90
   129
   146
    17
     8
   165
    24
     7
    28
    19
    33
    71
    20
    45
    27
    22
    14
     0
     0
     0
     0
     9
     0
    14
    60
    19
    88
    20
    52
    30
   200
     9
    18
    24
    33
    64
    14
    25
    10
    35
    31
     0
     0
     0
     0
     0
     0
    63
    27
    63
   116
    19
    20
    10
    23
    16
    28
     6
   151
     8
    56
    53
    63
    11
    51
     0
     0
     0
     0
     4
     0
    17
   104
    60
     8
    47
    27
    19
    17
     1
    18
    26
    18
    20
    14
    67
    52
    24
    64
     4
     0
     0
     5
     0
     0
     2
    31
    67
   100
    22
    20
    68
     9
     8
    45
    31
    24
    19
    23
    65
    45
    47
    13
     0
     4
     0
     0
     0
     0
    35
    25
   102
    50
    60
    61
    25
    76
     8
    33
    43
    61
    65
    16
    24
    18
    17
    60
     1
     0
     8
     0
     3
     0
    57
    70
    10
     0
     5
    86
    28
    20
    22
    18
    18
    77
    21
     6
   175
     9
    59
    14
     0
     0
     0
     0
     0
     0
    18
   140
   227
   154
    23
    58
    24
    37
    24
    16
    32
     7
    28
    21
   117
    48
    31
    36
     0
     6
    12
     0
     4
     3
    15
    55
   171
    41
    14
    10
    21
     5
     9
    36
    11
    19
    65
    10
    55
    37
    24
    31
     0
     0
     0
     2
     0
     3
    17
    95
    52
   116
    17
    26
    33
    33
    28
    30
    43
    31
    13
    18
     9
     7
    13
    22
     0
     0
     4
     4
     0
     6
    18
    15
    49
    61
    10
    19
     5
    65
    67
    20
     8
    27
     8
    26
    45
    31
    18
    15
     5
     3
     1
     0
     0
     0
     8
    56
   151
    99
    25
    23
     7
     5
    61
    14
    45
     7
    21
    28
   172
    88
    20
    10
     7
     0
     2
     0
     7
     0
     5
    24
    39
    62
    19
    90
    36
    13
    11
    33
    20
     2
    19
    10
    27
    64
    10
    11
     2
     1
     0
     0
     0
     0
    45
    90
   134
   122
    49
    25
    19
    12
    24
    23
    58
     2
     3
    92
     8
    45
    11
     6
     0
     0
     2
     0
     0
     1
    13
    65
   213
    40
    19
    27
    14
    60
    18
    32
   159
    29
    30
    59
    92
    70
    24
    31
     0
     0
     7
     0
     5
     9
    54
    64
    13
    19
    18
    12
    23
    18
    17
     7
    23
     4
    26
    12
    20
     7
    10
    11
     0
     3
     0
     0
     0
     0
    15
    59
    53
    10
    74
     3
    24
     7
    20
    25
    72
    18
   148
    21
    22
    52
    19
    14
     0
     0
     0
     2
     0
     5
     2
    48
    47
    22
     8
    24
    17
    29
    30
     2
    25
    11
    12
    19
    65
    80
    17
    71
     9
     0
     4
     0
     0
     0
    46
    91
    68
    92
    11
    11
    56
    15
    29
    61
    24
    18
    14
    57
    54
   132
    63
    74
     0
     0
     0
     0
     0
     0
    33
    64
    98
    11
     4
    81
    13
    20
    38
    13
    25
    45
    48
    15
    23
    12
    27
     9
     0
     0
     0
     0
     0
     0
    38
    10
    69
   104
    35
     4
     7
    10
    11
    12
   166
    17
    61
    25
     9
     4
    26
    13
     0
     0
     0
     0
     0
     0
    12
    54
    90
   148
    22
     9
    17
   120
    18
    19
    31
    39
    20
    17
    59
    37
    13
    34
     2
     0
     0
     4
     0
     0
    25
    73
   128
   100
    11
    19
   152
    35
    57
    17
    12
    34
    20
   202
     5
    54
    26
    16
     4
     0
     0
     0
     0
     2
    50
    10
    55
    50
    17
    12
    50
   102
    31
    33
   161
    12
     3
    21
   211
    87
    21
    15
     0
     9
     6
     0
     0
     0
    13
    26
   174
   154
    28
    53
     6
    24
    21
    19
    78
    22
    10
     9
    70
    15
    29
    11
     0
     2
     0
     0
     0
     8
    24
    20
   112
     8
    55
   203
    11
    24
    21
    17
    26
     0
    13
     3
    14
    72
    21
    15
     0
     6
     0
     0
     0
     0
    23
    14
    29
    43
    29
    12
    23
    18
     6
    24
    25
    13
    19
    74
   104
    19
    11
    34
     0
     0
     6
     0
     0
     0
     0
    15
    99
    50
     9
    19
    19
    23
    61
    21
    21
     8
    19
    21
   299
   100
    18
     6
     0
     0
     0
    23
     5
     0
    22
    72
   157
   104
    28
    29
    12
    16
    54
    13
    19
    17
     3
   166
    47
    23
    87
    66
     0
     2
     2
     0
     0
     0
    22
   103
   115
   144
    40
    49
    52
    17
    36
    56
   143
    22
     8
    26
    50
    71
    22
    26
     3
     0
     0
     4
     0
     3
     6
    84
    63
    88
    25
    11
    19
    62
     9
    15
    11
    28
    39
   181
    31
    58
    27
    26
     2
     4
     0
     0
     0
     0
    55
    20
    91
   113
    16
    48
    12
     6
     0
    53
    15
    11
    20
    43
    11
    16
    24
    10
     2
     1
     0
     0
     0
     0
     8
     2
   113
   177
    15
    19
    10
    99
    23
    20
    35
    60
    17
    27
    76
   100
    27
    12
     0
     0
    11
     0
     0
     0
    54
    53
    20
    64
    29
    56
     0
    26
    56
   162
    20
    23
    15
     0
    25
   190
     9
     2
     0
     0
     5
     0
     0
     0
    33
    78
    44
    18
    68
     8
     9
    13
    19
    39
    17
    29
    24
    23
     5
    16
    37
    16
     0
     0
     4
     0
     0
     3
    20
   160
   132
   138
    55
    26
    74
    13
    11
    22
    11
    11
    22
    60
   162
    36
    46
    18
     2
     0
     0
     0
     0
     0
    21
   144
   124
   141
    64
    59
    24
    18
    17
    36
    65
     5
    28
    43
    24
    86
    20
    71
     0
     0
     0
     0
     0
     0
    12
    51
    54
     0
    35
    16
    16
    39
    43
    20
    14
    20
     9
    22
    27
     8
    43
     8
     0
     0
     0
     0
     0
     0
     2
    58
    62
    10
    15
    53
    10
    95
    32
    24
    20
    59
    21
    17
   162
     1
    19
    18
     0
     0
     0
     0
     0
     0
    70
   121
   182
    24
    33
    11
     8
    34
    26
     9
     8
    50
    48
    53
    48
   117
    31
    12
     3
     0
     0
     0
     6
     0
    28
    50
    89
    11
    16
   103
    17
    11
    10
     2
     8
     8
    61
   144
    18
    26
    19
     5
     0
     0
     0
     0
     0
     0
    61
    18
   102
    18
    23
    13
    11
    37
    32
    18
    23
    27
     9
    13
    19
    11
    14
     6
     0
     0
     9
     0
     0
     2
    19
    28
    26
   104
    22
    27
    11
    56
    13
    55
    41
     8
    41
    22
    58
   102
    63
    12
     3
     0
     0
     0
     0
     0
    13
    26
    56
    61
    24
     7
    40
    25
    27
   148
     8
    23
    16
    60
    36
    11
    25
    41
     0
     5
     0
     0
     9
     0
     8
    27
    65
    93
    90
    29
    12
    14
    61
   107
    25
    70
    25
    27
    59
   145
    20
    14
     5
     0
     0
     1
     0
     1
    17
    50
    65
    83
     2
    27
    24
    40
    18
    22
    15
    25
    20
    58
     0
    41
    15
     9
     0
     6
     0
     0
     0
     0
    18
    44
     9
    90
    19
     0
    44
    79
     6
    11
     4
    10
    26
   154
    10
   143
    12
    42
     0
     0
     0
     0
     5
     0
    16
    14
    56
    16
     7
    61
   150
    85
     8
    26
    13
    13
    52
    59
    22
    15
    66
    39
     6
     0
     2
     0
     0
     0
    22
    46
   102
   130
   102
     7
    21
    36
    13
    20
    11
    10
    13
     5
    53
    15
    34
    71
     0
     0
     0
     5
     0
     0
    18
    62
   112
   191
    13
    34
    35
     2
    20
     9
     9
    19
    13
    56
     9
    62
    29
    72
     0
     3
     2
    10
     3
     0
    14
    34
   133
   164
    14
    42
    14
    51
     9
    17
    31
    57
     7
    23
    77
    11
    14
    34
     0
     9
     0
     0
     0
     0
    47
    16
   100
   130
    16
    20
    10
    22
    45
     6
   163
    66
    28
    54
    27
    79
    49
    11
     0
     1
     3
     0
     0
     0
    19
    72
    93
    23
     4
    11
    23
    49
    56
    18
     3
    24
     7
    21
    18
    16
    12
     0
     0
     0
     0
     4
     0
     0
     0
   100
    14
    17
    23
    48
   157
    32
     7
    27
     9
    13
    28
   168
    50
    15
    14
    16
     0
     0
     0
     7
     0
     0
    25
     9
    78
    67
     1
    19
    27
    46
    28
    55
    47
    75
     9
    16
    17
    45
    16
    13
     0
     2
     0
    10
     0
     3
    23
    93
    19
   127
    35
    40
    23
    40
    15
    11
    32
    18
    13
    45
    13
    92
    29
    18
     0
     5
     4
     0
     0
     1
    40
    50
   131
    37
     5
    13
    22
    79
    91
    21
     8
    16
    29
    30
    27
    48
    19
     6
     0
     1
     0
     0
     1
     5
    37
    58
    93
    82
    44
    14
    36
    25
    23
    41
    30
    15
    40
    23
   158
    45
    55
    27
     0
     0
     0
     2
     0
     0
    56
    70
    13
    18
    14
    18
    14
    27
    27
     7
     7
    13
    16
    20
    61
    14
    49
    27
     1
     0
     0
     0
     0
     0
    11
    14
   211
    49
    16
    39
    15
    68
     8
     7
    11
    66
    27
    24
    21
    19
    13
    39
     0
     0
     9
     0
     4
     0
    16
    14
    93
    29
    11
    34
    10
    64
    28
    37
    18
   157
    63
    66
    11
   116
     4
    21
     0
     2
     0
     0
     0
     0
    90
    66
    65
   157
    32
    29
    13
    39
    27
    16
    14
     3
    28
    39
    20
     8
    19
    11
     0
     0
     0
     5
     0
     0
    61
   136
     6
    13
     6
    10
    23
    16
    16
    65
    50
    14
    18
    54
    56
    30
    16
     8
     1
     8
     6
     0
     0
     4
    39
    68
   169
    70
    69
    15
    48
    26
    16
    88
    79
    42
    16
    15
   186
    68
    19
    21
     7
     0
     0
     0
     5
     0
    67
    24
    91
    68
    46
    58
    33
    65
     6
    63
    26
    63
    16
    20
    63
    94
    20
     5
     1
     0
     3
     0
     0
     0
    12
    93
     6
    52
     1
     7
    18
     0
     5
    13
    21
   153
    63
    17
   146
    28
    14
    23
     1
     0
     0
     2
     0
     0
    66
    45
    90
     8
    41
    14
    62
   155
    21
    28
    26
    15
    28
     5
    58
    12
     2
    32
     0
     8
     0
     2
     3
     8
    36
    88
   129
    19
    24
    35
    20
     6
    10
    57
     8
    20
    10
    19
    15
    75
    24
    14
     6
     0
    10
     0
     0
     0
    57
     7
    94
   104
    39
    11
     8
    15
    28
    15
    36
    12
    20
    11
   160
    11
    23
    20
     0
     0
     0
     0
     0
     0
     6
    50
    15
    79
    28
     8
    22
    15
     9
    28
    56
     8
    55
    30
    17
    89
    77
    38
     0
     7
     6
     1
     0
     0
    14
   136
    50
    64
    20
     6
    21
    42
    17
    27
    43
    29
    17
    19
     9
    97
    30
    52
     2
     0
     0
     0
     0
     0
    21
    25
    61
    64
    24
    22
    14
    36
    29
    21
    16
    69
    34
    21
     1
   125
    22
    17
     0
     2
     2
     6
     0
     0
    10
    55
   103
    54
    13
     5
     2
    23
    62
    14
    31
    35
    20
    16
    43
    26
     7
    14
     5
     0
     0
     0
     0
     1
    63
    56
    47
     9
    23
    47
     7
    55
     8
     8
     2
     0
    21
    17
    52
    12
     9
     6
     0
     0
     1
     0
     0
     0
    65
    30
   105
   162
    22
    16
     3
    54
    34
    53
     7
    27
    33
    17
    61
    82
    65
    25
     0
     0
     0
     0
     0
     0
    48
    65
   101
   123
    10
    10
   147
    20
    44
    22
     8
    43
     8
    16
    20
   163
    16
    20
     0
     0
     8
     0
     8
     0
    51
    21
    92
    58
    35
    23
     0
    16
    11
    13
    42
    11
    12
    27
    94
    53
    22
    23
     0
     0
     3
     0
     0
     9
    33
    62
   134
    16
    26
    11
    53
    89
    26
    30
    16
    30
    18
    17
    19
    32
    66
    34
     8
     1
     1
     0
     0
     0
    40
    40
   135
    53
    33
    39
    65
    32
    27
    22
    26
     8
    18
    73
    15
     4
    26
     7
     0
     0
     0
     0
     0
     0
    40
    10
   149
   144
     1
   163
    14
    45
    30
    32
     2
    16
    26
    27
    48
    45
    28
    32
     0
     0
     0
     0
     5
     0
    17
    10
   109
    91
    27
    11
    17
     4
    20
    22
     9
    74
    16
     9
    65
    85
    16
     5
     0
     4
     0
     0
     2
     0
    18
    52
   120
    19
     7
    28
    13
    20
     2
    21
    10
     0
     9
     0
    18
    67
    53
    15
     0
     0
     0
     4
     0
     0
    27
     9
    94
    36
     5
    20
    51
    24
    21
    19
     7
    10
    15
     3
   146
    17
    33
    14
     0
     0
     0
     0
     0
     0
    60
     5
    99
    52
    31
    35
    21
    35
    45
    14
    33
    30
    20
    68
     5
    21
    35
   157
     0
     0
     0
     6
     0
     0
    14
   146
    32
    17
    22
    14
    22
    69
    52
    18
    17
    30
    13
    14
   116
    54
    19
    16
     0
     0
     0
     0
     0
     5
    30
    15
    74
    18
    24
    32
    34
    17
    24
    25
   159
    16
    33
    59
   196
   139
    14
    59
     0
     4
     0
     2
     3
     3
    46
    69
    93
    62
    28
    31
    46
    29
    20
     8
    24
    28
    23
    71
   190
    84
    20
     8
     0
     0
     0
     2
     2
     0
    21
    57
    92
    64
    25
     9
    14
    24
    27
    29
    51
    46
    19
    18
    32
   130
    10
    12
     0
     0
     0
     0
     7
     1
    86
     8
   212
    61
    36
    26
    13
    19
    52
    32
    55
    26
    58
    12
    80
     1
     7
    23
     0
     1
     0
     0
     0
    10
    48
    19
    63
    52
    64
    19
    56
    21
    29
    21
     7
    14
     5
     9
    19
     3
    20
     8
     0
     4
     5
     0
     3
     3
    35
    41
   157
    46
    44
    12
    31
    14
    73
    29
     1
     6
    12
    16
    24
    59
     6
     0
     0
     0
     0
     0
     0
     7
    42
    70
   143
    66
    21
    11
    33
    10
   153
    34
    29
     3
    37
    24
    66
   124
     0
    36
     0
     0
     0
     0
     0
     0
    56
    57
   133
    22
    19
     6
    25
     5
     9
    25
    58
    37
    26
    18
    34
    12
    25
    44
     0
     0
     7
     3
     0
     0
    35
    74
     6
    62
    44
    24
    23
    25
    20
   152
     5
   142
    17
    24
    55
    57
    13
    63
     2
     0
     0
     4
     0
     0
    53
   129
     4
    11
    23
    19
    27
    17
    20
    44
    13
    25
    19
     4
    18
    66
     5
    56
     1
     7
     0
     1
     6
     3
    21
   102
   191
     1
    28
    31
    29
    25
     5
    21
    54
     8
   120
   157
    47
    22
    26
    41
     0
     0
     0
     0
     0
     0
    16
    36
   144
    16
    19
     1
    16
    16
    24
    11
    10
     9
    19
    30
    58
    69
    70
    16
     0
     0
     0
     0
     1
     1
    93
    21
    55
   175
    13
    21
    27
     6
    17
    17
    23
    29
    18
   161
    21
    10
    35
    53
     0
     4
     0
     0
     7
     0
    55
    82
    88
    63
    14
    45
    15
    12
    14
     6
     6
    18
    11
    59
   117
    55
    42
    13
     0
     2
     0
     3
     0
     0
    78
    13
   111
    52
    25
    74
    31
    17
    16
    61
     5
    11
    19
    77
    54
    72
    18
    27
     0
     2
     0
     0
     8
     0
    10
    69
    76
    19
    12
    32
    24
    28
    26
    14
    23
    38
    13
    16
    51
     9
    21
    12
     0
     5
     0
     0
     0
     0
    27
    31
   140
    55
    28
    36
    17
     7
    23
    50
     8
    83
    13
     5
    58
   165
     6
    14
     4
     0
     0
     0
     0
     0
    19
    13
    61
    91
     7
    23
    18
    30
    41
    12
   184
    66
    15
    29
    48
   152
    29
    37
     0
     0
     8
     0
     0
     0
    25
    29
    46
    58
     4
    25
    15
    24
    13
    42
    24
    66
    48
   304
    10
    36
    13
     5
     0
     0
     0
     2
     0
     0
    15
    54
   171
     2
    12
     6
    39
    30
    33
    19
    14
    15
     8
   184
    52
    13
    25
    15
     0
     8
     0
     5
     0
     0
    68
    16
    64
    51
    30
   180
    35
    18
    71
    30
    21
    32
    30
    28
    67
    93
     8
    21
     0
     7
     2
     0
     0
     4
    24
    67
   109
   174
     9
    34
    18
   174
    24
    33
     8
    18
    36
    20
    64
    45
    28
    65
     0
     0
     0
     3
     0
     0
    24
    71
   159
    10
    16
    45
    25
    15
    38
     3
    21
    23
    15
    28
    59
    21
     4
    29
     2
     0
     0
     0
     0
     0
     9
     0
   106
    36
    46
    29
    13
    22
    15
     2
    21
    33
     7
    12
   103
    24
    10
     9
     1
     0
     0
     4
     0
     0
    60
   108
   172
    89
    16
    30
    22
     4
   161
    19
    28
    33
     6
    67
    20
   127
   170
    20
     0
     0
     0
     0
     0
     0
    31
    51
    64
    20
    21
    18
    11
    19
    29
    16
    20
    46
    10
    20
   162
    45
    17
    47
     0
     0
     0
     0
     0
     0
    23
    10
   122
    12
    10
    12
    31
    24
    56
     6
     8
     3
     4
    19
    66
     4
     9
    16
     0
     0
     1
     0
     7
     0
    60
    96
   133
    74
    24
    17
    67
    20
    40
    35
    35
    32
    17
    12
    19
   180
    41
    14
     0
     0
    10
     0
     2
     4
    48
    61
    93
    26
    41
    26
    43
     0
    80
    69
    10
    37
    40
    43
    58
    63
    28
    13
     0
     0
     0
     7
     0
     0
     7
   104
    98
   111
    41
    23
    29
    29
    22
     8
    15
    11
    20
    21
    47
    24
    30
    11
     0
     0
     0
     0
     0
     0
    24
    51
   211
    57
    16
     7
    28
    25
    11
    24
     7
    35
    33
    61
   149
    75
    30
    20
     0
     0
     5
     0
     0
     0
     9
    47
    40
    89
    12
     6
     8
    47
    86
    21
    17
     7
    26
    31
    62
    68
    28
     6
     0
     0
     0
     0
     0
     0
     9
    17
    86
    63
    30
    17
    15
    51
    23
     7
    23
    37
    31
    14
    60
     3
    57
     9
     0
     9
     0
     0
     0
     0
    48
    12
    85
    36
    10
    16
     9
    24
    56
    33
    18
    28
     3
    13
    16
    16
    20
     4
     0
     0
     3
     0
    12
     0
    12
     5
   147
    23
   201
    28
    39
    32
    25
    35
    34
     8
    20
   157
    46
   145
     8
     9
     3
     0
     0
     0
     0
     6
    20
   163
   183
   146
    19
    61
    69
    12
    22
    47
    27
    16
    32
    68
   144
   250
    40
    14
     0
     7
     0
     0
     1
     0
     1
    98
   126
   130
   115
     6
    43
    65
    28
    21
    37
    11
    40
    22
    55
    53
    15
    29
     0
     6
     6
     0
     0
     0
    97
    13
   178
    76
   152
    66
    11
    21
    25
    15
    42
    51
    32
    67
    24
    57
    58
    25
     0
     3
     6
     9
     6
     0
    29
    62
    88
    57
    20
    21
    19
    29
    14
    38
     4
    19
    22
    18
    70
   105
     7
    32
     0
     0
     0
     0
     1
     0
    19
    56
   140
    88
    20
    26
    24
    15
    24
    53
    54
    32
    17
    15
    43
   155
    70
    45
     2
     0
     0
     0
     0
     3
    11
   180
     4
    47
     6
     8
    15
    26
    14
    29
    63
     6
   108
    14
    27
    26
    32
    32
     0
     2
     0
     0
     4
     0
    17
    75
    60
    46
     6
    13
    15
    17
     5
   155
    38
    21
    20
     4
    52
    95
    12
    63
     0
     0
     6
     3
     0
     1
     5
    65
   340
     5
     1
    24
    53
    26
     6
     1
    18
   148
    15
     6
    30
    26
    26
    17
     0
     6
     0
     0
     0
     4
    19
    65
   153
   130
    58
     9
    20
    76
    68
    24
    14
    42
    25
    16
    62
    35
    29
    35
     0
     0
     0
     3
     0
     0
    31
   173
   180
    92
    29
    24
    17
    10
    75
    14
    12
     6
    29
    13
    46
    52
     2
    29
     0
     0
     0
     3
     0
     0
   119
    56
   178
    12
    19
    14
    59
    12
    49
     3
    34
    22
     9
   168
    16
    25
    19
    28
     0
     0
     0
     0
     0
     4
    16
    71
   137
    13
    48
    22
    14
    48
    10
     7
    48
    37
    23
    13
    29
   168
    22
    27
     0
     0
     0
     0
     0
     0
    29
   149
    94
     3
    16
    28
    17
    20
     6
   161
     9
    26
    14
    67
    91
    28
    15
    17
     3
     0
     1
     1
     0
     0
    18
   119
    53
    94
    29
     4
    29
    10
    12
    69
    50
    67
    35
    16
    32
    45
     8
    19
     0
     0
     0
     0
     3
     0
    16
    37
    58
    97
     5
    37
     0
    17
    24
    16
    18
    69
     5
    25
    68
    64
    14
    12
     0
     0
     0
     0
     0
     0
    47
    13
   106
   100
    38
    12
    17
    58
    15
    29
    23
    11
    10
    30
    90
    58
    37
    19
     0
     0
     0
     0
     0
     2
    31
    27
    59
    50
    25
    32
    19
    58
    13
     4
    24
    14
    21
    27
    14
    52
     9
    27
     0
     0
     0
     0
     0
     0
    49
   106
   135
    82
    21
     4
    10
    22
    12
    24
    14
    28
    52
    21
   162
    18
    57
     0
     4
     0
     0
     0
     0
     4
     0
    27
   116
    95
     7
     1
    20
    28
    20
    31
   154
    32
     6
    31
    17
    31
    40
    29
     8
     0
     0
     7
     0
     4
     0
    54
    15
    72
    20
     7
    27
    23
    30
    21
    17
    35
    21
    29
    28
     2
   107
     7
    32
     5
     0
     0
     0
     3
     0
    60
   105
   155
    20
    21
     9
    23
    41
    60
    33
    34
    37
    18
    12
   154
    20
    14
    24
     0
     0
     3
     0
     0
     3
    43
    65
   162
    17
    25
    22
    33
    28
    30
    26
   162
    12
    24
   194
    97
    31
    26
    33
     0
     0
     0
     0
     6
     0
    18
    21
   139
    65
    29
    28
    57
    17
    26
    30
    21
    58
    23
    26
    17
   106
    14
    11
     0
     0
     0
     0
     0
     3
    54
    25
   212
     0
     5
     6
    56
    21
     7
    54
     7
    13
    19
    33
    22
    96
    17
    22
     0
     5
     0
     0
     0
     4
    11
    53
    93
    84
    15
    63
     0
    41
    15
    34
    44
     3
    18
   194
    64
    30
     9
    16
     1
     3
     0
     0
     0
     0
     0
    13
   181
    81
    31
    32
     9
    20
    34
    34
    19
    95
     7
   185
    18
    70
    22
    60
     0
     0
     0
     0
     0
     3
    14
   149
   221
   132
    25
    20
    17
     2
    38
    25
    67
    31
    78
    17
    16
    49
    14
    50
     2
     6
     0
     0
     0
     1
    11
   103
    51
    54
    51
    18
    23
    23
   100
    36
    30
    22
     5
    71
   114
    48
    45
    23
     0
     0
     5
     0
     0
     0
    43
    89
   182
    67
    50
   167
    21
    56
    46
    26
    14
   145
    26
    10
    31
    16
    22
    34
     0
     0
     0
     0
     1
     5
    25
    19
   140
    29
    98
    22
    16
    22
    32
    17
    19
    12
    26
    47
     8
    64
    35
    19
     0
     0
     0
     0
     6
     0
    55
    49
   187
    47
    70
    12
    17
    26
    20
    25
    22
    24
    18
    12
     5
    60
    15
    28
     0
     0
     0
     0
     0
     0
    24
   110
    54
    16
    58
    19
    15
    19
     9
     0
    12
    16
    68
    33
     6
    87
    12
    24
     1
     0
     0
    15
     0
     0
    31
    60
   102
    59
     5
     6
    21
    11
    20
    63
    30
    11
    24
    15
    42
    97
    54
    32
     0
     6
     0
     0
     0
     0
    10
    65
   120
    82
    14
    32
    71
    24
    47
    67
    21
    50
    14
    41
   106
    15
     8
    24
     0
     6
     1
     0
     1
     0
    10
    33
   160
   114
    22
    15
    24
    17
    28
    15
    20
    23
    27
    18
    16
    77
    34
    26
     0
     0
     0
     0
     3
     0
    20
    78
    97
    99
    39
    85
    24
   161
    41
    15
    30
     6
    24
    24
   144
    10
    16
    11
     0
     0
     0
     0
     0
     0
    30
   182
   226
    91
    23
    13
    43
    13
    10
    74
    11
    35
    10
    59
    75
    88
    19
    46
     2
     0
     0
     8
     8
     5
    14
     7
    96
   141
    23
    12
    20
    28
     7
    52
    37
    17
    13
    28
   161
    98
    15
     9
     0
     0
     0
     0
     0
     0
    81
    10
   145
    58
    27
     4
    12
    19
    25
    17
    25
    32
    22
    17
   164
     5
    19
    19
     0
     0
     0
     0
     0
     0
    18
    95
    28
   135
    15
    19
    10
    43
    17
    29
    16
    34
    10
    80
    66
    18
    15
     4
     7
     0
     6
     0
    11
     0
     8
    95
    93
   104
    31
    24
    26
     7
    24
    87
     8
    62
    11
    88
   235
   105
    24
    24
     2
     0
     5
     0
     0
     0
    64
    10
   151
    24
    24
    36
    39
    99
    87
    12
    21
    64
    25
    77
    61
    25
    43
    70
    15
     4
     0
     6
     6
     0
    12
    98
    93
    28
    31
    15
    55
    20
    22
    28
    12
    11
    54
    95
    41
    15
    65
    27
     0
     0
     6
     3
     2
     0
    23
   102
    60
    62
    22
    44
     3
    28
     8
    29
    48
    35
    18
    18
    36
    36
    36
    56
     0
     0
     0
     0
     7
     0
    34
    50
    36
    54
    17
    11
    25
     3
     4
     2
    32
    22
    35
     8
    29
    85
    25
    19
     1
     0
     0
     0
     0
     0
    14
   177
    62
    11
    21
    68
    15
    23
    29
    41
    39
    12
    60
    60
    56
    38
     1
    21
     0
     0
     8
     3
     0
     0
    21
    61
   167
    71
    24
    27
     9
    68
    14
    44
    14
    18
     4
     7
   204
    43
    18
    57
     0
     0
     7
     0
     0
     0
    47
    21
    49
    66
    68
    61
    12
    29
     8
    26
    19
     9
    19
    14
    78
    37
    18
    12
     0
     0
     0
     0
     0
     0
    26
   153
   154
    29
    16
    21
    33
    11
    27
    19
    36
    21
    13
     5
    22
    73
    31
    30
     0
     0
     0
     0
     0
     0
    16
    26
   129
    39
    25
    19
    11
    27
    27
    33
    62
    20
    38
    64
   176
    20
    18
    21
     0
     1
     0
     0
     0
     0
    78
    94
    14
    60
    34
    20
     3
    27
    30
    34
    12
    28
    66
    24
    55
    24
    15
     8
     0
     0
     0
     0
     0
     0
    21
   107
    27
    73
    17
     9
    39
    73
    23
    27
     9
    13
    43
    29
    46
    41
    39
    16
     0
     0
     0
    17
     0
     0
    55
   139
    93
    18
    11
    26
     9
     5
    28
    21
    58
    67
    29
    40
    95
    15
    16
    73
     0
     0
     3
     0
     0
     0
    76
   101
    62
    38
    22
    20
    34
    15
     6
    21
    52
    53
    23
    49
   155
   149
    35
    21
     0
     1
     7
     0
     3
     0
    61
   144
    99
    55
    71
    72
    51
    12
    41
     5
    79
   121
    27
    16
    90
    21
    25
    35
     3
     2
     0
     0
     3
     0
    49
    63
   192
   103
    17
    26
    15
    23
    35
    34
    23
   160
    27
    18
    54
    12
   153
    44
     0
     0
     0
     0
     0
     0
    22
   101
   133
    74
    43
    13
    22
    24
    26
    67
    36
    16
    23
    21
     8
    91
    15
    30
     3
     0
     0
     0
     2
     0
    79
    83
   175
    12
    23
    26
    12
    36
    66
    26
    19
    13
    92
    10
   114
    67
    26
    22
     0
     0
     0
     0
     0
    18
    22
     9
   152
    96
    20
    51
    16
    21
    23
    10
    14
    34
    29
    20
    29
    69
    32
    32
     1
     0
     0
     1
     0
     1
    51
    47
    18
    66
    32
    15
    22
    22
    17
    26
    31
    16
    34
    61
     6
    10
    13
    23
     5
     0
     0
     0
     0
     0
    27
   125
     8
    59
    29
   160
     6
    22
    19
    21
    24
    20
    19
    17
    63
    18
    18
    47
     0
     7
     3
     0
     0
     0
    21
   129
    98
    65
    35
    27
    16
    24
    18
    10
    18
    23
    56
     9
   164
    18
    11
    31
     0
     2
     4
     7
     0
     0
    20
    14
    56
    18
    24
    68
    31
    43
    44
    17
    14
    23
    16
    59
    71
   101
    16
    38
     5
     0
     0
     1
     5
     0
     6
    63
    59
    55
    32
    15
    11
   165
    86
    15
    26
    75
    28
    30
    51
    79
    46
    12
     0
     0
     2
     0
     0
     4
    40
   141
   131
   100
    29
    11
    36
     6
    35
    18
    59
    33
     0
    62
    63
     2
    31
    15
     0
     0
     2
     8
     9
     7
    27
    15
    27
    19
    10
    20
    21
    31
    29
     8
    65
    47
    21
    59
   193
    29
    37
    11
     0
     0
     0
     0
     0
     0
    31
   101
   116
    15
    17
    27
    13
    61
     1
    42
    28
    15
    94
    27
   101
    36
    59
    46
     0
     0
     5
     0
     0
     0
    35
    59
   104
    69
    64
     9
    10
    30
    20
    12
    40
    20
   206
    17
    26
    14
    17
    17
     2
     0
     0
     0
     0
     4
    22
    76
   246
    66
     3
     7
    16
    13
    30
    18
    80
    47
    82
    64
     7
     7
    11
     7
     0
     7
     0
     7
     0
     7
    30
   181
   141
    82
    23
    13
     9
    38
    44
    48
    31
    19
     4
    16
    46
    50
    29
    39
     0
     0
     7
     0
     1
     0
    76
   121
    65
   143
   203
    23
    39
    12
    32
    34
    16
    32
    32
    31
    11
    53
     5
    29
     0
     6
     4
     0
     0
     0
     9
    43
    95
    16
    16
    33
    23
     0
    21
    20
    28
    38
    51
    28
    10
    82
    29
    18
    10
     0
     0
     0
     0
     0
    19
    49
    21
    13
    16
    76
    30
    58
    25
    12
    15
    46
    24
    26
    33
    72
     8
    22
     0
     0
     0
     0
     0
     0
    30
    88
   137
    28
    13
    79
    27
    26
     9
    13
    18
    50
    31
    27
    71
    47
    23
    18
     0
     0
     0
     0
     0
     2
    32
   132
    62
    14
    46
    56
    45
    20
    46
   176
    22
    28
    20
    34
    17
    24
    20
    19
     0
     0
     0
     6
     0
     0
     5
    93
   116
    45
    61
    14
    33
    35
   101
    50
   153
    62
     8
    15
    69
    33
    19
    36
     7
     0
     0
     0
    10
     0
   104
    93
   220
   123
    26
    13
    28
    13
    26
    19
    42
     0
    59
    68
    25
    68
     7
    19
     0
     6
     5
     0
     0
     0
    12
   119
   149
    17
    36
    33
    26
    26
    64
    21
   172
     0
    40
    11
   237
    61
    11
    78
     0
     0
     0
     6
     0
     8
    17
    34
     4
    65
    32
    16
   180
    64
    21
    12
    42
    14
    19
    30
   160
   166
    25
     0
     0
