    32
     0
     0
     0
     0
    22
    90
    97
   179
    32
    30
    24
    25
    53
    39
    51
     3
    37
    42
    73
    71
    34
    64
     0
     1
     0
     0
     5
     3
    55
   165
   131
    67
    22
    14
    69
    26
    21
    78
   164
   252
    73
    37
    73
    35
    51
    22
     4
     0
     0
     2
     0
     1
    24
   171
   235
   102
    27
    42
    47
   167
    29
   163
   199
    47
    78
    39
    17
    39
    17
    31
     2
     0
     0
     3
     0
     5
    43
   339
   285
    29
    67
    38
    23
    44
    33
    37
    40
    22
    15
   110
    83
   254
    50
    18
     8
     0
     0
     1
     0
     0
    23
    61
   210
    27
    31
    89
    36
    46
    24
   156
    15
    37
    37
    14
    41
    56
    31
    24
     0
     0
     2
     0
     4
     0
   102
    84
   106
    71
    76
    85
    49
    41
    39
    98
    31
    34
    46
    34
   100
   172
    34
    80
     6
     2
     0
     0
     3
     5
   100
    33
   119
   160
    54
    90
    21
    74
    36
    34
    47
    18
    40
    36
    99
   100
    76
    41
     4
     0
     0
     0
    13
     0
   131
   165
   108
   142
    20
    16
    30
    55
    14
    34
    25
    37
    22
    33
    74
    37
    16
    15
     1
     0
     1
     7
     4
     6
    40
    93
   270
    20
     7
    31
    57
    47
    42
    26
    59
    43
    98
    41
    98
    77
    52
    51
     0
     0
     6
     0
     6
     0
    53
   110
    50
    69
    79
    95
    34
     9
    44
    27
    35
    38
   113
    17
   189
    18
    26
    24
     6
     0
     4
     0
     3
     0
    44
    94
   160
    85
    41
    24
    18
    39
    32
    64
    41
    70
   189
    26
   173
    62
    48
    73
     5
     0
     0
     7
     0
     3
    16
    89
   152
    56
   106
    23
    53
    28
    53
    24
    76
    35
    54
   147
    62
   105
    14
    70
     1
     1
    12
     0
     0
     0
    43
   246
   185
   198
    35
    27
    63
    57
    15
    30
    13
    45
    76
    28
    37
   105
    36
    78
     1
     3
     0
     7
     4
     0
    73
   132
   112
   138
    39
    15
    34
    41
    71
    30
    31
    27
    25
    29
   249
   159
    33
    85
     5
     0
     3
     6
     0
     0
    38
    41
    77
   201
    33
    17
    65
    44
    74
   139
    39
    55
    89
    77
     9
    30
    36
    61
     0
     6
     0
     0
     0
     0
    43
   154
   201
    47
    95
    34
    44
    41
    27
   191
    27
    54
    43
    52
   174
   108
    41
    19
     0
     0
     0
     0
     0
     9
    52
   122
   257
    76
    48
    25
    43
    98
    68
     9
    43
    75
    47
   108
    62
   145
    64
    34
     0
     0
     0
     0
     2
     0
    40
   210
   103
    57
    45
    26
    34
    57
    89
    30
    77
    40
    14
    10
   216
    78
    39
    38
     0
     0
     7
     7
     2
     0
    66
    93
   247
    24
    46
    16
    87
     9
    39
    27
   104
    73
    85
   189
    67
    97
    33
    20
     7
     7
     3
     6
     3
     0
    35
   101
    12
   103
    44
    45
    20
    32
   119
    41
    40
    67
    47
    44
   166
    49
    87
    44
     3
     0
     0
     0
     0
     1
    36
   152
   432
   131
    46
    60
    31
    29
    38
   197
    45
    50
    73
    42
   100
    70
    39
    40
     0
     2
     3
     0
     0
     4
    22
   137
   203
    36
    29
    86
    35
    32
    27
   172
    87
    60
    41
    16
   166
   175
    41
    24
     0
     0
     0
     2
     4
     5
     7
    71
   134
    25
    35
    77
   183
    14
    40
    35
    37
    75
    63
    57
    72
   117
    34
    16
     0
     8
     0
     0
    11
     0
    32
    11
   124
    31
    60
    58
   163
    29
    18
   108
    38
    19
    39
    13
   147
    31
    43
    46
     0
     2
    15
     0
    10
     0
    30
   170
   115
   105
    14
   140
    18
    23
    27
    40
    20
    18
    36
   245
    33
    33
    40
   110
     0
     0
     2
     0
     0
     1
    35
    14
   228
   111
    33
    39
    57
    33
    34
     9
    31
    31
    47
    62
   347
   117
    26
    29
     0
     0
     0
     4
     0
     6
   120
    96
   220
    98
    73
    43
   173
     8
    28
    58
    69
    92
    57
    77
    72
   189
    72
    37
     0
     7
     5
     0
     1
     0
    24
   125
   132
   168
    29
    53
    49
    39
    32
    54
    27
    46
    60
    98
   121
    80
    46
    45
     2
     0
     1
     2
     3
     0
    26
   174
   313
   213
    33
    29
    59
    41
    44
     6
    52
    19
    45
    37
   105
    40
    35
    28
     0
     0
     8
     0
     0
     9
    67
    97
    44
    99
    25
    32
   192
    29
    42
    34
    33
    25
    40
   190
    62
   193
    40
    43
     0
     0
    11
     3
     0
     1
    69
    29
   224
    66
    36
     7
    28
    14
    50
    20
    30
    76
    27
    49
    51
   104
    59
    58
     0
     0
     2
     0
     0
     0
    44
   147
   148
   137
    30
    74
    16
    23
    61
    18
    32
    42
    23
    41
    67
   106
    39
    16
     3
     4
     0
     3
     1
     3
    20
   148
   115
   259
    16
    43
    58
    67
    51
    59
    26
    14
    16
    19
    87
   162
    95
    75
     0
     0
     0
     7
     0
     0
    56
   119
   231
    55
    94
    73
    93
    55
    17
    15
    62
    32
    42
    41
   101
   100
   219
    24
     8
     0
     0
     0
     0
     4
    15
   188
   225
   242
    18
    42
    50
    96
    47
    33
    23
    81
    38
    25
   138
    70
    28
    29
     0
     0
     0
     0
     0
     3
   127
    37
   118
    67
    76
    94
    24
    41
    44
    15
    94
    37
    73
    70
   195
    30
    35
    33
     0
     0
     0
     1
     0
     9
    83
   108
   119
    64
    22
    41
    26
   186
    35
   194
    27
    16
    23
    90
   292
    11
   159
    14
     0
     3
     0
     0
     3
     2
    34
     7
    98
    79
    53
   111
    19
    27
    24
    22
    32
    44
    35
   104
    42
    25
    36
    42
     0
     0
     8
     0
     0
     0
    56
   152
   110
    10
    14
    34
    73
    40
    29
    39
    73
    66
    20
    24
    23
   114
    30
    27
     9
     8
     3
     0
     0
     0
    33
    44
   236
   227
    19
    23
    18
    50
    61
     8
    39
    28
    60
    23
    47
    73
    46
    48
     6
     0
     4
    11
     3
     0
    40
   101
    68
   197
    51
    26
    75
    15
    42
    82
    84
    46
    44
    71
   217
    85
    60
    28
     0
     7
     2
     0
     0
     0
    45
    36
    88
   105
    23
    31
   110
    48
    48
    70
    20
    35
    12
    50
    86
    88
    43
    25
     0
     0
     0
     0
     4
     0
    40
    98
    30
   145
    23
   126
    36
    49
    80
   163
    15
    12
    22
    64
    46
    72
    30
    53
     2
     0
    12
     5
     0
     0
    30
    63
   145
    57
    22
    57
    28
    15
    75
    76
    97
    43
    24
   112
    88
   207
    93
    68
     0
     0
     0
     0
     0
     0
   141
    61
   111
   243
    26
    53
    38
    30
    39
    69
   164
    15
    38
    39
   258
    46
    15
    93
     0
     0
     7
     0
     0
     5
    44
   145
    73
   105
    83
    20
    82
    26
    34
    34
    47
    28
    43
    85
   171
    86
    14
   171
     5
     0
    10
     0
     3
     1
    86
    70
   148
   163
    63
    19
    77
    43
    65
     7
    27
    31
    20
   158
    57
    33
    75
    60
     8
     0
    13
     3
     3
     1
    30
    44
   202
   252
    43
    44
    50
    35
    45
   171
    28
    42
   129
    55
    52
    71
    53
    50
     0
     1
     8
     0
     0
     1
    44
   261
   201
   210
    73
    35
    81
    28
   209
    37
    74
    40
    53
    36
   210
   115
    26
    54
     4
     2
     0
     0
     0
     7
    36
    35
    61
   123
    18
    29
    43
    42
    71
    74
    61
    33
    56
   264
   126
    98
    42
    37
     3
     3
     5
     0
    12
     7
    63
    58
    24
    66
    40
    49
    45
    46
    30
   199
    82
    71
    91
    14
    81
    66
    34
    48
     0
     0
     0
     4
     0
     6
    26
   129
    69
    53
    30
    51
    38
    32
    36
   217
    45
   158
    93
    38
    47
    84
    41
    51
     0
     7
     0
     0
     7
     0
    16
    66
   214
   138
    37
    21
    11
    36
    25
    47
    39
    49
    37
    84
   105
    81
    24
    36
     0
     0
     1
     0
     1
     0
    25
    91
   147
    59
    59
    33
    54
    28
    16
    62
    48
    42
    38
   219
   119
   118
    36
    42
     0
     0
     0
     0
     0
     0
    62
   154
   160
   116
    46
   102
    23
    33
    53
    88
    59
    54
    36
    52
   109
   144
    45
    46
     0
     0
     6
     0
     0
    12
    32
    77
   166
   223
    20
    96
    49
    41
    51
    41
    96
    71
    23
   102
   189
   253
    37
    48
     0
     1
     0
     0
    12
     0
    29
   243
   289
   108
    61
     8
    30
    33
    28
    36
    23
    37
    42
    20
    65
    80
    47
    25
     0
     3
     7
     4
     0
     7
    27
   130
   124
    70
    41
    61
    30
    50
    48
    37
    37
    96
    46
    70
    36
   110
    36
    13
     7
    12
     0
     0
    15
    11
    67
   101
    32
    72
    56
    22
    11
    22
    75
    19
    35
    37
    53
    18
    26
   127
    49
    49
     6
     0
     8
     3
     1
     9
    24
   160
   186
   151
    28
    49
    32
    23
    18
    24
    38
    25
   210
    45
   223
    76
    38
    52
     0
     0
     3
     0
     5
     3
    20
    94
    93
    58
    18
    25
    38
    60
    69
    25
    33
    39
    32
    54
    44
    60
    10
    89
     2
     0
     4
     3
     0
    12
    44
   159
   107
   174
    45
    47
    40
    36
   122
    11
   174
    40
    85
    82
    83
   180
    29
    26
     0
     4
     9
     3
    10
     2
    65
    95
   150
   115
    49
    19
   107
    44
    40
    38
    47
    48
    30
   111
   361
   132
    18
    51
     0
     0
     0
     0
     7
     0
    31
    99
   142
    22
    83
    29
    51
    87
    71
    22
    47
    89
    56
    88
    67
    58
    54
    10
     2
     0
     4
     0
     0
     9
    45
   108
   142
   114
   167
    67
    12
    55
    56
    38
    22
    97
    51
    21
   158
   188
    18
    56
     0
     0
    10
     8
     0
     0
    65
   186
   139
    28
     6
    35
    39
    31
    41
    87
    52
    73
    69
   168
   181
   104
    40
    36
     0
     0
     0
     0
     9
     2
    12
    56
   272
    61
    33
    65
    40
    46
    37
    43
    23
    59
    55
    30
    83
    43
     8
    31
     0
     2
     0
     0
     7
     0
    82
   139
   221
   102
    88
    72
    41
    30
    43
    28
    50
    29
    34
    73
    70
    97
    27
    39
     2
     5
     3
     0
     8
     0
    28
   110
   107
    58
    28
    75
    45
    51
    41
   119
    73
    49
    35
    78
   135
   381
    75
    33
     6
     0
     6
     7
     0
     0
    25
   119
   122
   237
    49
    34
    35
    40
    18
    80
    44
    46
    29
    69
    93
   183
    30
    72
     0
     0
     7
     2
     2
     0
    43
    55
   148
    26
    39
    47
    43
    28
    32
    72
     9
    49
    30
    14
    42
     7
    82
    31
     0
    13
     0
     5
     0
     0
    64
   212
   149
    58
    20
    75
   142
    48
    35
    33
    25
    21
    32
    45
    85
   196
    29
    38
     0
     3
     0
     6
     0
     3
    75
   180
   220
   136
    41
    30
    35
    28
    15
    37
    30
    65
   107
    27
   114
    77
    52
    25
     0
     0
     2
     0
     0
     0
    41
     5
   192
   183
    32
    52
     8
    37
    28
    56
    61
    81
    29
    50
   203
    34
    36
    51
     6
     8
     9
     1
     9
     1
    27
   186
   151
   149
   107
    35
   121
    30
    48
   163
   177
    17
    76
   129
    29
    79
    29
    29
     3
     0
     6
     0
     0
     0
    87
    69
   225
   204
    51
   203
    50
    39
     6
    29
    70
    98
    33
    75
    72
    80
    33
    29
     0
     0
     7
     0
     7
     6
    45
    80
   264
    66
     6
    45
    59
    27
    38
    38
    41
   166
    68
    30
    73
    30
    51
    22
     0
     3
     0
     2
    10
     1
    79
   211
    84
    89
    87
   109
    36
    47
    35
    35
    40
    43
   222
   173
   111
    20
    27
    62
     3
     2
     3
     0
     6
     0
    35
   164
    59
    67
    29
    80
    21
    20
    47
    31
    62
   169
   122
    77
    20
    25
    83
    16
     0
     0
     0
     0
     0
     0
    44
    86
    67
    84
    30
    38
    21
    26
    86
    41
    22
    33
    74
    30
   117
    51
    48
    28
     6
     2
     1
     1
     9
     0
    91
   106
    65
   209
    98
    39
    22
    64
    33
    14
    37
    45
    50
    37
    67
    70
    13
    32
     0
    10
     6
     3
     8
    10
    28
   135
   112
   255
    19
    53
    41
    29
    67
    27
    37
    53
    43
    22
    64
    85
    46
    66
     0
     3
     2
     7
     0
     0
    16
   132
   294
    38
    54
    73
    24
    93
    40
   159
    49
    98
    25
    66
    60
    59
   157
   112
     1
     0
     0
     8
     3
     0
    63
    63
   202
   139
    62
    43
    98
    35
    47
   243
    26
    74
    27
   189
    95
    85
    37
    45
     0
     2
     0
     9
     0
     0
    24
     8
   144
   138
    47
    86
    23
    20
    55
    46
    24
   179
    49
    32
   109
    58
    18
    33
     0
     0
     4
     8
     0
     0
    28
    41
   193
    52
    18
    26
    44
    66
    60
    24
    52
    98
    17
    19
    48
   193
    73
    14
     0
     5
     0
     9
     8
     0
    43
    68
   181
    28
    20
    70
    61
    60
    49
    35
    60
    29
    39
   178
   151
    54
    24
    23
    11
     0
     5
     0
     8
     7
    22
    12
   166
    57
    35
    30
   175
    58
    33
    26
    20
    14
    47
    27
   154
    54
    12
    19
    11
     3
     2
     0
     0
     0
    50
    94
   227
   157
    36
    26
    46
    30
    27
    26
    22
    44
    22
   185
    76
    28
    24
    12
     0
     2
     0
     0
     4
     0
    39
   179
    97
    84
    31
    64
    77
   114
    67
    47
    27
    26
    35
    25
   362
   109
    24
    16
     0
     0
     0
     0
     0
   111
   210
   123
   131
    29
    33
    66
    33
    29
   181
    37
   187
    13
   105
    94
   131
    16
    11
     0
     6
     0
     0
     3
     0
    75
   107
   171
   125
    21
    21
    31
    40
    17
    17
    28
    25
    20
   169
    28
   156
    43
    47
     2
     3
     0
     0
     0
     5
    35
   215
    61
    84
    24
    63
    62
    27
    64
    19
    70
   244
    21
    23
    36
   113
   170
    52
     0
     0
     2
     0
     0
     6
    25
   143
   124
   286
    23
    80
    23
    87
    50
    35
    93
    71
    47
    21
   103
    97
   176
    62
     7
     2
     1
     2
     0
     0
    49
    16
   231
   133
    55
    34
    34
    38
    37
    25
    25
    49
    36
   175
   293
   106
    47
    37
     0
     0
     4
     0
     0
     0
    62
    14
   145
   280
    51
    48
    44
    27
    34
    62
    13
    25
     8
    44
   159
    54
    22
    36
     0
     0
     1
     0
     0
     0
    31
   228
   181
    89
    16
   178
    27
    24
    16
    40
    65
    67
    55
    52
    53
    23
    51
    65
    13
     0
     1
     0
     0
     0
    40
    47
    64
   111
    67
    17
    23
    44
    37
    64
    49
    29
    12
    97
   112
    29
    30
    20
     0
     8
     0
     3
     4
     0
    92
    35
    44
   108
    78
    14
    22
   166
    18
   163
    42
    29
    28
    25
    99
    49
    40
    26
     8
     0
     3
     5
     5
     0
    29
    73
   206
   118
    36
    37
    16
   181
    17
     3
    41
    19
    20
   156
    54
   118
    24
    36
     0
     0
     6
     0
     0
     0
    60
    38
   363
   201
    27
    27
    15
    16
    51
    54
    36
    31
    36
    49
    18
   115
    31
    81
     6
     0
     0
     0
     1
     2
    18
    54
   298
   120
    32
    24
    22
    34
    42
    21
    21
    37
    66
    20
    46
    42
    42
    28
     0
    14
     0
     6
     0
     0
    54
   181
   117
    71
    33
    43
    25
    11
    27
    80
    13
    38
    11
    30
    12
    75
    43
   121
     0
     0
     3
     4
     2
     6
    13
   101
   218
    70
    28
   210
    56
    25
    56
    73
    11
    89
    68
    64
    49
   220
    93
    35
     0
     0
     0
     0
     1
     0
    93
   111
   192
   120
    35
    36
    29
    29
    48
    49
    45
    80
    43
    20
   119
    24
    66
    29
     0
     0
     0
     0
     0
     0
    57
    87
   127
    97
    38
    17
    50
    16
    16
    26
    47
    89
    48
    54
    98
    43
     8
    29
     0
     2
     0
     4
     0
     6
    40
    28
   135
    83
    39
    23
    19
    53
    30
   204
   151
   169
    30
    73
   101
    47
    62
    64
     6
     0
     0
     0
     0
     0
    92
    94
   220
    64
    26
    53
    13
    32
    25
    39
    51
    41
    73
    38
    25
    26
    40
    78
     0
     0
     0
     1
     0
     5
    36
    18
   139
   139
    36
    25
    37
    29
    46
    31
    47
    31
    19
    44
   186
   108
    23
    23
     8
     0
     0
     0
     0
     5
    18
    38
   164
    54
    65
    24
    21
    21
    25
    67
    32
    41
    41
    70
    21
   222
    22
    20
     0
     4
    13
     0
     0
     0
    94
   275
   339
    33
    65
    29
    71
    59
   226
     9
    56
    36
    59
    56
    10
    22
    38
    52
     0
     0
     0
     7
     0
     3
    10
   158
    82
   159
    11
    32
    71
    38
    18
   190
    19
    16
    40
    27
    37
    30
    35
    95
     0
     3
     0
     3
     0
     4
    93
   101
    79
   121
    13
    37
     9
    22
    28
    12
    47
    38
    68
   244
    80
   105
    88
    22
     0
     0
     3
     0
     0
     0
    77
    88
   219
    91
    23
    31
    20
    54
    26
    64
    54
    21
    42
    78
    66
    84
   168
    34
     0
     0
     6
     2
     0
     0
    29
   141
   154
   248
    36
     8
    20
    93
     6
    26
    26
    62
   163
    43
    83
    58
    29
    27
     0
    10
    10
     2
     0
     0
    81
     7
   175
   134
    42
    22
    27
    63
    29
    94
   180
    26
    59
    54
    75
    97
    16
    70
     0
     2
     2
     2
     4
     0
    48
    85
   259
   153
   163
    62
    22
    17
    24
   103
    32
    14
    33
    27
    45
   200
    46
    75
    14
     0
     0
     0
     4
     0
    24
   170
   259
   175
    35
   274
    86
    80
    69
     4
    36
     8
    25
    71
    30
    43
    13
     8
     3
     0
    16
     3
     0
     3
    39
   131
   306
   203
    86
    53
    37
    24
    38
    39
    57
    66
    20
    53
    95
    20
    36
    77
     0
     3
     0
     0
     0
     0
   119
    28
   115
   148
    24
    39
   162
    91
    70
    34
    85
    14
    86
    40
    38
    55
    44
     8
     0
     4
    16
     4
     0
     7
    16
    70
   133
   180
    61
    21
    32
    14
    23
    16
    57
    35
   173
    20
   102
   119
    45
    41
     5
     4
     0
     0
     9
     0
    23
    70
   116
   119
    78
    33
    25
    51
    35
    40
    24
    24
    18
    49
   212
   150
    41
    11
     0
     4
     3
     0
     6
    26
    16
   242
   309
    86
    27
    31
    59
    23
    26
    41
    72
    38
    25
    29
   113
   100
    37
    30
     0
     0
     0
     0
     0
     0
    21
   122
   184
   113
    43
   100
    21
    92
    68
     9
    25
   186
    15
    41
   193
    67
    82
    16
     2
     0
     0
    12
     6
     6
    91
    70
   155
    99
    48
    46
    64
    40
    27
    92
    28
    13
    63
    65
   151
    51
    46
    91
     0
     1
     0
     6
     0
     5
    41
   127
    94
   149
    26
    59
    38
    38
    47
    60
    49
    60
    36
    60
    52
   126
    85
    27
     0
     0
     0
     5
     0
     7
    33
   118
    66
   147
    29
   107
    26
    16
    54
    22
    52
    40
    47
   169
   167
    78
    30
    29
     1
     0
     2
     0
     0
     0
    49
   145
   221
   129
    23
    19
    16
    37
    37
    24
    56
    28
    60
    14
    43
    65
    14
    31
     0
     3
     0
     0
     0
     0
    41
   115
    79
    98
    53
    33
    36
    26
    33
   219
    33
    52
    78
    32
    46
    22
    56
    28
     0
     0
     0
     0
     0
     1
    90
   233
   186
   133
    62
    36
     6
    36
    44
    24
    23
    54
    46
    58
    61
    33
    19
    14
     0
     2
     0
     0
     0
     0
    30
   108
    50
   119
    25
    55
    33
    11
    27
   202
   100
    22
    36
    23
    29
    69
    53
    18
     5
     0
     0
    12
     8
     0
    61
   119
   102
   100
   115
    45
    33
    40
    16
    43
    28
    50
    23
    23
    56
    80
    81
    52
     0
     0
     0
     0
     2
     5
    68
   117
   323
    79
    22
    37
    43
    37
    71
    36
    67
    17
    61
    53
    96
   120
    47
    26
     1
    10
     0
     0
     1
     9
    85
    53
    89
    95
    61
    63
     7
    35
    19
    28
    62
    51
    32
    47
    26
   106
    21
    28
     0
     0
     8
     2
     0
     0
    31
   118
    22
     5
    29
    33
    37
    40
    10
    76
    65
     9
    65
   187
   205
    25
    17
    12
     0
     0
     0
     0
     0
     0
    12
    85
    95
   141
    45
    21
    35
    24
    29
    23
    33
    53
    12
   225
   128
    28
    54
    16
     0
     0
     4
     3
     0
     7
    54
    38
    67
   105
   110
    55
    23
    69
    46
     8
    29
    24
    33
    26
   221
    35
    27
    36
     4
     0
     0
     0
     0
     8
    26
    27
   114
   124
     5
    27
     6
    50
    15
    54
    17
    22
    34
    58
    98
    98
    48
    77
     3
     3
     4
     9
     0
     5
    22
   116
   189
    90
    72
    60
    52
    16
    24
    39
    64
    45
    66
   105
    74
    29
    21
    99
     0
     2
     0
     0
     6
     2
    74
   113
   221
    89
    94
   110
    22
    33
    44
   128
    21
   197
   119
    26
   132
    79
    87
   113
     0
     0
     0
     1
    13
     0
    28
   103
   145
   141
    28
    27
    33
    72
    57
    10
    68
    39
    32
    52
    68
    73
    38
    35
     6
     0
     3
     0
     0
     0
    58
    25
    57
    70
    24
   188
    26
    35
    48
    65
    26
    62
    26
   181
    18
    37
    26
    41
     0
     2
     0
     1
     0
     0
    31
   151
    74
    74
    39
    47
    18
    10
    70
    59
    25
    19
    16
   161
    32
    49
    81
    22
     8
     3
     0
     7
     0
     0
    41
    69
   117
   114
    57
    23
    65
   165
    94
    40
     6
    20
    36
    46
   124
   108
    21
    22
     0
     0
     0
     0
     5
     3
    29
    57
   163
   175
    63
    31
    27
    28
    30
    40
    13
    18
    43
   104
    33
   258
    21
    26
     4
     1
     0
     0
     2
     0
    15
   116
   183
   113
    13
    20
   167
    70
    85
    19
    47
    34
    41
    30
    94
   134
    17
    69
     7
     0
     5
     0
     0
     0
    35
   128
   283
   102
    37
    54
    10
    34
    29
    26
    77
    52
    29
   189
    32
    78
    71
    55
     0
     7
     0
     0
     0
     0
    22
    96
   271
    82
    30
    25
    48
    13
    45
    20
    17
    35
    25
   123
    65
     9
    41
     8
     0
     0
    10
     0
     0
     3
    48
   175
   336
    90
   147
    25
   171
    26
    69
    27
    16
    51
    66
    29
    60
    27
    40
    46
     0
     0
     0
     0
     0
     0
    20
   145
   118
    39
    74
    36
    26
    52
    16
    72
    13
    29
    48
    47
    92
   206
    19
    36
     3
     0
     2
     0
     0
     0
    70
    58
   118
   106
    23
    41
    67
    42
    13
    49
    65
    50
    12
    16
    84
    86
    31
    46
     1
     8
     0
     0
     5
     0
    87
    55
    93
    81
    23
    46
    57
    11
    16
    39
    27
    68
    67
    21
   165
   101
    57
    74
     0
     0
     0
     0
     6
     0
    30
   118
   234
    81
    15
    18
    43
   221
    24
    50
    35
    22
    20
    65
   134
   179
    22
   103
     3
     0
     8
     2
     0
     6
    41
    69
   158
   178
    28
    22
    42
    43
    22
    41
    73
    40
    29
   222
   129
    70
   100
    54
     0
     2
     0
     0
     3
     2
    12
    77
   205
    87
    12
     5
   175
    45
    72
    16
    40
   148
    24
    66
    20
   132
    27
    43
     0
     0
     0
     0
     0
     0
    49
    92
    93
   125
    15
    38
    73
    34
    42
    64
    50
    28
    63
    25
    32
    95
    17
    75
    12
     5
     9
     0
     0
     0
    29
   168
   187
   123
    51
    28
    22
    38
    40
    43
    18
    39
    32
    22
   142
   201
    18
    37
     0
     2
     4
     0
     9
     6
    60
    67
    44
   241
    44
    47
    28
    21
    33
    35
    71
    23
    30
    45
    93
   185
    54
    57
     2
     7
     2
     0
     0
     0
    38
   164
   148
    95
   111
    16
    22
    82
    71
    65
    54
    34
    48
    20
   124
    63
    22
    11
     0
     4
     7
     4
     0
     0
    33
    88
    47
   129
    55
    72
    59
    33
    82
    39
    52
    30
    13
    80
    91
    21
    35
    44
     0
     6
     0
     0
     0
     0
    71
   272
   135
    87
    43
    32
    31
    28
    39
    61
    82
    61
    36
    31
    55
    40
    27
    21
     0
     0
     7
     9
     0
     4
    19
   115
    51
    56
     4
    15
    34
    28
    93
    10
    47
    30
    26
    20
    93
    59
    45
    17
     0
     6
     0
     0
     6
     0
    16
    61
   105
   102
    26
    18
    21
    35
    23
    19
   190
     4
    20
     8
   155
    69
    27
    37
     0
     0
     2
     0
     0
     0
    33
   268
   123
    58
    28
    37
    25
     8
    39
    66
    21
    44
    63
    17
    84
    58
    54
    69
     4
     9
     0
     3
     0
     0
    24
    69
    96
    62
    12
    31
    24
    26
    48
    18
   238
    26
    46
    70
   101
    68
    30
    61
     0
     0
     0
     0
    10
     1
    59
    49
     7
   108
    21
    12
   104
    75
   204
    43
    20
    27
    43
    51
   156
    49
    19
    12
     0
     0
    12
     0
     0
     0
    46
   117
   158
    64
    45
    31
    39
    30
    33
    21
    32
    82
    25
    70
    81
   106
    13
    65
     0
     4
     1
     5
     0
     1
    10
    67
   144
    85
    37
    61
    17
    43
    45
    82
    80
   186
   129
    43
    38
   109
    30
   123
     0
    10
     0
     0
     0
     0
    34
   118
   113
   113
    34
    27
    54
    45
    71
    52
    90
    30
     7
    31
    19
   115
    62
    55
     8
     8
     1
    15
     0
     0
    22
    30
   135
    88
    17
    21
    17
    48
    13
    36
    17
    44
    64
    54
    14
    88
    39
    13
     0
     0
     0
     0
     0
     2
    32
    88
   137
   135
    29
    24
    29
    74
    11
    30
    72
    40
    42
    56
    51
    73
    33
    20
     0
     2
     0
     0
     7
     0
    71
   271
   160
    37
    19
    31
    58
    18
    37
    23
    58
    24
   138
    69
   144
    23
    24
    35
     9
     0
     2
     0
     0
     0
    19
    73
   200
   141
    46
    17
    21
    23
   179
    44
    81
    45
     9
    93
     5
    21
    28
    19
     0
     1
     0
     0
     2
     2
    31
    64
   112
   157
    61
    60
    14
    28
    46
    11
    47
    21
    33
    77
    14
    31
    67
    38
     0
     0
     0
     0
     5
     7
    75
   207
   259
    40
    29
    81
    30
    43
    15
    75
   174
    61
    64
    58
     3
    56
    93
    28
     5
     5
     0
     7
     8
     1
    59
    93
   140
   145
    40
     5
    32
    67
    23
    36
   172
    64
    82
    10
    58
    33
    43
    31
    13
     0
     0
     0
     0
     0
    22
    37
   170
    64
    21
    20
    69
    16
    26
    38
    16
    31
    33
   174
   236
    59
    45
    41
     1
     0
     9
     0
     6
     3
    80
    28
   106
    93
    40
    26
     6
    15
    72
    42
    61
    69
    34
    24
    60
    62
    21
    19
     0
     0
     3
     2
     0
     1
    10
   102
    77
   134
    59
    67
    25
    84
    67
    36
    16
    23
    57
    37
   173
   154
    17
    22
     0
     0
     0
     2
     0
     0
    35
    79
    26
   162
    67
    28
    69
    34
    31
    70
    46
    30
    57
    28
    29
    27
    13
    15
     2
     0
     2
     5
     0
     6
    92
   115
   228
   116
    31
    36
    32
    43
    37
    37
    74
    27
    28
    47
    24
   159
    35
    39
     0
     0
     0
     2
     3
     1
    34
   157
   127
    81
    36
    23
    21
   106
    58
    36
    67
    51
    47
    98
   132
    23
    19
    13
     0
     6
     0
     0
     1
     0
    22
    47
    69
    56
    28
    28
    34
    19
    32
    39
    28
    13
    39
   296
    17
    29
    46
    22
     0
     0
     1
     0
     0
     5
    67
   103
   141
    55
    34
    16
   153
    39
    31
    36
    48
    20
    15
    84
    25
    19
    19
     9
     0
     0
     1
     9
     0
     0
    82
    82
    73
   102
    23
    14
    12
     5
    11
    21
    52
    30
    14
    39
   102
   110
    39
    33
     0
     0
     0
     0
     0
     2
   107
   140
   158
    39
    28
    22
    55
    15
   161
    18
    24
    18
    18
    59
    53
    16
    26
    22
     0
     3
     0
     0
     0
     0
    81
   163
    99
    53
    16
    55
    27
    18
    84
    61
    15
    82
    18
    14
    67
    50
    48
    45
     7
     7
     0
     0
     0
     0
    63
   145
   144
   130
    33
    10
    21
    17
   153
    29
    40
    24
    23
    29
   120
    65
    39
    23
     0
     0
     0
     7
     0
     0
    70
   137
   158
   217
   157
    49
    42
    39
    66
    33
    29
    29
    32
    38
    65
    16
    22
   188
     3
     0
     0
     0
     0
     2
    73
    85
   214
   135
    24
    24
    32
    73
    22
    13
    18
    58
    74
    49
    76
    79
    29
    19
     0
     0
     0
     7
     6
     8
    64
    24
   184
    16
   113
     9
    19
    32
    19
    40
    21
    37
    65
    17
   304
    19
    18
    24
     0
     0
     0
     0
     0
     7
    30
   113
    19
    62
    30
    22
    39
    42
    14
   101
    69
    85
    18
    57
   164
   147
    21
    12
     0
     5
     0
     2
     3
     0
    50
   139
     3
    47
   103
    31
    29
    33
   145
    12
    79
    57
    28
    16
    75
    37
    34
    23
     0
     0
     0
     0
     0
    10
    70
    29
   224
   143
    33
    30
    42
    25
    48
    23
    49
    65
    30
    38
    23
    18
     8
    36
     0
     0
     1
     0
     1
     0
    90
    37
   147
   102
    57
    28
    33
    35
     6
   193
    33
    51
    17
   138
   162
    84
    20
    40
     0
     0
     2
     0
     0
    19
    88
    99
   149
   130
    17
    26
    16
    28
    14
    45
    31
    40
   192
    68
   350
    61
    29
    42
     0
     5
     1
     6
     0
    11
    45
    62
   142
    98
    34
    40
    98
     5
    12
    25
    21
    55
    18
    26
     9
    72
    49
    57
     0
     0
     6
     2
     0
     0
    23
   135
   203
   176
    37
    19
    22
    41
    48
    30
    58
    92
    13
    18
   112
   167
    90
    58
     5
     0
     0
     0
     3
     0
    59
   133
   194
   221
    41
    48
    11
    59
    75
    31
    14
    34
    34
    19
   290
    69
    26
    25
     0
     0
     0
     0
     0
     4
    39
     7
   134
    33
    22
    10
    12
   148
    48
    24
     7
     9
    25
    36
    13
    56
    29
    19
     0
     7
     7
     0
     2
     0
    61
    88
   190
   134
    19
   174
    19
   182
    77
    35
     9
   163
    38
    98
    26
    35
    32
    39
     0
     0
     0
     0
    12
     7
    97
    97
   170
   179
     9
    32
    29
    14
    45
    19
     8
    62
    11
    23
    54
   184
    32
    23
     0
     2
     0
     7
     0
     6
    54
    97
   200
    30
    19
    21
    42
    31
    37
    53
   170
    30
   200
    36
    73
    71
    63
    10
     9
     0
     1
     0
     5
     4
    13
    54
   109
   184
   102
    36
    51
    25
    65
   170
    22
    62
    20
    18
   223
   108
    72
    80
     0
     0
     0
     0
     0
     0
    56
   114
   179
   225
    26
    31
    30
    27
    35
    17
    60
    22
    28
    54
   161
     9
    13
    23
     2
     0
     0
     0
     8
     0
    57
    53
   274
    50
    27
    30
     9
     8
     8
    24
    35
    15
    10
     4
   145
    80
    44
    42
     0
     0
     0
     7
     0
     0
    25
    11
   114
    67
    32
    77
    35
    42
    21
     4
    76
    23
    23
    19
    18
    64
    34
    18
     0
     0
     0
     6
     0
     0
    50
    61
    61
    48
    12
    17
    22
    28
    19
    85
    80
    75
    24
    21
   144
    65
    31
    23
     2
    11
     0
     0
     7
     5
    92
   106
    70
    75
    31
    24
    61
    15
    34
    41
    75
    37
    47
   158
    56
   156
    50
    74
     7
     0
     0
     0
     0
     4
    24
   119
   102
   197
    35
    30
    32
    42
    15
    24
    70
    43
    58
    51
    84
    99
    50
    22
     0
     0
     4
     0
     4
     0
   117
    39
    63
   148
    50
    30
    71
    80
    13
     1
    37
    13
    26
    48
    31
   150
    33
    47
     9
     0
     6
     0
     0
     0
    28
   143
    37
    29
    26
    17
    16
    14
    42
    56
    24
    27
    31
    61
    66
    32
     7
    51
     0
     1
     0
     0
     0
     0
    15
    91
   182
    87
    52
    30
    26
    19
    59
    71
    30
    21
    34
    12
     5
   115
    26
    39
     0
     0
     0
     0
     0
     5
    23
    96
   194
   145
     5
    59
    14
    14
    36
    24
   226
    46
    19
    15
    56
    41
    42
    22
     0
     6
     0
     5
     7
     0
    39
    88
   207
    57
    31
    17
    37
    15
    18
    17
   176
    24
    24
   176
   109
    20
    76
    46
     1
     0
     0
     0
     4
     0
    86
   114
   122
   110
    43
    24
    31
    51
    34
    23
    66
    27
   176
    29
    13
   229
    53
    69
     0
     7
     6
     4
     0
     0
    35
    22
   142
   178
    25
    39
    40
    42
    38
    63
    36
    53
    74
    61
    32
    93
    53
    15
     1
     0
     0
     0
     0
     0
    36
    24
   171
   114
    12
    38
    99
    65
    29
    40
    55
    43
    38
   125
   206
    17
    40
    18
     6
     0
     3
     0
     0
     0
    33
   189
   133
    11
    24
    36
    58
   115
    58
    39
    20
    32
    21
    47
    73
    15
    28
    29
     3
     0
     3
     4
     0
    10
    18
    82
   176
   108
    19
    27
    12
    46
    60
    21
    14
    72
     4
    50
     9
    14
    45
    19
     0
     0
     0
     4
     0
     0
    16
    67
   165
    58
    51
    22
    39
    37
    20
    15
    44
    47
    47
    22
   125
   104
    25
    18
     2
     0
     0
     1
    10
     0
    38
    98
   105
    75
    23
    28
    75
    85
    67
    54
    24
    38
    67
    10
    97
   201
    49
    27
     7
     0
     6
     0
     0
     0
    51
   109
    97
   110
    65
    87
    66
    41
    17
    75
    29
    31
    40
    58
    83
   206
    28
    37
     0
     0
     0
     0
     0
     0
    24
    64
   196
    82
    54
    39
    36
    36
    25
    48
    93
    57
    37
    32
    87
   103
    26
    24
     4
     3
     3
     0
     4
     6
    35
   142
   132
    12
   104
    38
    11
    41
    29
    28
    37
    40
    47
    66
    38
   200
    48
     8
     0
     0
     0
     0
     0
     0
    45
   143
    45
   113
    31
    37
    20
    21
    26
    24
    22
    29
    72
    92
   148
   162
    40
    19
     0
     8
     0
     0
     0
     5
    73
   112
    46
   234
    10
    27
    33
    97
    38
    20
    26
     4
    16
    10
   169
   176
    61
    32
     0
     0
     9
     0
     0
     0
    65
    27
   117
    98
    29
    17
    15
    16
    68
    40
    19
     7
    43
    62
    30
    18
    18
    26
     2
     0
     0
     0
     4
     0
    72
    36
    45
    50
    25
    11
    32
    27
    36
    32
    16
    13
    35
    29
   133
    65
    24
    14
     0
     0
     0
     1
     0
     0
    40
   147
   155
    60
    54
    62
     8
    23
    42
    30
    28
    32
    76
    43
    69
    74
    60
    83
     0
     0
     4
     0
     0
     0
    38
   124
   317
   100
    54
    37
    38
    34
    41
    36
    37
    46
    47
    37
   106
    83
    31
    22
     7
     0
     0
     0
     0
     5
    15
    72
   112
    56
    28
    25
    48
    56
    20
    20
    38
    14
    32
    20
    61
    15
     6
    23
     0
     0
     2
    10
     0
     0
    31
   114
   221
   134
    24
   350
    37
    53
    58
    80
    13
    46
    27
    49
    44
    87
    62
    14
     0
     9
     0
     0
     0
     4
    46
    63
    84
   110
    12
    42
    37
    22
    18
   165
   175
    20
     7
    34
   273
    62
    25
    43
     7
     0
     0
     2
     5
     0
    15
   205
   266
    20
    11
    36
    20
    45
   227
    18
    41
    16
    27
    86
    84
    17
    17
    38
     0
     1
     1
    17
     0
     8
     8
    64
   110
    51
    28
    47
    18
    53
    25
    81
   169
    14
    10
   162
    23
     8
    14
    29
     0
     0
     0
     3
     0
     2
    34
    21
   229
   161
   152
    21
    59
    33
    24
   177
    28
    15
    71
    90
   143
    54
    32
    30
     0
     0
     0
     2
     0
     0
    16
   167
    30
    84
    43
    82
    27
    21
    24
    29
    56
    73
    30
   115
    64
    57
    23
   129
     0
     0
     8
     0
     0
     0
    28
   136
    56
    89
    38
    20
    45
    78
    17
    30
    65
    24
    19
    39
    48
    31
    26
    29
     0
     8
     4
     0
     0
     0
    45
    58
   149
   107
    28
    23
    32
    10
    18
    19
    52
    76
    31
   188
    27
    38
    10
    33
     9
     0
     0
     0
     0
     4
    23
    56
   145
    91
    78
    32
    61
    82
    24
    56
    75
    33
    11
    22
   114
   147
    37
    21
     0
     0
     0
     7
     0
     0
   109
    72
    51
    34
    69
    16
    24
    29
    22
   162
    23
    63
    31
   157
    18
    20
    33
     9
     1
     0
     2
     7
     0
     2
    10
    16
   103
    94
    20
    21
    39
    40
    72
    12
    30
    26
    21
    30
    19
   224
     5
    21
    11
     3
     0
     0
     5
     0
    96
   128
   220
   179
    26
    27
    68
    44
   164
    32
     8
    62
    14
    34
    63
    82
    24
    37
     0
     0
     0
     0
     0
     1
    35
    51
   173
   156
    36
    47
    44
    21
    51
    28
   145
    53
   176
    61
   142
    38
   105
    17
     0
     0
     0
     0
     0
     0
    60
   198
   141
   142
    17
    28
    34
    22
    66
    39
    27
    63
    13
    26
    48
    44
    26
     7
     8
     5
     5
     3
     0
     1
    46
    59
   112
    53
    69
   122
    55
    19
    37
    49
    51
    42
     7
    32
   169
   105
    33
    15
     0
     0
     0
     4
     1
     0
    39
   109
   145
    24
     8
    45
    42
    19
    24
    27
    12
    23
    53
    37
    71
    18
   177
    72
     0
     4
     0
     0
     0
     0
     7
   141
    90
     8
    23
    11
    83
    38
    66
    30
    25
    27
    23
    29
    28
    84
    31
    15
     0
     4
     0
     7
     6
     0
    16
    52
   187
    76
    16
    22
    24
     3
    60
    43
    35
    29
    30
    58
   114
    57
    19
    30
     0
     0
     0
     0
     0
     0
    36
   172
    38
    51
    42
    80
    44
    25
    40
    72
    49
   185
    39
    21
    85
    69
    45
   129
     1
     0
     0
    19
     2
     0
   127
    81
   160
    72
    21
    14
    45
    21
    69
    42
    39
    59
    62
   177
   118
    13
    58
    33
    13
     0
     0
     5
     0
     1
    22
   153
   173
   111
    42
    29
    71
    26
    23
    39
    35
    18
    70
    22
    30
    29
    14
     3
     0
     2
     6
     0
     0
     0
    14
    20
   107
   128
    27
    15
    19
    69
    35
    51
    13
    70
    30
    67
    70
   205
    20
    21
     0
     0
     0
     0
     0
     0
    32
    63
   257
   106
    25
    35
   168
    35
    24
    72
    45
    25
    22
    36
   110
    33
    61
    31
     3
     1
     0
     0
     7
     0
   117
   147
    65
   161
    75
    22
    45
    53
    46
    63
    53
    28
    14
    25
    34
    15
    19
    23
     0
     0
     1
     0
     0
     8
    61
    74
   232
   112
    17
    67
    56
    23
    22
    32
    25
    12
    30
    59
   135
    80
    42
    31
     0
     4
     2
     9
     0
     0
    34
   132
   178
    66
    70
    68
    18
    15
    38
    26
    38
    39
    14
    80
    73
    72
    54
    50
     0
     1
     2
     0
     0
     0
    12
   113
   138
   142
    72
    19
    19
    61
    25
    28
    38
    40
    34
    26
    24
   127
    80
    56
     0
     0
     0
     0
     0
     0
    64
    87
   137
   140
    40
    27
    34
    23
    27
    15
    46
    34
    18
   157
   116
    66
    33
    22
    10
     8
     0
     0
     5
     0
    31
    28
   132
    57
    25
    43
     8
    37
    20
    72
    50
   142
   190
    54
    28
   168
    63
    35
     0
     0
     1
     0
     0
     0
    44
   103
   150
    64
    36
    31
    64
    22
     9
    44
    28
    22
    23
    18
   199
    15
    27
    70
     0
     3
     0
     4
     0
     0
    15
    71
    83
    76
    13
    20
    33
    24
    28
    82
    12
    76
    37
    13
    91
    15
    17
    30
     0
    14
     4
     0
     6
     5
    95
   110
   159
   104
    46
   108
    45
    62
    59
    50
    37
    17
    53
    15
    60
    22
    22
    15
     0
     0
     5
    15
     0
     0
    34
   111
   211
   155
    18
    65
    35
    12
    65
    28
   164
    20
    22
    63
   108
   139
    32
   164
     0
    15
     0
     0
     1
     0
    19
   118
   195
    68
    17
    43
    50
   201
    54
    43
    35
    43
    63
    37
    59
    10
    80
    12
     0
     2
     0
     0
     0
     0
    22
     9
   172
    28
    75
    54
    41
    21
    60
    14
    21
    88
    22
    51
   107
    55
    43
    68
     0
     0
     0
     1
     0
     0
    14
   144
    27
   106
    60
    37
    37
   164
    24
    21
    49
    28
    17
    39
    72
    29
    21
    19
     7
     0
     0
     1
     0
     0
   107
   149
   184
    11
    57
    47
    29
    47
    14
    41
    43
    72
    34
    53
    49
    68
    38
    25
     2
     8
     0
     2
     0
     0
    71
   157
    68
   150
     0
    19
   170
    23
    29
    54
    37
    18
    53
    28
    64
    19
    27
    23
     0
     4
     0
     0
     1
     0
    49
    57
   106
    31
    65
    53
    14
    73
    17
    75
    51
    24
     3
    19
    59
    63
    14
    31
     6
    16
     2
     2
     0
     7
    29
    68
   186
    40
    45
    33
   170
    38
    19
    42
    17
    50
    37
    80
   155
    12
    19
     5
     2
     2
     0
     0
     0
     2
    38
   193
   164
    66
    31
    86
   173
    22
    43
    44
    18
    43
    24
    20
    83
    67
    14
    74
     0
    10
     3
     7
     0
     2
    30
    65
   159
    54
    15
     2
    25
    26
    68
    16
     7
    19
    19
     7
    49
    21
    22
    98
     0
     0
     0
     0
     1
     0
    25
    94
   199
    10
    34
    17
    28
    27
    18
    16
    44
    42
    26
    10
   336
    15
    37
   110
     2
     6
     0
     5
     0
     3
    57
   172
   137
   164
    24
    22
    30
    36
    35
   172
    31
    38
    41
    22
    39
   154
    15
    47
     4
     0
     0
     8
     0
     6
    17
    25
   164
   172
    31
    13
    47
    30
    49
    14
    12
    21
    57
    33
    99
    28
    25
    74
     0
     0
     0
     0
     0
     0
    32
   195
   124
    32
    11
     3
    37
    20
    14
    22
    61
    22
    12
    26
    13
   259
    21
    60
     9
     2
     0
     0
     0
     9
    14
    92
   274
    17
    40
   122
   205
    52
    86
    63
    37
    38
    23
    91
    66
   150
    48
    19
     0
     7
     5
     0
    24
     0
    88
    70
   140
    43
    35
   156
    39
    58
    26
    32
    43
    35
     7
    54
    67
   137
    21
    24
     0
     6
     5
     0
     2
     0
    19
   190
   342
    78
    27
    30
    32
    14
    30
    50
    32
    50
    45
   189
   107
    59
    20
    33
     0
     0
     0
     0
     0
     1
    36
    61
    70
    64
    29
    38
    50
    50
    39
    56
    34
    39
    62
    19
    76
   167
    13
    41
     0
     7
     0
    11
     0
     0
    70
   114
   267
    25
    21
   151
    25
    20
    49
   184
    72
    33
    60
    76
    80
    18
    66
    29
     0
     7
     0
     0
     0
     0
   128
     9
    63
    68
    63
    35
    58
    41
    26
    13
    48
    18
    74
    30
    63
    57
     8
    45
     0
     7
     2
     0
     0
     0
    31
    30
   157
   104
    74
    26
    62
    29
    18
    24
    71
    29
    13
    24
   109
    20
    27
     7
     0
     0
     0
     0
     6
     6
    40
   180
   218
    18
    32
    60
    38
    54
    55
    65
    56
    28
    28
    62
    46
    39
    20
    77
     0
     0
     0
     0
     0
     1
    24
   124
     6
   149
    41
    28
    39
    53
    78
    37
    28
    25
    47
    34
    71
   206
    42
    17
     0
     0
     0
     2
     0
     0
    12
    63
   236
   143
    54
    24
    39
    74
    61
    25
    38
    26
    34
    40
    55
    49
    53
    26
     0
     4
     0
     4
    10
     2
    36
    76
   146
   148
    25
    50
    27
     8
    29
    21
    32
    37
    27
    26
    87
   245
    30
    40
     0
     1
     2
     0
     0
     0
    36
   103
   155
    24
   191
    21
   161
    58
    39
    17
    32
   108
    44
    70
    39
    46
    42
    32
     0
     7
     0
     0
     0
     5
    20
    69
    60
    64
    63
    16
    21
    38
    57
    71
    41
   124
    20
    22
    40
    49
    29
    95
     3
     0
     5
     0
     0
     0
    18
    18
   158
   163
    37
    89
    42
    47
    24
    17
    13
    27
   191
    18
    67
    80
    23
    13
     0
     0
     4
     3
     1
     3
    47
   192
    65
    15
    20
    37
    54
   129
    67
   202
    28
    28
   171
    24
   107
   183
    19
    33
     9
     2
     0
    14
     0
     0
    68
   154
   200
   115
    89
    82
    27
    48
    35
    36
    67
   105
    32
    61
    87
   112
   103
    32
     8
     0
     0
     0
     1
     0
    34
    31
   145
    81
    27
    27
    37
    35
    32
    20
    60
    22
    34
    24
    16
    34
    29
    23
     2
     0
     7
     0
    11
     2
    94
   131
   108
   126
    34
   203
    16
    49
    62
    25
    46
   168
    33
    21
   174
    74
    17
    59
     0
     0
     3
     1
     0
     0
    52
    23
   181
   106
    13
    44
    66
    10
    21
    22
    28
    18
    10
   162
    21
     4
    24
    28
     0
     7
     0
     0
     0
     3
    14
    81
   142
   117
    23
    62
    27
    23
    25
    38
    70
    19
    31
    24
    31
    75
    22
    60
     0
     6
     0
     0
     6
     5
    35
    44
   156
   257
    72
    21
     6
    68
     9
    10
    38
    18
    20
    58
   213
   108
    18
    56
     0
     8
     0
     0
    10
     2
    48
    87
   233
    66
    65
    40
    92
     3
   154
   102
    33
    23
    35
    23
    84
   313
    50
    34
     2
     4
     0
     0
     4
     0
    45
    23
   208
    37
    24
    42
    32
    32
   131
    50
    33
    45
    56
    39
    32
    32
    46
    99
     0
     5
     0
     3
     0
     0
    29
    47
   134
    95
    26
    32
    46
    39
    36
    26
    20
    28
    27
    68
   195
    26
    25
    27
     5
     0
     0
     0
     4
    18
    10
   106
   146
    73
    20
    27
    30
    24
    34
    10
    48
    15
    52
   170
    42
   109
    13
    21
     0
     2
     0
     0
     6
     0
    35
    72
   162
   102
    22
    27
    20
    38
    22
    88
    24
    35
    12
     6
   205
    86
    23
    17
     0
     0
     0
     0
     0
     0
     0
    31
    71
   123
    43
    37
    30
    13
    16
    32
    36
    30
    50
    71
    30
   206
   100
    31
    22
     1
     0
     0
     0
     0
     0
    79
    62
   143
    25
    47
    17
    16
    16
    30
    33
    94
    30
    42
   145
    22
    74
    26
     7
     0
     0
     8
     0
     0
     0
    65
   163
   226
    35
    14
   176
    52
    17
    17
    90
    39
    40
    45
    42
   162
   106
    35
    28
     0
     0
     0
     3
     0
     0
    60
    84
   189
    54
    61
    33
    50
    23
    29
    45
    31
    45
    60
    47
    72
    68
    26
    30
     0
     0
     1
     0
     0
     0
    13
   130
   173
    81
    24
    28
    23
    74
    39
    47
    64
    33
    55
   169
    19
    23
    24
    38
     0
     0
     0
     6
     0
     5
    27
    62
   113
   107
    28
    33
    34
    24
    32
    39
    29
    12
    33
    17
    80
   103
    23
    21
     3
     0
     9
     0
     0
     2
    28
    46
   221
    75
    55
    45
   138
   111
   149
    37
    29
    15
    15
    66
    70
    26
    76
    51
     3
     5
     0
     7
     2
     2
    39
   177
   197
   223
    20
    27
    77
   164
    57
    20
    10
    85
    90
    25
    47
    47
    30
    12
     6
     2
     2
     0
     0
     0
    37
   117
   154
   130
    25
    52
    22
    79
    29
   181
    48
    20
    23
    29
    75
    21
    30
     3
     0
     3
     5
     9
     8
     0
    32
   216
    88
    82
    42
    82
    13
    35
    23
    50
    33
    42
    39
   125
   266
    66
    25
    22
     7
     1
     0
     0
     0
     0
    26
    99
    36
   152
    58
    41
    91
    29
    38
    43
    30
   121
    38
    37
    83
    79
    40
    70
     0
     3
     1
     0
     6
     1
   112
    21
   172
    23
    30
    41
    27
    44
    39
    60
    11
    12
    22
    26
    48
    25
    51
    70
     0
     0
     0
     4
     0
     0
    64
    27
   101
   115
    22
    26
    27
    80
    19
    44
    82
    31
    36
    61
    49
   124
    27
    21
     0
     0
     0
     0
     0
     0
    34
    99
   247
    73
    23
    79
    65
    23
    68
    66
    26
    23
    33
    82
    31
    80
    15
    45
     0
    14
     0
     1
     0
     0
    52
    84
   202
    37
    28
    25
    30
    31
    28
    25
    22
    22
    32
    14
   208
    29
    51
    48
     1
     8
     5
     0
     0
     0
    51
    46
   264
   192
    23
    13
    20
    37
    36
    29
   113
    88
    95
    20
   105
   103
    26
    10
     1
     0
     0
     0
     0
     0
    42
    55
   232
    89
    27
    11
    21
    22
    23
   102
   220
   166
    67
   179
    76
    25
    32
    36
     2
     9
     0
     1
     0
     3
   131
   163
   104
   105
     6
    39
    29
    24
    59
    58
    33
    41
    80
    70
   135
    39
    29
    52
    11
     0
     0
     8
     0
     0
    22
   114
    16
   246
    38
    32
    70
    91
    32
   214
    14
    57
   161
    74
   107
    25
    47
    68
     5
     5
     4
     0
     0
     9
   119
    52
   179
   125
    35
    20
    89
   104
    24
    38
    28
    37
    32
    35
    25
    26
    28
    17
     0
     2
    11
     0
     6
     0
    52
    70
    96
   184
    34
    66
    41
    17
    29
    69
    20
    55
    57
    17
    75
    73
    22
    27
     4
     0
     0
     0
     0
     0
    21
   222
   100
    58
    16
     4
    33
    18
   102
    24
    87
    37
    58
    47
    53
    22
    48
    88
     0
     0
     7
     4
     0
     0
    73
   134
   112
   121
    11
    20
    37
    34
    23
    20
    35
    25
    31
    44
    73
    54
    27
    44
     0
     8
     0
     2
     0
     0
    39
   151
   266
   236
    49
    27
    52
    64
   205
    90
    57
    81
    58
    94
    58
    20
    26
    56
     0
     0
     0
     0
     0
     0
    50
   112
   348
   146
    42
    38
    21
    50
    23
    56
    60
    59
    44
    41
    94
    77
    80
    24
     0
     3
     3
    10
     6
     8
   106
   133
   112
   106
    34
    36
    22
    69
     7
    43
    24
    45
    59
    55
   124
    88
    16
    55
     0
     6
     8
     0
     0
     2
    33
    19
    64
   169
    19
    54
    62
    53
    25
    30
    27
    14
    45
    17
   295
   162
    20
    25
     0
     0
     0
     0
     7
     3
    29
   154
   173
   107
    50
    36
    53
    26
    14
    34
    18
    75
    37
    23
    64
    66
    56
    27
     6
     0
     0
     0
     2
     0
    37
   120
   225
    84
    21
    40
    29
    22
    28
    46
    47
    21
    24
    15
    19
    77
   179
    31
     0
     0
     1
     4
     0
     0
    96
    25
   101
    71
    33
    68
    58
    32
    29
    34
    31
   120
    33
    26
    39
   141
    32
    30
     0
     0
     1
     6
     0
     0
    50
    76
   179
    74
    27
    38
    45
    40
    33
    45
    24
    28
    26
    75
    29
   110
    85
    39
     2
     0
     0
     0
     0
     2
    26
   108
    92
    70
    52
    48
    27
    17
    37
    86
    41
    32
    72
    25
   293
    66
    25
    43
     4
     7
     0
     0
     0
     0
    82
    18
   151
    62
    33
    23
   242
   155
    24
    30
    55
    22
    40
    62
   160
   229
    20
   152
     4
     0
     7
     3
     0
     0
    54
    50
   324
    95
    27
    17
    45
    25
    71
   136
    18
    55
    80
    84
    70
     9
    22
    18
     0
     0
     7
     0
     4
     0
   105
    79
   221
    95
    26
    29
    69
    88
    14
    26
    44
    35
    89
    29
   204
   160
    84
    25
     0
     0
     8
     6
     6
     0
    62
    49
    91
   109
   175
    27
    57
    17
    28
    35
    48
    33
    34
    37
     9
   206
    40
    57
    12
     0
     0
     1
     8
     6
    49
   110
   249
   268
    59
    27
    33
    25
    41
    15
    58
    36
    21
   159
   217
    30
    24
     6
     7
     3
    12
     0
    10
     2
    65
   303
   218
    73
    36
    56
    45
    69
    50
    59
   295
    51
    71
    84
    64
    42
    58
    46
     0
     1
     2
     5
    11
     4
    45
   117
   112
   190
    15
    66
    29
    28
    65
    24
    22
    39
   162
    35
    39
    84
    40
    55
     2
     0
     0
     0
     0
     2
    50
    93
   118
   130
    30
    21
    16
    49
    33
    78
    47
    51
    50
   110
   155
    29
    33
    42
     0
     0
     0
     3
     0
     0
    22
    98
    32
   111
    20
     9
    46
    38
    39
    82
    46
    42
    33
    38
    51
   108
    52
    45
     8
     0
     0
     0
     0
     0
    36
   153
   108
    76
    56
    22
    46
     8
    45
    38
    47
    78
    81
    66
    45
   105
    47
    23
    13
     0
     8
     0
     3
    12
    36
   178
   116
   153
    65
    16
    28
    31
    33
    27
    44
    10
    10
    26
    64
   202
    76
    71
     0
    14
     6
     0
     0
     0
    39
    31
   193
    94
    81
    31
    52
    22
    83
    20
    21
    43
    34
    25
   165
    17
    52
    19
     1
     5
     4
     0
     0
     0
    55
   152
   210
   251
    30
    39
    72
    29
    55
    31
    12
    49
    10
    22
    67
    70
    32
    86
     8
     0
     6
     0
     1
     2
    70
   131
   208
    88
    55
    97
    25
    26
    65
   103
    61
    53
   121
   163
    34
    39
    83
    74
     5
     5
     0
     0
     0
     0
    71
    59
   191
   109
    15
    36
    31
     7
    36
    46
    33
    69
    54
    22
    14
   170
    15
    93
     0
     0
     4
     0
    15
     0
    34
   166
    76
   188
    40
    30
    39
     5
    28
    70
    48
    31
    57
    40
   158
    56
    33
    13
     0
     1
     8
     0
     0
     0
   118
   149
   115
    23
    89
    97
    39
    25
    27
    26
    50
     4
    57
    32
    66
   121
    41
    40
     1
     2
     5
     0
     1
     0
    28
   117
   138
    36
    68
    59
    23
    18
    38
    71
    43
    26
    67
    70
   279
   107
    52
    26
     0
     7
     1
     5
     2
     0
    44
    59
    46
   144
    31
    25
    28
    30
    33
    42
    62
    70
    81
    56
   279
   190
    28
    22
    10
     0
     3
     0
     0
     0
    59
   122
   397
   126
    18
    88
    39
    72
    57
    25
    41
    58
    81
    30
    76
    39
    43
    47
     0
     0
    10
     0
     0
     0
    20
   119
   397
   143
    42
   100
    28
    29
    30
    98
    22
    31
   204
    35
    74
   181
    25
    41
     0
     0
     6
     2
     0
     0
    19
    15
   104
    73
    58
    16
    35
    36
    51
   126
    51
    87
    33
    30
   276
    19
     1
    13
     0
     0
     3
     1
     0
     0
    38
    39
   292
    93
    53
    21
    56
    38
    49
    10
    27
    30
    25
    77
    60
    29
    49
    36
     3
     0
     5
     3
     1
     9
    19
    28
   191
   243
    82
    41
    46
    21
    30
   185
    26
    48
    24
    51
   191
    77
    28
    34
     5
     0
     0
     7
     0
     5
    59
   102
    58
   123
     7
    32
    18
    28
    39
    48
    35
    43
    40
    20
    67
    90
    92
    36
     0
     0
     0
     0
    10
     0
    48
    73
   203
   124
    15
     9
    11
    42
    26
    34
    48
    29
    24
    11
    96
    50
    26
    49
     0
     7
     0
     1
     0
     0
    54
   142
   164
    42
    50
    69
    12
    27
   160
    22
    26
    39
    33
    30
   262
    82
    31
    59
     2
     1
     0
     0
     7
    11
    43
    86
   367
   184
    29
    70
    45
    14
    37
    22
    20
    49
    31
    56
   165
   112
    44
    18
     0
     0
     0
     0
     0
     0
    84
   162
    46
   183
    37
    39
    27
    18
    33
    34
    39
    50
   170
   113
   103
   164
    42
     0
     0
