    26
     0
     7
     0
     0
    59
    56
    95
    76
    22
    33
    92
    93
    16
    33
    10
    21
    35
    34
    72
    35
    44
    38
     1
     4
    11
     0
     0
     5
    63
    61
    87
    92
     2
    17
    22
    29
    24
    44
    23
    33
    73
    89
    75
    27
    31
    31
     0
     0
    10
     0
     0
     0
    33
   105
    99
   180
    21
    65
    25
    19
    83
    43
    69
    31
    16
    24
    65
    61
    40
    26
     0
     0
     1
     0
     0
     2
    36
   105
   306
   145
    26
    31
    39
    36
    36
    30
    22
    32
    31
    20
   245
    28
    22
    23
     0
     3
     0
     3
     5
     0
    38
    62
   153
    36
    38
    55
    26
    70
    33
    12
   161
    19
     7
   184
    24
   171
    22
    49
     0
    10
     0
     0
     0
     0
   108
    38
   159
   173
    66
    26
    58
    27
    27
    49
    24
    38
    29
    48
   223
    13
    34
    77
     7
     0
     0
     0
     0
     0
    23
   137
   224
   190
    40
    58
    25
   110
    24
    25
    26
    34
    31
   172
    84
    80
    43
    66
     3
     0
     3
     0
     0
     0
    18
   139
   102
   202
    45
    90
    26
    82
    27
    57
   168
    19
   117
    22
    46
    38
    14
    10
     2
     0
     0
     0
     0
     0
    77
    35
   217
    73
    17
   102
    44
    26
   187
    22
     3
    35
    35
    31
   184
   161
    12
    65
     0
     0
     3
     6
     0
     0
    29
   176
    93
    21
    19
    21
    21
    18
    20
    23
   172
    33
    29
    31
   184
    33
    10
    73
     0
     0
     0
     0
     0
     0
    26
    57
    72
   204
    33
    12
    38
    86
    23
    28
    54
    11
   222
    57
    14
    29
    78
    21
     0
     0
    10
     0
     5
     6
    20
    84
   110
   116
    15
    62
    27
    31
    25
   206
    14
    25
    47
    23
    76
    24
    30
    25
     0
     0
     3
     7
     2
     0
    38
    66
   233
   122
    45
    54
    25
    23
    53
    40
    40
    15
    66
    64
    33
   162
    13
    61
     8
     5
     9
     0
     0
     0
   120
    57
   269
   105
    47
    59
    34
    44
    41
    29
    33
    47
    45
    89
   108
   122
    40
    16
     0
     0
     3
     0
     0
     0
    31
    56
   188
    98
    34
    24
    14
    42
    78
    28
    21
    29
    22
    34
    87
    21
    72
    41
     4
     0
     0
     0
     5
     0
    27
    48
   112
   119
    26
    34
    42
    18
    40
    10
    17
    62
    86
    28
    15
    38
    49
    48
     0
     0
     0
     0
     0
     0
    25
   182
    58
    32
    19
   109
    18
    27
   230
    42
    62
    16
    31
    16
   104
   115
    37
    23
     0
     0
     0
     0
     0
     0
    36
   106
   137
   234
   189
    83
    81
    53
    30
    40
    79
    41
    36
    12
   101
    52
    48
    79
     0
     8
     0
     0
     1
     0
    22
   110
   336
    78
    24
    17
    20
    36
    20
    28
    24
    54
     7
    23
    83
    32
    22
    34
    14
     0
     0
     0
     3
     0
     7
   107
   106
   114
    48
    46
    21
    38
   166
    51
    55
    32
    46
    17
    88
    72
    32
    35
     2
     0
     0
    11
     6
     0
    64
    79
   137
   145
    47
    40
    30
    70
    70
    13
    18
    43
    63
   178
   124
   144
    27
    28
     5
     3
     0
     0
     0
     0
     8
   168
    46
    39
    15
    17
    64
    19
    11
    14
    46
    33
     6
    28
    70
   139
    87
    35
     0
     0
     0
     0
     1
     0
    19
    17
    52
   151
    44
    30
    35
    38
    11
    78
    73
    62
    23
    20
    67
   180
    28
    42
     0
     0
     0
     0
     3
     0
    79
    92
   133
    73
    54
    61
    29
    36
    46
    58
    44
    50
   228
    24
    73
    66
    29
    15
     0
     0
     4
    10
     5
     1
    31
    51
   135
    25
    74
    99
    28
    62
    52
    35
    34
    36
    49
    60
    81
    26
    45
    16
     0
     0
     1
     0
     0
    15
    22
   128
   198
    83
    58
    69
    75
   165
    75
    32
    60
    23
    50
    23
    38
    30
    20
    31
     0
     0
     7
     0
     0
     0
    26
   106
   130
   175
    40
    72
    42
    33
    34
    30
    35
    68
    99
    28
    75
    84
    21
    33
     0
     4
     0
     2
     1
     0
    79
    70
    83
    32
    30
    47
    42
   110
    27
    14
    13
    40
    29
    48
    51
    42
    25
   107
     0
     0
     0
     0
     0
     9
    18
   142
    74
   101
    68
    23
    26
    27
    48
    15
    24
    40
    42
   132
    26
    74
    40
    52
     0
     5
     0
     0
     0
     0
    27
   235
    93
   239
    35
    18
    11
    34
    12
    19
    40
    33
    30
    67
    58
   108
    61
    33
     0
     7
     0
     1
     0
     6
    86
   114
   222
    77
    43
    59
    47
   159
    49
    33
    29
    42
    83
    22
    48
   196
    52
    23
     0
     0
     5
     0
     0
     0
    17
    69
   117
    99
    25
    38
    87
    24
    34
    31
    15
    64
    22
    29
    21
    71
    22
    48
     1
     0
     5
     2
    14
     0
    28
    26
   187
    52
    23
    38
    29
    18
    94
    26
    14
    16
    28
    29
    62
    13
    29
    20
     0
     1
     0
     0
     0
     0
    70
   111
   102
    73
    47
    19
    77
    42
    41
   234
    41
    41
    48
    28
   120
    43
    40
    81
     3
     0
     0
     0
     1
     7
    47
   170
   201
   206
    42
    28
    49
    28
    37
    43
    32
    56
    12
   111
    71
    63
    34
    38
     3
     0
     0
     0
     0
     0
    23
   177
    84
   142
    30
    89
    33
    84
    81
   152
    85
    15
     9
   206
    35
   222
    22
    71
     0
     0
     0
     0
    10
     0
    27
    60
   180
   197
    40
    62
    20
    14
    21
    34
   174
   115
    27
   200
    91
   197
    35
    44
     7
     0
     7
     0
     0
     1
    31
    26
    33
   130
    19
    38
    20
    26
    29
    29
    25
     4
    14
    47
    46
   106
    55
    21
     0
    10
     0
     0
     1
     0
    18
    94
   137
    89
    54
    66
    39
    28
    34
    34
    34
    33
    16
    35
    29
     9
    44
    33
     0
     1
     0
     0
     3
     0
    22
   114
   307
   117
    23
    22
    10
    20
    50
    77
    14
    29
    49
   161
    62
   118
    84
    24
     0
     1
     0
     0
     0
     0
    26
    32
   132
   146
    31
    33
   238
    19
    17
    20
    36
    61
    68
    42
   222
    73
    37
    30
     0
     0
     1
     0
     0
    10
   130
    84
    56
    99
    52
    70
    39
    37
    12
    48
    30
    64
    39
    36
    72
    21
    24
    18
     0
     0
     0
     4
     3
     0
    33
    25
    62
   101
    23
    81
    54
    31
    25
   154
    48
    81
    39
    24
    71
    91
    40
    21
     2
     0
     2
     7
     5
     0
    48
   104
    77
   129
    28
    18
    70
    33
    34
    35
   214
    79
    29
    31
   191
    42
    67
    18
     0
     0
     0
     0
     0
     0
    62
    99
    77
   153
    21
    43
    91
    57
    70
    22
    29
    14
    39
    43
    15
    41
    24
    72
     0
     3
     2
     0
     4
     0
    17
    98
   157
   129
    30
    87
    38
    42
    33
    11
    35
    11
   162
    36
    10
    22
    37
    52
     0
     0
     3
     0
     6
     3
    76
    23
   198
   147
    49
    21
     9
    29
    74
    19
    52
    32
    18
   102
   115
    43
    34
    25
     0
     2
    13
     0
     0
     2
    44
   131
   162
   155
    32
    28
    45
    31
    23
    78
    45
    48
    43
   186
   282
   109
    28
    47
     4
     0
     0
     0
     4
     0
    39
   114
   161
     9
    21
    32
    22
   103
    19
    31
    24
    22
    22
    36
    23
   118
    42
    38
     1
     0
     0
     0
     2
     0
   100
    62
   147
    86
    13
    21
   104
    67
    24
    51
    19
    41
    23
    28
    74
   277
    22
     6
     0
     0
     7
     0
     0
     6
    79
   175
    63
    75
    24
   205
    34
    14
    54
    66
    21
    12
    58
    24
    23
    61
    70
    20
     4
     0
     0
     0
     0
     6
    23
   125
   365
   100
    23
     9
    42
    36
    85
   161
    23
    30
    60
    28
    70
    21
    66
    19
     0
     1
     0
     2
     3
     2
   115
   178
   163
    63
    13
    42
    15
    28
    33
    42
    57
    98
    59
    44
   346
    33
    31
    22
     0
     0
     0
     0
     3
     0
    36
    80
   270
    56
    23
    42
    22
   161
    55
    24
    27
    18
    10
   167
   171
   101
    32
    28
     0
     0
     0
     0
     0
     2
    70
    37
   342
   109
   181
    58
    19
    71
    24
    71
    27
    60
   184
   177
    78
    95
    32
    43
     0
     0
     0
     0
     0
     2
    40
   138
   137
   144
    62
    36
    45
    36
    27
    34
   177
    23
    32
    85
   193
    55
    14
    80
     0
     0
     1
     0
     2
     0
    30
   155
   117
    46
    76
    29
    69
    29
    19
    17
    24
    47
    21
    26
    85
    94
    55
    35
    10
     0
     0
     2
     4
     5
    31
    33
   236
    79
    62
    27
    50
    84
    48
    24
    25
    44
    28
    23
    37
   130
    27
    16
     7
     7
     0
     1
     0
     0
    56
    51
   139
   198
    50
    97
    38
    69
    43
    44
    63
    39
    13
    16
   206
    24
    30
     8
     0
     0
     0
     0
     2
     3
    39
   107
   204
    90
    51
    78
   180
    24
    33
    16
    32
    30
    19
    30
    62
    41
    45
    34
     0
     5
    10
     3
     0
    10
    19
    88
   105
    19
    17
    39
    21
    20
    90
    32
    24
   163
    64
    23
   163
    76
    42
    15
     0
     3
     1
     0
     0
     0
    78
   110
   182
   178
    70
    57
    74
    90
    31
    98
    31
    31
    26
    53
   132
    79
    37
    31
     0
     5
     0
     0
     0
     0
    67
   114
   269
    98
    31
    15
    52
    68
    51
    43
    39
    51
    50
    78
    58
   129
    49
     6
     1
     3
     3
     0
     2
     0
    25
    94
    82
    15
    51
    20
    45
     4
    19
    39
    65
    39
    18
    36
   116
    98
    47
    19
     0
     0
     0
     0
     0
     0
    86
   151
   144
    15
    37
    27
     9
    16
    43
    27
    35
    25
   195
    23
   111
   186
    25
    27
     5
     0
     0
     0
     0
     0
    69
    63
    51
    64
    32
    30
    46
    25
    26
    49
    93
    28
    14
    30
    55
   228
    12
    38
     0
     0
     0
     8
     9
     0
   150
    74
    89
   123
    43
    18
   186
    47
    92
    47
    27
    78
     8
     6
   380
    73
    15
    35
     7
     0
     0
     6
     0
     0
     9
    57
    15
    62
    21
    30
    64
    57
    23
    62
    35
    68
    26
    15
    61
   107
   119
    47
     0
     0
     3
     2
     0
     0
   103
    84
   193
   103
    16
    33
    45
    50
    28
    29
    76
    38
    55
    37
    42
   132
    86
    46
     0
     2
     7
     8
     0
     7
    19
   148
   117
   114
    24
    65
    37
    87
    33
    30
    34
    49
    60
    38
    67
    69
    39
    31
     0
     5
     0
     6
     0
     0
    63
   112
   152
    10
    30
    22
    17
    76
   154
    31
    28
   161
   180
    28
    71
   106
    38
    37
     0
     0
     0
     0
     3
     0
    27
    58
   212
    93
    23
    40
   116
    44
    35
    62
    20
    83
    26
    31
   114
    92
    33
    14
     6
     5
     1
     0
     0
     0
    25
   141
   169
   197
    42
    87
    19
    12
    49
    17
    72
    24
    34
    21
    55
   127
    16
    72
     0
     0
     0
     4
     0
     0
    77
    74
   305
    29
    19
    21
    35
    32
    50
    39
   192
    72
    29
   164
   111
    73
    15
    30
     0
     0
     7
     0
     5
     0
    43
    27
   160
   116
    29
    18
    26
    40
    29
    30
    86
    37
    38
    37
    91
    73
    16
    29
     0
     3
     0
     0
     1
     7
    71
   129
   179
     7
    35
    65
    46
    49
    47
    22
    83
    39
    34
    63
    88
    78
    22
    26
     2
     0
     0
     0
     2
     0
   105
   230
   111
   155
    22
    18
    31
    83
    45
    31
    56
   151
    73
    30
    28
    65
    32
    21
     0
     0
     5
     1
     2
     0
    29
    56
   152
   127
    33
   184
    37
    39
    30
    29
   174
    58
    26
    37
    30
    28
    11
    61
     1
     7
     0
     4
     0
     0
    55
    65
   179
   151
    74
     5
    33
    79
    44
    26
    48
    13
    36
   150
    34
    19
    46
    28
     9
     0
     0
     0
     0
     4
    35
    35
    90
    33
    32
     6
    31
    13
    80
   171
   100
    81
    60
    10
    20
    27
    40
     1
     0
     0
     0
     0
     0
     1
    32
   169
    11
    72
    27
    14
    61
    16
    13
    29
    34
    30
    45
    19
    51
     7
    26
    27
     0
     0
     0
     0
     0
     0
   112
    54
   265
    58
    48
    39
    40
    64
    44
    18
    40
    20
    24
    86
    58
    17
    37
    26
     4
     0
     8
     1
     0
     0
    14
   110
    18
    74
    26
    32
    39
    22
    43
    35
    18
    69
    82
    41
    47
    40
    22
    11
     1
     4
     0
    20
     5
     0
    26
   143
   200
    90
    44
    36
   171
    36
    36
    59
    80
    37
    82
    25
    69
   241
    24
    63
     0
     0
     3
     0
     0
     6
    76
    85
   216
    60
   203
   263
    21
    62
    49
    38
    49
    62
    56
    14
   185
   117
    19
    27
     3
     0
     0
     0
     0
     0
    22
   102
   174
    54
    28
    14
    63
   131
    74
    45
     3
    76
    24
    15
    27
    32
    31
    85
     1
     0
     0
     0
     0
     1
    27
   129
   288
   107
   129
   168
    16
    16
    15
    28
    16
    76
    41
    24
   204
    27
    35
    73
     0
     0
     3
     2
     0
     0
    83
   258
   220
   108
    67
    23
    45
    29
    69
    24
    39
    18
   210
   185
    69
    60
    35
    34
     0
     7
     5
     0
     0
     0
    38
    15
   188
   150
     5
    14
    86
    56
    25
    19
    17
     7
    44
    33
    47
   156
    29
    13
     2
     0
     0
     0
     0
    11
    15
   116
   272
    73
    23
    37
    70
    36
    45
    31
    15
    40
    25
    23
   250
   166
    33
    43
     0
     0
     0
     0
     3
    10
    28
   224
    39
    13
    22
    35
    40
    28
    36
    43
    18
    41
    30
    17
   138
    36
    43
     0
     0
     0
     0
     3
     0
    27
    52
   100
    67
    57
    69
    22
    46
    17
    17
    27
    21
    59
    48
    60
    45
    28
    19
     0
     1
     8
     2
     5
     0
    49
    66
    73
   122
    28
    13
    38
    50
    36
    31
    15
    11
    11
    21
    27
   177
    20
     9
     0
     0
     0
     0
     5
     0
    33
    62
   122
    80
    24
    13
    53
    26
    32
    69
    22
    55
    29
    24
    71
    31
    22
    12
     0
     0
     0
     0
     0
     2
    61
   132
    66
   102
    30
    36
    67
    16
    21
    30
    17
    13
    10
    14
   121
    67
    33
    41
     2
     0
     0
     0
     0
     0
    65
   124
    99
   243
    24
    53
    27
    67
    20
    19
   167
     7
    65
    31
    32
   101
   136
    78
     0
     7
     0
     0
     4
     2
    69
   124
   143
   120
    44
    52
    62
    77
   100
    36
    35
    20
    35
    41
   106
    69
    30
    24
     6
     0
     0
     0
     0
     0
   112
   160
   329
   110
    38
    36
    41
    23
    33
    39
    42
    22
    27
   119
    82
    58
    41
    42
     3
     0
     2
     0
     0
     2
    80
    62
   110
    57
    68
    25
   111
    30
    32
    25
    37
   157
    31
    88
    65
    80
    45
    48
     0
     7
     0
     0
     0
     0
    35
    36
   136
   105
    61
    33
    67
    42
    27
    11
    37
    40
    38
    26
    32
    25
    42
    29
     6
     0
     6
    12
     0
     1
    90
    61
   127
   138
    37
    23
    26
   169
    26
    39
    28
    30
    21
    31
    84
    27
    22
    11
     1
     0
     2
     0
     0
     0
    23
   174
   140
    70
    59
    28
    18
    20
    28
    68
    20
   101
    36
    35
    14
   220
    47
    20
     0
    10
     5
     1
     0
     0
    57
    25
    82
    82
    32
    30
    74
    25
    27
    39
    30
    26
    14
    90
    69
   113
    67
    88
     0
     0
     8
     0
     0
     0
    62
    82
   158
    53
    36
    41
    41
    28
    19
    21
    75
    26
    24
    32
   178
    47
   188
   119
     0
     0
     4
     1
     0
     0
    30
    85
   250
    60
    69
    24
    36
    26
    24
    11
    33
    19
    69
    67
    69
    26
    20
    70
     0
     4
     0
     5
     0
     9
   148
    95
   163
    89
    22
    38
    49
    12
    26
    65
    14
   227
    31
   193
    47
    65
   146
    38
     6
     0
     0
     0
     9
     0
    14
    14
   209
    25
    15
    64
    21
    50
    39
     3
    22
    46
    30
   316
   109
    52
    37
    80
     8
     0
     1
     6
     0
     0
    29
    70
    80
   153
   102
    39
    24
    17
   161
    36
    74
    30
    70
    60
    49
    38
    25
    37
     2
     0
     0
     7
     6
     0
    22
   167
    44
    60
    70
    23
    34
    29
    22
    32
    28
    27
     8
    42
   163
    23
    73
    37
     0
     0
     5
     0
     9
     1
    26
    70
   129
    95
    11
    38
    18
    70
    45
    63
    41
    23
    28
    17
   239
   113
    33
   203
     8
     0
     4
     3
     0
     5
    15
   123
   175
   212
    36
    22
    22
   168
   136
    14
    98
    38
    31
    33
   103
    47
    41
    69
     6
     0
     3
     0
     0
     9
    37
   168
   363
    23
    51
    90
    38
    24
    70
    20
    20
    67
    52
    35
    65
   122
    25
    57
     5
     8
     4
     0
     8
     2
    45
    36
    18
    58
    26
    23
    61
    47
    40
    46
    73
    20
    26
    30
   187
    70
   155
    27
     0
     5
     0
     0
     0
     0
    26
   125
   107
   100
    17
    39
    16
     3
    56
    31
    12
    26
    52
   167
     5
   205
    34
    32
     0
     0
     0
     0
     0
     1
    22
    58
   168
    64
    26
    17
    28
    74
    13
    31
    17
    74
     7
    13
    26
    75
   111
    28
     7
     6
     3
     1
     1
     1
    22
   101
   261
    95
    24
    34
    35
    40
    22
    33
    31
   177
    35
    22
    16
    64
    18
    21
     4
     0
     0
     0
     4
     0
    34
    94
   152
   159
    20
    31
    31
    12
    18
    23
    11
    32
    58
    21
    72
    42
    37
    40
     0
     0
     0
     0
     0
    11
    15
    71
   180
   182
    93
    20
    68
    23
    56
    18
    16
    26
    70
    40
    56
    74
    34
    86
     0
     3
     0
     0
    10
     0
    98
   126
    95
   139
    84
    72
    53
    18
    28
    37
    37
    29
    36
    49
    61
    14
    42
    41
     0
     0
     0
     3
     7
     0
    66
    69
    64
   107
   104
    36
    15
    22
    30
   166
    34
    49
    48
    28
   109
   122
     7
    44
     0
     3
     5
     7
     0
     2
    20
   179
   101
    25
    17
    28
    24
    19
    29
    20
    25
    34
    32
    18
    61
    88
    45
    39
     0
     0
     0
     0
     0
     0
    18
    94
   112
    69
    78
   171
     5
    64
    70
    33
    16
    34
   162
    79
    65
    50
    42
    30
     0
     9
     0
     0
     8
     1
    24
   131
    78
    79
    33
    41
    14
    27
    19
    61
    25
    13
    37
   199
    60
    72
    25
    68
    11
     5
     0
     6
     0
     2
    15
    23
   141
   174
    29
    27
    25
    22
    57
   179
    26
    32
     5
    32
    57
    67
    33
    23
     0
     0
     4
     0
     0
     4
   101
    87
   154
   103
    13
    48
    37
    76
   182
    27
   208
    33
    16
   217
   167
    97
    24
    23
     0
     0
     0
     2
     6
     0
    21
   148
   249
    97
    33
    35
    24
    50
    24
    70
    23
    53
    74
   172
    49
    83
    15
    35
     0
     0
    12
     2
     7
     0
    28
   101
    68
    64
    34
    37
    57
    10
    48
    16
    40
    58
    22
    20
    11
    46
    47
    52
     0
     0
     0
     0
     0
     0
    16
     5
   271
    53
    16
   181
    73
    19
    50
    86
    73
    15
    21
    35
    93
    19
    28
    59
     0
     7
     0
     0
     3
     6
    21
   149
   254
   105
    22
    26
    42
    30
    31
    12
    47
    27
    65
    22
    23
    29
    40
    15
     0
     0
     0
     0
     0
     5
    95
    97
   176
    61
    19
    37
    40
    20
    22
    15
   157
    29
    18
   195
    22
    72
    11
    68
     0
     0
     6
     0
     0
     3
    96
   117
   238
    19
    37
    28
    30
    44
    29
    10
    26
    28
    38
    38
    55
    74
    52
    56
     4
     0
     0
     0
     9
     0
    39
    92
    63
   185
    13
    49
    32
    67
    33
    86
    50
    34
    39
    56
    21
    32
    19
    23
     0
     0
     0
     0
     0
     0
    57
    63
   192
   182
    38
    33
    50
    24
    21
    27
    25
    69
    26
    31
   115
    48
    19
    33
     0
     0
     0
     7
     1
     3
    44
   266
   235
   108
    45
    29
    14
   105
    14
    20
    33
    28
    22
    29
   141
    11
    33
    27
     0
     0
     1
     0
     0
    10
    10
   135
    99
    70
    65
    30
    47
    41
    39
    60
    33
    17
    16
    58
    56
    19
    12
     8
     0
     0
     0
     0
     8
     9
    19
    19
   151
    66
    36
    23
    22
    62
    26
    61
   152
    26
    73
    76
   237
    18
    41
    60
     0
     0
     0
     0
     0
     0
    40
    20
   140
   136
    43
    18
    45
    20
    62
    17
    48
    22
    54
    52
   197
    86
     4
    31
     0
     0
     0
     5
     8
     0
    31
    72
   145
   117
    33
    15
    29
    57
    35
    25
    25
   171
    15
    25
    34
    23
    21
     7
     0
     0
     0
     0
     0
     0
    69
   110
   126
   187
    75
    11
    11
   119
    77
    18
    32
    21
    29
    18
    72
    35
    11
    11
     7
     0
     0
     0
     0
     5
    24
   110
   145
   103
    21
    44
    48
   180
    72
    33
    34
    22
    57
    92
   121
    64
    43
    20
     0
     0
     0
     0
     0
     3
    27
    41
   187
    61
    43
    27
    12
    13
    16
    67
    35
    24
    43
    87
    68
    41
    32
    27
     4
     0
     0
     8
     1
     0
    25
    13
   112
    80
    31
    79
    16
    26
    70
   185
    32
    26
    27
    29
    58
    41
    59
    23
     0
     0
     8
     0
     5
     0
     8
   101
   105
   118
    42
    14
    16
    63
    12
    62
    25
    77
    52
    11
    65
    19
    68
    22
     0
     7
     8
     0
     0
     0
    18
   191
   351
    67
    42
    50
    29
    32
    86
    31
    30
    31
    32
    42
    17
   142
    24
    56
     0
     2
     0
     0
     0
     0
    28
    28
    93
    57
    27
     6
    64
    66
    26
    36
   164
    59
    17
    47
   101
    19
     6
    56
     5
     5
     0
     4
     0
     2
    16
   208
   123
   110
    18
    82
    80
    41
    38
    31
    16
    26
    53
    17
    65
    68
    44
    38
     0
     9
     0
    13
     0
     0
    15
   156
   223
    67
    34
    41
    76
    75
    23
    53
    47
    55
    77
    65
     8
    34
    16
   109
     0
     8
     0
     0
     0
     0
    57
   125
    88
    93
    29
    22
    29
    16
    97
    31
    26
    58
    39
    24
    61
    50
    45
     9
     3
     0
     0
     0
     2
     7
    54
   125
   155
   140
    35
    11
    30
    24
    51
    24
    23
    39
    12
    28
    60
    21
    31
    56
     3
     0
    10
     5
     0
     0
   175
    99
   148
   159
    31
    30
    79
    49
    23
    66
    18
    25
    24
    35
    24
    54
    26
    12
     6
     6
     0
     0
     0
     3
    38
    95
    65
    96
    41
    29
    29
    33
    72
    65
    23
    52
    11
     2
    54
    69
    23
    53
     0
     2
     0
     3
     0
     2
    32
    68
   188
    10
    23
    60
    37
    22
    53
    18
    25
    32
    52
     1
    44
    96
    26
    18
     1
     0
     2
     0
     0
     6
    21
    34
   282
   206
    63
    61
     8
    18
    29
    31
    25
    44
    44
    17
   105
    77
    28
    84
     6
     0
    13
     0
     2
     0
    91
   152
   207
    68
    41
    17
    14
   108
    24
    17
    20
    98
    78
    72
   330
   166
    40
    47
     0
     0
     7
     7
     0
     0
    39
    21
    66
   252
    26
     7
    33
   172
   125
    17
    31
    32
    20
    14
    29
    34
    20
    23
     0
     0
     0
     0
     3
     3
    23
    24
    18
    42
    20
    39
     2
    14
    28
    29
    54
    24
    28
    13
    30
    50
    65
     8
     0
     0
     0
     0
     0
     0
    68
    82
   158
    61
    88
    53
    39
   156
   169
    16
    32
    21
    34
    20
   366
    17
    20
    12
     0
     0
     0
     0
     0
     0
    17
   107
   106
   110
    17
    23
    14
    12
    42
    39
    22
    18
     7
    34
   166
    99
    42
    39
     0
     2
     4
     0
     0
     1
    49
    68
    92
   142
    30
    12
    22
    31
    26
    24
    66
    52
    15
    18
    54
    66
    34
     7
     2
     0
     0
     0
    14
     0
    75
   146
   188
   147
    51
    45
    30
    39
     9
    23
    54
    19
    70
    16
    55
   122
    61
    57
     0
     0
     0
     0
     0
     0
    55
   147
    98
   101
    26
    34
    17
    29
    31
    34
    94
    32
    20
    32
    27
   112
    22
    28
     4
     0
     0
     0
     2
     0
    17
    57
    62
    85
    18
    32
    42
    37
   164
    30
    51
    31
    95
    13
    43
    91
    92
    22
     1
     0
     0
     2
     0
     0
    20
    77
    16
     4
     9
    41
    33
    15
    32
    62
    25
    27
    45
   119
   144
    11
    33
    99
     0
     3
     0
     0
     6
     0
    20
    77
   175
    32
    15
    20
    21
    13
    41
   152
    35
    13
    25
    36
    28
   168
    27
    85
     0
     8
     0
     0
     0
     0
    34
    68
    28
   114
    25
    25
     8
    11
    19
    35
    13
    44
     9
    71
   162
    71
    42
    26
     0
     0
     0
     0
     0
     0
    70
    30
    68
    23
    40
    62
    26
   104
     7
    61
    13
    73
    74
    77
    91
    70
    45
    19
     0
     7
     0
     0
     0
     0
    36
    56
   226
    27
    56
    28
     8
    31
    29
    68
    71
    24
    55
   123
    43
   176
    22
   155
     0
     0
     0
     0
     0
     0
    81
   104
   168
    36
   199
    19
    67
    32
    53
    26
    21
    21
    91
    26
   165
    42
    36
    13
     0
     8
     9
     0
     0
     0
    11
   156
   121
    21
    57
    77
    14
    13
    50
    12
    49
    28
    24
    33
    69
    21
    12
    64
     0
     0
     0
     0
     0
     0
    17
    64
   123
    82
    49
    18
    43
    32
   164
    15
    34
    31
    22
    36
    15
    18
    71
    31
     0
     0
     0
     9
     1
     0
    69
    58
    99
    82
    71
    56
    42
    17
    26
    77
    46
    30
    15
    13
    74
   115
    66
    59
     0
     8
     8
     0
     0
     2
    51
    58
    67
    94
    10
    18
    13
    36
    40
    21
    14
    35
    26
    34
    94
    26
    13
    35
     0
     0
     0
     2
     4
     0
    66
    25
    65
   143
    15
    18
    29
    28
    55
    28
    31
    48
    42
    33
    85
    76
    47
    13
     0
     0
     5
     0
     0
     8
    84
    52
    82
   247
    17
    28
    34
    14
    69
    39
    64
    58
    34
    30
   191
    37
    30
   182
     0
     6
     0
     2
     1
     0
   118
    72
    67
   180
    41
    31
    70
    15
    63
    35
    19
    19
    23
   163
   186
    67
    22
    19
     0
     0
     2
     0
     0
     0
    16
    47
   173
   130
    12
    26
    13
    56
    12
     7
     6
    56
    18
    18
    42
    77
    82
     3
     0
     0
     4
     0
     0
     4
    33
    34
    84
   163
    34
    28
    52
    29
    26
    26
    19
    21
    14
    54
    97
    15
    20
    25
     3
     0
     2
     8
     0
     0
    12
   103
    60
   111
   100
    48
    25
    19
    24
    39
   102
    44
   175
    50
    16
    61
    70
     8
     0
     0
     2
     3
     0
     0
    10
   153
    87
    15
    18
    25
    23
    19
    40
    18
     8
   160
    29
    22
    84
    47
    22
    23
     0
     2
     2
     0
     9
     0
    73
   104
   128
   120
    36
    29
     9
    15
    13
    80
    35
     7
    22
    23
    88
    20
    31
    25
     0
     0
     0
     0
     0
     0
    78
    70
   309
    93
    17
    22
    23
    26
    60
    24
    23
    33
    49
    11
    21
    54
    37
     7
     9
     0
     0
     0
     0
     0
    52
    57
    90
   183
    22
    20
    32
     4
    45
   160
    35
    86
    79
    37
    45
    61
    57
    64
     0
     0
     0
     0
     5
     0
    40
   145
   226
    95
    36
    54
    14
    30
     9
    16
    24
   172
    22
    71
    26
    65
    27
    36
     0
     0
     7
     5
     0
     0
    79
    51
    79
    43
    25
    37
    32
    58
    14
    28
    15
    19
    13
    78
    25
    19
    17
    25
     0
     4
     0
     0
     0
     0
    44
    59
   229
    25
    25
    55
    29
    17
    22
    20
    19
    74
    26
    31
    63
    37
    15
    65
     5
     0
     0
     0
     0
     9
    56
    48
    64
    32
    37
    38
    16
    11
     7
    17
    20
    15
     6
    33
     9
    21
    66
    19
     0
     0
     0
     0
    11
     1
    18
    73
   212
    39
    42
   165
    53
    11
    24
    13
    28
    20
    33
    32
   102
    37
    24
    22
     0
     5
     0
     5
     0
     3
    18
   157
   130
    57
    45
    15
   100
    18
    41
    40
    23
    55
    21
   165
    21
    40
    46
    58
     0
     0
     4
     0
    11
     0
    60
    31
   219
   101
    21
    94
    19
    31
    16
    19
    39
    81
    64
    67
    25
   148
    40
    19
     0
     0
     0
     3
     0
     4
    33
   182
   175
     7
    55
    20
    19
    16
    12
    32
     8
    39
    30
    36
     0
    24
    25
     7
     0
     0
     0
     0
     0
     2
    28
    18
   255
   110
    61
     9
    19
    20
    46
    27
    80
    34
    26
   156
     8
    63
    51
    11
     0
     0
     5
     0
     0
     0
    55
    18
    73
    97
    11
    58
    24
   178
    19
    24
    68
    18
    43
    39
    20
   141
    24
    26
     0
     0
     0
     0
     0
     0
    18
    68
   188
    36
    15
    13
    14
     7
    25
    20
    71
    82
    45
    19
    28
   109
    54
    15
    11
     2
     0
     0
     4
     0
    16
   102
   234
    61
    24
    16
    27
    14
    28
    15
    12
    62
    54
    29
    31
    85
    25
    42
     0
     0
     4
     0
     0
     0
    73
   195
    48
    56
    64
    25
    20
    74
    58
    69
    44
    28
    40
    57
    82
    45
    58
   110
    10
     8
     0
     0
     0
     8
    92
    59
   168
   150
    38
    29
    38
    13
   164
    26
    34
    21
    35
   220
   206
    84
    54
    49
     0
     0
     0
     4
     0
     0
    31
    58
   135
   168
    60
     7
    78
    13
    26
    60
    41
    62
    19
    11
    57
    17
   115
    11
     9
     4
     8
     0
     5
     0
    34
    28
    65
   137
    12
    21
    25
    36
    17
    23
    24
    64
    18
    24
    36
    34
    33
    30
     0
     0
     0
     7
     7
     0
    51
   123
    95
    24
    14
    23
    33
    72
    20
    30
    33
    36
    25
    17
    19
   104
    14
    20
     0
     0
     0
     0
     0
     1
    47
    64
    68
    30
    15
    40
    27
    28
    26
    30
    48
    28
    15
    25
    11
    96
    16
     7
     9
     0
     0
     0
     0
     0
    32
   230
    28
   140
    21
    16
    31
    14
    21
    40
    68
    25
    13
    45
     6
    24
    10
    47
     0
     0
     0
     0
     4
     0
    31
    71
   172
    52
    22
    32
    68
    61
    25
    21
    21
    11
    69
    35
    66
    46
   148
    25
     0
     0
     0
     0
     5
     3
    27
    68
   197
    56
    34
    39
    14
    43
    39
    35
    20
   150
    45
    59
    70
    65
     5
    20
     0
     0
     0
     0
     0
     0
    32
   108
    61
    98
    25
    14
    14
    14
    20
    21
    25
    10
    24
    32
   188
   212
    25
    34
     3
     0
     4
     3
     0
     0
    32
    66
    61
    78
    26
    21
    22
    12
    53
    26
    10
    23
    39
    18
    63
   105
    46
    48
     0
     0
     0
     0
     0
     0
     0
   103
   135
    28
    17
    45
    18
    72
    24
    22
    24
    28
    16
    15
    53
    57
    18
    26
     3
     0
     0
     0
     0
     0
    17
   177
    88
    62
    13
    37
    24
    27
    53
    63
   163
    78
    27
    27
    57
    59
     7
    15
     0
     0
     1
     6
     0
     0
    61
    30
    64
    19
    16
    68
     4
     7
    21
    11
    12
    42
   103
    13
    31
    53
    36
    36
     0
     0
     0
     0
     0
     2
    30
    10
   152
   109
    27
    50
    33
   191
    10
    17
    21
    27
   191
    10
    57
    69
    60
    26
     0
     0
     0
     7
     0
     4
    33
   142
    67
   168
    16
    56
    23
    24
    33
    73
    18
     6
    56
    49
   133
   148
    23
    47
     0
     4
     5
     0
     0
     1
    48
    67
   188
    24
    84
    23
    16
    43
    10
     2
   160
    26
    28
    21
   182
    80
    19
    12
     0
     8
     0
     0
     5
     0
    17
   137
    52
    34
    24
     6
    39
    27
    66
    33
    60
    32
    14
    29
    12
   132
    36
    12
     0
     9
     0
     6
     5
     0
    85
   234
    55
    24
    20
    21
    22
     5
    46
    35
    37
    79
    33
    28
   120
    35
    12
    28
     7
     0
     0
     0
     0
     1
    33
    67
   101
    41
    25
    16
    31
    68
    40
    16
    63
    61
    20
   203
    35
    17
    17
    29
    13
     7
     0
     0
     0
     0
   122
    46
    23
   122
    28
    12
    52
    23
    67
    13
    22
    40
    33
   122
    23
    43
    12
    34
     7
     8
     0
     7
     0
     2
    24
   116
   239
    65
    91
    32
    36
    35
    30
    40
    16
    51
    44
    49
   103
    69
    46
    16
     0
     0
     0
     7
    15
     6
    24
    78
   145
    16
    11
    31
    19
    21
    24
    74
   166
    23
    29
    20
   116
    63
    30
     9
     0
     3
     6
     0
     0
     0
    10
    18
    96
   104
   166
    27
    30
    18
    18
    58
    32
    44
    31
    23
   127
    41
    12
    14
     0
     0
     0
     0
     8
     0
     6
   100
   149
   206
    26
    34
    12
    23
    31
     8
    26
    70
    30
    54
   232
    63
    19
    27
     0
     3
     0
     1
     0
     0
    32
    18
   181
    18
    40
    20
    33
    20
    38
   167
    17
    21
    10
    35
    57
    26
    16
    39
     0
     0
     5
     0
     0
     0
    20
    84
   182
    24
    85
    34
    13
    44
    22
   146
    88
    41
    30
    70
    19
    23
    57
    16
     8
     0
     0
     9
     0
     0
    48
   148
   174
    46
     9
    25
    28
    38
    57
     8
    18
    37
    22
     6
   173
    32
     0
    34
     8
     0
     0
     0
     2
     0
    25
    64
    79
    59
    35
    17
    19
   193
    37
    45
    33
    20
    37
    34
    39
    23
     6
    70
     0
     0
     8
     0
     5
     2
    31
   137
   196
    55
    61
    40
    17
    44
    40
    18
    17
    62
    53
    29
    33
   182
    22
    16
     0
     0
     0
     0
     0
     0
    34
    63
   101
    61
     6
    15
    10
    34
    89
    69
    15
   107
    23
    25
    57
    18
    71
    42
     4
     2
     0
     0
     0
     0
    17
    63
   141
   123
    46
    74
    46
    20
   176
    22
    39
    31
     7
    65
    92
    91
    17
    30
     0
     0
     0
    10
     0
     2
    36
   115
    87
    54
    17
    28
    24
    63
    17
    36
    22
    14
    41
    22
   199
    16
    41
    68
     2
     6
     0
     0
    14
     0
    33
     9
   158
   125
    17
    15
     4
    36
    25
    56
    12
    47
    33
    33
   194
   157
    25
    23
     0
     0
     0
     3
     0
     0
    12
    71
   105
    91
    25
     7
    18
    35
    55
    27
    21
    35
    31
    74
    26
   131
    10
    27
     0
     4
     0
     4
     0
     0
    58
    30
    51
    33
    34
    16
    21
    30
    31
    19
    50
    13
    77
    25
    31
    52
    15
    14
     7
     0
     0
     0
     0
     0
    38
    56
   197
   101
    22
    87
    33
    76
    17
    54
    15
    12
    24
    64
   178
    83
    34
    23
     0
     0
     2
     0
     2
     0
    65
    61
   154
    25
    47
    32
    20
    27
    33
     9
    56
   165
    35
    18
    53
    12
    13
    48
     0
     0
     0
     0
     0
     0
     9
   113
   121
    53
     5
     8
    26
    20
    48
     4
    32
    30
    42
    16
   287
    32
    22
    31
     0
     3
     6
     0
     0
     0
    31
    43
   159
   186
    19
    34
    22
    22
   162
    43
    39
    12
    23
     6
    10
   151
    27
    43
     0
     0
     0
     4
     0
     0
     9
    79
    15
     0
    31
    32
    15
   275
    11
    17
    36
    36
   114
    26
    72
    62
    68
   196
     0
     8
     8
     0
     0
     0
     6
    88
    73
   133
   159
    16
     4
    38
    22
    30
    16
    35
    68
   192
   124
    32
   108
    31
     0
     0
     0
     0
     0
     0
    16
    72
    29
    95
    17
    22
    23
    24
    87
    45
    14
    72
    52
    50
    47
    17
     6
    28
     0
     7
     0
     0
     0
     6
    44
    82
   185
    68
    49
    83
    40
    38
    77
    11
    34
    24
    48
    34
   111
   259
    23
    68
     0
     0
    15
     6
     9
     0
    32
   100
    69
    27
    24
    17
    13
    51
    21
   297
    85
    26
    18
    26
   107
    66
    26
    21
     8
     0
     0
     0
     0
     0
     4
   190
   136
   102
    17
    44
    24
    27
    70
    24
    22
    28
    27
    22
    35
   149
    36
    16
     0
     0
     0
     0
     3
     0
    30
     6
   110
    95
    24
    17
    42
    74
    17
    32
    78
    76
    22
    38
   106
   211
    58
    22
     2
     0
     0
     0
     0
     0
    70
    53
    68
    17
    59
    36
     7
    20
    16
    72
    55
    10
    25
    17
     9
    11
    53
    68
     0
     1
     0
     6
     0
     0
    78
    66
   150
    88
    13
    17
    15
    16
    15
    13
    79
    30
    14
    32
     6
    76
     8
     7
     5
     0
     9
     0
     1
     3
    81
   131
   107
   237
    18
    14
     9
    15
    32
    54
    15
    14
    35
    69
   116
    60
    10
    35
     0
     0
     0
     1
     1
     0
    66
   104
    74
    38
    67
    42
    30
    39
    37
    38
    35
    25
    87
    31
    46
    27
    19
    19
     4
     3
     0
     0
     0
     0
    93
   110
   217
   139
    35
    41
    37
     6
     7
    24
    25
    28
     1
    51
    66
    92
    40
    30
     0
     0
     5
     3
     0
     0
    57
    52
   122
    53
    10
    26
    27
    32
    37
    47
    43
    23
    28
    59
    28
    56
    28
    16
     6
     0
     0
     4
     0
     0
    47
    30
   198
    67
    28
    67
     8
    22
    33
    42
    30
    13
    15
    19
   155
    49
    14
    26
     1
     0
     4
     6
     0
     2
   105
   109
    64
    60
    19
    21
    90
   150
   197
    34
    38
    13
    18
    10
    16
   170
    23
    12
     0
     0
     0
     0
     6
     0
    45
    81
   215
    62
    23
     7
    11
     3
    13
    36
    45
    15
    22
   321
    24
    54
    41
    11
     0
     0
     0
     0
     0
     6
    71
    57
   128
   176
    23
    26
    54
    62
    25
    69
    43
    32
    33
   117
   108
    59
    92
     4
     9
     6
     0
     0
     0
     4
    64
   103
   269
   198
    93
     3
    52
    20
    30
    33
    25
    40
    38
   153
    86
   141
    58
    25
     0
     0
     0
     5
     8
     0
    63
   101
    54
    55
    29
    15
    23
    20
    58
    18
    13
    26
    26
    66
    34
    65
    26
    32
     0
     0
     0
     0
     0
     0
    25
   126
    72
    28
    31
    66
    44
    58
    21
    31
   105
    25
    17
    85
    59
    32
    39
    14
     8
     0
     5
     0
     2
     0
    22
    90
    98
   144
     2
    18
     8
    33
    35
    45
    35
    49
    62
    12
    64
    78
    20
    56
     5
     0
     0
     0
     0
     0
    12
    15
   172
   145
     4
    20
    13
    35
    22
    27
    13
    33
    21
    24
    20
    87
    62
    21
     3
     0
     0
     0
     8
     0
    32
   155
   134
   125
    15
     2
    18
    25
    26
    27
    22
    53
    35
    70
     8
     8
    57
    22
     0
     0
     8
     0
     0
     0
    82
    80
   199
    71
    62
    31
    23
    22
   113
    36
    10
    47
    33
    68
   105
    76
    37
   216
     0
     0
     0
     0
     0
     0
    32
    95
   180
    68
    31
    14
    28
    47
    25
    55
     6
    36
    19
    28
    59
     3
    28
    72
     0
     0
     0
     0
     0
     0
    70
    84
    53
    61
    27
    33
    26
    15
     1
    51
    21
    20
    24
    22
    79
   137
     5
    51
     0
     0
     0
     0
     2
     0
    10
   148
    69
    45
    26
    35
    17
    30
    51
    18
    75
    26
    49
   142
    94
    67
    51
    19
     0
     0
     3
     1
     5
     0
    30
    94
   254
    35
    14
    21
    39
    34
    53
    16
    30
    59
     6
    17
    15
   162
    24
     2
     0
     0
     0
     0
     2
     0
    48
    27
    94
    35
    32
    22
    27
    19
    20
     7
    51
    13
    28
     9
    66
    68
    15
    10
     0
     0
     0
     0
     0
     0
    57
   136
    13
   163
    18
    26
    29
    14
    22
    31
   213
    23
    49
    43
    13
    31
    51
    32
    10
     4
     0
     0
     0
     0
    36
    98
   160
    81
    31
    21
   150
    80
    24
    81
    15
    67
    38
    14
   111
    80
    36
    16
     0
     0
     0
     2
     0
     0
    22
    14
    42
   142
    34
    12
    43
    34
    17
    36
    19
    28
    72
    64
   175
    65
    77
    42
     0
     0
     2
     2
     3
     0
    14
    74
    97
   122
    27
    39
    41
    20
    65
    25
    52
    19
    12
    38
    19
    68
    25
    12
     0
     0
     5
     0
     2
     0
    26
    52
   112
     9
    15
    10
    30
     5
    29
    24
    27
    12
    21
    20
    24
    99
    51
    15
     2
     0
     8
     0
     0
     0
    19
    49
   150
    77
    13
    25
    25
    32
    39
    14
    73
    21
    69
    18
    60
    13
    50
    17
     0
     0
     8
     3
     0
     5
    17
    29
    47
    96
    44
   112
    46
    44
    61
    25
    18
     5
   178
    44
    16
    18
    36
    29
     4
     0
     0
     0
     0
     0
    27
   108
   151
    61
    13
    20
    15
    11
    23
    16
    10
    38
    19
    34
    88
    21
    67
    12
     6
     6
     0
     2
     0
     0
   117
    20
   112
    80
    35
    41
    66
    36
     0
    66
    28
    65
    28
    27
    85
    68
     8
    33
     0
     6
     0
     0
     3
     0
    20
   110
    30
    88
    40
    36
    16
    40
    17
    68
    71
    61
    29
    96
   152
   121
    40
    74
     0
     0
     0
     5
     0
     0
    17
    52
   177
   117
   154
    25
    19
    22
    24
    28
    50
    11
    39
    20
   117
    78
    44
    63
     0
    13
     0
     0
     6
     0
    66
   192
    53
    50
    30
    28
    16
    20
    21
    15
    11
    18
     1
   193
    23
    23
    51
    17
     0
     0
     0
     0
     0
     9
    29
    34
    97
    14
    20
    23
    11
    21
    31
    48
    30
    23
    15
    25
    69
    11
    17
    23
     0
     0
     7
     0
     5
     0
    43
    77
   108
    81
    20
    73
    47
    41
    27
    26
    30
    28
    20
    20
    37
    62
   101
    72
     1
     0
     0
     0
     0
     0
    46
    80
    95
    78
    28
    45
     8
    31
    34
    24
    53
    22
    17
    35
    24
    68
    18
    44
     1
     0
     0
     0
     6
     2
    99
   103
   126
   109
     9
    51
    62
    19
    30
    14
    60
    60
    43
    37
   132
    32
    37
    32
     0
     0
     3
     0
     0
     0
    20
   163
   146
    95
    29
    42
   187
    20
    49
    39
    64
    53
   205
    32
   102
    46
    70
    42
     8
     7
     5
     1
     0
     0
    17
     9
    92
    29
    16
    59
    51
    41
    43
    44
    52
    50
    44
    50
     3
    65
    32
    80
     0
     0
     9
     0
     0
     0
    19
   155
   179
    51
    54
    18
    70
   198
    30
     6
    98
    30
    19
   166
   240
   110
    11
    45
     0
     0
     6
     0
     0
     0
    95
    57
   277
    57
    18
    15
    21
    40
    43
   103
    41
    19
     7
    83
    93
    18
    58
    68
     2
     1
     0
     0
     0
     0
    31
    24
   213
   105
    31
    20
    28
    33
    27
    37
    51
    27
    58
    57
    30
   143
    43
    15
     4
     1
     0
     0
     5
     0
    16
   133
   105
    56
     8
    48
    31
    59
    21
    26
    83
    41
    38
    25
   160
    57
     9
    57
     3
     0
     0
     6
     0
     3
    24
   142
   110
   129
    23
    71
    16
    39
    42
    12
    33
    20
    17
    13
   165
    72
    43
    24
     0
     0
     0
     0
     0
     0
    26
    79
   150
    58
    22
    33
    31
    18
    38
    41
    28
    28
    10
    19
   177
   133
    41
    34
     0
     0
     0
     0
     0
     6
    40
   141
    61
   133
    53
    14
    80
    30
     5
    27
    47
    38
    27
    24
   107
   258
    23
    21
     0
     8
     5
     0
     0
     8
    24
   170
    99
    99
    47
    73
   181
    26
    68
    28
    28
    25
    28
    19
    11
    14
    15
    19
     1
     0
     0
     4
     6
     0
    11
    42
    75
    36
   171
    38
    57
    23
    15
    60
    58
    62
   180
    78
    15
   109
    48
    22
     8
    10
     0
     6
     0
     3
    34
    63
   174
     9
    68
    20
    23
    27
    59
    36
    83
    27
     9
     6
    39
    15
    21
    22
     5
     0
     0
     0
     0
     0
    38
    68
    52
   121
    26
    17
    32
    15
    24
    33
    60
    64
    64
    13
    56
   107
    78
    33
     0
     0
     6
     0
     0
     0
    68
   100
    97
    49
    16
    65
    21
    11
    18
    24
    53
    31
   115
    78
    15
    41
   160
    27
     0
     0
     0
     0
     8
     0
    43
    92
   226
    67
    24
    33
    36
    58
    27
    38
    66
    31
    44
    95
    18
    26
    19
    50
    12
     0
     5
     6
     0
     7
    25
    27
   274
    63
    22
    24
    45
    67
     5
    16
    26
     6
    30
    14
    14
   104
    58
    25
     0
     0
     8
     7
     0
     0
    22
   103
    78
    18
     7
    58
    46
    59
    38
   122
    22
    42
    48
    60
    61
    62
    23
    95
     0
     0
     0
     8
     0
     0
    12
    64
    88
    95
    12
    42
    29
    26
    28
    11
    22
    35
    14
    19
    13
    27
    59
    67
     0
     0
     0
     0
     0
     4
     4
    76
   173
    72
    36
    28
    32
    36
    66
    32
    66
    34
    22
   192
   104
    20
    41
    69
     4
     0
     0
     0
     4
     1
     8
    63
   150
   205
    72
    25
    28
    29
    14
    53
     8
    23
    20
    39
   117
    57
    52
    32
     0
     7
     0
     3
     0
     4
    32
   104
   242
    58
   218
    38
    15
    29
    29
    22
    26
    35
    85
   198
    15
    67
     5
    35
     0
     0
     0
     6
     2
     8
    27
    75
   232
   202
    14
    34
    76
    30
    28
    43
    22
    53
    40
     9
    59
    18
     5
    86
     0
     7
     3
     0
     2
     0
    55
    40
   177
    23
    14
     7
    94
    72
    76
    36
    33
    12
    21
   166
     9
    36
    20
    19
     0
     3
     0
     0
     3
     0
    49
    97
    60
   117
    33
    37
    35
    17
     7
    11
    67
    71
    86
    18
    11
    69
    73
    30
     0
     5
    14
     0
     0
     6
    21
    77
    49
   159
   100
    20
    30
    28
    30
    16
    68
    37
    89
    19
   163
    35
    35
    21
     0
     0
     0
     0
     0
     0
     0
    20
   120
    93
   114
    25
    36
    19
    85
    55
     8
    48
    16
    24
    31
    74
    83
    19
    15
     0
     0
     7
     0
    13
     0
    39
    64
    90
    86
    14
    30
    21
    21
    41
    14
    18
    21
     8
    26
    52
    73
    63
    26
     0
     0
     7
     2
     0
     2
    72
    20
   208
    18
    14
    29
    74
    41
    39
    30
    23
     9
    14
   107
    78
    43
    81
    62
     0
     0
     7
     0
     0
     2
   119
   221
   135
    69
    39
    35
    26
    39
   153
    71
    24
    63
    17
   150
    29
    32
    35
    98
     0
     0
     0
     3
     6
    11
    66
    42
   218
    92
    23
    22
    30
    15
    78
    18
     6
    11
    10
    15
    98
    65
    24
    13
     0
     4
     0
     0
     0
     0
    15
    81
    39
    30
    72
    12
    25
    24
    34
    12
    36
    55
   167
    83
    62
    12
    25
    15
     0
     0
     0
     0
     0
     0
    80
    85
   121
   138
    39
    41
    14
    10
    67
    22
    35
    22
     3
   104
    74
    57
    29
    40
     0
     0
     6
     0
     8
     3
    71
    96
    29
    77
    14
    54
    45
    23
   162
    40
     6
    17
    19
    41
   101
    80
    31
    67
     0
     0
     8
     0
     0
     0
    26
    57
    78
   100
    57
    86
    21
    22
    22
    32
    15
    22
    86
    62
   182
   202
    18
    75
     0
     0
     0
     0
     0
     0
    38
    77
    90
    31
    35
    24
    44
    84
    54
    17
    28
    32
    18
    53
     8
    25
    25
     9
     0
     8
     0
     7
     0
     0
    38
    45
    70
   142
    18
    22
    74
    27
    24
    23
    27
    32
     7
    22
    28
   142
    29
    36
     0
     0
     0
     0
     4
     0
    14
    86
   161
   148
    27
    13
     8
    22
    52
    31
    23
    67
    10
   182
    66
    46
    39
    27
     0
     2
     3
     5
     0
     1
    18
   122
   257
    73
    14
    24
    37
    21
    57
     4
    23
    79
    23
    63
    38
   106
    23
    21
     0
     6
     0
     0
     0
     0
    47
   142
    87
   148
    54
    39
    21
    79
    26
    12
    33
    22
    28
   170
   196
   203
    35
    38
     0
     7
     9
     0
     0
     0
   117
    68
   213
   138
     7
    20
    59
    32
    20
    39
    17
    23
    52
   191
   239
    52
    22
    31
     1
     8
     0
     0
     0
     0
    15
    74
   158
   120
    17
    29
    27
    19
    19
    19
    25
    76
    17
    36
   210
    22
    10
    17
     2
     0
     0
     5
     0
    11
   116
    30
   148
    41
   157
    76
    41
    41
    30
    25
    41
    20
    20
    75
    79
    32
    73
    91
     0
     0
     0
     0
     1
     0
    23
    59
    48
    73
    31
    26
    18
   156
    18
    44
    13
    15
   170
    20
   119
    36
    26
    28
     0
     0
     3
     0
     0
     0
    21
   107
   118
    44
    28
    55
    21
    69
    49
    20
    25
    26
    14
    56
   254
    29
    11
    57
     7
     3
     0
     5
     0
     8
    39
   171
   160
    77
    20
    18
    41
    28
    23
    78
    36
    19
    40
   204
    14
    32
    30
    12
     0
     6
     0
     0
     7
     0
    68
   205
   178
    43
    43
    22
    82
    63
    15
    52
    14
    51
    77
    24
    67
   117
    43
    54
     0
     0
     0
     4
     4
     0
    19
   113
    50
    49
    19
    33
    41
    20
    62
    19
    64
     9
    40
    24
    26
    93
     6
    30
     0
     0
     0
     7
     0
     0
    61
   132
   159
   105
    42
    30
    39
    20
    48
    27
    52
    10
    56
    17
    27
   211
    69
    90
     0
     0
    18
     0
     0
     0
   114
   150
    96
   138
    78
    40
    36
    85
    25
    32
   171
    53
    23
   212
    39
    75
    25
    26
     0
     0
     0
     0
     3
     0
    14
   111
   218
    51
    53
    81
    28
    32
    48
    52
    41
    26
    57
    43
    99
   251
    38
    52
     1
     0
     6
     4
     0
     0
    59
    63
   112
    43
    27
    10
    41
    73
    63
    13
     8
    61
    45
    18
    36
   144
    31
     8
     0
     0
     0
     0
     0
     0
    12
   169
    57
    73
    64
    21
    24
    55
    47
    70
    79
    27
    23
     9
    70
    10
    36
    36
     7
     0
     0
     0
     0
     0
    61
   163
    50
    66
    35
    40
    70
    53
    22
    59
    39
    29
   102
    55
   104
   108
    21
    75
     0
     0
     0
     0
    11
     6
    36
    22
   109
    23
    20
   179
    11
    13
    20
    13
    20
    89
   112
    50
    86
    18
   117
    23
     0
     5
     0
     0
     2
     2
    46
    87
   174
   103
    13
    58
    47
    38
    35
    19
    41
    57
    43
   149
    89
    21
    48
    19
     4
    11
     5
     0
     7
     5
    56
   102
   306
    36
    57
    57
    27
    65
    41
    69
    20
    41
    22
   109
   206
   103
    56
    30
     0
     0
     0
     0
     0
     0
    10
   162
   251
    29
    21
    20
    18
    34
    34
    45
    22
    65
    47
    29
   108
    34
    23
    66
     0
     0
     0
     0
     4
     0
    26
    57
    73
    71
    38
    32
    85
    23
    21
    30
    60
    40
    13
    32
    40
    87
    44
     7
    16
     0
     2
     2
     0
     0
    67
    29
   204
   150
    32
    39
    65
    60
    39
    21
    32
    42
     8
    30
    12
    25
    32
    13
     4
     0
     0
     7
     0
    13
    38
    61
    91
    53
    32
    22
    42
    39
    36
   156
    20
    15
    19
    62
    15
    57
    17
    24
     0
     8
     0
     0
     0
     0
    27
    16
   134
    20
    79
     9
    55
    14
    84
    13
    17
    12
    46
   103
     5
    14
    23
    24
     0
     0
     0
     0
     7
     0
    56
   118
    58
   108
    74
    29
     6
    33
     9
    52
    54
    24
    22
    21
    38
    16
    12
    35
     0
     0
     0
     0
     2
     0
    57
    78
    25
    55
    44
    36
    56
    15
    59
    44
    33
    42
    20
    54
    88
   108
    93
    38
     0
     2
     1
     0
     0
     1
    69
    61
   121
   169
    30
    56
    14
    62
    78
    64
     9
    45
    71
    55
    74
    81
    40
    39
    16
     0
    12
     0
     3
     0
    35
   223
   113
    49
    17
    29
    65
    20
    25
    33
    16
    28
    59
    32
    31
    44
   175
    30
     0
     0
    10
     4
     2
     0
    21
    62
    19
   100
    31
    13
    28
    36
    37
    24
    67
    20
    24
    32
    81
    59
    77
    52
     0
     0
     0
     0
     8
     0
    27
   237
    28
    68
    41
    29
    44
    50
     9
    29
     7
    28
    44
    44
   178
    26
    74
    89
     0
     0
     0
     0
     2
     5
    24
    50
   231
    86
    11
    16
    45
    23
    14
    75
    51
    28
    69
    35
     8
    22
    67
    43
     1
     6
     2
     0
     0
     0
   128
    62
   131
   143
    31
    16
    21
    28
   172
    24
    25
   161
    51
    34
   121
    23
    21
    52
     3
     0
     3
     1
     0
     2
    22
   154
   115
   122
    44
    33
    41
    30
    75
    60
    52
    17
    39
    10
    47
    65
    71
    47
     0
     0
     3
    10
     0
     6
    19
    66
   257
   320
    15
   114
    30
    39
    30
    31
   183
   224
    40
    52
   237
   155
    59
    85
     0
     0
     0
     0
     0
     0
    21
   106
   123
    55
    19
    74
    35
    26
     7
    10
    31
    75
    27
   207
     9
    42
    13
    31
     4
     5
     2
     0
     0
    16
    11
    45
    96
    57
    18
    79
    34
    19
    33
    11
    25
    13
    29
     8
    47
     7
    27
    15
     0
     2
     0
     5
     7
     5
    79
    59
    76
     5
    23
    31
    43
    26
    26
    26
    39
    20
    16
     7
   200
    29
    26
    10
     3
     0
     0
     0
     0
     0
    36
    16
   193
    55
    30
    42
    16
    31
    15
    17
    59
    31
    42
    26
    18
   156
    40
    25
     0
     1
     9
     0
     0
     0
    50
   215
   241
    98
    36
   198
   123
    50
    20
    31
    43
    21
     9
    18
    48
    30
    33
    14
     0
     0
     0
     0
     0
     5
    10
    72
   205
   116
    17
    52
    22
    68
    14
    53
    38
    99
    30
    35
   147
    42
    20
    59
     3
     0
     0
     0
     6
     0
    67
   136
   106
   105
    10
    41
    69
    47
    31
    18
    97
    24
   160
    39
    82
    38
    85
    54
     0
     7
     0
     0
     0
     0
    55
    63
   182
    77
    59
    29
    45
    26
     0
    14
   211
    36
    39
    14
    27
   202
    28
    35
     0
     0
     0
     0
     0
    13
    22
   137
   226
   139
    26
    13
    91
    18
    99
    16
    24
    36
   180
    44
    51
    15
     6
    16
    13
    10
     7
     0
     1
     0
    24
   192
   131
    69
    38
    59
   100
    14
    15
    57
    38
    45
    45
     7
    40
    57
    93
    62
     0
     0
     0
     6
     8
     3
    20
    28
   178
   116
    28
    36
    26
    23
    19
   299
    55
    20
    47
    60
   105
    27
    27
    75
    17
     0
     0
     0
     5
     0
    23
    57
   104
   150
    28
    37
    10
    26
    42
    22
    25
    32
    22
    27
    19
    62
    73
    33
     0
     0
     0
     7
     0
     0
    86
    36
   132
    96
    80
    23
    58
   174
    26
    34
     1
    24
    33
    95
    82
    98
    35
    59
     2
     6
     0
     0
     5
     0
    44
    65
   179
    74
    69
    25
   167
    25
    47
    45
    22
    44
   129
    44
   133
   173
    48
    46
     0
     0
     0
     9
     6
     1
    20
   106
    63
   101
    19
   161
    37
    16
   202
    51
    27
    26
    66
    36
    54
    24
    18
     0
     0
