    35
     9
     4
     2
     6
    82
   166
   231
   146
    53
    51
    69
   104
   135
    43
   101
   197
    45
    74
    71
   166
    49
    40
     0
     0
     2
     3
     0
     0
    82
   176
   240
    58
    49
    39
    55
    97
    64
    55
    82
    44
    41
   217
   137
    69
    84
    86
     1
    12
     0
     9
     0
    14
    39
   238
   321
   144
    37
    32
    38
    57
    57
    35
    39
   186
    92
    53
    32
   130
    37
    57
     0
     9
     0
     2
     0
     1
   102
   253
   105
   145
    25
    66
    58
    83
    71
    27
    65
   213
    36
    85
   164
    94
    48
    13
     4
     0
     0
     5
     1
     0
    77
   153
   192
    89
   110
    27
    42
    36
    49
    58
    88
   176
    54
    43
   187
    56
   131
    35
     0
     3
     5
     0
     0
     0
   108
   216
   361
   219
    57
    60
   140
    48
    67
    72
    59
    55
   106
    40
   225
   119
    99
    35
     0
     0
     8
     0
    13
     6
   133
   110
   232
   114
   196
    35
    56
   112
   112
    63
   100
    38
    80
    22
   120
   112
   136
   179
     5
     0
     0
     0
     0
     0
    66
   119
   289
   196
    27
    59
    40
    46
    49
    36
    73
    45
   105
    51
    76
   126
    23
    47
     0
     8
     5
     0
     0
    10
    40
    80
   195
    84
   115
    56
   112
    15
    63
    65
    36
    42
    26
    61
    85
    49
   139
    44
     2
     1
     0
     0
     5
     0
    48
   208
   215
   186
    38
    15
    47
   184
    54
    74
   176
    44
    46
    88
    81
   136
   134
    69
     0
     0
     0
     1
     1
    13
    34
    80
   268
   118
   104
    27
    25
   182
    26
    43
    88
    52
   114
   178
   103
   119
    41
    51
     3
     0
     0
     0
     0
     2
    51
   125
   133
   134
    55
    43
    56
    40
    21
    36
    43
    32
    61
    90
   105
    92
    41
    79
     0
     0
     0
     0
     5
     9
    69
   113
   407
   136
    72
    77
   115
    74
   140
   168
    72
    46
    20
   357
   211
   310
    40
    76
     5
     0
     0
     1
     6
     1
    69
   164
   285
    83
    87
    79
   117
    56
   136
   118
    33
   109
   235
   260
   130
   161
    26
    91
     0
     1
     4
     7
    12
     0
    74
   155
   220
    33
   131
    37
    62
   105
    81
    53
    56
    64
    37
    27
   109
    41
    91
    39
     9
     6
     3
     7
     5
     7
    78
   146
   171
   254
    53
    88
    50
    70
    74
    28
    33
    34
    44
    90
   325
   123
    91
    47
     0
     6
     8
     0
     4
     0
    42
   163
   235
   114
    65
    39
    98
    34
    93
    30
   104
    18
    67
    42
   178
   330
    75
   116
     0
     0
     0
     1
     0
     0
    27
   113
   144
    77
    44
    94
    50
    30
    22
    46
    33
    30
    15
    16
   141
    56
    73
    22
     0
     0
    11
     0
     0
     0
    34
   180
   151
    67
    71
    36
    39
    43
    60
    38
    61
    96
    75
    71
   146
    81
    39
    28
     9
     0
     1
     5
     2
     2
   101
   299
   244
   204
    53
   187
   261
    43
    62
    41
    63
    59
    50
    81
    72
    63
    82
    69
     7
     6
     4
     0
     0
     0
    59
   316
   319
   302
    44
    98
    35
    80
    74
    35
    16
    43
    85
    83
   129
    65
    97
    72
     0
     0
     0
     0
     2
     0
   135
   249
   156
   147
    40
    39
    38
   105
   126
    62
    98
    57
   187
   233
   148
   116
    49
   112
     2
     0
     0
     9
     9
     0
   134
   208
   205
   157
    56
    16
    16
    47
    71
    24
    95
    88
    34
   103
    59
    93
    53
    69
     8
     2
     5
     8
     3
     1
    58
   142
   301
   240
    38
    57
    25
    77
    49
   116
   103
    48
    50
    46
   211
   177
    47
    38
     0
     0
     1
     0
    12
     0
    63
    67
   275
   192
    33
    36
    44
    33
    44
    28
    86
    72
    40
    47
   127
   151
    52
    29
     0
     1
     4
     3
     0
     0
    95
   117
   192
   243
    49
    59
    82
    56
   115
    73
    80
    53
    65
   176
    14
   117
    16
    72
    12
     0
     6
     7
     3
    11
   105
   220
   137
   187
    71
   112
    33
    75
    56
    72
    62
    96
    62
    60
    90
   137
    37
   106
     1
     3
     5
     0
     4
     7
    36
   275
   279
    57
    58
    41
    40
    30
    81
    66
   254
    65
    70
    45
   107
   126
    80
   227
    20
     0
     0
     0
     3
     6
    58
    64
   220
   229
    54
    49
    39
    89
    92
   223
    64
    89
    49
    97
   272
   165
    90
   134
     4
     5
     0
    10
     0
    10
    76
   163
    80
   162
    55
    32
    68
    38
    36
    54
    75
    55
    92
    72
    63
   123
    58
    60
     9
     0
     4
    17
     2
     4
    64
   262
   257
   146
    47
    64
    78
    57
    43
   110
    38
    51
    28
   243
    90
   254
    27
    31
     0
     3
     8
     0
     1
     1
    95
   327
   217
   179
    66
   182
   144
    28
    72
    28
    75
    47
    25
    32
   120
   122
    55
    37
     3
     0
     7
     1
     0
     0
    51
   188
   344
    89
    64
    71
    43
    31
    64
    73
   138
    69
    45
   120
   101
   213
   111
    47
     2
     0
     4
     0
     8
     0
    71
   253
   254
   256
   198
    41
    38
    67
    60
    36
    95
    51
    57
    64
    97
    89
    48
    33
     2
     0
    11
     2
     0
     3
    61
   186
   156
   177
   107
   243
    77
    46
    90
    37
   186
   160
    45
   132
    84
   167
    92
   179
     0
    11
     0
     0
     4
     7
   113
   210
    97
   224
    66
    96
   182
    54
    36
    74
    32
   128
   105
    87
   122
   109
   180
    41
     6
    19
     0
     2
     9
     0
    73
    43
   147
   154
    79
    32
    62
    82
    38
    27
    85
   204
    46
    78
   141
    31
    91
    55
    11
     0
    18
     1
     0
     0
    60
   261
   293
    46
    17
    65
    39
    86
    93
   106
    79
    42
   104
    35
   346
   152
    26
    40
     0
     5
     0
     0
     0
     8
    45
   163
   332
    69
    29
    40
    53
    37
    68
    22
   187
    49
    49
    30
    48
    29
   125
    39
     0
     5
     0
     0
     6
     0
   105
   233
   237
   203
   103
    42
    33
    38
    37
    34
    16
   128
   183
   193
   123
   329
    63
    67
     0
     0
     1
     0
     1
     3
    77
   169
   118
   194
    76
   107
    75
    95
   108
    46
    45
    52
    76
   114
   138
   189
   104
    65
     5
     0
     0
     0
     0
     2
    50
   269
   367
   173
    54
   227
    88
   111
    47
   222
    90
    72
    87
   147
   127
   255
    45
    34
     0
     2
     0
     3
     8
     5
    55
   144
   399
   178
    58
    53
   107
    89
    65
    91
   211
    49
    68
    36
   121
    77
   202
    39
     0
     7
     7
     9
     0
     0
    28
   105
   190
   112
    35
    37
    27
    59
    52
   111
    54
    84
    67
    55
   164
    45
    79
    59
     9
     9
     0
     5
     0
     7
   107
    82
   300
   249
    75
   106
    43
    87
    22
    47
    72
    37
    49
   240
   232
   405
    49
    96
    16
     5
     5
     8
     6
     0
    56
    59
   225
   174
    62
    90
    69
    49
    65
    43
    33
    63
    28
    81
    43
   117
    23
    37
     6
     6
    12
     0
     0
     0
    68
   182
    86
   132
    65
    92
   123
    50
   183
    84
   181
    56
    91
   197
   143
   130
    31
    65
     0
    17
     5
     0
     2
     6
   109
   126
   388
   239
   122
    24
   102
    72
    77
    84
    49
    69
   182
    42
   132
   201
   103
    87
     0
     9
     3
    14
     0
     0
    39
    57
   102
   183
    80
    40
    76
    76
    77
    39
    52
    43
    29
   189
   140
    91
    64
    34
     0
    12
     0
     0
     3
     0
    25
   125
   221
   127
    53
    50
    64
   212
    68
   181
    35
    78
    69
   293
   235
   245
    16
    26
     9
     5
     7
     8
     0
     0
    25
    99
   212
   389
    43
   129
    63
    26
    45
    68
    82
    22
    36
    47
    36
   186
    72
    37
     7
     0
     2
    21
     0
     4
     7
    83
   207
   192
    57
    36
    37
    42
    38
   102
    30
    91
    30
   228
   233
   177
    38
    52
     7
    10
     0
     0
     0
     2
    51
   131
   165
   102
    97
    68
    67
    66
    47
    30
   220
    34
    47
    61
   156
   142
    49
    41
     0
     0
     8
     3
     3
     0
    35
   185
   105
   156
   188
    38
   102
   132
    97
    34
   100
    80
    53
    69
    50
   324
    14
    41
     5
     0
    10
     6
     0
     0
    57
   157
   387
   228
   132
    69
   146
    24
    57
   107
    48
    47
    45
    65
   231
    71
   225
    46
     4
     0
    22
     3
     9
    16
    79
   202
   265
   301
   127
    53
    86
    84
    42
    37
    70
    75
    38
    93
   171
    97
    71
    58
     3
     6
     0
     1
     0
     1
    93
    73
   289
   234
    36
    39
    75
    99
   107
    59
    32
    38
    53
   201
    34
   351
    40
    47
     0
     0
     0
     8
     6
     0
    29
   148
   127
   136
    51
    79
    31
    48
    83
    73
   103
    31
   168
   115
    42
   168
    40
    37
     0
     4
     4
     9
     2
     0
   120
   238
   526
   131
    26
    67
    97
    69
    39
    51
    73
   290
    59
    81
    33
   279
    18
   128
     0
     0
     3
     1
     4
     0
    17
   147
   158
   116
    96
    64
    73
    31
    21
   114
    38
   175
    45
   173
   102
   188
    57
    37
     7
     8
     7
     2
     8
     6
    50
   202
   194
   120
    51
    37
    59
    82
   167
    34
    47
    56
   188
    47
   147
   241
    36
    50
     0
     0
     4
     2
     0
     0
    31
   254
   161
   138
    52
    27
    76
    82
    65
    66
   160
    38
    57
   226
   228
   125
    54
    56
     1
     5
     6
     0
     2
     0
    68
    75
   332
   484
    56
   145
    29
    58
   140
    86
   185
    49
    99
    57
    76
   105
    43
    48
     6
     0
     0
     0
     2
     6
    52
   110
   149
    61
    82
    21
    34
    72
    69
   197
    39
    73
    66
    55
    95
   236
   116
    37
     0
     0
     3
     0
     4
    10
    75
   149
   211
   160
    52
    49
    50
    46
   104
    45
    94
   141
    27
    42
    62
    37
    41
    85
     0
     9
     0
     2
    13
     0
    30
   134
   381
    96
   105
    27
    72
    67
    92
    36
    46
    48
   209
   220
   123
    90
    81
    27
     0
     0
    16
    10
     0
     4
   103
   238
   127
   419
   100
    43
    45
    39
    48
    53
    53
    36
    54
    54
    19
    86
    58
    46
     0
     1
     0
     9
     0
     2
   104
    54
   305
   214
    44
    46
    77
    41
    33
    23
    34
    57
    50
    33
   185
    49
    32
    30
     3
     5
     2
     0
     3
     0
    48
   194
   284
   132
    53
    39
    54
   132
    95
    61
    91
    41
    68
    63
    37
    75
    51
    70
     6
     0
     0
     8
     9
     6
    95
   247
   321
   136
    45
    71
    41
    74
    67
    58
    46
    63
    54
    42
    89
    63
    59
    88
     3
     0
     3
     0
     8
     4
    86
   180
   251
   134
    30
    58
    30
    57
    24
   110
    35
    36
    51
   137
    56
    66
    44
    29
     0
     0
    10
     0
    14
     5
    85
   232
   307
   385
    40
    66
    59
   237
    46
   169
    63
    34
    88
    69
   178
   228
    23
    58
     4
     1
    12
     0
    17
     0
    22
    68
   256
   166
    64
    40
    89
   279
    78
    27
    53
    31
   102
    39
    96
    31
    40
   112
     8
     0
     0
    11
     0
     4
    39
   148
   240
   155
    94
    38
    38
    61
    34
    49
    43
    31
    64
    26
   129
   120
    78
    30
     6
     3
     0
     8
     1
     0
    37
    64
   143
    56
    41
    43
    53
    46
    46
    57
    54
   171
    69
    17
   136
   245
    91
    79
     0
     0
     7
     3
     0
     0
    91
   104
   278
   250
    87
    72
    43
    50
    58
    41
   101
    67
    40
    53
   213
    76
   106
    52
     2
     0
     0
     0
     5
     0
    46
   187
   317
   124
    65
    84
    86
   207
    50
    81
    94
    19
    52
   227
    98
    34
    31
   102
     0
     7
     0
     0
     4
     4
   107
   118
   237
   137
    47
    32
    51
    37
    52
   195
    25
    47
    63
   120
   143
    58
    56
    79
     0
     1
     0
     8
     4
     0
    27
    35
   229
   211
    39
    20
    99
    18
    24
    68
    40
    32
    60
    74
   111
   126
    56
    37
     0
     5
     6
     0
     0
    11
    70
    45
    89
   136
    29
    45
    27
    43
    39
    34
    52
   134
    71
    26
    19
   229
    49
    47
     1
     6
     3
     4
     0
     1
    29
   148
    94
    94
    29
    50
    38
    82
    48
    35
    30
    42
    52
    27
    66
    37
    22
    56
     0
     0
     0
     0
     5
     0
    50
   137
   246
   136
    33
   104
    55
    39
    38
    40
    65
    63
    38
    95
    63
   109
   121
    24
    12
     0
     3
     0
    10
     0
    89
   196
   235
   158
    70
   101
    66
   334
    32
    91
    81
    71
    65
    93
    43
   123
    86
    54
     0
     0
     0
    12
     3
     0
    83
   175
   205
   127
   210
   135
    61
   128
   205
   191
    47
    21
    49
   229
   136
   148
    73
    58
     4
     0
     0
     3
     0
     8
    85
   105
   257
   103
    80
   104
    57
    20
    48
    55
    39
    47
   123
    43
   224
   126
    34
    29
     3
    10
     7
     7
    10
     7
    24
    89
   157
   109
    38
   118
    52
    77
    28
    30
    55
    39
   172
    70
    38
    82
    27
    70
     0
     8
     0
     0
     0
     5
   115
    34
   111
   336
   200
    94
    66
    15
   181
    45
    19
    46
   108
    27
   190
    46
    59
    75
     6
     2
     6
     6
     2
    10
    48
   171
   107
   145
    59
    62
    47
    71
    51
    44
    72
    69
   117
    48
   139
   183
    64
    31
     2
    14
     0
     0
     0
     0
    38
   152
   136
   197
    47
    63
    33
    17
    26
   193
    44
    40
    64
    49
   280
    49
    85
    40
     0
     7
     8
     0
     1
     0
    67
   127
   243
   179
    55
    59
    86
    43
    21
    49
    56
    29
    24
    67
    94
   216
    63
    45
     5
     0
     0
     0
     8
    47
   218
   145
   246
    42
    62
    40
    87
    23
    48
   190
    27
   170
    92
   146
   224
    63
    84
     0
     0
     8
     4
     0
     6
    43
   166
   119
   152
    54
    51
    76
    53
    48
    62
    34
    36
    59
   165
    48
    76
    38
    61
     0
     0
    11
     6
     1
     2
    37
   102
   166
   147
    26
    56
    37
    64
    46
    16
    60
    72
    49
    56
    97
    62
    38
    67
    11
     0
     0
     3
     8
     0
    45
   130
   405
   138
    70
   220
    28
    39
    31
    46
    37
    82
    69
    24
   107
    50
    83
    49
     0
     0
    12
     0
     3
     2
    32
   182
   236
   204
    30
    65
    73
    44
    23
    31
    82
    74
    54
    48
    31
   111
    40
    41
     0
     8
     6
     0
     0
     0
    37
   222
   177
    63
    21
    26
    40
    61
    54
   169
    28
   331
   144
    42
    35
    16
    62
    29
     0
     7
     2
    11
     4
     8
    44
   139
   376
   116
    41
    81
   232
    38
    55
    52
    57
   101
    79
   148
   152
   172
    58
    34
     8
     2
     0
     0
     7
     0
   140
   237
   492
    90
    43
    52
    76
    39
   150
    92
    60
    47
    30
    19
   376
   255
    62
    67
     2
     8
     7
     0
     0
     4
    23
   231
   198
    87
    47
    58
    52
    32
    37
   148
    43
    53
    26
    44
   367
    58
    51
    58
     0
     0
     0
     3
     0
     7
    92
   132
   179
    54
    71
    67
    41
   127
    32
   162
    41
    39
    42
    44
   158
   128
   108
    77
     0
     0
     7
     0
     3
     0
    57
   117
   290
   194
   104
    34
    51
    35
    13
    82
   203
    31
    48
    83
    79
    96
   219
    17
     0
     0
     0
     3
     3
     0
    24
   167
   190
   105
    63
    39
    61
    62
    33
    84
   322
    67
   142
   118
    76
   150
   121
    63
     8
     0
     0
     5
     0
     1
    24
    50
   115
   258
    76
    15
    37
    31
    29
    42
    36
    47
    22
   103
    43
    99
    32
    43
     3
     0
     3
     5
    14
     0
    71
   256
   216
   135
    98
   102
    56
    28
   111
    34
    68
    68
    66
    32
   226
    71
    57
    41
     0
     8
     0
     0
     1
     8
    26
   213
   362
   169
    54
    24
    67
   107
    69
   260
    37
    76
   199
   105
    38
   371
    87
    41
     3
     0
     5
     9
     0
     0
    19
   134
   110
    53
    24
    47
   110
    57
    20
    99
    52
   188
    49
    67
    96
    41
    83
    39
     4
     0
     0
     0
     0
     3
    30
    63
   232
    70
    58
    46
    41
    40
    37
    80
    35
   104
    22
    51
   217
    37
    36
    38
     2
     1
     7
     8
     0
     8
    84
   235
   129
    72
    33
    26
    33
    68
    75
   173
   193
   141
    28
    34
    90
    83
   149
    50
     0
     0
     5
     0
     0
     0
    56
   141
   179
   317
    75
    33
    67
    48
    77
    47
    31
    47
    21
   105
    33
   153
    51
    42
     0
     4
    14
     0
     0
     0
    40
   127
   253
   176
    39
    80
   169
    69
   128
    25
    68
    79
    19
    79
    69
   124
   117
    46
     3
     4
     0
     0
     3
     0
    83
   204
   344
   249
    55
    85
    71
   192
   205
    51
    58
    48
    44
    45
   130
    76
    33
    60
     0
    10
     0
     7
     6
     2
   141
   117
   313
   109
    47
    50
    61
    61
    64
    41
    48
    35
    63
   195
    94
    98
    66
    47
     1
    12
     0
     0
     0
     6
    85
    75
   349
   242
    20
    43
    53
    72
    94
    49
    27
    31
    67
    98
   102
   118
    30
    38
     8
     3
     0
     0
     0
     0
    50
   174
   216
   256
    60
    39
    40
    88
    45
    81
    63
    40
    54
   118
    42
   141
    63
    39
     9
     0
     8
     5
     0
     0
    32
    70
   123
   106
    39
    37
    22
    48
    87
    39
    45
   202
    22
    38
    79
   117
    30
    31
     2
     4
     0
     0
     1
    17
    56
    84
   446
    91
    34
    43
    32
    24
   246
   172
    72
    62
    44
   122
    18
   134
    32
    66
     0
     0
     5
     0
     0
     0
    90
   121
   183
    94
    44
   101
    87
    96
    57
   171
   178
    37
    58
    38
   134
    67
    59
    75
     0
     0
     0
     0
     0
    12
   126
   324
   209
   253
    82
    25
    76
    63
    31
    59
    43
    53
    87
    35
   201
    58
    66
    66
     0
     0
     7
    11
     6
    10
   152
   191
   190
   182
    39
   114
    53
    84
   109
    27
    60
    75
    32
    39
   103
   190
    85
    42
     0
     7
     0
     0
     0
     0
   124
   222
   309
   137
    35
    98
    20
   119
    44
    67
    40
    67
    86
   106
    38
   116
    29
    34
     0
     1
     0
     0
     0
     0
    53
   137
   167
    97
    51
    65
    58
    32
    70
    40
   195
    35
    27
    61
    66
    70
    44
    35
     0
     0
     0
     6
     5
     2
    71
   197
    70
   220
    36
    34
    86
    68
    48
    75
    63
   358
    62
    57
    44
    50
    58
    45
     0
     0
     5
     0
     0
     6
   125
   103
   304
   132
    25
    52
    72
    18
    72
    40
    59
    22
    69
    93
    83
    34
    85
   103
     0
     0
     0
     0
     0
     4
    56
   130
   220
    73
    30
    27
   218
    50
    41
    43
    81
    67
    26
    68
   287
   207
    40
   128
     0
     0
     0
     6
    11
     8
    55
    87
   192
   107
    38
    48
    45
    64
    45
   101
    56
    55
    40
    56
    47
   125
    36
    81
     0
     0
     7
     0
     9
     0
    22
   209
   271
   201
    33
    70
    46
    36
    45
    44
    41
    98
   161
   127
   193
    63
    85
    45
     0
     0
     9
     0
     0
     3
    30
   157
   226
   238
    57
    81
    40
    31
    79
    32
    54
    29
    34
   184
   191
    97
    41
    83
    13
     0
     3
     0
     0
     2
    45
    38
   152
   162
    26
   177
    33
   176
    54
    41
   216
    31
    12
    65
    27
    47
    47
    44
     5
     0
     0
     6
     5
     0
    27
   187
    81
   235
    29
    89
    48
    78
   111
    30
    61
    24
    60
    47
    81
   184
    27
    29
     2
     0
     0
     7
     4
     0
    44
    40
   168
   190
    91
    65
    45
    40
    81
    26
    29
    40
    36
    40
   171
    21
    11
    61
     0
     0
     0
     0
     7
     2
   136
   119
   157
   119
    33
    49
    37
    42
    40
   169
    22
   186
    51
   101
    22
   105
    26
    62
     0
     0
     1
     0
     0
     0
   125
   162
   153
   229
   227
    37
   182
    72
   212
   123
    44
    78
    92
    64
    31
   206
     6
    38
    16
     6
     0
     1
     8
     0
   132
   181
   300
   212
    41
    41
   181
    47
    72
    59
    63
    60
    44
    50
   117
    93
    73
    78
     0
     0
     0
     3
     0
     0
    35
   149
   172
   162
    49
    46
    86
    71
    36
    51
    38
    82
    48
    30
    44
   105
    21
    73
     0
     7
     0
     1
     0
     1
    23
    58
   225
    53
   156
    64
   201
    78
    31
    38
    70
    41
    41
    98
    45
   208
    48
    95
     0
     0
     0
     7
    10
     5
    73
   299
   123
   233
    57
    77
    30
    29
    77
    88
   108
    73
   174
    23
    40
    22
    51
    37
     5
     0
     7
     7
     0
     0
    40
   239
   197
    69
    46
    58
    57
    59
    34
    23
    25
   161
    23
    75
    51
    67
    36
    42
     0
     0
     0
     6
     7
     6
    33
   150
   194
    35
    41
    34
    43
    50
    29
    90
    30
    74
   212
    69
   124
   169
    86
    34
     0
     0
     0
     5
     1
     0
    42
   122
   161
   152
   181
    54
    55
    36
    57
    80
    86
   107
    59
   189
   122
    47
    22
    89
     0
     0
     1
     9
     7
     4
    88
   168
   101
    83
   121
    21
    71
    85
    67
    36
   138
    84
    21
    21
    30
   101
    64
    48
     8
     0
     1
     8
     0
     0
    65
   142
   248
   257
    77
    76
    76
    73
    29
    30
    53
    44
   107
    21
   101
   117
    30
    83
     2
     9
     0
     0
     7
     0
    54
    71
   194
   100
    46
    32
    36
    36
    33
    99
    64
    33
    38
    16
   194
   121
    42
    30
     0
     0
     0
     0
     7
     0
    21
   131
   270
   129
    38
    21
    62
    94
    64
    67
    44
    62
    33
    94
   117
    85
    39
    64
     0
     0
     9
     0
     3
     0
    42
   247
   128
    42
    42
    66
    23
    60
    26
   187
    57
    19
    90
    24
   160
    93
    49
    72
     0
     9
     0
     5
     0
     0
    27
   154
   127
   123
    38
    47
    49
    79
    30
   207
    50
    30
    66
    89
   155
   109
    70
   157
    15
     1
     0
     0
     0
    12
    68
    86
   190
   256
    82
   106
    22
    37
    58
    29
    86
    37
    82
    46
    91
    70
    90
   129
     1
     0
     6
     4
     4
     0
    49
   110
   211
   100
   221
    55
    52
   113
    61
    27
    26
   197
    58
   108
    86
   247
    44
    48
     3
     0
     5
     3
     6
     0
    46
    59
   349
   180
    31
    27
    24
    58
    54
   125
    54
    41
    83
   219
    43
    58
    35
    51
     0
     0
     0
     0
     3
     9
    47
    28
   139
   167
    81
    37
    57
    25
    17
    46
    30
    33
    46
    85
   350
   245
    58
    34
     1
     0
     6
     0
     3
     0
    40
   147
   176
   189
   159
    48
    73
    24
    30
   126
    29
   183
    29
    35
   197
    31
    38
    20
     7
     0
     0
     0
     0
     0
    84
    89
   354
   119
   121
    33
    41
    15
    36
   191
    44
    77
   102
    15
   176
    95
    30
    79
     1
     4
     0
     0
     7
    11
    73
   137
   114
    70
    45
    27
   103
    42
    32
    54
    21
    52
    35
    55
   107
    44
    47
    52
     4
     0
     8
     9
     0
     0
    75
   200
   373
   100
    34
    84
    91
    54
    32
   125
   183
    39
    39
    31
   117
    81
    63
    50
     6
     0
     0
     0
     1
     5
    62
   193
   307
   223
    44
    47
    71
   201
    40
    52
    44
    45
    51
   140
   263
   136
    47
    68
     5
     0
     2
     0
     1
     3
    45
   199
   236
   110
    44
   188
    27
    32
    28
    76
    17
    45
    23
   184
   217
   119
    31
    10
     0
     6
     0
     4
    13
     0
    39
   223
   240
    68
    52
    40
    53
    17
    49
    94
    21
    26
    55
    78
    73
    85
    39
    73
     3
     2
     0
     7
     1
     0
    34
   144
   133
    48
    25
    36
    78
   158
    18
    54
    28
    88
    39
    27
    29
   149
    37
    49
     0
     0
     1
     0
     1
     0
    81
    99
    77
   189
    53
    23
    45
    37
    65
    89
    24
    45
    31
    48
    18
    42
    21
    41
     0
     0
     2
     3
     3
    16
    91
   183
   251
   213
    38
    46
    22
    57
    97
    35
   227
    49
    95
   212
   115
   102
    91
    92
     9
     0
     2
     3
     0
     6
    52
    91
   152
    85
    51
    56
    33
    35
    53
   115
    37
   283
    25
    74
    96
   138
    34
    57
     4
     0
     0
     9
     8
     6
   133
   204
   188
   244
    81
    24
    64
    57
    56
    26
   260
    52
    65
    41
   360
    87
    46
    61
     7
     0
     2
     6
    19
     7
    28
   161
   161
    93
    31
    56
    37
    59
    85
    60
    55
    40
    30
    75
   169
   289
    42
    64
     0
     0
     0
     1
     0
     0
    35
    72
   330
   107
   202
    39
    58
    15
    31
   122
    38
    85
    54
    98
    69
    55
    62
    56
     0
     0
    10
     0
     0
     7
    73
   124
   111
   150
   173
    32
    27
    49
    64
   118
    40
    92
    87
    74
   117
    77
    67
    44
     0
     0
     0
     9
     0
     4
   119
    97
   169
   118
    27
    65
    30
    88
    54
   120
    43
    45
    72
    40
   151
   158
    19
    61
     0
     0
     0
     6
    12
     0
    93
   161
   143
   131
    88
    33
   124
    38
    70
    63
    78
    26
    36
    68
    70
    83
    93
    62
     0
     0
     0
     0
     0
    12
    34
   173
   221
    52
    71
    65
    48
   111
    21
   190
    22
    50
   117
    26
   135
    84
   104
    44
     7
     0
     0
     0
     9
     0
    33
    61
   325
    82
    41
    25
    48
   109
    75
   246
    68
    40
    32
    44
    96
   102
    32
    76
     0
     0
     2
     4
     5
     0
    65
   113
   166
    64
    83
    18
    33
    21
   100
    85
    31
    35
    14
   115
   216
    38
    61
    25
     9
     0
     2
     0
     1
     0
    70
   208
   159
    85
    41
    32
    16
    77
   139
    28
    31
   175
    30
    98
   203
    54
    35
    50
     1
     0
    11
     1
    11
     0
    53
   101
   141
   112
    28
    32
    31
    73
    49
    45
    41
   144
    25
    50
    94
   245
    86
    31
     0
     1
     0
    10
     0
     0
    48
   103
   170
    48
    10
    65
    20
   109
    26
    34
    71
    43
    83
    29
    90
   150
    46
    61
     0
     0
     2
     3
     0
     6
    35
    31
   432
   182
   124
    78
    74
    28
    44
    58
    57
    73
    33
    70
   229
   466
    55
    58
     6
    15
     0
     0
     0
     0
   136
   163
   126
   156
    41
    52
    59
   164
    48
    33
    43
    43
    68
    54
   192
    68
    57
    75
     9
     8
     7
     0
     6
    13
    39
   109
   242
    45
    37
    83
    80
    38
    44
    59
   104
    59
    95
    84
   122
   346
    45
    63
     0
     0
     6
     0
     3
     0
    36
    42
    74
    81
    58
    41
    58
    63
    21
    32
   167
    44
    65
    65
   352
    45
    30
    82
     9
     0
     1
     0
     0
     1
    29
   176
   151
    74
    33
    34
    24
    39
    79
    36
    19
    17
    94
    28
   140
    26
   127
    51
    10
     1
     0
     4
     2
     8
   204
    26
   260
    72
    70
   102
   172
    73
    42
    59
   230
    20
    26
    57
    21
   131
    40
    51
     1
     0
     0
     0
     2
     0
    35
    91
   175
   258
    23
    12
    38
    17
    27
    22
    55
    67
    41
    64
    55
    33
    31
    47
     2
     0
     7
     3
    10
     3
    11
   120
    54
   114
    48
    99
    49
    21
    33
    45
   102
    32
   175
    41
   289
   242
    25
    98
     0
     2
     0
     0
     7
     2
    54
   176
   293
   196
    34
    38
    34
    55
    51
   276
    56
   182
   297
    76
    42
   108
    53
    78
     0
     0
     4
     0
     0
     7
    55
   119
   332
   127
    44
    25
    37
    62
    51
   156
    73
    42
    42
   184
   184
   157
   236
    79
     0
     0
     0
     0
     0
     7
    80
    26
    20
   182
    30
    44
    46
    53
    21
    44
    32
    90
    38
    25
    42
    54
    24
    51
     5
     0
     0
     0
     0
     1
    19
    61
   115
    97
    37
    21
    25
   103
    51
    49
    55
   113
    95
    51
    52
   116
    30
    30
     7
     0
     2
    10
     9
     4
    25
   125
   236
   162
    75
    68
    46
    66
    44
    25
    22
    30
    85
    20
   116
    36
    36
    29
     2
     0
     3
     0
     0
     3
    41
    78
   180
   192
     5
    39
    36
    43
    48
   192
    62
    49
    34
    45
    69
   159
    84
    63
     0
     3
     0
     0
     0
     0
   163
    64
   275
   173
    94
    44
    42
    54
   209
    28
    42
    49
   167
    60
    25
    70
    21
    34
     6
     0
     0
     0
     0
     0
    29
    66
   257
    23
   140
    78
    89
    34
    40
    43
   109
    33
    74
    75
   142
    30
    44
    71
     0
     0
    18
     0
     5
     0
    72
    97
   183
   163
    30
   216
    33
    44
    44
    26
    56
    51
    39
    71
   188
   188
    95
    40
     3
     4
     4
     3
     0
     0
    20
   128
   231
   135
     9
    19
    32
    43
    45
   167
   102
     4
    53
   173
   233
    22
    40
    72
     0
     2
     1
     6
     0
     0
    19
   160
   182
   122
    28
    51
    31
    83
    15
    36
    86
    37
    18
    31
    66
   259
    23
    61
     0
     0
     0
     4
    10
     2
    38
    31
   217
   107
    65
    55
   221
    76
    47
    40
    77
    36
    29
    23
   160
    28
    25
    33
     5
     1
     8
     2
     0
     0
    25
    96
    83
    69
    39
    32
    47
    34
    16
    56
   182
    22
    34
    26
    81
    25
    34
    44
    13
     3
     1
     0
     0
     0
    72
   157
   221
    44
    88
    15
    38
    38
    38
    35
    41
    75
    56
    74
    97
    70
    46
    38
     0
     5
    13
     5
     1
     0
    94
    71
   345
   239
    52
    61
    50
    57
    30
    26
    94
    45
    36
    58
   125
    23
   194
    88
     0
     0
     4
     0
     5
     6
    37
    92
   101
   336
    39
    22
   183
    92
    55
   236
    90
    74
    45
    98
    74
   139
    59
    46
     0
     0
     3
     0
     8
     0
   115
    88
   143
   156
    64
    45
    29
    45
    33
   183
    70
    42
   173
    37
    76
    63
    42
    48
     7
     1
     0
     3
     0
     0
    63
   143
   128
   131
     4
    37
    54
    78
    21
    33
    47
   161
    47
    23
   122
    27
    25
    71
     0
     0
     9
     6
     4
     0
    16
   112
   150
   125
    41
    49
    35
   135
    87
    30
   172
    62
   130
    43
    33
   156
    26
    44
     0
     0
     7
     0
     0
     0
    58
    40
   158
   112
    74
    18
    30
    35
    12
    31
    28
    82
    55
    80
    82
    99
    53
    57
    10
    16
     0
    12
     0
     0
    29
    24
   117
   247
    42
    31
    44
    45
   164
    70
    17
    39
    38
    24
    59
    86
    31
    21
     4
     7
     0
     0
     0
     7
   143
   114
   134
   107
    30
    36
    67
    14
    73
    46
   103
    38
    35
   177
   324
   158
    37
    77
     0
     0
     0
     9
     0
    15
    70
   178
    82
    75
    39
    36
   117
    58
    60
    15
    32
    30
    40
    67
    81
    35
    31
    96
     0
     0
     0
     3
     0
     0
    26
    72
   184
   133
    56
    75
   202
    95
    47
    27
    39
    34
    20
    89
    20
   196
    27
    39
     0
     0
     0
     4
     4
     0
    22
   132
   240
    70
    36
    58
    26
    38
    29
    25
    21
    54
    24
    11
   122
    91
    23
    48
     0
     0
     4
     6
     0
     8
    64
    70
    77
    90
   134
    43
    20
    22
    26
    12
    34
    21
     9
    57
    18
    31
    47
    59
     0
     9
     0
     0
     1
     0
    22
   132
   192
    52
    22
    41
    51
    27
    35
    58
    40
    45
    40
    70
    20
   158
    82
    43
     0
     0
     7
     7
     0
     8
    36
   150
   205
    67
   165
    73
    35
    70
    26
    33
    64
    29
    47
    33
    49
    64
    51
    14
     0
     0
     2
     6
     0
     0
    62
   108
   222
   161
    92
    25
    43
    40
    23
    45
    60
    40
    35
   218
    39
    71
    14
    70
    14
     0
     0
     0
     0
     5
    31
   113
   237
   130
    36
    35
    44
    32
    25
    36
    65
    26
    62
    95
    72
    58
    70
    23
     0
     6
     0
    13
     2
     0
    25
    82
   162
   152
    56
    65
    30
    42
    36
   104
    42
   361
    85
    79
    68
   179
    18
    92
     1
     0
     0
     0
     5
     0
    22
   116
    91
    81
    27
    47
    38
    34
    52
    70
    43
    27
    23
    84
    75
    57
    35
    57
     0
     1
     0
     0
     6
     0
    23
    51
    88
    42
   178
     9
    63
    31
    21
    15
    73
    38
   225
    44
   101
   183
    28
    42
     0
     0
     0
     0
     1
     0
    26
    42
   117
   185
    45
    23
    38
    31
    90
    56
    22
    36
    30
    28
   206
    32
    89
    35
    15
     0
     2
     0
     0
     8
    86
    92
   199
   108
    38
    57
    18
    60
    31
   161
    52
    74
    34
     9
   103
   114
    44
    52
     4
     0
     0
     6
     7
     0
    42
    60
   162
   173
    62
    63
    41
    86
    17
    79
    59
    61
    50
    50
   288
    39
    59
    35
     0
    14
     0
     9
     1
     0
    82
   102
   110
   321
    38
   185
    55
    61
    21
    29
    32
    80
    36
    79
    48
   107
   300
    51
     0
     9
     0
     0
    10
     0
    80
    57
   286
    82
    64
    26
    55
    74
    19
    22
    52
    41
    45
   155
    99
    20
   104
    45
     9
     7
     0
     0
     0
     0
    85
    52
   268
   100
    38
    32
    35
    33
    24
    86
    21
    81
   161
    32
   115
    86
    35
    19
     0
     0
     8
     3
     0
     0
    20
   132
   204
    97
    43
    34
    54
   166
    46
    46
    19
    91
    51
   175
   159
   136
    69
    62
     0
     0
     0
     4
     0
     0
    85
   157
    72
   108
    51
    48
    36
    25
    39
    38
    61
    51
    61
    57
   182
   125
    65
    60
     0
     2
     5
    10
     0
     0
    79
   178
   163
    36
    61
    48
    47
    73
    49
    66
    23
    40
    37
    58
    57
    54
    76
    35
     0
     0
     7
     0
     4
     0
    90
    86
   167
    74
    42
    85
    39
   149
   240
    57
    38
    86
    77
   183
   183
    78
    69
    41
    13
     2
     0
     0
     0
     1
    37
   114
   324
   160
    61
    39
    50
    48
    56
    84
   109
    48
    61
   174
   100
    77
    37
    39
     0
     0
     0
     6
     0
     9
    79
   120
   177
   372
    22
    60
    86
    33
    54
    29
    49
    24
    61
    30
    73
   106
    27
    23
     4
     0
     0
     0
     0
     8
    24
    94
   333
   175
    70
    30
    56
    42
    33
    32
   171
    83
    99
    63
    31
   162
    31
    37
     0
     0
     2
     0
     4
     0
    95
   155
   242
    42
   141
     9
    20
    85
    90
    40
    28
    51
    83
    34
    37
   118
    51
   341
     0
     0
     2
     0
     8
     0
    66
   154
   365
    79
    47
    28
    18
   169
    25
    25
    62
    48
    17
    83
   108
    81
    41
    35
     6
     0
     0
     1
     0
     0
    68
    67
   103
    64
    24
    51
    24
    27
    66
    38
    37
    35
    57
    18
    88
    27
    25
    49
     0
     2
     0
     0
     5
     0
    94
   333
   171
   143
    48
    59
    21
    25
   118
   108
    96
    89
    89
    48
    83
   333
    61
    46
     2
     3
     0
     8
     1
     0
    95
   122
   149
   118
    67
    41
    83
    25
    56
    41
    54
   147
    49
   247
    98
   198
    55
    66
     0
     0
     0
     0
     3
     0
    36
   184
   152
    42
    28
    21
    35
    50
    34
    63
    27
    57
    82
    96
    50
    79
    62
    18
     6
     0
     3
     0
     0
     0
    79
    93
   179
    28
    73
    22
    35
    10
    29
    20
    57
    53
    43
    33
    64
    70
    35
    13
     0
     9
     0
     0
     0
     1
    27
    73
   192
    47
    65
    27
    36
    55
    12
    26
    34
    21
    26
    43
    56
    34
    17
    36
     1
     0
     1
     0
     6
     0
    98
    34
   223
   225
    90
    28
    28
    36
    62
    49
    32
    51
    79
   101
    93
   208
   122
    12
     0
     0
     0
     0
     6
     0
    24
   102
    79
    36
    34
    74
    24
    53
    29
    56
    43
    32
   109
    41
    69
    73
    82
    28
     0
     1
     7
     0
     0
     0
    86
   120
   246
   152
   129
    68
    78
    38
    42
    70
    30
   138
    33
   196
    35
    56
    53
    71
     0
     0
     0
     0
    21
     0
    45
   202
   172
    72
    63
   247
    34
   209
    40
    96
   199
    50
    69
    57
   178
   118
    38
    43
     0
    16
     0
    10
     0
     0
   105
    73
    67
   148
    36
    91
    22
    44
    36
    29
    22
    60
    29
    37
    70
   136
    75
    42
     4
     0
     0
     3
     7
     6
    90
   149
   151
   115
    49
    71
    48
    41
    18
    48
    91
    37
    75
   102
    76
   133
    16
    65
    12
     0
     0
     0
     0
     0
    43
   345
   107
   110
    38
    27
    52
    21
    19
    80
    21
    26
    26
    34
   110
    47
    35
    53
     4
     0
     8
     0
     7
     6
    29
   198
   241
    65
    96
    74
    22
   109
    41
   185
    31
     8
    38
    32
   159
   105
    94
    35
     4
     0
     2
     0
     2
     0
    40
   189
   287
   121
    52
    42
    35
   110
    55
    24
    49
    40
    61
   104
    86
   112
    52
    45
    11
     9
     0
     6
     2
     8
    76
   198
   206
   137
    56
    61
    20
    29
    46
    58
    82
    26
    56
    79
   138
    20
    53
    57
     2
     5
     0
     3
     0
     0
    52
    64
   205
   297
   233
   113
    25
    69
    54
    40
    33
    70
    61
   115
   121
   187
    32
    44
     0
     6
     3
     0
     0
     6
    33
    39
   150
   137
    40
    86
    33
    14
    46
    50
    68
    65
    28
    83
    71
   167
    44
    45
     7
    10
     7
     0
     6
     7
    37
    65
   153
    70
    63
    26
    57
    23
    43
    30
    41
    74
    68
    32
    30
    81
    46
    37
     6
     0
     3
     5
     2
     0
    94
    18
   227
    95
   130
    16
    83
    76
    25
    58
   190
    41
    63
   313
    75
    83
    42
    47
     3
     6
    10
     1
     0
     0
    32
    59
   319
   114
    40
    21
    54
    63
    41
    35
    12
    15
    43
    58
   162
   272
    24
    18
     0
     4
     0
     0
     0
     0
    61
   126
   221
    75
   114
    60
   159
    44
    33
    27
    87
    39
    80
   219
    27
    90
    36
    48
     0
     0
     0
    10
     0
     0
    70
    80
   156
    35
     9
    33
    35
    28
    30
    62
    44
    41
    74
    38
   159
    41
    58
    18
     0
     0
     0
     5
     5
     4
    91
   134
   411
    48
    92
    37
    34
    56
    43
    92
    45
    51
    93
   351
    86
   138
    31
    75
     6
     0
     0
     0
     0
     3
   103
   103
   137
    33
    63
    29
    39
    54
    58
    46
    23
    25
    38
    34
    79
   153
   195
    66
     9
     6
     0
     0
     0
     0
    34
   193
    67
   122
    33
    45
    28
   175
    50
    56
    38
    57
    58
    37
    93
    68
    69
    34
     0
     3
     0
     4
     8
     4
    38
    43
   197
   200
    70
    75
    42
    45
   108
    58
    22
    64
   106
    32
    53
   114
    51
    20
     0
     0
     0
     4
     0
     2
    43
   151
   209
    74
    66
    39
    25
    56
   183
    18
    39
    70
    34
    32
    66
    27
    20
    34
    12
     0
     1
     0
    13
     0
    46
   132
   129
   129
    62
    29
    45
    67
    69
    22
    79
    31
    18
   123
   362
   177
    38
    32
     0
    18
     0
     0
     5
     2
    74
    68
   148
   375
    34
   135
    26
   114
    51
    69
   127
    32
    29
    51
    82
    39
    91
   148
     0
     0
     4
     7
     0
     5
    32
    93
   218
   166
    76
    64
    57
     8
    32
    88
    31
    97
    50
    37
   101
   389
    29
    43
     3
     6
     1
     0
     4
     3
    59
   123
    81
    74
    45
    32
    35
    27
    53
    56
    34
    51
    58
   180
   214
    90
    84
    53
     0
    10
     3
     5
     0
     3
    26
    84
   200
    59
    72
     8
    28
    13
    57
   180
   117
    33
    17
   204
    44
   123
    21
    81
    10
     5
     0
     3
    12
     3
   109
   138
   229
    92
    89
    38
    26
    67
    50
    27
   226
   167
    17
    68
   115
    94
    32
    36
     7
     3
     0
     3
     0
     0
    80
    64
   109
   158
    80
   158
    44
   121
    72
    73
    75
    84
    15
   185
   107
   148
    70
    14
     0
     3
     3
     4
     0
     8
   100
   159
   149
   147
    49
    51
   124
    80
    44
    63
    40
    26
    47
    27
    56
    17
    82
    34
     7
     1
     0
     0
     0
     6
    70
   212
   422
   214
    56
    59
    52
     8
    43
    35
    29
    52
   201
    47
   249
    70
    62
   135
     3
     4
     0
     0
     6
     0
   139
    79
   237
    48
    99
    50
    57
    44
    50
    32
    17
    66
    23
    48
   221
   137
    42
    82
     0
     0
     0
     5
     2
     4
    36
   166
   303
   226
    91
    28
    54
    48
    64
    60
    24
    40
    36
    35
   139
   177
    21
    50
     4
     1
     0
     8
     0
     0
    68
    92
    79
   104
    38
    41
    26
    36
    26
    79
    42
    86
    50
    36
    68
    69
    81
     6
    11
     0
     6
     0
     5
     0
    81
   209
   204
   133
    14
    77
    21
    85
    57
    70
    48
    26
   192
    21
    37
   171
   111
    33
     0
     0
    10
     0
     2
     0
    37
   196
   248
   136
    70
    35
    23
    58
    21
   178
    21
    33
    32
   172
    93
    48
   129
    35
     0
    16
     5
     4
     0
     0
    41
   133
   141
    71
    23
    80
    46
   142
    22
    47
    46
    99
    44
    26
   145
    65
    54
    47
    13
     2
     0
     1
     3
     0
    35
   152
    57
   109
    33
    64
   228
    30
    46
    46
    52
   209
    73
    51
   270
    44
    26
    97
     0
     1
     6
     8
    14
     0
    89
   136
   287
   171
    36
    41
    63
    42
    67
    65
    56
    66
    50
    57
   237
   297
    53
    30
     0
    10
     0
     0
     0
     3
    48
    55
    84
   193
    87
    49
    61
    32
    58
    47
    31
    33
    57
    35
    51
   115
    71
    30
     0
     0
    14
     0
     8
     0
    78
    69
   207
    49
    17
    48
    22
    71
    70
    90
   186
    34
    68
   292
   276
    62
    44
    95
     0
     6
     4
     2
    11
     0
    40
   174
   267
   180
    31
    28
    56
    17
    74
    71
    27
    46
    19
    60
   166
   185
    40
    33
     0
     0
     0
     0
     0
     0
    22
    78
   149
   146
    71
    26
     8
   123
    14
    24
    82
    45
    18
    21
    98
   115
    17
    27
     0
     0
     0
     0
    10
     0
    30
   129
    98
   278
    37
    37
    75
   225
    65
    25
    67
    73
    11
    43
   200
    37
    35
   110
     8
     0
     7
     4
    15
     0
   101
    96
   257
    50
    44
    60
    75
   215
    49
    53
    23
    78
    89
    29
   139
   134
   105
   134
     0
     0
     2
     0
     5
     0
    89
   108
   464
   155
    24
    24
    47
    23
   175
    46
    13
    73
    53
    73
    50
    97
    61
    30
     0
     0
     4
     7
     0
     0
    45
   116
   309
   185
    37
    76
   117
    37
    22
    42
    56
    49
    22
   124
   252
   113
    51
    43
     0
     5
     3
     0
     4
     0
    57
   152
   210
   156
    53
    31
    92
    25
    24
    94
   129
    50
    35
    67
    56
   120
    66
   162
     8
     0
     1
     0
    14
     0
    79
   193
   118
   240
   104
    63
    26
   101
    40
    27
    50
    44
    26
    21
    49
    67
    34
    32
     5
     9
     0
     0
     4
     0
    58
   149
   256
   253
    64
    82
    22
    51
    34
    26
    99
    40
    34
    21
    79
    78
    58
    65
     6
     2
     0
     5
     0
     0
    60
   185
   159
   108
     6
    75
    19
    24
    43
    36
    79
    21
    33
    69
    84
    36
    50
    66
     0
     0
     1
     0
     2
     0
   105
   119
   269
   131
    59
    17
    81
    37
    76
    39
   121
    35
    29
    37
   317
   106
    75
   185
     5
     2
     0
     7
     0
     1
    78
   130
   266
    92
    53
    28
    15
    31
    67
    62
    60
    43
    54
   233
   230
   125
    47
    56
     0
     1
    12
     0
     0
     0
   119
    87
   357
   122
    89
    25
    75
    93
    24
    43
    51
    33
    49
    37
   104
    25
    43
    21
     0
     1
     1
     4
     0
     0
   114
    70
   149
   144
    34
    63
    63
    81
    58
   110
    90
    36
    41
    87
    99
    70
    40
    49
     8
     6
     1
     2
     1
     0
   139
    45
    31
   151
    40
    41
    81
    88
    28
    50
    41
    46
    34
   180
   200
    62
    62
    90
     0
     2
     0
     0
     0
     3
    55
   111
   217
   279
    54
    54
    37
    26
    48
    39
    56
    28
    40
    24
    59
   110
    51
   110
     0
     3
     0
     0
     0
     0
    14
   178
    97
    64
    30
    60
    43
    37
    33
    26
    98
    86
    50
   120
    72
   188
    66
   127
     0
     4
    10
     4
    15
     3
   106
   245
   193
   159
    32
   114
    43
    66
    81
    49
   251
   104
    98
    39
   136
   226
    62
    65
     3
     0
     7
     0
     0
     0
    72
   152
   408
   145
   115
    48
    52
    51
    33
    86
    62
   197
    79
    64
    60
   113
   142
    52
     0
     5
     0
     0
     0
     1
    40
    63
    28
   108
    81
    60
   109
    51
    33
    22
    44
    36
    85
    79
   180
    30
    74
    11
     0
     0
     5
     0
     0
     2
   130
    95
   370
   219
    43
     9
    50
    24
    84
    51
    64
    84
    41
    62
   143
   109
    50
    60
     0
     0
     0
     0
     0
     7
    62
    64
   160
   253
    45
    18
    54
    34
   111
    31
    28
    62
   122
    28
   233
   186
    29
    96
     0
     0
     0
     0
     8
    19
    26
    88
   146
   114
    29
    42
    35
    21
    74
   109
    56
    67
   114
   160
    99
   152
    26
    43
     9
     3
     9
     5
     7
     0
    26
    76
   169
    75
    88
    11
    19
    20
   157
    53
    34
    64
    26
    77
    47
   173
    13
    30
     0
     0
     8
     0
     0
     3
    42
   122
   244
   174
   121
    60
    16
    71
    62
    88
    39
    77
   186
    71
   259
    43
    20
    42
     0
     8
     3
     0
     0
     8
    29
    47
   317
   111
    15
    69
    67
    46
    26
    37
    62
    27
   115
   244
   297
   216
    40
    83
     0
     4
     0
     2
     3
     0
    72
    54
   286
   114
    29
    38
    38
    51
    16
    36
    31
    49
    35
    46
   153
   133
    84
    33
     0
     7
     7
     3
     5
     0
    22
   102
   214
   102
    35
    43
    91
   245
   102
    54
    70
    33
    46
    71
   110
    33
    27
    68
     0
     4
     6
     4
     4
     0
    55
   154
   175
   220
    39
    40
    26
    24
    66
    32
    45
    59
    61
    85
   128
    77
    48
    30
     1
     0
     0
     0
     0
     1
     0
    83
   168
   276
   157
    30
    67
    29
    90
   162
    21
    77
   112
    78
    50
   287
    65
    81
   182
     0
     0
     5
     0
     6
     0
    36
   135
   232
    51
    79
    33
    44
    72
    58
    33
    46
   183
    31
    30
   193
   138
    21
    45
    10
     0
     0
     0
     4
     5
    72
   141
   209
   149
    87
    91
    98
    79
    48
   179
    42
    47
    83
    83
    71
   119
    45
    58
     0
     7
     0
     8
     8
     0
    52
   130
   308
   243
    57
    93
    41
   216
    75
    31
    51
    51
    87
   240
   354
    84
   174
    49
     0
     9
     0
     6
     3
     0
    20
   249
   203
   194
    60
   116
    82
    36
    14
    46
    37
    30
    38
    51
    68
    93
   101
    51
     0
     6
     9
     0
     3
     0
    39
    73
   266
   130
    76
    42
    45
    46
    89
    60
    50
    37
    62
    57
    18
   136
    64
    61
     3
     1
     0
     8
     2
     1
    50
    67
    74
   244
    38
    67
    27
    32
   158
    44
    65
    85
   103
    81
   257
    17
    88
    46
     3
     1
     0
     7
     0
     0
    61
   121
   334
   160
    42
    47
    86
    76
    25
    19
    43
    68
    78
   336
    34
    57
    27
    77
     0
     9
     5
     3
     0
     0
    53
   109
   134
   197
    30
    71
    36
    34
    25
    49
    79
    30
    54
   103
   329
   206
    43
    71
     1
     4
     0
     6
     0
     0
   114
   155
   284
   188
    47
    41
    44
    61
    91
    44
    25
   146
   183
    68
    86
   212
    29
    53
     9
     0
     1
     0
     0
     0
   160
   117
   212
   201
   110
   100
    52
    42
    56
    67
    23
    38
    34
    48
   275
   245
    44
    60
     0
     0
     0
     9
     0
     6
    39
   209
   233
    43
    36
    61
    31
    63
    64
    19
    22
    56
    38
    91
   176
    35
    77
    35
     5
     0
     0
     0
     1
     9
   100
    70
   100
   110
    90
    60
    41
    54
    66
    35
    69
    39
    33
    74
    23
    71
    67
    21
     0
     0
     0
     0
    10
     8
    99
    79
   189
   107
    40
    54
    37
    11
    68
    23
    72
    77
    26
    48
   319
    77
    50
    40
     0
     0
     0
     6
     0
     5
    30
   118
   178
   252
    35
    23
    29
    44
    83
    51
   102
    26
    44
    41
    39
   127
    46
    46
     6
     0
     0
     3
     0
     0
    45
    80
    90
   145
   224
    71
    63
    42
    33
    74
    87
    92
    28
    71
    36
    62
    56
    58
     0
     4
     0
     0
     0
     0
    18
    88
   150
   208
    61
    54
   156
    22
    84
    55
    76
    80
    20
   233
   305
    61
   104
    62
     2
     0
     3
     0
     0
     4
    30
   197
   210
   150
   134
    74
    56
    75
    27
    63
    39
    44
    93
    86
   134
    45
    99
    84
     5
     0
     0
     0
    13
     3
    57
   156
   207
   123
    49
    69
    50
    90
    33
    58
    58
    57
    54
    76
    84
    70
   195
    89
     1
     0
     4
     4
     6
     1
    83
   126
   181
    34
    83
    49
    43
    35
    32
    77
    45
   189
    16
   109
   108
   256
    91
    20
     0
     0
     0
     0
     0
     0
    26
    61
   231
   246
    49
    63
    55
    68
    87
    34
    37
    28
    22
    21
   110
    63
    83
    10
     0
     0
     6
     0
     0
    13
    18
    78
   199
   137
    39
    52
    87
    83
    72
    61
    67
    78
    81
    37
    77
    43
    77
     9
     1
     0
    10
     0
     2
     0
    49
   117
   164
   194
    42
    45
    46
    88
    49
    51
    44
    62
    53
    51
   199
   102
    50
    33
     0
     0
     7
     5
     0
     0
    34
   118
   125
   132
    50
    48
    40
    78
    88
    54
    94
    41
    78
    59
   131
   173
    54
    72
     3
     2
     0
     1
     8
     3
    67
   116
   261
   184
    59
    65
    68
   110
    57
   128
    60
    38
    54
   125
   135
   225
    13
   108
    14
     0
     1
     0
     7
     8
    73
    81
   317
    72
    90
    54
    85
   191
    64
    70
   179
    31
    48
    88
    86
   120
   160
   109
     0
    12
     2
     6
    23
     0
    34
   205
   289
   300
    29
    81
   163
    67
    78
    42
   171
    37
    89
    30
   130
    43
     5
    29
     0
     0
     0
     0
     0
     0
   108
   244
    61
   156
    32
    41
    35
    84
    63
    22
    32
    64
    32
    87
   116
    16
    39
    35
     0
     2
     6
     0
     0
     7
   156
    49
   273
   178
    47
    59
    49
    14
    22
    78
    56
    39
    77
    25
    70
   320
    49
    43
    10
     2
    14
     6
     4
     7
    68
   122
   295
    82
   173
    56
    22
    30
    41
   153
   266
    91
    40
    37
   168
   162
    41
    48
     0
     0
     0
     0
     0
     4
    68
    72
   147
   121
    75
    85
    46
    31
    27
    45
   127
    36
    68
    59
    77
   123
    16
    49
     0
     3
     0
     0
     6
     5
    27
   124
   232
   104
    87
    57
    76
    78
   122
    56
   118
    66
    35
    61
    52
   149
    92
    26
     0
     0
     0
     0
     5
     0
    38
    77
   167
    75
    41
    62
    48
    37
    65
    75
    48
    24
    30
   277
    69
    69
    34
    49
     0
     0
     0
     3
     0
     0
    24
   125
    76
   142
    55
    53
    34
    54
    49
    50
   168
   100
    58
    29
    66
   216
    60
    28
     0
     0
     0
     4
     0
     3
    68
   265
   208
   178
    11
    48
   191
    93
   217
    50
    63
    45
    64
    95
    51
   177
    22
    20
    13
    10
    11
     0
     0
     3
    77
    69
   103
    89
    38
    32
    58
    59
    47
    71
    23
    35
    33
    53
    54
    39
    58
    19
     4
     3
     1
     0
    12
     3
    47
   202
   250
   196
    74
    12
    42
   101
    86
    33
    47
    32
    33
    88
    80
   123
    92
    73
     0
     8
     6
     2
     0
     6
   118
   174
   331
   253
    48
    31
    72
   126
    53
    34
    59
    38
    19
   153
   311
   277
    26
    56
     0
     0
     9
     0
     0
     0
    51
   216
   230
   248
   100
    41
   182
    52
    59
    55
    51
   201
    47
    65
    29
    45
    62
    30
     0
     3
     4
    20
    11
     2
    67
   152
   253
   139
    52
    42
    44
    82
    21
    78
    60
    46
   217
    77
    44
    29
    42
    25
     0
    11
     0
     0
    17
    10
    60
   105
   180
    73
    40
    36
    60
    51
    70
    60
    22
    97
    47
   117
    77
   259
    49
    60
     0
     9
     0
     0
     0
     0
    52
   158
   165
   110
    42
    63
    48
   168
    92
   119
    45
    46
    73
    80
    29
    75
    33
    48
     1
     0
     0
     3
     5
     0
   109
   194
   239
   110
    74
    51
    72
    74
    43
    49
    49
   161
    75
    67
    91
    42
    31
    47
     0
     1
     0
     0
     3
     0
    19
   128
   120
   153
    78
    91
    46
    41
    80
    44
    51
    82
    45
   209
    50
   249
    13
    31
     0
     0
     5
     1
     0
     0
    48
   130
   216
   264
    59
    81
    41
    89
    48
    91
   110
    95
   107
    34
    42
    82
    81
    61
     1
     0
     0
     3
     7
     7
    88
   132
   335
    79
    38
    37
    51
    21
    56
    70
    34
    78
    82
    90
   260
   138
    44
    69
     0
     0
     0
     0
     0
     0
    52
   160
   264
   214
    58
    50
    31
    38
    24
    90
    25
    37
    35
   104
   236
    98
    66
    24
     0
     5
     0
     8
     2
     5
    21
   280
   129
    85
   118
    34
    30
    37
    51
    70
    37
    13
   164
    35
    49
    85
    49
    21
     6
     0
     0
     0
     9
     0
    44
    65
   150
   170
   113
    36
    45
    43
    29
    32
    52
   135
    34
    63
    90
   112
    39
    83
     2
     0
     0
     0
     0
     8
   106
    76
   272
   188
    18
   112
    48
    47
    98
    74
    72
    43
   111
   194
   116
   128
    41
    21
     0
     0
     0
     6
     0
     0
   179
    88
   114
   231
   240
    34
    51
    50
    92
    31
    62
    33
    26
    76
    32
   169
    47
    41
     0
     5
     0
     6
     0
    12
    74
    65
   391
   196
    74
    76
    64
    86
    37
    60
    95
    83
    72
    81
    74
   187
    63
   106
    13
     0
     7
     3
     5
     0
    72
    74
   197
    87
    58
    37
    41
    30
   221
   106
   113
    33
    92
    80
   138
   133
    63
    38
    13
     1
     0
     0
     9
    13
    37
   173
   244
   263
    82
   108
    29
    50
    54
    23
    52
    34
    53
   170
    63
    94
    56
    61
     2
     0
     0
     2
     0
    10
    29
   211
   229
    80
    84
   119
    46
    26
    59
    72
    24
    37
    49
    57
    43
    80
    56
   186
     2
     4
     0
     0
     0
     0
    36
    41
   163
    93
    53
    23
    83
   110
    49
    91
    67
   142
    83
   210
   224
   134
    52
    37
     0
     0
     0
     0
     7
     0
    85
   192
   159
    77
    63
    48
    46
    38
    55
    83
    95
    56
    27
   101
   160
   175
    81
    44
     0
     0
     2
     7
    13
     2
   154
    90
   220
   168
    48
    31
    56
    74
   202
    39
    24
    42
    56
    27
   192
   209
    34
    34
     8
     0
     0
     4
     1
     0
    64
   180
   230
   209
    45
    67
    92
   194
    36
    45
    78
    48
    47
   182
   133
   103
    76
    29
    11
     5
     1
     3
     0
     3
    23
   231
   266
   165
    39
    39
    66
    63
    48
    51
    93
    58
    48
    91
    51
    41
    42
    54
     0
     0
     0
     1
     0
     2
   105
    83
   323
    75
    53
    33
    40
    42
    50
    50
    60
    48
    78
   147
    70
    42
    79
     0
     0
