    76
     3
     0
     0
     2
   136
   146
   370
   189
   105
   120
    72
    66
    40
    69
    76
   101
   127
   240
    91
   149
    40
    82
     0
     0
     6
     5
     9
     1
    96
   258
   182
   302
   141
    67
    42
    79
    76
    95
   110
   134
    57
    44
   255
   177
    99
    51
     2
     5
    10
    13
     1
    18
    34
   248
   308
   258
   101
   222
    86
    74
   159
    67
   109
   104
    85
   132
   175
   175
   102
   112
    12
     4
     0
     0
     5
     4
   202
   416
   352
   199
    86
    84
    87
    77
   108
   203
   154
   115
   102
   103
   290
   180
    74
    87
     1
     0
     3
     0
     4
     0
   124
   265
   519
   219
   103
   131
    76
    62
    95
   128
    43
    71
    98
    54
   190
   155
    55
    61
     1
     6
     0
     3
     0
     2
   102
   337
   324
   279
   169
   151
   115
   125
   148
    96
   168
    77
    53
    88
   306
   136
    93
   162
    19
     0
     0
     6
     4
     6
   202
   251
   363
   269
   109
   132
    94
   113
   231
   243
   138
   119
   321
   127
   390
   341
    90
    94
     0
     0
     3
     0
    10
     0
   110
   321
   496
   227
    68
    94
    69
   122
    37
   100
    86
   123
   116
    81
   184
   259
   111
   133
     0
     2
     0
     6
     0
     5
   151
   292
   320
   234
    66
   117
    85
    52
    94
    63
    83
    97
    83
   151
   219
   245
   168
    54
     5
    13
     8
     9
    16
     0
    93
   323
   379
   230
    70
    85
    92
   113
   119
    90
   272
   145
   113
   134
   305
   167
    43
    72
     0
     6
     0
     0
     4
     9
   116
   219
   340
   165
    87
   106
    46
    99
    81
   266
    64
    64
    75
    89
   372
   177
   102
    77
     6
     0
     4
    14
     3
     3
    51
   260
   316
   116
   228
    68
    66
    46
    77
   213
   281
    90
    36
   331
   103
   174
    68
   146
     0
     3
     5
     0
     0
     7
   144
   265
   348
   368
   106
   170
    88
   221
   125
    46
    64
   117
   151
    96
   382
   171
   127
   127
     1
     2
    20
     7
     0
     4
   140
   495
   380
   235
    76
    37
    48
   126
   142
   115
    68
    98
   132
   150
   181
   145
   114
   107
     0
     9
     8
     0
     0
     8
    44
   277
   279
   285
    50
    67
   101
    79
   142
    57
    81
    97
    80
   344
   311
   108
    83
    87
     1
     5
     9
     0
     5
     0
    50
   108
   344
   299
    44
    89
   121
    87
    77
   208
    80
    80
    60
    86
   129
   122
    51
    86
     2
     9
     1
     0
     8
     0
   107
    98
   241
   218
    71
    37
    78
   313
    80
    84
   118
    66
   125
   315
   136
   129
    38
   107
     2
    13
    25
     0
     2
     5
    66
   218
   454
   251
    64
   132
    68
    89
    56
   218
    38
    83
   222
   108
   277
   227
   107
    91
    12
     2
     3
     7
     5
     1
   104
   239
   475
   279
    62
    78
   116
    88
   145
    77
   335
    64
   127
   303
   207
   191
    77
    63
    16
    12
    11
     8
     7
     0
    81
   197
   460
   165
   126
   402
   100
   107
   149
   122
   126
    56
    95
    83
   181
   266
    86
   127
     1
    18
     0
    10
     7
     5
    78
   244
   265
   399
    55
   326
    96
   137
   124
   318
    85
    78
   102
    89
   112
   178
    28
   118
     0
    11
     2
     4
     0
     3
   189
   225
   646
   277
   105
   194
    76
   131
    55
   113
    95
    98
    88
   262
   124
   280
    60
    94
    17
    12
     0
     0
    11
     0
    64
   184
   357
    66
    73
   208
   205
   155
   136
   222
    80
   102
   143
   262
   350
   116
   159
    74
     1
     3
     0
     1
    11
     3
   125
   137
   370
   150
    59
   114
    47
    18
   107
   106
    50
   264
   100
   116
   104
   264
    97
   137
     0
     8
     0
     0
     4
     3
   151
   154
   290
   320
    63
   195
    54
   141
    72
    77
   117
    70
    40
    57
    85
   122
   125
   155
     8
     3
     0
     0
     1
     7
    84
   218
   398
   270
   103
   106
    58
   109
    62
    57
   111
    67
    82
    72
   183
   113
    48
    56
     2
     8
     8
     0
     7
     2
   113
   259
   579
   406
    80
   101
    82
   151
    56
    86
   147
   118
   130
   286
   357
   430
   106
   123
    12
     0
     3
    16
     5
     8
    53
   342
   255
   232
   297
   115
   122
   136
   158
   105
   113
   104
   128
   163
   151
   254
   108
   113
     8
     3
     7
     0
     1
     9
   151
   302
   402
   320
   203
   123
    90
    95
    61
   103
    85
    68
   123
   159
   100
   150
    86
   152
    13
     8
    14
     0
     9
     9
   182
   297
   197
   227
    44
    84
    93
   175
    99
   102
    98
    81
    77
   195
   301
   242
    49
   128
     0
     4
     0
     0
     2
     1
    75
   293
   325
   321
   105
    60
   223
    76
    67
   262
    57
   102
   102
    57
    87
   227
    73
    80
    12
     0
    23
     4
     0
     0
   135
   310
   122
   344
   192
    91
    54
   199
    85
    98
   125
   183
    98
   258
   233
   316
    85
    98
    16
     0
     4
     8
     8
     0
   106
    80
   457
   219
   107
    42
   125
   113
    61
   118
   216
    49
    93
   129
   360
   158
    41
   117
     3
     4
    13
     0
     0
     2
   159
   249
   380
   304
    89
   148
   211
   185
    65
   260
   305
    76
    83
   108
   172
   158
    70
    52
     4
    15
     8
     6
     0
     8
    99
   225
   271
   131
   131
   115
    85
   129
   197
   155
    68
   115
   107
    94
   272
   361
    59
    78
    15
     0
     5
     3
     4
     3
   126
   207
   267
   276
    50
    70
    84
   222
   158
   312
   107
    71
    80
    67
   280
   253
   141
    66
     1
     3
     3
     9
     2
    12
   103
   153
   321
   235
    93
    56
    84
   119
    66
    52
    67
   128
   141
   161
   185
   177
   238
   140
     0
     0
     0
     2
     9
     7
   110
   263
   343
   408
    84
   198
    91
    66
    87
   182
   248
   114
    97
   116
   181
   120
    77
    77
    17
     1
     0
     5
     5
    13
   126
   134
   533
   345
    95
   113
    90
    44
    71
    65
    86
    82
    95
   201
   155
   178
   125
    59
     4
     0
     1
     9
     1
     0
    82
   218
   485
   320
   140
    86
    90
   111
    57
    50
   132
   185
    84
   195
   187
   110
   113
   115
    12
     3
     8
     7
     0
     0
   119
   399
   371
   198
   108
   109
   100
   110
    97
   152
    79
    79
   153
   145
   450
   178
   179
    46
     1
     0
     9
     5
    22
    10
   148
   213
   491
   230
   231
   111
    96
   106
   170
    84
   154
   129
   231
   201
   229
   123
    92
    90
    11
     5
     0
     0
    16
     0
   123
   109
   239
   228
   317
    65
    92
    71
   146
    61
    85
    49
   281
   106
   399
   232
   114
   138
     6
    12
     9
     0
     0
     0
   103
   297
   349
   260
   144
    77
    60
    62
   251
   307
   123
   137
   125
   154
   264
   126
    88
    59
     7
     0
     0
    20
    13
     0
    53
   103
   302
   287
    94
    97
   100
   128
    98
    74
   130
   114
   104
   104
   171
   149
   159
    78
    17
    18
    10
     2
     0
     0
    54
   195
   145
   185
    64
    86
   110
    93
    21
   106
    95
    60
    62
    57
    99
   126
    62
   130
     0
     0
     1
     5
     4
    11
   120
   286
   631
   373
    93
    78
   133
    97
   129
    94
   104
    76
   119
    64
    87
   155
    89
    59
     3
     1
    21
     8
     7
    12
   131
   215
   179
   120
    88
   103
    74
   105
    72
    56
    71
   153
    56
   441
   343
   390
   103
   144
     0
     8
     3
     0
     0
     9
    94
   263
   454
   248
   149
   117
    81
   231
   190
   141
   120
   128
    49
    57
   266
   216
   127
    70
     3
     0
     8
     6
     8
     0
   111
   251
   239
   275
    45
    72
   197
   107
   174
    84
    78
    70
   120
   224
   161
   178
   159
   148
     3
     4
     4
     7
    11
     0
   110
   348
   312
   203
   118
    56
    83
   199
   118
    96
    63
    69
    80
   208
   196
   221
    61
   102
     3
     9
     7
     8
     1
     3
   133
   240
   291
   146
    46
    93
    50
   182
    71
    70
    51
   184
   133
   110
   474
   197
    54
    50
     8
     2
     8
     3
    16
     0
   121
   231
   469
   255
   109
    84
   117
   132
   146
    83
    49
    70
   195
    52
   264
   228
    89
    69
    11
     0
     5
     6
    17
     1
    90
   180
   391
   460
   119
   107
   107
    84
    70
   220
   156
   217
    59
   129
   132
   242
    65
    94
     0
    12
     2
     6
    13
     1
   128
   336
   384
   284
    90
   121
   108
   157
   241
   144
   245
   107
   138
   298
   399
   307
   348
    88
     3
     0
     1
     1
     5
     0
   313
   376
   535
   415
   149
    95
    82
   110
   154
   101
    91
    85
   258
    87
   203
   453
    86
    65
    15
     3
    15
     0
     1
     0
   107
   223
   272
   373
   109
   124
    75
    73
    67
   164
   268
   320
   133
    80
   196
   111
   205
    35
     9
     0
     9
     0
     3
     5
    91
   152
   338
   347
    64
   215
   135
    77
   127
    84
    85
   111
    69
   166
   164
   354
    61
   122
     8
     0
     7
     8
     9
     3
   103
   265
   290
   301
   198
    41
    80
    79
   133
   208
   135
    83
    88
    96
   289
   258
    77
    88
     7
     5
     0
    24
     3
     5
   134
   201
   312
    97
    75
   123
   348
   146
    86
    60
   114
    47
    64
   233
   231
   200
   107
    84
     4
     3
    17
     2
    12
    13
    97
   476
   393
   261
    92
   113
    76
    36
    71
    69
   131
    45
   166
    98
   192
    83
    59
    75
     5
     4
     2
     6
     6
     0
   166
   326
   449
   180
   112
   126
   232
   176
    58
   108
    74
   102
    79
    98
   169
   232
   105
   111
    12
     1
    17
    14
    10
     4
   103
   293
   438
   101
   166
   117
   195
   119
   200
    86
    88
    70
   131
   210
   114
   226
   123
   153
     9
     0
     6
     4
     9
     5
    97
   246
   514
   156
    97
    46
    92
   139
   216
    94
   137
    46
    93
   154
   233
   327
    85
   194
    12
    10
     9
     0
     6
     2
    89
   263
   317
   228
    50
    59
    81
   102
   118
   232
    74
    90
    44
    98
   168
   252
   131
    68
     1
    12
     0
    10
     3
     2
   109
   326
   388
   286
   157
   161
    64
   163
    87
   108
    65
   121
   158
    90
   281
   278
   104
   155
     0
    12
     9
     0
     0
     2
    86
   198
   409
   178
    62
   132
    90
    84
   211
   116
   124
   231
   202
   160
   372
   342
    87
    57
     4
     1
     6
     6
     9
     8
   137
   292
   291
   280
   183
   127
   120
   117
   121
   113
   111
    77
   220
    77
   257
   161
   101
    55
    10
     0
    20
     8
     1
     0
   154
   186
   497
   121
   131
    99
   112
   127
   132
   129
    81
   293
   134
   108
   146
   135
    67
   229
     9
     8
     0
     0
     2
    14
   201
   431
   342
   293
   163
    36
   176
    80
   120
    74
    53
   162
   106
   145
   266
   342
   128
   128
     0
     5
     0
     2
     8
     8
    57
   184
   429
   378
    51
    27
    54
    71
    90
   228
   151
    61
   187
   207
   304
   149
   139
    86
     1
     0
     0
     6
    17
     0
   182
   368
   297
   400
   391
    92
   156
    71
    83
   132
   158
   177
   138
   240
   206
   179
    96
    61
     6
     7
     0
     7
    13
     5
    72
   332
   317
   150
   134
   110
   136
    90
   165
    59
    76
    49
   133
   217
   220
   284
   130
    44
     0
     5
     7
     8
     9
     0
   114
   219
   482
   239
   102
    97
    86
    53
    77
   457
    62
   104
    89
    78
   107
   157
   110
    94
    14
    12
     0
    15
     0
     2
   125
   300
   527
   135
    61
   130
   109
   233
   106
    53
    50
    53
    57
   111
   231
   190
    83
    54
    10
    10
    14
     0
     8
     7
   182
   403
   512
   209
   107
    89
   172
    79
   138
    67
    99
   182
   214
   110
   254
    63
    80
   133
     8
     5
    14
     1
     6
     0
   110
   154
   578
   398
    39
   122
    99
   247
   280
   133
   115
    58
    73
   114
   246
   185
   177
    92
     0
    15
    14
     6
     0
     1
    62
   263
   144
   130
    65
    76
   158
   102
    45
    71
    95
    98
    93
    85
   234
    80
    66
   105
     6
     0
    10
     1
     2
     0
    91
   349
   396
   448
    84
    85
   102
   114
    72
    66
    50
   109
    78
   235
   100
   427
   102
    92
     2
     3
     4
     2
     0
    13
   113
   190
   145
   251
    46
   144
    47
   195
   137
    77
    56
   101
   149
    75
   212
   526
    49
   188
    12
     0
     5
     7
     0
     0
    82
   256
   508
   258
    75
   107
   113
   106
    92
    80
    48
   149
   107
   264
   180
   195
    51
    93
     5
     4
     2
     0
     0
     2
   117
   197
   370
   257
    93
    35
    45
   131
    49
   108
   131
    98
   244
   111
    35
    77
    56
   191
     3
     1
    10
     0
    20
     2
    69
   162
   263
   283
    78
    53
   161
   203
   124
    81
    78
   110
   120
   128
   259
   309
   207
   129
     3
     8
     2
     0
     0
    16
   173
   216
   403
   452
   114
   133
    89
   254
   114
    71
   168
    44
    94
   109
   268
   385
    88
   156
    17
     0
    11
    13
    12
     8
    58
   509
   215
   292
   188
    53
    58
    93
    83
    53
    58
   155
    56
   121
    82
   199
    48
    70
     0
     0
    13
    10
     0
     2
    79
   170
   359
   218
   117
    75
   107
   197
   121
   107
   110
    77
    81
    64
   303
   151
    42
    64
     3
     5
     0
     0
     0
     4
    80
   251
   430
   264
    77
    97
   240
   101
    93
    96
    34
   119
    83
   140
   151
    66
    49
    80
     5
     5
    13
    12
     0
     5
   212
   322
   384
   244
    66
   161
   103
    55
   122
    44
   101
    37
    96
   200
   172
   225
   135
    94
     2
     8
     1
    10
     0
     6
   115
   131
   109
   225
    65
   124
    84
    64
   160
   306
    88
    55
    77
   400
   190
   270
    48
    67
     7
    12
     3
     5
     2
     0
   114
   198
   414
   244
   106
    88
    84
   104
   125
   122
   138
    82
   125
   111
   192
   185
    85
    81
     0
     4
    10
     6
     0
    91
   223
   448
   229
    62
   213
   162
    66
   215
   156
    57
   106
    68
   116
   102
   239
    84
    60
     0
     1
     0
     0
     8
     0
   150
   286
   163
   244
    87
    72
   115
    97
   102
   148
    92
   294
    76
    81
    77
   147
    61
    73
     0
     3
     0
     6
     7
     0
   144
   187
   332
   208
    55
    52
   101
    72
    78
   227
    67
    96
    59
    97
   395
    78
    81
    51
     9
     4
     4
     1
     4
     7
   175
   163
   404
   420
   113
    78
    72
    78
    64
    47
   104
   110
    82
   189
   414
   171
    59
    36
     6
     6
     4
     3
     4
     7
    92
   257
   321
   210
    67
   348
    41
    82
   182
    65
    71
    69
   159
    93
   350
   412
   224
    56
     4
     5
     6
    21
    14
     0
    36
   116
   466
   247
   128
    52
    82
    95
    69
   142
   100
    42
   130
   103
    48
   213
   114
   121
     0
     7
     5
     5
    13
    12
    54
   337
   514
   303
    88
    69
   121
    83
    67
   120
    80
   241
   131
   324
    58
   209
    85
    53
    10
     0
     9
     2
     1
    18
    75
   626
   523
   235
   168
    51
   219
   161
    84
    87
    78
   109
    65
   330
   366
   214
   126
    83
     7
     2
    17
     7
     0
     6
   161
   199
   366
   400
    84
    47
    84
    64
   141
    90
   111
    77
   135
   255
   294
   173
    96
    74
     0
     8
     3
     9
     0
     0
    84
   365
   356
   237
   115
   110
    86
    61
    53
   103
   120
    58
    65
   230
   243
   134
   218
    71
     6
     7
     0
     8
     0
     0
   117
   381
   435
   208
    61
   113
   150
    88
   172
   100
   114
    65
   324
   141
   137
    73
    92
   167
     0
     0
    25
     2
     1
     4
    89
   197
   365
   362
   115
    98
    52
   122
    74
   123
    48
    50
    78
   184
   158
   117
    84
   132
     0
     0
     8
     6
     0
     0
   106
   318
   342
   148
    74
   115
   126
    72
    87
   119
    42
    65
   186
    85
   208
   280
   110
   105
    11
     0
    33
     5
     8
     1
    93
   390
   436
   163
   157
   229
   124
    50
   150
   113
   218
    92
   134
   263
   302
   265
   255
    72
     2
     0
     7
     6
     4
     4
   246
   301
   548
   228
   154
   147
    85
   111
   227
    41
    90
   158
    92
    92
   285
   106
   237
   110
     2
     8
     6
     0
     2
     0
   115
   144
   178
   199
    56
    84
    97
    69
   187
    72
    96
   127
   125
   222
   467
   264
   110
   141
    12
     7
     0
     5
    18
     0
   224
   265
   303
    85
   120
   326
    93
    78
    75
    81
   140
   265
    73
   101
   187
   279
   106
    83
    10
     0
     0
     1
    13
     0
   120
   242
   388
   332
    73
    69
   240
   119
    88
   213
    51
    99
   188
    98
   158
   152
   104
    73
     0
     0
     0
     6
     1
     8
    60
   223
   344
   239
    85
    87
    73
   105
   122
   169
   352
    95
   221
   230
   145
   115
    58
   180
     0
     0
     0
    10
     0
     3
   102
   154
   291
   320
    98
   122
    68
    67
   103
   108
   142
    37
    78
    51
   131
   141
    90
   100
     7
     0
     0
     6
     8
     0
    90
   164
   312
   188
   105
    84
    91
    90
   192
   107
   112
    69
   160
   215
   285
   271
    84
   147
     3
     3
     8
    10
     0
     0
   165
   303
   406
   311
   128
    54
    66
   118
    40
   266
   136
   224
    79
    79
   109
   130
   133
    78
     7
     5
    12
     3
     0
     4
   166
   200
   366
   191
    86
    74
   125
    87
   109
    82
    91
    55
   210
    96
   209
    88
   119
   207
     5
     0
     0
     4
    12
     2
   129
   193
   360
   272
    84
    62
    44
    53
   110
    57
   103
   283
    53
   214
   189
   324
   101
   103
     5
     4
     0
     4
     0
     9
    78
   242
   271
   405
    71
   198
   190
    53
    88
    91
   241
   105
   143
   121
   213
    53
    70
   103
     1
     0
     0
     7
     0
     0
   101
   373
   381
   226
    36
   122
    84
   118
    61
    45
   100
   109
   108
   111
    84
    85
    61
    78
     0
     6
     6
     2
    11
     2
    38
   167
   420
   202
    42
   128
    60
   127
   135
   157
    41
    98
    44
   139
   128
   328
    74
    83
     3
     0
     0
     4
    10
     0
   127
   291
   275
   154
    47
   116
    62
   291
   101
    63
   128
    51
   155
    95
   336
   416
    93
    65
     4
    10
    13
     1
     0
     4
    97
   337
   367
   289
    96
    80
    69
   237
   108
   274
   129
   132
   113
   101
   341
   234
   103
   112
     0
     0
    10
     5
     5
     0
    70
   253
   343
   227
    92
    78
    47
    34
   159
   114
    74
    40
   123
   132
   139
   105
   100
    69
     0
     0
     4
    13
     6
     4
   140
   361
   284
   182
   120
    46
   119
    85
    46
   196
   123
    71
   119
   348
   228
   429
    88
    65
     0
    13
     7
    16
     0
     1
    71
   146
   437
   159
    64
    30
   100
   246
    76
    35
    56
   102
    38
    86
   219
   246
    34
    89
     2
     0
     0
     7
     0
     5
   111
   177
   380
   125
    87
    69
    92
    73
    32
    97
   133
    79
   105
    65
   116
   183
    86
   198
     0
     2
     0
    15
     5
     9
    75
   127
   389
   163
    81
    52
    57
   112
    85
    83
    58
    48
    77
    60
   299
    56
    93
   166
     0
     0
     0
     0
    13
     3
    77
   181
   503
   418
   128
    38
   239
   156
   101
    77
   182
    71
    76
   125
   149
   114
   157
   137
    10
     8
     2
     5
    12
    23
   127
   381
   510
   694
    65
   280
    87
    96
   176
    62
   134
   113
    71
   403
   223
   256
    70
   147
     3
     8
     6
     8
     0
     1
   145
   221
   561
   212
   103
    73
    91
    65
   114
    54
    68
   125
   123
    90
   251
   127
   252
   107
     5
     0
     3
     7
     2
     8
   139
   141
   438
   162
    72
    62
    58
    86
   127
    76
   241
    80
   205
    36
    90
   142
    44
   133
     4
     2
    20
     2
     6
     0
    55
   132
   236
   394
    46
    62
    68
    71
    45
   249
   270
    91
   221
   218
   133
    91
   133
   138
     6
     5
     1
     7
     4
     0
   112
   225
   213
   158
    57
    55
    58
   178
    67
    98
    44
    77
   105
   223
   196
   210
   183
    52
     8
     3
     0
     0
     0
     0
    89
   152
   293
   204
    81
   126
    37
    46
   291
    69
   317
    81
    91
   108
   211
   159
   150
   113
     9
    11
     5
     7
     6
     0
   123
   213
   433
   261
   142
    99
   118
   198
   102
    98
   170
   177
   160
   126
   302
   247
   110
    67
     7
     2
     4
     0
     4
     7
   139
   338
   424
   283
   118
   109
    95
   245
   159
   110
   100
    97
    41
   132
   354
   326
   136
   214
     0
     0
     0
     2
     7
     1
    87
   298
   290
   309
    72
   274
   112
    42
   161
    56
   116
   181
   260
   114
   312
   334
   101
    73
     5
     5
     2
     7
     1
     0
    53
   297
   308
   192
    91
    42
    34
   139
    33
    37
    91
   135
   105
   241
   128
   220
    67
    49
    11
     0
     5
     7
     2
     0
   109
   201
   290
   473
    50
    37
    73
   195
   211
    47
   110
    38
    98
   162
   146
   116
    45
    84
     3
     0
     0
     3
     0
     0
   101
   423
   195
   255
   287
    61
   126
   152
   219
   113
   102
   229
    85
    93
   281
   445
    60
    69
     0
     4
     2
     0
     7
     1
   127
   333
   333
   129
    73
    46
   110
    66
    52
    49
   283
    80
    81
   124
   365
   252
    44
    90
     0
     0
     5
     3
     0
     0
    99
   218
   363
   293
   152
   155
    96
    85
    70
    68
    65
    72
   208
    54
   321
   243
    88
    87
     0
     0
     2
     0
     0
     7
   235
   308
   395
   209
    63
   156
   130
   120
   112
    71
   100
   134
    94
   213
   329
   218
   150
   169
     5
     4
     0
    10
    18
     6
   130
   234
   200
   210
    62
   117
    71
    88
    58
    81
    76
    37
   221
   245
   103
   174
    78
   148
     0
    15
     0
    10
     6
     5
    52
   218
   250
   215
    83
    51
    62
    73
    66
    77
   120
    59
    85
   284
   252
   145
   106
    99
     0
     5
    12
     0
     0
     1
    65
   359
   409
   230
   104
   122
   131
    69
    96
    89
    75
    89
    71
    72
   358
   127
   115
    86
     0
     3
     1
     4
    10
    15
    84
   141
   278
   193
   166
    85
   126
   102
    44
    43
    75
   100
    39
    43
   127
   169
    58
    77
     3
     0
    10
    10
     0
     3
    97
   393
   393
   275
    43
    47
    90
   155
   106
    80
    68
    71
    69
    76
   123
   329
   133
    82
    12
     7
     0
    10
    10
     0
   123
   105
   392
   157
   213
    73
    79
    57
    95
   113
    49
    60
    91
    93
    98
   151
    83
    83
     1
     5
     0
     5
     8
     8
   144
   188
   518
   312
    80
   103
   192
    92
   138
    60
    93
   116
   317
   256
   267
   156
    44
    68
     6
     0
     5
    13
     2
     4
   103
   246
   350
   381
    83
    79
    77
    33
    84
   127
    40
   160
    87
    97
   126
    53
   103
    58
    25
     0
     0
     0
    12
     0
    48
   245
   216
   290
   111
    66
   212
    82
   118
    60
   192
    47
   119
    69
    82
   136
    32
   213
     1
     9
     7
     5
     1
     4
   103
   260
   273
   128
   135
    52
   116
   109
   110
   101
    84
   104
    95
    91
   116
   305
    89
    64
     0
     4
     0
    16
     0
     4
   265
   326
   297
   181
   124
   100
    67
    85
    69
    63
    71
    32
    67
   118
   249
   245
    99
   112
     3
     1
    11
     8
     9
     8
    89
   247
   315
   201
    74
   103
   244
   168
    42
    44
    32
    81
   125
    52
   129
    99
    96
    97
     2
     0
     1
     5
     2
     3
    92
   224
   217
   313
    92
   163
    90
   138
   136
    72
    84
   113
    33
    97
    93
   177
   125
   107
     0
     0
     0
     8
     1
     0
   128
   211
   310
   287
    90
   262
    70
   103
   187
   106
   121
   116
    79
    55
   160
   226
   107
   122
     0
    10
     1
     0
     3
    13
    56
   210
   325
   397
   108
    61
   263
    78
   172
    88
   105
    77
    92
   114
    91
   264
   185
    53
     0
     1
     2
     0
     0
     0
    99
   184
   192
   335
    67
   177
   107
    71
   113
    64
    42
    84
   117
   101
   300
   180
    73
    93
     4
     0
     5
     4
     0
    12
   121
   217
   285
   242
   134
    76
   143
    84
    51
    49
    83
    71
    64
    85
   108
   160
    76
    52
    19
     0
     7
    10
     4
     2
    70
   152
   181
   144
    47
   120
    43
    79
   119
   141
    43
    32
    64
   183
    84
    71
    57
    66
     0
     6
     9
     9
     4
     3
   173
   245
   169
   457
    68
    92
   116
   139
   207
    97
    25
    51
    48
   368
   263
   303
    32
    82
     0
     0
     4
     7
    21
     4
   156
   311
   307
   226
   238
   130
   130
   126
   262
   111
   180
   187
    64
   229
   192
   129
   138
    73
     4
    15
     0
     0
     9
     0
    80
   314
   372
   229
    62
   120
   119
    65
    99
   118
    85
   107
   107
   123
   129
   176
   120
    90
     0
     2
     1
     4
     0
     0
   111
   181
   280
   205
   191
    70
    81
   114
    56
   207
   117
    62
   125
    62
   217
    83
   127
    99
     0
    11
     0
     0
     3
     7
   132
   144
   277
   269
    59
    67
    48
    48
    51
    58
    67
    67
    81
   138
   158
   100
    75
    98
     2
     0
     3
     0
     7
     0
    75
   205
   327
   219
    76
    42
    80
    84
    64
    96
   109
   181
    50
   109
   149
   128
   146
    46
     2
    10
    16
     8
     6
     3
    50
   145
   177
   123
   149
    58
    63
    97
   126
    55
   157
   237
    46
    74
   299
   141
    58
    88
    10
    10
     0
     0
     0
     0
   112
   304
   279
   153
    54
   136
    77
    55
    46
    78
   146
   101
   109
   137
   107
    55
   131
   118
     1
     5
     5
     0
     7
     3
    76
   338
   283
   312
    70
    45
    64
   113
    44
    60
    98
   141
   102
   126
   219
   153
    39
    94
    10
    15
     6
     0
     7
     0
    76
   224
   211
   366
   140
    62
   139
   146
    79
    34
   167
   181
    50
   103
   126
   162
    89
    74
     0
     0
     0
     7
     5
     0
    79
   194
   374
   193
    90
   102
    75
    82
   114
    73
    75
   180
   104
   127
    66
   260
    73
   123
     2
     0
     5
     7
     2
     0
    53
   275
   252
   357
    66
    53
    41
   160
    54
    68
    35
   102
    44
   407
   143
   192
    87
   239
     0
     0
    14
     0
     7
    19
    98
   220
   304
   266
   186
    61
    27
    40
    58
   201
   105
   128
   119
    64
   113
   132
    34
   299
     0
     6
     3
     0
     6
     5
    56
   266
   120
   133
   128
   129
    54
   152
    49
    71
    37
    40
    36
    47
   182
   243
    97
    80
    10
     0
     0
     7
     0
    16
    51
   149
   390
   314
    64
    90
    93
    90
    86
   249
    80
    47
    96
    80
   276
   363
    66
    79
     7
    10
     0
     2
     5
     0
    96
   164
   392
   308
    85
   212
   140
   105
    82
    85
    91
   101
    73
    92
   212
   411
    62
    92
     0
     1
     1
     0
    13
     3
    84
   141
   305
   273
   114
    66
    50
    95
    70
    50
   108
   125
    65
    90
   283
   150
    79
    66
     4
     6
     0
     5
     4
     0
    47
   181
   480
   372
    74
   271
    42
    78
    99
    96
    72
    74
    72
   152
    62
   172
   138
    43
     6
     2
     8
     6
     2
     0
    83
   251
   261
   205
    81
    71
    81
    64
   108
    29
    57
    56
   193
    73
    84
    93
    89
    38
    15
     3
     0
     0
     4
     5
    81
   100
   463
   142
    36
    92
   101
    60
    54
    71
    66
    60
    75
    65
   104
   174
    59
    30
     0
     0
    11
     4
     3
     9
    81
   266
   339
    95
    58
    49
    75
    51
    96
   114
   103
    45
    60
    89
   189
    70
   124
   128
     0
     0
     7
     7
     0
     0
   227
   187
   442
   189
    36
   134
    45
   101
   220
    70
    82
    73
    85
    53
   150
   167
    61
   145
     4
     4
     5
     1
     2
    14
    76
   262
   406
   329
   125
    89
   148
    67
    50
    64
   257
    95
    68
   265
   494
    90
   183
   114
     3
    11
    19
     7
     5
     4
   224
   285
   286
   148
   121
    67
    91
   150
    69
    49
    87
    64
    95
   122
   320
   285
   108
   105
     0
    12
     2
     0
     0
     6
   101
   187
   213
    44
    50
    91
   125
    34
   291
    46
    83
    60
    98
   119
   236
   248
    54
    91
     1
     0
     5
     2
     8
     0
    20
   233
   281
   207
    47
    74
    66
    91
    68
    54
   202
    31
   100
    63
   150
    54
   212
    46
     2
     0
     9
     2
     0
     6
   170
   105
   359
    71
    66
    52
    79
   184
   127
    49
    76
    51
   153
    56
   139
   370
    73
    80
     0
    10
     9
     0
    12
     0
    56
   287
   257
   382
    94
    52
    48
    88
    33
    91
    84
    61
   124
   219
   237
   122
   120
    56
     3
     4
     0
     0
     6
     5
    60
   345
   106
   295
   115
   147
   161
    88
    40
    59
   226
    76
    82
    97
   240
   119
   127
    68
     2
     4
     0
     0
     1
     1
    73
   265
   249
   337
   287
    83
   210
    94
    55
   227
    60
    98
    98
   247
   520
   292
    42
    63
     0
     4
     1
     0
     0
     0
    73
   383
   425
   299
   120
    44
    62
   129
   124
    72
    73
   194
    93
    58
   167
   210
    55
   165
     9
    11
     5
    10
     0
     6
   111
   145
   208
   213
    63
    39
    31
    64
   107
    44
    62
    77
    72
    80
   208
   113
    96
   119
     0
     0
     5
     0
    11
     2
   117
   193
   300
   254
    57
    46
    65
    14
   102
    45
    18
    54
    53
   228
   122
   119
    68
    68
     0
     0
     0
     1
     0
     0
   102
    95
   375
   278
    79
    97
   172
    29
   109
    56
   103
    90
    74
    84
    52
   124
    80
    58
    26
     7
     0
     0
     1
     0
    53
    83
   260
    87
    99
    46
    43
   146
    36
    75
    43
   197
   172
   108
   210
   450
   110
    65
    11
     5
     0
     1
     2
     0
   125
   226
   384
   290
    61
    49
    52
    79
   146
   132
   172
    94
   220
   211
   400
   135
    72
    67
     2
    16
    12
    16
     4
     0
   282
   326
   234
   211
    66
    49
   145
   121
   132
   202
    48
    60
   257
   330
   277
   213
    65
    59
    11
     5
     6
     8
     9
     6
   106
    91
   360
   266
   163
    86
    71
   102
    87
    91
   114
    64
    77
    76
   207
   164
   171
    61
     0
     1
     3
     0
     2
     8
   118
   273
   250
   400
    77
    57
   114
   216
    80
    60
    45
    92
    43
    84
   354
   152
    99
    83
    13
     6
     0
     0
     5
     0
    86
   123
   417
   122
   102
    89
    57
    41
   128
    62
    60
    81
    98
    39
   449
   152
   158
   101
     3
     6
    10
     4
     3
     0
   102
   193
   259
   158
    55
    45
   191
    43
    62
    64
    36
   291
    92
    51
    64
   131
    72
    40
     0
     6
     0
     8
    14
     1
    62
   167
   459
   172
    68
   154
    80
    51
   242
    65
    72
   266
   130
   280
    62
   217
    35
    70
     7
     5
     8
     4
    12
     6
   112
   311
   210
   316
    82
   153
   267
    99
    64
   208
    67
   102
   186
    56
   133
    88
    72
    60
     0
     6
    11
     9
     0
     7
    50
   310
   381
   246
   122
   105
   130
    61
    54
    60
    66
    76
    76
   106
   238
    90
   145
   136
     7
     0
     1
    13
     0
     0
    70
   225
   554
   230
   104
   132
   100
   155
    72
   107
   206
   268
    36
   291
   226
   183
   135
   130
     0
     0
     0
     0
     0
     1
    91
   222
   297
   223
    94
    83
   170
   220
    51
   125
    58
    67
    56
   255
   160
   247
   119
    96
     0
    12
     9
     3
    11
     2
    69
   257
   220
   236
    69
   130
   100
    75
    67
    98
   165
    61
    38
   204
   248
   204
    93
    47
     0
     5
     2
     0
     1
     5
    54
   202
   102
   228
    48
    91
    68
    62
    79
   182
    69
    37
    50
   178
   241
    86
    98
   252
     8
     2
     1
     8
     5
    10
   161
   183
   240
   286
    71
    33
    68
    87
    66
   201
    75
    28
   127
   332
   388
    50
    55
    82
     0
     6
     0
     0
     6
     1
    70
   176
   277
   277
    69
    91
    96
    95
   165
   186
   139
   247
    84
    51
   252
   144
   190
    69
     7
     0
    23
     0
     1
     0
   114
   165
   359
   135
    54
   131
   114
   126
    74
    43
   118
   192
   127
    53
   286
   119
    66
   123
     0
     4
    15
     8
     0
     4
   134
   379
   240
   284
   186
    70
    80
   199
    66
   121
    63
    79
   135
    59
    98
   428
    53
   107
     0
     9
     0
     0
     0
     0
   181
   143
   445
   159
    62
   195
   136
   126
    82
   100
   117
    86
   240
   193
   147
   151
    73
    39
     6
     3
     0
     3
     4
     1
    65
   140
   308
   229
    57
   111
    67
    39
    62
   148
    85
    57
   102
   163
    99
   118
    86
    72
     0
     0
     7
     6
     9
     8
   136
   214
   190
   223
    52
    58
    64
    64
    89
    80
    37
   151
    65
    97
   216
    88
    52
    57
     7
     2
     8
     1
     6
    10
    60
   111
   191
   174
    74
    55
    58
    49
    81
    70
   106
    24
    50
    86
    81
    63
    66
    29
    10
     0
     0
    11
     1
     2
   113
   205
   532
   127
    51
    43
    46
   116
   142
    45
    91
    38
   104
   128
    92
   166
    42
    29
     0
     0
     0
     0
     5
     0
    94
   166
   428
   413
   132
    68
    75
   105
    89
   101
    44
    83
   122
   108
   117
   364
   125
    96
     2
     0
     2
     6
     4
     1
   126
   125
   239
   134
    49
   118
    53
    71
    60
    96
    78
   125
    72
   186
   141
   301
    91
   113
     3
     1
     7
     5
    10
     0
   137
    80
   279
   228
    35
   214
    61
    46
    78
    34
    49
    97
    65
    51
   125
   100
    65
    59
     5
    12
     5
     2
     5
     1
   105
   141
   430
   250
    81
    54
   100
    79
    74
   159
    57
    55
   192
   201
    82
    53
   100
    64
     3
     0
     5
     7
     5
     6
    42
   291
   269
   132
    90
    47
   130
    62
    54
    45
   121
    28
   149
   160
   291
    65
   141
    52
     5
     5
     0
     6
    10
     5
    66
   109
   306
   120
    80
   242
    80
   115
    48
   222
    55
   127
    48
    99
   289
   409
   142
    70
     9
     5
     1
    10
     8
     2
    91
   131
   141
   243
   109
   305
   104
   203
    37
    95
   133
    53
   239
    89
   150
   184
    99
   125
     0
     1
    12
    12
     0
    10
    67
   323
   376
   249
    51
    79
    35
    78
   122
    96
   108
    78
    73
   211
   167
    92
    52
    79
     0
     6
    19
    17
    15
     6
   123
   194
   344
   217
    98
   125
    87
    61
    48
    94
   128
   204
    93
    75
   120
   144
   129
    76
     3
     0
     0
    13
     0
     5
    49
   221
   353
   102
    81
    77
    45
   176
    36
    86
    50
    50
   117
   219
   546
   194
    84
    75
     0
     0
    14
     2
     3
    12
    81
   149
   220
   135
    92
    76
    92
    52
    47
    67
    67
    66
   125
    90
   101
   399
    90
   114
     6
     2
    10
     9
     7
     0
   107
    91
   320
   254
    71
   104
   183
    54
    87
    81
    65
    86
   217
   101
   187
   375
    30
    62
     6
     1
     0
     9
     8
     1
   101
   259
   357
   229
    76
   217
    39
    49
    61
    62
   114
   136
    98
   227
   146
   108
   104
    42
     7
     3
     1
     0
     0
     1
   170
    55
   352
    90
    70
    79
   249
    42
    82
    50
    91
    79
    77
    48
   114
    83
    51
    37
     3
     6
     6
     5
     7
    14
   166
   212
   243
   135
   135
   108
   251
    87
   241
    66
    80
   132
    70
    98
   133
    75
    64
    47
     0
     4
     0
     3
     0
    17
    99
   184
   307
   158
   109
   162
    74
    87
   159
   108
    84
    55
    47
   101
   137
   154
    69
    76
     1
     1
     0
     0
    13
     4
   120
   113
   271
   136
   104
    65
   102
    97
    60
    78
    90
   115
   144
   100
   226
   155
   102
    92
     9
    11
     2
     0
     4
     1
    41
   156
   364
   367
    39
   143
    32
   107
   141
    96
    94
    51
   155
   170
   126
   335
   106
    79
     4
     0
     0
     0
     5
     8
    99
   158
   300
   237
   148
   112
    64
   154
    40
    95
    87
    41
    63
    72
    82
   398
    56
    82
     0
     0
     0
     8
    12
     5
    31
   167
   294
   269
    38
    61
    18
    91
   110
   129
    92
    51
   103
    60
   116
   169
    76
    54
     0
     0
     0
     4
     7
     0
    78
   204
   197
   225
    96
    59
    63
    70
   109
   127
   198
    43
    87
    54
   104
   116
    49
    94
     4
     2
     0
     2
     2
     0
   118
   144
   313
    96
   131
    60
   167
   135
   117
   198
    70
   225
    58
   111
   254
   116
    72
   140
     1
     2
     4
     0
     0
    23
    64
   238
   364
   179
    71
    69
   126
   111
    71
    69
   145
   101
    99
    59
   291
   163
    34
    59
     8
     0
     4
     0
     0
     3
   151
   182
   178
   247
    29
    35
    48
    80
    57
    29
    70
    49
    62
   132
    87
   271
    79
    45
    10
     1
     1
    11
     0
     0
   128
   135
   322
   210
    59
    34
    52
    75
    77
   243
    76
   156
   118
   197
   174
   235
   125
    53
    13
     3
     2
    11
    14
     5
   109
   122
   282
   198
    74
   210
   114
    69
   237
    52
   101
    41
    60
   116
    93
   143
    86
    88
     5
     0
    10
     0
     0
     0
   143
   129
   295
   285
   113
    80
    60
    76
    69
    44
    86
    74
    58
   189
   107
    81
    87
    34
     3
    12
     6
     2
     2
     5
    80
   171
   260
   153
   130
    85
    97
    58
    85
    99
    67
    94
   120
    57
    48
    97
   142
    75
     0
     7
     0
     6
     7
     8
   141
   291
   471
   368
   119
    56
   111
   117
   128
   106
    48
    74
   197
   103
    76
   327
   189
    52
     0
     4
     9
    16
     6
     0
    94
   154
   473
   267
    51
   138
   225
   192
    91
    62
   152
   121
    89
   125
   213
   357
    82
   111
     9
    10
    11
     6
     0
     0
    17
   177
   349
   199
    89
    69
   167
    75
    45
    56
   119
    35
   184
    80
   431
   107
    90
    32
     4
     2
     0
     7
     0
     5
    76
    87
   400
   455
    68
    37
   128
    62
    75
   107
    65
   101
   118
   210
   336
   123
   120
    54
     7
     3
     9
     3
     7
    17
    99
   172
   431
   205
    51
    47
    77
   108
    81
    66
    69
    74
   121
    90
   215
   205
    54
    72
     3
     4
     0
     5
     1
     7
    83
   221
   287
   150
    75
   185
   269
   213
    40
    81
    74
    81
   159
    77
    51
   330
    45
    44
     0
     3
    15
     6
     3
     0
    68
   187
   370
   246
    57
   108
   106
    48
    58
    38
    74
   192
   109
    63
   157
   272
    82
    43
     4
     9
     8
     2
     0
    10
   221
    81
   385
   273
   110
   142
   107
    42
    94
   108
    61
    60
    69
   244
    89
   339
   102
   278
     0
     0
     5
     0
    16
     0
    87
   264
   296
   182
   121
    59
    62
    65
   402
   304
    56
    29
    96
   188
   124
   230
    75
    68
     0
     0
     0
     0
     0
    11
    42
    78
   266
   296
   132
    82
    40
    72
    23
   107
    43
    76
    89
   102
    81
   204
   129
    50
     2
     2
     5
     4
     0
     5
   154
   278
   202
   274
    75
    76
    63
    55
   100
    45
   223
    65
    86
   198
   397
   357
    45
    77
     8
     0
     0
     0
     0
     0
   111
   168
   363
   215
   178
    61
    86
   152
    47
    47
   124
   103
   123
   126
   135
    67
   129
    37
     0
     8
     0
     4
     8
     0
   229
   157
   464
   120
    72
    95
    82
    81
    47
    49
    85
    59
   126
    80
   133
   150
    62
    37
     2
     0
     3
     1
     0
     0
   115
   340
   418
    91
    79
   130
    95
    62
    90
    74
    56
   219
    66
   115
   189
    33
   122
    64
     3
    16
     0
     4
     5
     0
   113
   216
   365
   237
    75
   111
    58
   115
   109
    75
   104
   286
   125
    81
   133
   187
    83
    97
     0
     3
     4
    11
     0
     0
    55
   122
   537
    89
    60
    49
    97
   137
    72
    90
   115
   235
    71
    86
   193
   258
    57
   153
    17
     5
     1
     0
    10
     3
    72
   111
   135
   225
    37
   222
    87
    53
    58
    69
   131
    44
    86
    72
   139
   309
   167
    85
     0
     0
    13
     3
     6
     5
   102
   121
   213
   186
    60
    74
   108
    63
    85
    48
   113
   156
   103
   298
   210
   220
    93
    84
     6
     5
    18
    16
     6
     2
   115
   302
   464
   394
    62
    91
    85
   176
   200
    64
   155
   102
   131
   309
   210
   272
    40
    89
     8
     1
     0
    11
     0
     4
    86
   222
   446
   195
    65
    47
    98
    87
   116
    61
   222
   131
   151
    79
    48
   138
    89
    36
     7
     5
     9
     0
     0
     0
    80
   107
    65
   180
    40
    40
   200
   202
    58
    96
    81
   119
    47
   205
   208
    59
    98
    77
     0
    18
     0
     0
    11
     6
   115
   326
   486
   327
    36
    56
   132
    60
    73
    91
   242
    53
   101
   325
   201
   151
   124
    39
    12
     0
     0
     3
    12
     5
    67
    74
   272
   224
   100
    67
    65
   145
   130
    68
    62
    93
   114
    61
   182
    97
    81
   119
     7
     0
     9
     0
     1
     8
    71
   203
   243
   271
   115
   118
   102
   113
    34
    80
    26
    79
    40
    94
   136
   135
   148
    65
     5
    11
    13
     0
    10
     1
   110
   219
   275
   127
   126
    84
   158
   103
    66
    55
   212
   214
    39
    88
    71
   333
    56
   113
     5
    25
     0
     0
     2
     0
    88
    92
   255
   210
    47
    58
    56
    40
    97
   131
    55
   159
    79
    54
    86
   172
   101
    54
     0
     1
     0
     0
    10
     7
    43
   192
   118
   225
    60
    59
    16
   104
    67
    94
    69
    88
    46
    83
   185
    72
    98
    35
     0
     0
     0
     9
    13
     0
   149
   196
   274
   109
    48
    89
   128
    93
    85
    86
    94
    85
    92
    97
   141
   166
   207
   151
     7
     6
     4
     0
    13
     0
   148
   141
   485
   268
    70
    83
   170
   229
    86
   121
    54
    91
    94
   243
   275
   212
   139
    67
    16
     6
     7
     0
     2
    13
    60
   222
   326
   335
    85
   128
   104
    59
    98
    48
    57
   253
   127
    93
   206
   139
    65
   156
     2
     0
     0
     2
    11
     8
    64
   138
   306
   146
    66
    24
    37
    52
   146
   152
    96
   164
   190
   144
   245
   133
    67
    57
     4
    18
     6
     0
     6
    11
    91
   317
   273
   252
    43
   140
    77
    75
   234
    55
    94
    72
    72
   205
   270
   197
    69
   106
     0
     0
     5
     4
     5
     6
    61
    77
   410
   187
    54
    64
    49
    51
   100
   100
    46
    82
    74
    77
   154
    87
    97
    67
     0
     2
     0
     7
     0
    10
   102
   205
   278
   201
   123
    56
   129
    38
   121
   183
    59
    90
    25
   103
    48
   162
    78
   133
     5
     5
     0
     0
     0
     1
   189
   300
   270
   237
    50
    79
    99
   119
    35
    71
   106
    60
   235
   125
   208
   236
   116
    63
     6
     0
    11
     4
     0
     1
   123
   278
   307
   224
    87
    85
   107
    61
   154
    63
   106
    70
    89
   134
   267
   192
   102
    92
     9
     6
    11
     0
     1
     0
   120
   118
   506
   230
    74
   263
    79
   152
   120
   182
    70
   378
    68
   131
    58
    98
   225
    65
    15
     0
    14
     0
     1
     4
    75
   124
   310
   268
   110
    93
    29
    42
    51
    99
   110
   204
    42
   166
   199
   112
    65
   137
     6
     4
     6
     5
     9
     0
    74
   208
   375
   381
    92
    46
   192
    59
    95
    68
   203
   205
    65
    65
   112
   148
    74
    70
     0
     1
     4
     0
     0
     9
   192
    53
   288
   232
    89
    83
    72
    37
    70
    64
    47
    62
    77
    73
    55
   141
   264
    59
     0
     0
     6
     0
     3
     2
    26
   115
   265
   185
   113
    94
    96
    54
   104
   108
    90
    97
   233
   175
   141
   165
    35
    62
     5
     1
     4
     6
     0
     5
    72
   115
   211
   350
    93
    98
    83
   187
    64
   212
    42
    53
   134
   112
   219
   223
    50
   124
     4
    10
     7
     0
     7
     3
   156
   414
   341
   110
    75
   106
   169
   111
   157
    39
   115
    99
   203
   149
   144
   308
    96
   154
     4
     7
    10
    17
     3
     0
   130
   136
   444
   202
    95
    77
    96
   104
   261
   158
   186
    44
    70
   135
   260
   135
    37
    69
     2
     3
     0
     1
     3
     2
    72
   296
   267
   204
    89
    87
    94
    18
    74
   218
    35
   120
   123
   110
   209
   203
   234
    47
     9
     0
     5
     5
     1
     0
    93
   163
   455
   275
    60
    46
    78
    55
    64
    77
    57
    71
   131
   196
   102
    98
    69
    55
     0
     0
     0
     3
     2
     0
   163
   242
   281
   126
    44
   103
    62
    98
    65
    36
    85
    57
    62
   162
   409
    94
    66
    64
     6
     5
     0
     5
     8
     0
    81
   333
   309
   192
   136
    62
    85
   129
    47
    78
   234
    68
    77
   231
   188
   368
   101
    55
     0
     3
     7
     0
     2
     2
    54
   218
   288
   324
   257
   109
    44
   141
    53
   106
    57
   115
    71
    66
   200
    58
    79
   112
     4
     3
    10
     0
    10
     2
    85
   158
   528
   262
   170
    59
   162
    58
    51
   235
   146
    54
    83
   236
   217
   141
    84
    94
     5
     0
     7
     4
     8
     1
    97
   163
   411
   432
   147
   176
   128
    44
   101
    93
    87
   105
   100
   237
   281
   131
    78
    95
    11
     9
     7
     2
     0
    10
    77
   227
   160
   250
   140
   104
    84
   130
    58
    38
    84
   127
    50
    87
   106
   250
    24
    67
     9
     1
     2
     7
     0
     3
    98
   237
   269
   375
    53
   151
    73
    85
    66
   123
    24
   159
    50
   114
    61
   181
    59
   296
     0
     4
     5
     8
     0
     2
    61
   235
   382
   257
    86
    82
    87
   141
    82
   100
   218
    91
   145
   182
   159
   176
    82
   117
    10
     0
     4
    10
     3
     5
    93
   215
   570
   154
    98
   152
    73
    37
   134
    81
   226
    66
    66
    57
    84
    55
    86
    99
     1
     0
     0
     2
    12
     5
   143
   307
   310
   185
    98
    68
    59
    60
    78
   145
    97
    76
    61
    50
   120
   170
    80
   111
     7
    10
     7
     0
    11
     0
    82
   443
   363
   144
    54
    97
    98
   141
    67
   131
    60
    72
   190
   296
   406
   330
   125
   222
     0
     2
    12
     0
     6
    14
    63
   400
   583
   325
    50
    86
    99
    51
   132
   109
    54
    51
    62
   112
   278
   298
   132
    86
    12
     0
     2
     0
    10
     0
    96
   144
   286
   157
    72
    90
    79
   129
    50
   199
    62
    99
    75
   179
   190
   372
    46
    34
     6
     1
     9
    12
     0
     2
   135
   357
   255
   105
    73
   103
    68
    80
    64
    66
   101
   202
    96
   257
   113
   306
    66
   130
     0
     0
     0
     0
     4
     8
    64
   178
   452
   234
    67
    63
   203
    81
    72
   110
   185
    66
    56
    50
   342
   118
   107
   113
     0
     0
     0
     0
     0
     8
     0
    62
    61
   282
   313
    47
    95
    66
    80
    86
   207
    53
   100
   124
    74
    49
   264
   128
   138
     4
     6
     1
    12
     0
     5
   110
   235
   330
   124
    70
   198
    54
    78
    77
    83
    59
    61
    32
    46
    91
   431
   113
    79
     4
     0
     8
     8
     2
     0
   149
   354
   150
   391
   248
   107
   103
    88
   107
    63
   127
   185
   121
    90
   150
   163
    95
    98
     2
     0
     1
     6
     0
    17
    96
   229
   212
   238
   108
   201
    52
    51
   108
   124
    92
   123
    74
    46
   263
   136
   119
    94
     5
     1
     0
     0
     2
     0
    64
   153
   262
    87
    99
    87
    57
   127
   149
   106
    83
    70
   192
   175
   157
   138
   132
   108
    15
     0
     9
     2
     3
     7
    88
   242
   263
   172
    77
    86
   132
    58
    99
    56
   165
   262
   108
   227
   190
   319
   104
    68
    21
     0
    13
     4
     1
     7
   162
   216
   261
   224
    80
   112
    54
    74
    62
    68
    70
    70
    50
    50
   155
   212
    48
    38
     1
     3
     7
     9
     0
     6
    53
   237
   277
   308
    50
   162
    54
    82
    52
    61
    97
   101
    74
    68
   221
   153
    46
    62
     0
     6
     6
    22
     0
     0
    55
   189
   508
   283
    75
    94
   103
    66
   146
   109
   126
   308
   153
    85
   231
   117
    79
   160
     2
    21
     0
     0
     0
     0
   168
   536
   376
   280
   108
   129
    73
   153
   100
   142
   105
   109
    58
    46
   153
   144
   146
    71
    12
     0
     4
     0
     1
    11
   138
   497
   158
   360
   126
   143
   219
   157
    69
   186
   175
   120
    64
    82
   216
   295
    79
    42
     4
     6
     0
     0
    19
     0
   111
   222
   413
   241
   175
    53
    52
   253
    84
    86
   207
   140
   100
    79
   151
   240
   208
   126
    11
     3
     0
     8
     0
     0
   132
   164
   386
   522
   122
    55
    99
    65
    99
    81
   208
    75
    84
   449
   315
   186
    55
    73
    11
     7
     0
     0
    12
     4
    50
   110
   316
   173
    72
    88
   134
   112
    55
    93
   171
    97
    93
    90
   131
    95
   117
    86
    12
     5
     6
     3
     5
     3
   101
    60
   254
   256
    98
    60
    47
   179
    62
    40
    69
    56
    45
   111
   203
   133
   146
   137
     0
     1
     1
     2
     6
     0
    91
   212
   280
   245
    80
   112
    59
    72
    68
   149
   244
    55
    47
   193
   108
   117
    55
    95
    13
     1
     2
     3
     8
    13
    98
   236
   560
   285
   230
    78
    92
    80
   104
    87
   134
   222
   145
   141
   163
   107
   104
    84
     1
     6
     0
     6
    14
     3
    83
   202
   276
   310
   157
   162
   238
   165
   322
   236
    49
    70
   127
   104
   130
   191
   103
   256
     8
     0
     5
    15
     6
     0
   165
   235
   221
   310
   132
    52
    72
    50
    92
    72
   194
    62
   102
   129
   149
   161
   107
    34
     6
     0
     2
     7
     4
     5
   134
   211
   398
   137
   184
    68
    86
    46
    89
    80
    79
    59
    49
   277
   104
   228
    42
   101
     7
     8
     8
     8
    20
     5
   140
   248
   356
   233
   224
   119
    51
    58
    78
   140
   109
    50
    99
    89
   154
   332
   100
    62
     3
     0
     0
    20
     0
     4
    95
    47
   121
   368
    76
   124
    64
    35
    58
    54
    64
   110
    62
    70
   292
   165
   103
    68
    15
     9
     0
     4
     2
     8
    49
   165
   554
   337
   189
   239
   158
   126
    85
    59
    39
   158
   189
   140
   187
   160
    75
   198
     0
     6
    12
     1
     0
     0
   211
   388
   309
   283
   152
    65
    66
   170
   202
   234
   103
   243
   101
   308
   468
   162
   299
   155
     0
     0
    12
    10
     5
     7
   116
   154
   304
   192
    51
   100
   140
    41
    94
   130
   104
    64
   108
   197
   505
   104
    66
   184
     0
     4
     9
    17
     0
    18
    56
   108
   473
    82
    86
    55
    56
    83
    92
   228
   244
    62
    56
   110
   101
   497
    86
    63
     0
     9
     6
    16
     0
    15
    95
   150
   322
   259
    76
    99
    86
   109
    76
   123
   159
    34
    84
   248
   218
   201
    84
   107
     0
     3
    13
     0
     3
     0
   109
   261
   393
   325
    44
    61
   239
    89
    54
    44
    84
    56
   125
   456
   222
   121
    74
   120
     6
     1
     0
     0
     8
     0
   165
   303
   586
   204
    49
    62
    98
    50
    59
    44
    68
   110
    49
   106
   183
   166
    78
    77
     0
     0
     4
     0
    11
     4
   120
   320
   289
   231
   159
   101
    93
    87
    82
   118
    46
    50
   124
    79
   222
    41
    75
    62
     0
    12
     3
     0
     0
    19
    83
   218
   413
   275
   103
   141
    67
   163
   246
   160
   161
   116
   278
   118
    59
   105
   180
    77
     6
     5
     3
     0
    13
     0
    61
   210
   159
   333
    55
    84
   136
   161
    68
    70
    69
   325
    75
    60
   333
   309
   110
    86
     6
     0
    10
     2
     0
     0
    94
   169
   261
   173
   181
    45
    75
    68
   102
   240
    41
    88
   100
    77
    53
   124
    45
    64
     0
     1
    16
     1
     0
     0
   153
   106
   383
   172
   158
    68
   103
   127
    79
    61
   150
    87
   104
   113
   208
   210
    82
   105
     2
     0
     2
     0
     4
     1
    83
   317
   399
   387
   193
   131
   252
    86
   115
   179
   103
    67
   128
   146
   136
   110
    53
    69
     0
     7
     9
     2
     0
     1
    85
   221
   232
    75
    97
    87
    29
    51
   100
    41
    82
   131
    93
   354
   344
   270
    78
   110
     8
     0
    12
     5
     3
     3
   139
   161
   351
   237
   165
    81
   169
    71
   129
    55
    84
    81
   147
    87
   248
   115
   113
    71
     4
    20
     0
     9
     0
     0
   122
   318
   339
   291
   141
   142
    75
   142
   139
   137
   111
   126
    86
   240
   246
   145
   114
    38
     2
     8
     0
     0
     0
     8
   192
   393
   453
   326
   184
    63
   265
   145
    93
   127
   192
    95
   205
   284
   327
   571
    64
    81
    17
     0
     0
     0
     0
    19
   142
   253
   353
   430
   114
   146
   117
   116
    44
   110
    55
    92
   120
    58
   173
   267
    55
   128
     3
     0
     0
     0
     0
     2
    99
   140
   501
   236
   126
   184
    56
    70
    79
    78
   265
   108
    73
    70
   274
    92
   130
   130
     0
     9
     6
     4
     0
     0
   120
   224
   439
   223
    65
    61
   105
    56
    94
   102
    77
   103
    84
    53
   298
   166
   134
   183
     1
    15
     3
     0
     8
    12
   190
   272
   224
   109
    91
   118
    74
    67
    80
    70
   125
   131
    56
   139
   229
   113
    71
   109
     0
     0
     0
    10
     0
     0
   103
   211
   339
   230
    66
    89
    77
    62
    82
    76
   287
    50
    53
    77
   226
   195
    51
   194
     4
    14
    11
    14
    11
     6
   164
   434
   610
   267
    78
   116
   120
   109
   168
   149
   102
    52
    94
   167
   377
   123
   139
   145
     0
     0
    10
     9
     3
     8
   160
   315
   504
   343
    83
   231
   158
    37
   103
   103
    90
   154
    91
   103
   184
    49
   170
   101
     5
     0
     5
     1
     1
     0
   108
    68
   416
   211
    42
    59
    56
    55
   103
    64
    60
   145
    45
   131
   334
   545
    50
    50
     6
     5
     9
     0
     6
     3
   143
   127
   159
   238
    92
    80
   188
    50
   110
   131
   111
    45
    49
    99
   122
   280
   231
    93
    11
     0
     0
     3
     0
     0
   132
   227
   319
   105
    67
    71
    44
    50
   139
    49
   103
   152
   353
   205
   511
   223
   154
    70
     0
    15
     0
     0
     1
     6
   138
   266
   601
   310
    61
    26
    65
    57
    57
   130
    78
   104
    64
    54
   217
   142
   144
    49
    12
     5
     0
     0
     6
     0
   119
   142
   309
   327
    54
    61
    61
    96
   110
    23
    49
    62
    51
   260
   252
   192
    40
    79
     7
    14
     2
     2
     6
     7
   182
    89
   307
   210
   168
   238
    90
   133
   193
   123
    77
   130
   120
   331
   400
   459
   243
   110
    17
    26
    11
    16
    20
     2
   220
   208
   359
   180
   102
    77
    68
   219
    85
    75
   271
   127
   153
   298
   362
   263
   280
    74
    10
    10
     1
     0
     8
     0
   175
   282
   228
   197
   165
    86
    43
    68
   100
    70
    95
    59
    63
   108
   123
   220
    68
   199
     0
    13
     6
     8
     2
     7
    55
   345
   333
   268
    78
    67
   220
    91
   110
   103
    79
   234
   228
    91
   296
   204
    65
   101
    11
     0
     0
     4
     2
     8
   107
   233
   180
   172
    98
   103
   109
    75
   226
    66
   207
    82
    62
   362
   428
   104
    74
    66
     0
     3
     3
     5
     0
     0
    35
    99
   359
    76
    46
   117
   188
   122
    86
   117
   118
    66
    58
    35
   261
   106
   115
    59
     0
    14
    17
     0
     3
     4
    95
   431
   290
   248
   115
   270
   191
    86
    62
    81
   111
   101
    54
   214
   192
    56
    49
   102
     6
     7
     0
     3
     2
    15
   137
    95
   557
   157
   105
   145
    71
   171
    65
    99
   118
    50
   137
    69
   184
   291
   123
   100
     0
    10
     0
    10
    10
     0
   110
   132
   475
   247
   125
   189
    90
    85
    59
    82
   204
    72
   196
    90
   149
   207
   160
    98
     9
     8
     3
    13
     2
     0
   121
   338
   515
   339
    75
   250
    56
    80
   130
    64
   249
    60
    90
    56
   277
   210
    69
     0
     0
