   108
     5
     0
     0
     0
   126
   270
   302
   203
    42
   121
    92
    62
    51
    35
   224
    61
    55
    40
    63
   135
    74
    75
     0
    13
     0
     0
     3
     0
    77
   142
   137
   154
    62
    66
    41
    96
    59
    32
    71
    38
    70
    62
   228
   127
   176
    61
     0
     0
     0
     0
     0
     1
    45
    37
   204
    69
    39
    81
    51
    49
    50
    38
   110
    49
    22
    45
   141
    30
    61
    37
     8
     6
     0
     0
     5
     2
    40
   120
   128
   326
   101
   186
    41
    74
    52
    31
    80
    33
   102
    63
    28
    73
    33
    35
    14
     0
     0
     0
     0
     0
    41
   379
   268
   177
    69
    56
    24
    87
    70
    54
    65
   107
    62
   108
    89
   244
    51
    56
     0
     2
     0
     1
     7
     7
    96
   164
   486
   119
    44
    46
    54
    57
    95
    34
    42
    55
   132
   124
   385
   232
    57
    44
     0
     9
     7
     1
     0
     0
    51
   123
   189
   148
    54
    55
    93
    59
    50
    44
   186
   106
    36
    46
   418
   129
    31
    36
     6
     0
     2
     0
     0
     5
    69
   204
   228
    76
    56
    51
   130
    73
    49
    58
    56
    44
    99
    30
   148
   100
    25
    64
     0
     0
    11
     0
     6
    15
    59
   209
   267
    86
    17
   142
    62
    79
    65
    77
    43
   124
    24
    51
   195
   139
   108
    60
     2
     4
     0
     8
     0
     0
    84
   141
   459
   201
    73
    20
    34
    53
    20
    65
    86
    50
    85
    39
   181
   348
    26
    26
     0
     5
    10
     0
     0
     0
    78
   162
   252
   206
    63
   181
    40
    60
    57
    78
    45
    30
    59
    72
   183
   120
   168
    56
     0
     0
     0
     4
     4
     0
    95
   131
   197
   128
    53
    40
    43
    44
    42
    28
    40
    31
   118
   102
   231
   283
   145
    68
     0
     0
    10
     5
     6
     2
    49
   190
   185
   364
    74
   126
    70
    73
    39
    53
    69
   177
    64
    87
   264
   120
    46
    77
     0
     1
    11
     6
     2
     2
    49
   117
   317
   254
    56
    54
    49
    84
    64
    74
    73
    19
    85
   174
   119
   201
    71
   139
     0
     7
     0
     2
     6
     8
    81
   163
   378
   106
    63
    42
    17
   101
   105
    55
   101
   101
    50
    89
   116
    75
   201
    78
     3
     2
     0
     5
     2
     2
   128
   271
   293
   426
    94
    28
    61
    58
   101
    38
    54
    47
    24
    99
   300
    78
    59
    50
     4
     5
     9
     8
     3
     0
   113
   217
   177
   116
    48
   101
    95
    53
    89
    50
    38
   208
    33
    29
    83
   132
    51
    33
     0
     6
    10
     8
     6
     0
   121
   371
   203
   246
    69
    43
    87
    84
    30
    43
    29
    55
    40
    83
   139
   151
   101
    94
     7
     0
     0
     0
     6
     0
    81
   311
   181
    47
   111
    29
    62
    65
    91
    60
    66
    67
    51
    25
    39
   212
    41
    43
     0
     1
     0
     0
     2
     0
    79
   253
   201
   309
    85
    57
    61
    73
   277
    89
    68
   270
    63
    93
   153
   208
    51
    44
     0
    19
     0
     0
     0
     3
    42
   148
   393
   214
    73
    46
    93
    67
    50
    52
   186
    93
    46
    41
   128
    44
   126
    57
     0
     1
     0
     2
     0
     0
    52
   111
   220
   179
    50
    73
   189
    66
   179
    83
    39
    75
   104
   103
   117
    63
    44
    43
     1
    13
     0
     0
     0
     0
    94
   190
   180
   194
    55
    67
    58
    50
   104
    98
    28
    40
    37
    40
    83
   305
    67
    75
     0
     0
     0
     2
     0
    10
    30
   152
   248
    83
    85
    70
    73
    67
    34
    71
   109
    66
    47
    68
    68
   102
   103
    53
     0
     0
     6
    10
     6
     2
   119
    74
   233
   270
    19
    47
    78
    85
    23
    71
    73
    72
    59
   354
   220
   181
   184
    38
     0
     0
    14
     0
     3
     0
    97
   134
   198
   233
   165
    97
    81
    33
    48
    68
    33
    64
    57
    63
   150
   185
    78
    50
     9
     8
     0
     0
     0
     0
   101
   224
   221
   247
    59
    75
    89
    40
    41
   260
   113
    74
    59
    89
    59
   237
    74
    84
     0
     6
     0
     5
    11
     0
    48
   126
   216
   139
    65
    56
    53
   124
    61
   187
    42
    55
    44
    79
    64
   306
    99
    89
     0
     0
     1
     0
     6
     0
    86
   200
    77
   301
    51
    36
    43
    58
    39
    46
    40
    91
    58
   113
   246
    29
    72
    66
    18
     0
     2
     0
     0
     5
    51
   169
   327
    76
    65
    30
    26
    90
    79
   100
    59
    76
    65
    69
   252
    84
    52
    84
     5
     0
     2
     0
     2
     0
    46
   180
   277
    63
    60
    67
    89
    63
    67
    72
    62
    11
   181
    30
   210
   255
    86
   122
     4
    10
     0
     4
     8
     6
    47
   154
   133
   234
    96
    19
    39
    48
    48
    64
    87
    37
    34
   111
   114
   350
    37
    43
     8
     0
     0
     6
     6
     7
   110
   393
   193
    75
    46
   198
    36
    42
    46
    23
    21
    81
    41
    45
   256
    43
    72
    51
     6
    10
     8
     0
     0
     3
    55
   186
   161
   155
    67
    97
    62
    67
    50
    71
    28
   142
    90
   278
   157
   412
    95
   111
     1
     3
     0
     2
     0
     0
   171
   214
   205
   292
    93
    35
   227
    49
    66
   204
    80
    62
    45
    74
   161
    23
    52
    30
     0
     7
     0
     0
     0
     0
    85
   268
    71
   155
    78
    85
   111
   125
    53
   236
    29
    64
    87
    75
    53
    86
   101
    74
     3
     2
    13
     5
     5
     0
    95
   287
   480
   198
    69
    19
   109
    38
    61
    78
    40
   227
    87
   174
    99
    34
    53
    38
     0
     0
     0
     0
     7
     2
    88
   233
   335
   142
   108
    73
    99
    83
    56
    31
    65
    61
   111
    17
   111
    44
    52
    53
     2
     2
     8
     8
     0
     3
    56
   116
   321
    65
    59
   229
    58
    50
    71
    37
    99
    42
   136
    94
   290
   328
    80
   118
     0
     1
     1
     0
     5
     1
   115
   107
   131
   382
    44
   109
   222
    71
    31
    27
    19
    87
    75
   141
   155
   125
    60
    92
     0
     6
     0
     4
     7
     7
    84
   150
   150
   121
    55
    56
   127
    52
   114
   118
    83
    51
   139
    79
   228
   146
    98
    82
     5
    10
     0
     3
     0
     3
    43
   291
   102
   158
   104
    61
    58
    34
   159
    88
    41
    47
    93
   159
   110
   127
   102
    41
     0
     0
     0
     1
     1
     0
    44
   131
   371
   174
    19
    37
    49
    92
    25
    83
    77
   199
    44
    60
   168
   213
    75
    77
     3
     0
     0
     0
     4
    11
    84
   162
   193
    52
    54
    47
    69
    41
    32
    85
   142
    40
    22
   129
   125
    55
    74
    26
     0
     4
     0
     0
     0
     9
    56
    69
   300
    71
    41
    45
    81
    72
    53
    40
    37
    91
    69
   356
    57
    62
    51
    88
     0
     5
     0
     1
     0
     2
   124
   102
   145
    93
    45
    74
    39
    33
    33
    52
   110
   105
    46
   217
    44
   248
    38
    96
     0
     4
     0
     0
     0
     7
    93
   102
   153
   151
    55
    78
    54
    65
    66
    36
   130
    34
    58
   136
   158
   280
    57
    43
     6
     0
    11
     0
     0
    16
    89
   145
   207
   145
    43
    42
    89
   115
    50
    90
    75
    88
   255
    29
   227
   204
    83
   270
     7
     6
     4
     4
     0
     0
    95
   139
   152
   188
    31
    62
    97
    65
   259
    52
    73
    60
    84
    81
   283
   294
    74
    71
     0
     0
     7
     0
     2
     1
    89
    40
   133
   431
    48
    66
   200
    65
    30
    34
    47
   106
   255
    50
   301
   125
   106
   211
     3
     0
     7
     3
     0
     7
    63
   166
   212
   162
    35
    55
    69
    44
    83
    24
   135
   110
    37
    35
   168
    91
    35
    32
     6
     0
     0
     0
     0
     0
    18
   125
   203
    78
    91
    59
    73
    41
    25
    39
    54
   105
    32
    64
   165
   262
    87
    84
     0
     0
     0
     0
     3
     0
    64
   145
   204
   128
    58
    34
    72
   102
    92
    25
    34
    92
   168
    69
    51
    38
    46
    50
     0
     0
    14
     2
     0
     6
    88
   132
   239
   209
    92
    55
    39
    64
    25
    74
    27
    26
    52
   136
   106
   106
    85
    76
     9
     4
     7
    11
     0
     6
   156
   162
   224
   215
    36
    57
   156
   109
    70
   105
   103
    21
    78
    63
    99
    82
   104
    47
     8
     6
     7
     7
     0
     2
   107
   166
   278
   132
    95
    53
    17
    46
    32
    92
    42
   101
    33
   205
   131
    76
   225
    24
     2
     0
     0
     2
     3
    12
    30
   160
   208
   159
    60
    49
    41
    61
    46
    41
    49
    46
    55
   254
    97
    69
   226
    18
     0
     2
    18
     0
     2
     0
   140
   286
   277
    55
    20
    74
    73
    61
   100
    57
    79
    65
    97
    53
   196
   192
    32
    34
     2
     6
     0
     0
     5
     2
   102
   289
   257
   161
   110
    56
    70
    60
   163
    64
    86
    46
   243
    35
   214
    66
    36
    94
     0
     7
     4
     0
     0
     0
    72
    93
   145
   164
    55
    76
    74
    60
    48
    24
    49
    71
   143
   103
    74
   178
   105
    63
    14
     5
     0
     0
    10
     2
    35
   234
   322
    53
    73
    44
   101
    86
    48
    43
    47
    64
    38
    37
   194
   151
    48
   157
     0
     0
     7
     1
     0
     8
   130
   214
   447
   273
    80
    78
   130
    81
    44
    88
    45
    74
   106
    94
   267
   137
    45
   101
     0
     9
     3
     0
     4
     0
   138
   138
   269
   354
    46
   124
    50
   136
   224
    70
   100
    40
    36
    49
    71
   174
   145
   121
     0
     0
     0
     0
     0
     6
    88
    64
   189
   182
    98
    48
    21
    27
    38
    46
    85
    40
    36
    43
   134
   103
    60
   108
     0
     0
     6
     2
     0
     4
    43
   120
   382
   157
    71
    76
    36
   252
    44
    41
    64
    77
    39
    65
   190
    87
   266
    77
     6
     0
     3
    13
    17
     0
   120
   102
   478
   297
    24
   131
    66
    34
    60
    27
    33
    77
    76
   211
    71
   112
   305
    30
     7
     5
     0
     4
     0
     0
    49
   136
   206
   122
    44
    66
    58
   326
    37
    36
    62
    18
    56
    36
   446
    29
    50
   144
     0
     0
     0
     4
     7
     0
    88
   199
   223
   211
   111
    55
    88
    44
    84
    45
    65
    55
   139
    89
   211
   102
    93
    36
     2
     0
    15
     2
    11
     0
    80
   158
   322
   161
   100
    69
    29
    59
    48
    30
   110
    45
    60
   133
   207
   179
    60
    26
     3
     0
    27
     4
     7
     1
    50
   158
   206
   191
   105
    92
    55
   224
    62
   125
   107
    32
    61
    35
   163
    89
   178
    83
     7
     8
     0
     2
     3
     1
    94
   179
   223
   205
    65
    77
    46
    57
    46
    40
    66
    54
    65
   145
    72
   130
    80
    51
     0
     7
     8
     0
     0
     0
    22
   128
   228
    83
   108
   110
    45
    57
    89
    65
   180
    26
    44
    79
    69
   351
    51
    58
     6
     8
     0
     0
     3
     4
    58
    76
   254
   164
    49
    67
    77
    41
    25
   111
    97
    45
   116
    73
   223
   135
    66
    97
     0
     3
     1
     0
     0
     3
    53
   214
   320
    81
   114
    99
    94
    48
    42
    89
    51
    37
    43
    48
    88
   215
    97
   116
     6
     0
     0
     3
     0
     0
    44
   314
   215
   185
    47
    59
    52
    92
    43
    34
    48
   102
    56
   198
   104
    34
    48
    44
     0
     2
    10
     4
    11
     0
   178
   218
   241
   190
    95
   135
    36
   141
   108
   106
    77
    46
    71
   223
   370
   231
    76
    63
     5
     0
    15
     2
     0
     3
    63
   189
   195
   214
    51
   133
    94
    83
   182
    88
    45
    66
    53
    41
   461
   250
   134
    90
     0
     5
     5
     4
     7
     0
    40
   102
   320
   164
   172
    92
    55
    70
    45
    75
    60
    37
    37
    45
   142
    80
   178
    58
     0
    16
     0
     0
     0
    13
    60
   191
   295
   178
   314
    68
    32
   189
    67
    32
   125
   232
    40
    78
   122
    46
   104
   126
     0
     0
    14
     0
     2
     0
    27
   255
   139
    27
    26
    86
    38
    38
    62
    67
   115
    47
    75
    61
   483
    36
    68
    46
     0
    10
    10
     2
     8
     2
    53
   167
    67
   219
    86
   141
    56
    45
    21
    67
   182
    29
    73
    90
   131
   104
   279
    52
     4
     1
     0
     6
    11
     7
   113
   161
   281
   248
    31
    60
    52
    51
   160
    79
    56
    25
    30
    42
    79
   131
    49
    58
     0
     0
     8
     5
     0
     0
    89
   197
    70
   202
   117
    65
    28
    56
    32
    75
   112
    36
    58
   106
   191
    91
    23
    61
     7
     4
     5
     0
     0
     0
    39
   179
   153
   215
    38
    75
   106
    85
   243
    98
   154
    52
    65
    35
   173
    23
    89
    65
     0
     0
     0
     1
     0
     4
    90
   225
   129
   108
    67
    57
    42
    72
    91
   100
    39
   293
   215
   305
   117
    52
    74
    45
     0
     0
     5
     6
     0
     0
    75
   165
   174
   150
    27
    30
    51
    60
    82
    43
    77
    97
    34
    57
   139
    63
    36
    66
     0
     0
     0
     0
     0
     0
    51
   204
   349
    99
    51
    42
    47
   106
    50
    98
    31
    28
    51
    62
   127
    22
    34
    31
     9
     9
     0
     8
     3
     0
    75
   142
   249
   243
    40
   163
    65
    33
    41
    42
    41
    12
    56
    49
   212
   129
    25
    41
     0
     8
    12
     0
     9
     7
   122
   168
   310
    35
    86
    94
    40
    41
    80
    50
    88
    33
    30
    92
   109
   238
    72
    85
    13
     0
     8
     5
     2
    15
   105
   143
   247
   133
    51
   151
    75
    87
   195
   177
   254
    39
    75
   241
   148
   111
    71
    64
     0
     0
     8
     4
     1
    63
   132
   272
   291
   130
    64
    24
    34
    47
   119
    55
   109
    23
   137
    69
   138
    57
    42
     0
     0
     6
     0
     0
     0
    43
   157
   170
    96
    76
    56
    79
    57
   210
    82
    49
    79
    85
    39
   215
    87
    38
    97
     6
     1
     0
     0
     0
     7
    34
   191
   256
   263
    76
    67
    74
    94
    59
    44
    42
    41
    38
    57
    30
   108
    32
   152
     0
     0
     0
     0
     2
     0
    31
   139
   180
   246
    49
    33
   103
    27
    49
   213
    59
    22
    37
    69
    70
    78
    66
    93
     2
     0
     0
     0
     2
     1
    20
   197
   122
   155
    46
    55
    42
    70
    82
    59
    22
    97
   140
    32
   174
   257
    34
    67
     0
     0
     5
     0
     0
     5
    46
   211
   228
   132
    22
    78
    80
    62
    33
    42
    61
   113
   215
    85
   148
    38
    49
   211
     2
     8
     1
     0
     0
     9
    75
   142
   248
   197
    74
    54
   104
    92
   199
    46
    63
   202
    96
   122
    73
   167
    47
    87
     0
    13
     0
     0
     0
     0
    38
   247
   313
   250
    72
    42
    97
    64
    97
   251
   111
   233
    36
    54
   153
    72
    80
   100
     0
     3
     0
     0
     8
     8
    78
   157
   183
    27
    41
    33
    82
    53
    68
    48
    65
    70
    57
    85
   123
    74
    46
    42
     2
     0
     0
     0
     2
     5
    60
   157
   154
   136
    56
    35
   176
   175
    67
    81
    21
    26
    54
    89
   216
   116
    93
    95
     4
     0
     0
     1
    13
     7
    40
   296
   113
    65
   104
    45
    61
   122
    53
   104
    46
    60
    65
    52
   147
    25
    49
    55
     0
     4
     0
    25
     2
     0
    66
   162
   154
   123
   102
    40
    77
   121
    48
    52
    83
    39
    55
   290
   230
   130
    51
    28
     5
    12
     5
     6
     6
     2
    90
    72
   169
   202
    42
    65
    70
    65
    35
    32
    45
    39
   145
    24
    98
   243
    63
   101
     1
     4
     2
     0
     1
     0
   104
    99
   305
   216
    74
    67
    46
   102
    81
    44
    30
    51
    32
    48
   242
   307
    41
   120
     6
     5
     0
     8
     3
    14
   103
   155
   186
   149
   114
    55
    97
    50
   126
    67
    62
   169
    81
    93
   133
    98
    30
    36
     0
     0
     0
     0
     7
     0
    66
   160
   194
   179
    58
    25
    16
    34
    71
    77
    43
   131
   170
    84
    22
   131
    73
    60
     7
     2
     4
     1
     0
     3
    41
    95
   382
   144
   134
    32
   121
    45
    96
   184
    54
    81
    36
    55
   217
   212
    73
    24
     0
     0
     0
     3
     4
     2
   101
    21
   355
    80
    43
    63
    74
    33
    38
    47
    95
    81
    70
    78
   253
   150
    61
    41
     0
     4
     0
     3
     0
     6
    51
   251
   324
   148
   184
    30
   129
    73
    44
    42
    50
    47
    54
   113
   171
    82
    26
    43
     4
     0
     0
     3
     6
     2
    84
    42
   209
    54
    65
    19
    70
    74
    76
    44
   106
   141
   191
    17
    74
   107
    26
    59
    13
     6
     0
     7
     0
     0
    75
   120
   223
   125
    90
    52
    61
    96
    58
    82
    64
    88
    48
    42
    39
    76
    79
    38
    10
     0
    19
     0
     2
     7
    47
   117
   403
   181
    65
    80
    57
    60
   186
    87
   156
    47
    40
    50
   185
   221
    35
    67
     0
     0
     0
    13
     1
     8
   127
   126
   171
    59
   248
    34
    41
   110
    43
    49
    35
    91
    52
    39
    47
    21
    15
    84
     0
     0
     0
     1
     0
     3
   147
   104
    74
    87
    66
   106
    51
    41
    24
    83
   218
    48
    77
    39
    90
    40
    64
    21
     0
     0
     7
     0
     0
     4
    85
   193
   243
   216
    50
    37
    91
    98
    44
    11
    28
    31
    56
   115
    95
   172
    20
    45
     3
     0
     0
     0
     0
    11
    31
   113
   200
   216
    33
    24
    98
    59
    99
    27
    24
    21
    42
    41
    63
   264
    27
    39
    17
     0
     1
     4
     5
     1
   128
   162
   292
   141
    80
    66
    44
    41
    36
    43
   102
   102
    44
    44
    70
   271
    74
    63
     0
     6
     0
     0
     0
     0
    35
    81
   239
   168
    42
    33
    77
    43
    37
    63
    89
    43
    56
    50
    84
   212
    61
   188
     9
     4
     0
     7
     3
     4
    52
   215
   393
    64
    39
   244
    37
    86
   262
    75
    32
   259
    37
    82
   124
   268
    88
    96
     1
     5
     0
     5
     1
    13
    92
    69
   274
   164
    50
   188
     9
    41
    34
    24
    70
    65
    35
   219
    77
   115
    70
    35
    16
     9
     9
     0
     0
     0
    53
   156
   189
   182
    52
    64
    59
    51
    46
   195
    49
    38
    44
    75
    88
   132
    27
    85
     1
     0
     0
     1
     9
     0
    41
    94
   216
   164
    79
   193
    60
    36
    48
    79
    53
   117
    70
    37
    99
   421
    73
    44
     5
     0
     0
     7
     0
     6
    87
    82
   334
   165
    29
    76
    39
    42
    38
    64
    35
   123
    29
    29
   145
   107
    64
    34
     5
     7
     4
     3
     0
     0
    38
   140
   129
   222
    31
    86
    42
    81
    44
    70
    14
    82
    54
   138
   129
    64
   115
    64
     4
     0
     9
     1
     1
     0
    61
   414
   155
   255
    43
    56
    28
    51
   102
    20
    34
   123
    51
   141
    39
   123
    23
    39
     7
     2
     4
     0
     0
    15
    47
   208
   152
   188
    41
    70
    63
    64
    48
    47
    32
    52
   121
    93
    89
   168
    71
   218
     4
     0
     1
     0
     3
     0
    84
   241
   290
   131
    29
    35
    85
    73
    32
   184
   183
   116
    63
   300
   125
   214
    41
    71
     7
    11
     3
     2
     2
     0
    45
   145
   341
   204
    89
    52
    55
    28
    51
    74
    48
   167
    30
    83
   308
   262
    25
    84
     0
     0
    13
     3
     2
    12
   152
    46
   182
   286
    60
    86
    47
    68
    90
    36
   105
    50
    17
    56
    54
    49
    37
   204
     0
     0
     0
     0
     8
     0
    36
   289
   126
   164
    29
    27
    97
    40
    58
    25
    60
    53
   117
    32
   211
   132
   114
    40
     5
     0
     7
     0
     0
     0
    50
   112
   157
    71
    46
    37
    83
    45
    37
    56
    39
   105
    48
    72
    72
    29
    67
    41
     0
     4
     0
     2
     2
     8
   113
   128
   210
    85
   190
    42
   154
    53
    70
    65
    59
    77
    53
   123
   135
    92
   133
    67
     0
     3
     7
     0
     0
     0
   123
    92
   258
   354
   140
    41
    38
    30
   101
    54
    35
    81
    40
   139
   152
    39
    33
    54
     5
     0
     0
     1
     0
     1
    43
    94
   178
   180
    88
    37
    70
    59
    72
    74
   101
    32
    70
    59
    55
   113
    57
    55
     0
     2
     4
    15
     6
     1
    75
    82
   223
   274
   197
    63
   110
    69
    75
   189
    62
    59
    45
   252
   212
   129
    38
    99
     0
     0
     0
     5
     0
     0
   101
   101
    85
   193
    57
    23
    58
    79
    46
    39
    76
    46
    62
    56
    47
   139
    52
    33
     2
     0
     9
     7
     0
    17
    22
   138
   304
   188
    50
    44
    20
    38
    96
   136
   115
    32
    59
   231
   188
    64
    81
    41
     0
     0
     0
     0
     0
    18
    51
    88
   396
   291
    38
    36
    34
    72
    83
    30
    73
    38
    80
   174
   178
    25
   190
   151
     0
     0
     0
     7
     1
     5
    91
   105
   468
   208
   111
    68
   106
    44
    58
    40
    82
    56
    57
    35
    88
   171
   111
    52
     8
     0
     7
     0
     0
     0
    97
   161
   164
   121
    56
    37
    67
    61
    64
    51
    98
    73
    47
    40
   177
    99
    66
   125
     8
     9
     0
     1
     0
     0
    35
   271
   202
   122
     7
    86
    42
    42
    33
    75
    46
     9
    51
   183
    57
    65
    67
    34
     9
     7
     1
     0
     0
     2
   116
   184
   257
   119
    54
    38
    27
    87
    37
    19
    36
   219
    31
    85
   161
   184
    61
    52
     2
     0
     7
     0
    14
    14
   164
   200
   154
   148
    39
    43
    69
    59
    76
    20
    93
    20
    52
    27
   120
   155
    41
    10
     8
     4
     1
     0
     2
     0
    59
   114
   229
   233
    71
    83
    45
    23
    56
    25
    33
    52
    19
   185
    17
   195
    44
    44
     0
     0
     4
     0
     0
     0
   118
   120
   422
   219
    49
    83
    65
   100
    75
    37
    29
    28
    31
   106
   115
   205
    90
   102
     7
     2
     4
     0
    14
     3
    47
   128
   148
   130
    59
    96
    42
    36
    37
    51
    61
    41
   207
   110
   191
   202
    85
    25
     0
     4
     3
     4
     0
     0
   127
   135
   269
   225
    78
    45
    99
    27
    49
    94
    49
    69
    36
    65
   297
   109
    66
    55
     0
     0
     4
     2
     4
     0
    44
    53
   242
   147
   376
    46
    14
    40
    82
    23
    70
   202
    42
    27
    64
   228
    52
    34
    13
     4
     0
     0
     1
     1
    37
   136
   249
   255
   199
    30
    28
    50
    36
    21
    56
   101
    90
   104
    17
    88
    60
    58
    13
     0
     4
     2
     7
     6
   119
   203
   143
   165
    45
    51
    33
    36
    42
    46
    58
    31
    53
   206
   218
    59
    44
    62
     1
     0
     8
    15
     4
     9
    33
    74
   124
   193
    87
    57
    54
    49
    15
    66
   192
    47
    51
   116
    82
    63
    47
    46
     3
     5
     0
    13
     0
     0
    98
   153
   171
   174
    56
    47
    90
    70
    50
    74
    46
   111
    60
   155
   181
    91
    37
    32
     0
     0
     0
     4
     0
     0
    40
   104
   301
    82
    72
    66
    79
    79
    45
   112
    45
    65
   175
   366
   351
   284
    54
    24
     2
     4
     1
     0
     9
     4
    41
   150
   390
   202
   181
    44
    73
    36
    56
    55
   179
    72
    52
    52
    94
   219
    92
    79
     0
     9
    14
     1
     0
     0
    43
    63
   250
    59
    95
    52
   139
    66
    66
    59
    47
    52
   171
    54
   142
    72
    56
    33
     0
     0
     0
     0
     0
     2
    37
   231
   223
    55
    39
    37
    35
    48
    54
    70
    43
    23
    37
    50
    51
   149
    60
    62
     0
     4
     0
     6
     0
     9
   108
   115
   292
    64
    26
    52
    22
    38
    33
    27
   188
    38
    42
    79
   153
   120
    56
    29
     0
    10
     0
     6
     2
     5
    57
   149
   172
   118
    34
    99
    51
    62
    51
    33
    74
    58
    40
   114
   115
   273
    33
    74
     0
     3
     1
     6
     0
     7
   126
   210
   111
   150
    89
    77
   113
    31
    39
   204
    43
    38
    28
    61
   126
    69
    41
    55
     2
     3
    16
     0
     4
     3
    69
   209
   155
   237
    59
    41
    54
    84
    60
    58
    69
    44
    78
    29
   147
   218
   115
    25
     0
    15
     0
     0
     6
     0
    43
    71
   245
   238
    67
   100
   123
   123
    83
   230
   116
   107
    75
   126
   154
   150
    33
    63
     6
    11
     0
     0
     0
     0
    33
   100
   213
    67
    63
     4
    41
    86
    31
    63
    31
    67
    69
    96
   197
    28
   119
    68
     0
     6
     5
    21
     3
     5
    37
    58
   147
   256
    29
    26
    46
    42
    51
   159
   324
    50
    16
    42
    83
    60
    39
    32
     3
    10
     0
     8
     3
     0
   113
   187
   212
    99
    26
    34
    57
    24
   231
    34
    71
    30
    54
   188
   136
   213
    50
    37
     9
     0
     0
     0
     0
     5
     7
    24
   173
   321
    39
    56
    36
    43
    49
    91
    31
   163
    85
    84
   121
   182
    34
    53
     0
     0
     1
     2
     2
     0
    69
   113
   180
   150
    33
    60
    87
    32
    61
    25
    47
    76
    67
    82
    99
    75
   117
    58
     0
     0
     4
     0
     1
     0
    69
   290
   148
    52
    22
    55
    36
    46
    55
   109
    33
    27
    41
    89
   224
   237
    53
    58
     0
     0
     0
     6
     3
     8
    58
    83
   147
    85
    37
    48
    49
    61
    71
    26
    73
    62
    43
    46
   264
   117
    50
    83
     0
     0
     0
     5
     0
     0
    38
   121
   118
   108
    81
    24
    13
   127
    58
    56
    83
    97
   184
    69
   100
   220
    75
    63
     1
     0
     0
    11
     0
     5
    28
    73
   303
   128
    45
   125
    79
    35
    44
    37
    59
    50
    25
    57
   216
    48
    88
    14
     0
     7
     0
     0
     0
    13
    74
   163
   298
    57
    82
   164
   206
    31
    56
   189
    36
    37
    37
    60
    84
   291
    30
    25
     0
     3
     2
     0
     0
     0
    20
   119
   119
   173
    53
    41
    59
    50
    63
    49
    83
    72
    55
    25
   144
    28
    45
    17
     8
     0
     0
     0
     4
     0
    51
    45
   109
   117
    95
    49
    51
   266
    79
    25
    21
    85
    37
    38
    37
    68
    32
    21
     4
     0
     0
     0
     3
     0
    38
   100
   333
   215
    43
    47
    43
    87
    38
   356
    46
    42
    52
   159
    41
    91
    69
    52
     0
     0
     0
     0
     0
    17
    96
   105
   354
   203
   211
    86
    36
    45
   130
    33
   202
    74
    60
   160
    75
    79
   110
    25
     3
     1
     0
     1
     0
     1
    85
   152
   252
    96
    31
    63
    64
    27
    22
    37
    42
    36
    51
   190
   138
   186
    97
    85
     0
     0
     0
     0
     0
     5
    79
   215
   173
   100
    54
    79
   104
    42
    48
   221
    30
    28
    43
   148
    56
    42
    69
    30
     0
     6
     0
     0
     0
     8
    84
   209
   128
    52
    29
    53
    38
    62
    55
    36
    39
    49
    41
    30
   115
   116
    53
    41
     0
     0
     0
     4
     6
     0
    78
   422
   260
   114
    97
    45
    47
    65
    44
    29
   210
    50
    69
    24
   178
    39
    22
    45
     2
     0
     3
     0
     1
     0
    33
    98
   186
   210
    31
    67
    34
    40
    26
    50
   101
   186
    61
    72
    87
   159
    44
    57
    17
     0
     4
     9
     7
     2
    82
    74
   179
   301
    41
    56
   100
    45
    57
    44
    37
    38
    58
    31
   198
    28
   211
    63
     6
     2
     6
     0
     4
     4
    68
   104
   124
   267
    44
   112
    41
   193
    61
    49
    97
    63
    47
    79
    94
    98
    36
   127
     0
     4
     2
     0
     0
     0
    21
    97
   287
   193
    54
    43
    36
    93
    40
   109
    45
    10
    66
    34
    49
    72
    25
    62
     0
     4
     4
     7
     0
     5
    31
   108
   200
    78
    52
    60
    36
    57
    47
   121
    53
    49
    22
    94
   155
    87
    46
    79
     0
     0
     9
     0
     4
     0
    36
   116
   155
   209
    22
    28
    71
    40
    67
    59
    33
    19
    86
    74
   198
    40
    33
    33
     0
     1
     0
     0
     2
     0
    61
    95
   153
   142
    34
    40
    39
    31
    33
    47
   134
    51
    77
    57
   123
   148
    85
    30
     0
     0
     0
     0
     0
     0
    38
   161
   165
   115
    47
    41
    18
    23
    29
    50
    68
    55
    50
   117
    52
    79
    51
    57
     1
     0
     3
     5
     2
     0
    37
   121
   141
   121
    90
    41
   232
    63
    66
    41
    65
   168
    48
    46
   194
    72
    26
    79
     2
    14
    16
    12
     0
     1
    24
   136
   255
   126
    26
    32
    49
    43
   114
   106
    34
    41
    38
    57
    71
   209
    62
    41
     0
     3
     0
     0
     0
     0
    34
   128
   186
   114
    83
    34
   188
    46
    16
    31
    42
    62
    57
    38
   233
   102
    28
    29
     6
     1
     5
     0
     0
     0
    32
   149
   204
   156
    26
    42
    94
    56
    75
    41
    73
    27
    62
    94
   119
    46
    41
    29
     0
     0
     0
     0
     0
     8
    56
    24
   198
   177
    21
    84
    39
    73
    39
    29
    41
    91
    21
    31
    60
   136
    65
    42
     4
     5
     0
    13
     0
     5
    36
   107
   281
    99
    76
    24
    57
    65
    27
   194
   226
    43
    36
    45
   127
    48
    98
    47
     0
     6
     4
     0
     0
     3
    32
   239
   138
   281
   152
    36
    56
    33
    34
    39
    38
    36
    59
    71
   105
   209
    71
    89
    10
     5
     6
     6
    11
    15
   120
   216
   198
   253
    62
    57
    64
    97
    58
    57
    28
    55
    43
   101
   174
    76
    62
    72
     0
     2
     0
     2
     9
     0
    17
   163
   215
   184
    34
    63
    66
    11
    27
    39
    82
   207
    50
   179
   109
   118
    36
    64
     0
     1
     0
     1
    12
     5
    36
   108
   250
    18
    41
    31
    16
    37
    41
    62
    44
    53
   201
    27
   103
    25
   121
    35
     0
     2
     8
     0
     0
     4
    93
   108
   151
   186
    39
    81
   118
   206
    72
   202
    92
    45
    62
   215
    68
    88
    48
    62
     0
     0
     4
     2
     8
     2
    21
   128
   128
   168
    35
    54
    53
    28
    34
    40
    41
    30
   103
    42
   133
    43
    39
    55
     0
     0
     0
     0
     2
    13
    47
    93
   199
   112
    48
    38
    22
     9
    47
    53
    97
    32
    95
    31
   101
   215
    56
    21
     0
     3
     0
     3
     8
     0
    21
   196
   192
   163
    70
    29
    43
    98
    49
    69
   197
    44
    50
    41
    59
    50
    45
    67
     7
     0
     5
     0
     9
     1
    58
   114
   174
   260
    30
    51
    43
    30
    43
    98
    44
    73
    22
    45
    41
    94
    55
    84
     0
     0
     0
     0
     0
    12
    60
   174
   242
    98
    32
    60
    73
    19
    33
    22
    28
    59
   123
   127
    70
   108
    67
    31
     9
     0
     7
    13
     6
     0
    32
   201
   231
    32
    94
    33
    17
    51
    24
    37
    39
    23
    92
    39
   143
   112
    78
    76
     0
     6
     3
     1
     0
     0
   149
    46
   212
    61
    66
    41
    56
    53
    73
   149
   321
   304
    43
    73
   102
    49
    21
    32
     0
     0
     5
     0
     0
     8
    55
    39
    98
   188
    30
    32
    30
   102
    74
    35
    52
    23
    57
   173
    59
    75
    26
    69
     0
     0
     0
     0
     0
     0
    38
    58
   285
   155
    44
    47
   145
    75
    34
   101
    89
    32
    22
    53
    30
    38
    68
    73
     8
     0
     0
     0
     4
     0
    39
    99
    84
   144
    17
    47
    65
    49
    63
    58
    37
    97
    30
    91
    75
    60
   104
    23
     0
     0
     0
     3
     0
     0
    56
   199
   249
   222
    55
    65
    48
   150
   206
    61
    39
    90
    71
    49
    78
   100
    58
    64
     0
     0
     0
     9
     0
     2
    30
   262
   171
    45
    28
    29
    61
   174
   207
    56
    35
    34
    31
    68
    50
   155
    42
    77
     6
     0
     1
     0
     0
     2
    79
   343
   353
   226
    47
    55
    28
    69
    32
    96
    27
    50
    51
    62
   155
    27
    84
    30
     1
     0
    13
     0
     0
     0
    22
    54
    43
    40
    34
    62
    33
    80
    30
    70
    23
    57
   118
    42
    50
   128
    25
    28
     0
     5
     7
     7
    12
     4
    42
   194
    77
   207
    65
    40
    42
    28
    59
    67
    44
    44
    71
    94
    32
    81
   190
    15
     0
     2
     7
     5
     0
     7
    38
   123
    93
   110
    28
   180
    13
    51
    27
    32
    22
    82
    59
    51
   204
   108
    52
    26
    11
     0
     2
     9
     0
     3
    31
   132
   116
   207
   112
    29
    40
    91
    87
    60
    45
    14
    40
    25
   122
   219
    28
    27
     4
     6
     0
     0
     9
     0
    71
    45
   156
   101
    72
    46
    64
    65
    99
    68
   196
    40
    67
    86
   160
    82
    54
    40
     5
     0
     0
     0
     9
     0
    81
    85
   300
   119
   113
    57
    48
   202
   101
    39
    34
    95
    28
    38
   106
    54
    28
    42
    15
     0
     0
     3
    16
     0
    74
    62
   148
   339
    77
    35
   222
    26
    43
    35
    53
    21
   212
    16
   116
    83
    41
    96
     7
     0
     0
     0
     9
     2
    43
   124
   158
    85
    79
   200
   219
    52
    43
    30
    66
    39
   256
    43
   203
    49
   138
    18
     0
     5
     3
     0
     0
     5
    52
    73
    92
   114
    15
    44
    44
    45
    21
    69
    37
    23
    28
   160
   174
   107
    64
    18
     0
     6
     0
     4
     0
     8
   116
    98
   219
   165
    99
    42
    10
    92
    39
    24
   220
    47
    61
   171
   231
   118
    61
    22
     0
     0
     7
     0
     0
     0
   149
    22
    80
   161
    44
   106
    71
    27
    51
    53
    50
    46
    45
    82
    77
    84
    68
    78
     0
     0
    16
     0
     0
     0
    61
   190
   316
   159
    40
   261
   107
    38
    40
    68
    48
    93
    98
   108
    68
   169
    24
    46
     0
     0
     8
     4
     6
     0
    33
   142
   379
   193
    53
    52
    33
   209
    26
    54
    53
    40
   227
    46
   124
   452
    64
    36
     4
     6
     0
     0
     0
     2
    79
   196
   181
   142
    60
    21
    38
    53
    52
    71
    44
    17
    36
    68
   104
   139
    61
    47
     0
     0
     8
     1
     1
     5
    99
   128
   186
   103
    31
    28
    45
    43
    77
    56
    47
    57
    47
    28
   102
   238
    41
    77
     4
     0
     9
     0
     0
     3
    83
    57
   188
   206
    31
    49
    51
    76
    30
    26
    30
    39
    50
    38
    56
    83
    80
    80
     7
     2
     0
     8
     4
     1
    37
   144
   175
   126
    52
    52
   121
    15
    49
    33
   100
    46
    37
   199
    91
    76
   233
    56
     4
     0
     0
     4
     9
     0
    27
   196
   282
    89
    19
    38
    53
    53
    78
    23
    28
    56
    60
    41
   201
   277
   161
     9
     8
     2
     3
     3
     0
     0
    66
   107
   238
    72
    25
    59
    46
   115
    62
    72
    72
    52
    59
    58
    40
   272
    61
    59
     0
     0
     0
     0
     5
    10
   107
   126
   205
   337
    50
    67
   100
    60
    48
    43
    76
    49
    50
   169
    79
   322
    38
    94
    11
     8
     0
     0
     0
     0
    47
    53
   107
   252
    33
    28
    39
    71
    60
   141
    30
    31
    83
    23
   327
    74
    62
    40
    10
     0
     0
     0
     0
     0
    72
    93
   127
   117
    41
    18
   183
    35
    45
    62
     3
    57
    82
    28
   267
    70
    32
   176
     4
     7
    11
     0
     0
     6
   141
    57
   147
    43
    15
   156
    54
    62
    26
    10
    51
    43
    27
    66
   128
    32
    33
    32
     0
     0
     1
     0
     0
     0
   106
   163
   234
   179
    72
    32
    51
    55
    31
    80
    48
    44
    23
    10
    71
    78
    37
    93
     0
     1
     0
     6
     7
     2
    56
   193
   400
   120
    72
    32
    48
    27
   202
    39
   188
   102
    23
    51
   121
   222
    41
    33
     8
     0
     5
     0
     0
     9
    38
    86
   253
    40
    50
    78
    45
    84
    59
   246
    34
    36
    73
    52
   279
    28
    55
    36
     1
     8
     8
     0
     0
     1
    40
   173
   485
   215
    68
    57
    61
    43
    96
    42
    50
    47
    79
   339
    52
   270
    82
    47
     1
     1
     3
     4
     1
     9
    28
    66
   317
    72
    59
    31
    15
    69
    89
    18
    52
    53
    90
    36
    83
    50
    54
    45
     0
    16
     0
     0
     2
     0
    96
   122
   103
   108
    80
    42
    58
    64
    91
    78
    71
    28
    60
    41
    28
    78
    78
    54
     0
     0
     0
     0
     0
     4
    39
    71
   134
   141
    64
    24
    39
    58
   120
    53
    61
    95
    55
    44
   119
    87
    21
    73
     4
     0
     3
     0
     0
     0
    56
    50
   164
   213
    59
    42
    18
    27
    47
    23
   244
    48
    40
    40
   116
   241
    33
    27
     4
     2
     3
     7
    12
     0
   162
   108
   301
   256
    44
    35
    20
    55
    41
    65
    69
    65
    25
    79
   221
   108
    75
    41
     0
     0
     2
     0
     0
     0
    33
   149
   242
   126
   121
   159
    38
    18
    61
    44
    60
    68
    56
    86
   100
    75
    75
    33
     0
     9
     0
     8
     0
     8
    32
   233
   218
   158
    44
    43
    45
   151
    82
   105
    32
    78
    74
    72
   152
   145
    31
    95
     1
     1
     2
     0
     3
     3
    98
   202
   101
   110
    37
    85
   120
   175
    95
    69
    20
    60
    38
   104
   207
    37
   179
    35
     0
     0
     0
     0
     3
     6
    96
   117
   135
   131
    21
    48
   104
   103
    29
    74
    55
    42
    68
    98
   107
    91
   103
    40
     3
     5
     0
     4
     2
     5
    68
   121
   123
   108
    52
    29
    35
    31
    91
    72
    70
    36
    50
    76
    62
    37
    48
    48
     0
     0
     2
     4
     0
     0
    70
    75
   188
    86
    74
    37
    41
    42
    39
    38
    88
    64
    68
    38
    43
   103
    37
    56
     8
    13
     2
     0
     2
     2
   106
   127
   153
    37
    29
    79
    43
    29
    63
    25
    33
    87
   121
    69
   186
    93
    77
    29
     0
     0
     0
     0
     6
     0
   115
    65
   277
   180
    75
    26
   130
    61
    64
    70
    74
    96
    61
   233
    86
   200
    53
    42
     1
     3
     0
     7
     0
     4
    32
    77
   172
   145
    66
    32
   113
    44
    55
    50
    69
    77
   191
    53
   214
   161
    93
    95
     0
     2
     6
     0
     2
     0
    45
    97
    70
   113
    28
    36
   124
   155
    28
    53
    94
    30
   122
    36
   246
   105
    41
    27
     8
     1
     0
     1
     3
     5
    48
    66
   245
    53
    43
    48
    28
    61
    17
    70
    38
    82
    14
    43
   104
   184
    44
    35
     0
     6
     0
     0
     0
     0
    17
    54
   201
   118
    18
    20
    85
    96
    28
    33
    23
    66
    77
    62
   176
   147
   173
    29
     0
     0
     6
     0
     0
     0
    47
   120
   258
   144
    75
    64
    35
    62
    21
    32
    58
    53
    34
   161
   235
   117
    52
    57
     0
     2
     0
    15
     5
     0
    40
    89
   203
   213
    10
   126
    34
    66
    72
    55
   109
   186
    36
   176
    99
   167
    32
    18
     0
     0
     0
     0
    12
     3
    78
   113
   278
   247
   112
    85
    92
    53
    23
    44
    74
    59
    62
    21
   122
    82
    34
    49
     3
     0
     0
     3
     9
     2
   169
   158
   223
    83
   181
    81
    64
    37
    67
    32
    61
    57
    17
   129
   212
   103
    75
    36
     0
     3
     0
     0
     0
     0
    39
   165
   271
    74
    77
    71
    62
   182
    39
     4
    51
    21
    57
    24
   165
    85
    44
    44
     0
     0
     7
    14
     1
     0
    71
   210
   143
   119
    37
    43
   181
    19
    78
    26
    43
    28
    91
    81
   169
    70
    29
    65
     0
     0
     0
     6
     4
     3
    39
    40
    95
   147
    71
    34
    37
    61
    90
    29
    76
   179
    93
    65
   116
   164
   125
   139
     0
     0
     1
     8
     8
     5
    26
   223
   124
   214
    60
    35
    73
    62
    28
    74
    33
    34
   125
   366
   170
    91
    39
    41
     8
     0
     9
     0
     0
     0
    12
   169
   399
   109
    33
    49
    75
    58
    62
    23
    53
    22
   128
   155
    48
    83
    59
    65
     2
     4
     5
     5
     5
     0
   114
    76
   289
   298
    26
    39
    67
    86
    54
    65
    88
    61
    70
    26
    43
   153
    29
    61
     6
     0
    16
     4
     4
     0
    65
    42
   183
   218
    39
    89
    47
    70
   219
   183
    55
    95
   140
    87
    68
    72
    43
    84
    12
     0
     1
     0
     0
     0
    46
    72
   157
   161
    99
    43
    85
   108
    65
   111
    63
    46
    35
    42
   186
   114
    45
    16
     7
     0
     0
     1
     0
     6
    55
   167
   394
    58
    33
    35
    53
   180
    32
    32
    84
   166
    75
   105
    97
    41
    29
    39
    16
     0
     8
     8
     0
     6
   167
    88
   116
   290
    50
    23
    39
    52
    53
    35
   109
    57
    57
   274
   260
   168
    25
    51
     7
     5
     8
     0
     0
     0
    29
   180
   193
   103
    52
    61
    32
   169
    45
    70
   121
    45
    34
    61
    34
   250
    45
    35
     0
     8
     0
     0
     5
     4
    25
    75
   156
    71
    27
   107
    16
   217
    59
    29
    96
    73
   161
    62
   136
    41
    31
    60
     7
     8
     0
     2
     0
     1
   124
   162
   210
   242
    51
    39
    99
    15
    51
    57
    74
   113
    52
   241
   194
   127
    48
    73
     0
     4
    14
     3
     0
     0
    72
   159
   304
   100
    22
   113
    37
    70
   183
    68
    96
   101
    48
    23
   117
    50
   126
    72
     0
     0
     1
     0
     0
     0
    70
   273
    93
    98
    25
    63
    41
    39
    37
   119
    48
    54
    58
    39
   206
    98
    28
    45
     0
     0
     0
     0
     4
     2
    67
    88
   283
   132
    32
    84
    22
    44
    34
    69
    31
    20
    50
    22
    95
   155
    49
    76
     7
     1
    10
    13
    14
     8
    90
   106
   406
   218
    25
    57
    62
    71
    82
    78
    46
    25
    36
    68
    73
   261
    61
    70
     6
     0
     3
     6
     0
     0
   121
   109
   163
   101
    29
    48
    72
    47
    45
    57
    39
    34
    36
    86
    79
    64
    57
    29
     0
     0
     0
     0
     0
     0
    12
    71
   134
   164
   176
    37
    39
    92
    35
    70
    38
    80
    23
    64
   158
    13
    57
   141
     7
     4
     8
     0
    12
     5
    44
   242
   308
   183
    44
    62
    40
    50
    95
    99
    93
    65
    76
    40
    93
   130
    68
    36
     6
     0
    10
     1
     2
     0
    88
   160
   393
   139
    34
    19
    50
    48
    44
    45
    56
    41
    57
   128
    96
   122
    63
   131
     6
     0
     0
     9
     0
     0
   148
   143
   223
   144
    45
    89
    46
    34
    57
    39
    48
    41
    32
    27
   294
    74
    52
   151
     4
     0
     0
     0
     0
     0
    73
   269
   193
   168
    64
    22
    97
    36
    43
    79
    29
    53
    84
    26
   384
   117
    82
    88
     0
     0
     0
     0
     2
     2
    46
   178
   163
    62
    58
    36
    61
    83
    33
   251
    54
    48
    32
    44
    13
   113
    74
    69
     0
     0
     0
     3
     8
     7
    41
   112
    75
    50
    38
    35
    54
   167
    38
    79
    17
   128
    59
    18
    39
   136
    59
    27
     0
     0
     6
     6
     0
     4
    78
   202
   148
   100
    17
    66
    97
   156
    99
    40
    81
    44
    42
    23
    79
   102
   186
    38
     0
     0
     4
     6
     5
     0
    52
   129
   178
   178
   104
   169
    68
    63
    39
    71
    47
   105
    34
    80
    95
    89
   103
    33
     0
     7
     0
     1
    11
     2
    84
   194
   231
    17
    54
    72
    93
   121
    89
    69
    41
    86
    84
    49
   277
    67
    75
    37
     5
     0
     0
     1
     0
     0
   115
   109
   164
   121
    72
    62
    97
    62
    59
    65
    56
    56
    84
    25
   143
    55
   144
    60
     0
     0
     1
     0
     0
     8
   109
   121
   155
   172
    66
    61
    27
    31
    49
    53
    78
    56
    54
    41
   250
    99
    49
    47
     0
     0
     1
     3
     2
     9
    23
   110
   326
    82
    88
    63
    82
    34
    40
    12
    78
    43
   136
   129
   204
   115
    56
    83
     8
     0
     0
     1
     0
     0
    51
   208
   138
   147
    85
    51
    58
   346
    63
    35
   220
    34
   104
    20
    91
   182
    53
    16
     6
     0
     0
     0
     0
     0
    36
   106
    36
    88
    76
    59
   231
   178
    76
    98
    38
    46
    38
    33
    79
   102
    46
    35
     0
     0
    10
     0
     8
     0
    79
    58
   471
    81
    45
    19
    45
    44
    42
    86
    59
    41
    52
    94
    87
   141
    74
    27
     0
     8
    10
     0
     0
     0
    49
   208
   342
   298
    70
    45
    24
   199
    52
    68
    28
    31
    46
    23
   235
    41
    57
    54
     0
     0
     0
     0
     0
     1
    24
    95
   119
    58
    41
    75
    46
    26
    47
    27
    59
    41
    51
    60
   112
    69
    20
    57
     0
     9
     0
     0
    10
     7
    42
   126
   250
   209
    59
    40
    70
    93
    54
    67
    89
    19
   105
   124
   395
    69
    38
    46
     0
     7
     2
     2
     0
     4
    87
    63
   109
   126
   169
    39
    36
    89
    97
    23
    38
    12
    70
    35
   245
   136
    38
    56
     0
     0
     0
     0
     0
     0
    57
   201
   114
    79
    48
    36
    81
    28
    55
    41
    38
    40
    52
    73
   161
    45
    52
    89
     5
     0
     0
     0
     0
     3
    54
   165
    78
    96
     8
    48
   173
    76
    62
    68
    57
    48
    36
   202
   118
   124
    23
    25
     0
     2
     0
     0
     0
     7
    80
   220
   207
   181
    58
    85
    53
    56
    47
   196
    89
   110
    54
    51
   217
   170
    27
    71
     0
    17
     6
     0
     8
     4
    47
   197
   264
   113
    19
    91
    21
    67
    54
   234
    85
    43
    31
    32
   121
   157
    38
    74
     0
    13
     5
     0
     8
     0
    54
   128
   109
   124
    51
    27
   120
    71
    76
    57
    23
    32
    40
   102
    76
    69
    50
    55
     0
     0
     3
     3
     0
     0
    57
   205
   124
    66
    29
    53
    40
   200
    56
    76
    70
    48
     7
    55
    28
    51
    99
    47
     0
     0
     5
     0
     9
     0
    79
   113
   102
   109
   130
    22
   187
    31
    53
    80
    48
   116
    63
    37
   144
   105
    20
    66
     0
     0
     0
     0
     7
     0
     0
    35
   145
   243
   105
    60
    41
   119
    51
    25
    54
    59
    36
    56
    42
   114
    93
    50
    45
     0
     5
     0
     3
     5
     2
   102
   172
    62
   233
    50
    49
    57
    64
    76
    28
    51
    67
    61
    88
   242
   168
    85
    48
     0
    11
     0
     4
     4
     0
   122
    33
   188
   135
   150
   107
    36
   107
   169
    56
    97
    31
    39
   264
   169
    62
    41
    57
     1
     4
     0
     0
     6
    13
    56
   125
   295
   225
    54
    71
    27
    35
    49
   111
    91
    57
    54
   250
   149
   340
    81
    99
     0
     8
     0
     0
     4
     0
   161
   190
   139
   320
   115
    42
    97
   134
    67
    41
    39
    24
    81
    39
   222
    64
    42
    77
     8
     0
     6
     0
     0
     5
    79
   301
   236
   144
    31
    34
    13
    55
    58
    12
    43
    51
    95
    51
   115
   155
    63
    65
     0
     0
     4
     1
     2
     1
    29
   205
   324
   108
    44
   110
    80
    50
    46
    38
    42
   192
    46
   109
   114
   404
    58
    24
     4
     0
     0
     3
     1
     0
    35
   131
   140
   123
    42
    39
    54
    61
    31
    63
    27
    51
    37
    28
   256
   242
    47
    46
     6
     1
     0
     0
     0
     3
    46
   163
   161
   145
    54
    25
    52
    18
    43
    63
   197
    19
   210
   212
   236
   128
    50
    37
     0
    18
     4
     0
     2
    15
    62
    89
   133
   244
    37
    47
   100
   231
    47
   158
    99
    59
   162
   103
    82
   138
    69
   101
     0
     6
     2
     0
     0
     2
    55
   219
    94
   205
    57
    65
    68
    84
   104
    71
    97
    39
    71
    39
   153
   241
    29
   102
     7
     0
     0
     1
     1
     3
    16
   137
   265
   235
    31
    27
    41
    20
   125
    61
    18
    43
    27
    61
   149
    83
    44
    47
     0
     7
     0
     0
     0
    13
    60
   124
   235
   173
    55
    37
    53
    42
    52
    58
   219
    48
   111
    50
    35
   135
    48
    66
     0
     0
     0
    10
     6
     0
    73
   144
   239
   121
    57
    57
    33
    43
   119
    44
    30
    23
   102
    32
    55
    63
    42
    42
     0
     2
     5
     3
     0
     0
    16
    78
   212
   349
    50
    46
    60
    83
    33
    46
    41
    94
    35
   170
    70
    54
   177
    70
     0
     3
     6
     8
     0
     2
    89
   239
   209
   171
    81
    52
    90
    46
    10
    48
    74
   118
    61
    20
    85
   109
    62
    72
     8
     0
     3
    19
     0
     0
   113
    96
   285
   229
    59
    29
    88
    30
    45
    82
   108
    47
    34
    99
   183
   191
    65
    53
     0
     0
     5
     6
     0
     3
   125
   115
   160
   135
    50
    37
    22
    61
   121
    34
    44
    29
    38
   239
   197
   126
    81
    69
     0
     3
     0
     4
     0
    16
   102
   113
   119
   112
    50
    90
    42
   124
    34
    87
    21
    55
    26
    67
   165
    90
    69
    59
    10
     0
     0
     8
     0
     0
    46
   115
   230
   122
    43
    25
    38
    50
    13
    53
    26
    53
    41
    61
   184
   120
    17
    61
     0
     0
     3
     0
     1
     0
    47
   223
   213
   135
    25
    54
    27
   114
    59
    57
    33
   105
    36
    37
   279
    35
    41
    50
     3
     0
    11
     0
     2
     0
   136
   124
    89
    70
    49
    69
    43
    52
    87
   106
    64
    54
    66
   113
   245
   403
    44
    44
     0
     0
     0
     0
     1
     0
   111
    98
   131
   144
    50
    24
    31
   106
   261
   127
   104
    44
    50
   168
   159
   130
    29
   129
     0
     0
     8
     0
     0
    13
    47
   215
   441
   163
    74
    87
    57
    92
    46
    52
    79
   126
    51
   115
   124
    44
    65
   114
    11
     9
    10
     7
     3
     0
    86
    53
   263
   315
    80
    50
    77
    51
    68
   102
    73
    94
   125
    49
   109
   149
    64
   186
     0
     0
     1
     0
     0
    11
    62
   132
    76
   122
    37
    49
    65
    44
    40
    55
    35
    28
    67
    37
   104
    98
    44
    82
     6
     8
     0
     0
     8
     0
    61
   105
   262
   238
    51
    33
    37
    57
    68
    71
    44
    34
    67
    33
   121
   166
   122
    88
     2
     6
     6
     2
     0
     0
    21
   206
   212
    66
    64
    44
    53
    82
    76
    55
   309
    32
    58
   171
    35
    96
    68
    39
     0
     0
     0
     9
     0
     0
    92
   137
   212
    95
    12
    22
    42
    75
    52
    42
    64
    46
    74
   117
   123
   208
    23
    66
     0
     0
     1
    10
     0
     0
    31
    89
   239
    44
   191
    28
    63
    59
    53
    21
    28
    70
    93
    33
   391
    43
    55
    43
     1
     0
     0
    12
     3
     0
    85
   247
   267
   102
    89
    39
    46
    60
    95
   201
    62
    45
    46
    77
   384
   153
    69
    70
     0
     7
     3
     0
     0
     6
    98
   222
   304
   115
    81
    83
    60
   181
    58
   201
    51
    49
   231
    81
   250
   177
   223
   101
     0
     7
     0
     0
     0
     7
   106
   213
   104
    42
    31
    66
    61
   114
    51
    44
    29
    64
    79
    43
   230
   121
    30
    31
    10
     6
     7
     1
     0
     0
    71
    46
   171
    57
    46
    47
    90
    80
    67
   120
    71
    15
    37
    67
   231
   114
    59
    85
     0
     2
     0
     0
    10
     0
    92
   231
   243
   238
    47
    70
    33
    87
    52
    25
    88
    56
    38
   105
   428
    99
    54
    43
     0
    13
     0
     2
     0
     2
   130
   167
   147
    96
    54
   103
    29
    50
    71
   192
    60
    89
    53
   129
   119
    35
    33
    38
     0
     0
     6
     0
     6
    11
    30
   114
   269
   238
    59
   107
    72
    78
   167
    35
   123
    38
    43
    48
   126
    72
   120
    33
    10
     6
     0
     8
     0
     0
   112
    50
   290
   363
    91
    89
    62
    63
    52
    88
   109
    13
   100
    41
    78
    59
    38
   115
     9
    11
     9
     0
     2
     0
   100
    99
   292
    54
    73
    76
    61
   210
    33
    54
   119
    64
   160
    63
   268
   321
    35
    55
     0
     0
    16
     0
     0
     3
    56
   234
   206
    40
    15
   122
    54
    42
    23
    45
    50
   101
   110
   191
   135
    38
    82
    70
     0
     0
     5
     0
     0
     1
    95
   156
   227
   125
    36
   112
    67
    41
    53
    97
    31
    62
    46
    96
   139
    64
    59
    61
     2
     0
     9
     7
     2
     3
    36
   118
   225
   117
   115
   109
    53
    44
    87
    52
    18
    44
    21
   202
   104
    95
    34
    63
     0
     0
     8
     0
     5
     0
    43
   237
   119
   205
    67
    52
   150
    82
   134
    56
    48
   126
    35
    70
   228
   108
    48
    32
     0
     1
     1
     0
     3
     4
    46
   258
   320
    62
    27
    41
    33
    83
    46
    67
    73
    33
    59
    27
   104
    51
    61
    72
     0
     0
     0
     1
     0
     0
    58
   300
   229
   385
    41
   174
    33
    34
    64
    34
    55
    44
    74
    41
    72
   165
   107
    81
    10
     7
     0
    12
     5
     5
   134
    45
   268
   109
    38
    50
   259
    94
    49
   176
    82
    59
    44
   325
   155
   197
    50
    79
     0
     1
     0
    10
     0
     6
    39
   134
   365
   260
    47
    51
   181
    32
    53
    39
    93
    48
    35
    59
   112
    73
    36
    18
     1
     0
     6
     0
     3
     0
    35
    85
   159
   195
    54
    79
    37
    94
    62
    95
    58
    66
    63
    24
    78
    47
    48
    31
     5
     7
     0
     0
     0
     0
   112
   106
   272
   138
   144
    68
    40
    30
    96
    40
    58
   114
    63
    33
    66
   198
    51
    36
     0
     9
     0
     0
     0
     0
    58
   230
   250
   174
    60
    30
   118
    73
    63
    44
    52
    52
    40
    46
   150
   120
    32
    50
     0
     0
     3
     0
     0
     0
    59
   146
   308
   184
    61
    60
    85
    31
    58
    95
    48
    78
    18
    74
   241
    42
    35
    32
     2
     1
     5
     2
     4
     8
    60
   206
   231
    93
   233
    38
    78
    42
    32
    98
    70
    75
   119
   114
   132
   139
    79
    81
     4
     5
     0
     0
     0
     0
    49
   286
   268
   147
    44
    76
    56
    68
   246
   107
    51
    98
   234
    82
   223
    74
   119
    93
     0
     0
     0
     0
     0
     0
    60
   158
   286
    86
    68
    37
    86
    29
    48
    57
   117
    47
    85
    72
   168
   128
   101
    78
     4
     0
    10
     4
     8
    12
    24
   171
   245
   199
    52
    90
    40
    53
    30
    36
    52
    84
    50
   117
    77
    67
    46
    43
     2
     6
     3
     3
     0
     8
    62
   195
   375
   197
    52
    24
    53
    28
    56
    54
    64
    23
    75
    87
   188
   193
    38
   106
     5
     0
     0
     0
     0
     0
    85
    92
   192
   219
    92
    44
   126
    60
    93
    58
    40
   178
    50
   252
    77
   106
    54
    16
     6
     0
     0
     6
     0
     5
    53
   119
   284
   105
    83
    43
    82
   197
    40
   120
    52
    38
    70
    30
   112
   186
    67
    52
     7
    11
     0
     0
    11
     2
    59
   276
   303
    95
    64
    57
    38
   100
   160
    73
    88
   158
    34
    57
    54
    94
    67
    26
     0
     5
     6
     0
     0
     0
    93
   397
   149
   114
   141
    89
    76
    80
   198
   206
    67
    58
   106
    45
    37
   101
    70
    72
     0
     0
     0
     0
     2
     0
   104
   119
   185
   192
    62
    62
    43
    83
    32
    63
    67
    62
   139
    37
    90
    94
    47
     0
     0
