    36
     0
     0
     6
     0
    84
   107
   154
    87
    91
    44
    81
    59
    63
    60
    69
    16
    45
    44
    44
   128
    50
    38
    10
     6
    10
     0
     8
     1
    33
   183
   133
   221
    46
    65
    18
    36
    41
    45
    69
    36
    21
    36
    72
   149
    78
    25
     9
     0
     0
     0
     0
    16
    55
   161
   269
   234
    26
    26
    14
    27
   171
    33
    32
    14
    72
    11
    82
   208
    39
    69
     0
     2
     3
    10
     6
     0
   127
    37
   218
   113
    36
    67
    68
    32
   130
    32
    16
    74
    93
    27
   147
   122
    44
    54
     9
     0
    10
     0
     7
     0
    70
   135
    39
   104
    56
    45
    93
    15
    32
    55
   103
    66
    20
    13
    59
    26
    33
    23
     0
    15
     2
    12
     0
     0
    30
    67
   257
    88
    78
    34
    51
    70
    51
    54
   176
    37
    30
    85
   243
   214
    26
    82
     8
     0
     0
     6
     1
     0
    63
   266
   322
   274
    52
    39
    57
    82
    84
   104
    67
    49
    22
   217
   193
   119
   112
    73
     0
    16
     0
     0
     7
     0
    28
    14
   197
   139
   192
    91
    34
    32
    66
    35
    63
    67
    85
    41
    31
    25
    23
    46
     3
     0
     0
     5
     0
     0
    65
   136
   116
   164
   111
    28
    58
    48
    48
    76
    63
    25
   211
    34
    78
    79
    68
    48
     0
     0
     0
     0
     1
     6
    23
   148
   163
    70
    87
    27
    23
    93
    44
    76
    47
    66
    39
    72
   183
   128
    59
    76
     0
     0
    13
     0
     0
     4
   125
   297
   284
    80
    50
    87
    62
    17
    16
    98
    26
    11
    32
   177
   272
   116
    29
   187
     3
     4
     0
     0
     0
     9
    54
    91
   208
   148
    23
    71
   166
   240
    82
    82
    92
    56
    21
    74
   132
   217
    25
    49
     0
     0
     3
     8
     0
     8
    41
   243
   272
    96
    37
    34
    41
    87
    73
    57
    28
    59
    94
    45
   140
   110
    33
    57
     5
     0
     0
     0
     5
     0
    88
   186
   195
    88
    16
    61
    89
    85
    23
    70
   107
    83
    68
    80
   162
   153
    56
    83
     0
     0
     1
     6
     0
     3
    41
   127
   117
   111
    32
    70
    38
    41
    30
    52
    27
    70
   128
   198
   168
   246
    68
    78
     0
     1
     0
     2
     0
     0
    77
   100
   137
    15
    37
   116
    73
    30
    38
   175
    31
    39
    22
    40
    29
   144
    72
    43
     3
     9
     2
     0
     0
     0
    75
    74
   192
   169
    53
   107
    89
   123
    42
    71
    31
   148
    34
    35
   148
    65
    67
    44
     0
     0
     0
     1
     0
     0
    27
    68
   157
    93
    74
    40
    90
    50
    39
    39
    21
    44
    22
    48
   178
   336
    94
    31
    13
     0
     0
     2
    12
     0
    33
   161
   265
   140
    49
    74
    31
    63
   103
    47
   113
   200
    24
    29
   235
    22
    26
    28
     7
     0
     0
     6
     6
     0
   104
   203
   154
   175
    57
    38
    52
   102
    81
    43
    37
    54
   168
    90
   122
    62
   180
    70
     0
     0
     0
     0
     3
     0
    71
   198
   219
   241
    51
    25
    46
    23
   201
    97
   225
    69
    59
    72
   163
    92
    46
    80
     0
     0
     3
     4
     4
     0
    19
   268
   263
   179
    99
   127
    13
    47
    31
    77
    70
    44
    34
    64
    19
   126
    46
    39
     6
     8
     2
     0
     0
     0
   101
   121
   137
   303
    80
    49
    42
    32
    74
    38
    53
    24
   153
    23
   126
    21
    78
    95
     0
     2
     4
     5
     3
     0
    31
    65
    89
   271
    39
    76
    50
    41
    32
    32
    66
    50
    27
   192
    70
    83
    29
    48
     2
     0
     0
     0
     1
     5
    48
   280
   355
    86
    39
    59
    36
    56
    78
    61
    66
    37
    34
    23
    81
    35
    81
    69
     0
     0
     2
     8
     0
     0
   106
   110
   204
   122
    28
    38
   250
    89
    23
    55
    26
    10
    40
    36
   113
    74
    67
    22
     0
     0
    12
     0
     0
     2
    27
   274
   181
   221
    69
   118
    55
    74
    98
    28
    62
    64
    39
   128
   112
    51
   108
    52
     7
     0
     6
     2
     2
     0
    59
   111
   276
   239
    89
    48
    29
    28
    59
   121
    43
    28
    60
    64
   219
    53
    20
    52
     0
     9
     0
     0
     3
     5
    45
   114
   159
    84
    57
    56
    34
    30
   172
    33
    21
   103
    50
    72
    66
    81
    46
   115
     0
     7
     5
     0
     2
     7
    42
   123
   329
   109
   109
    39
    36
    35
    39
    65
    55
    78
    55
     9
   217
    94
    38
    44
     3
     0
     0
    10
     6
     0
    90
   102
   162
   153
    77
    62
    42
   163
    49
    22
    27
    94
    16
    29
    80
   216
    62
    24
     0
     0
     0
     0
     2
     0
    80
   142
   145
   196
    36
    21
    11
    31
    16
    53
   234
    38
    59
    25
   120
    41
    21
    64
     0
    10
     0
     0
     0
     4
    29
   141
   279
   188
    45
    38
    57
   223
    78
    44
    85
    42
    59
    31
    18
   344
   146
    31
     0
     0
     4
    11
     0
     4
    40
   230
   197
   209
    67
    62
   116
   234
    70
    60
    26
    35
    51
    98
    56
   190
    37
    23
     0
     0
     7
     0
     0
     1
    57
    91
   198
   116
    53
   155
    41
    34
   387
    69
   108
    96
    58
   215
   309
   213
    81
    70
    11
     0
     0
     5
     3
     0
   102
    41
   234
   116
    46
    27
    38
    36
    67
    48
    30
   100
    46
    38
    43
    24
    36
    71
     0
     9
     6
     0
     3
     3
    50
    73
   175
   150
    77
    26
    40
    35
    25
    49
    29
   115
    27
    41
    75
    71
    73
    31
     0
     0
     0
     3
     1
     2
    44
   107
   201
   124
    36
    71
    29
   111
   190
    37
    51
    53
    50
    90
    33
    72
    41
   173
     0
     0
     0
     0
     7
     1
    23
   209
   150
    91
    53
   208
    38
    22
    44
    32
    71
    44
    74
    51
   171
    70
    26
    59
     0
     0
     3
     7
     0
     0
    59
    80
   123
   117
    31
    21
    45
    70
    40
    90
    79
    39
   219
   233
    99
    95
    44
    53
     3
     1
     0
     6
     0
     0
    59
    42
   209
   207
    35
    68
    46
    21
    65
    86
    91
    30
    56
    45
    56
    37
    61
    75
     0
     0
     0
     9
     0
     6
   169
   208
   360
   180
    58
    72
    47
    83
    35
   175
    52
   110
    70
   111
   173
    62
   121
    41
     8
     0
     0
     0
     9
     0
    35
    37
   355
    81
    46
    27
    76
    52
    73
    76
    13
    36
    37
   199
    88
    82
    66
    25
     4
     8
    10
    14
     1
     5
    44
    93
   174
   197
    31
    97
    85
    38
    65
    63
    54
    68
    85
    99
    55
   126
    29
    20
     1
     4
     6
     8
     0
     0
    67
    32
   108
    26
    23
    76
    48
    62
    33
    45
    80
    18
    73
    53
   170
    59
    77
    53
     0
     2
     0
     2
     4
     0
    25
   159
   179
   137
    44
   175
    52
    46
    50
    28
    25
    68
    82
    27
   154
    88
    18
    16
     0
     0
     0
     5
     0
     0
    62
   184
   118
   114
   105
    27
    52
    22
    40
    54
    27
    57
    79
   311
    75
   115
    35
    34
     3
     5
     0
     0
    16
     0
    76
   234
   115
   205
    37
    29
    68
    29
    96
    84
    45
    44
   303
    62
   123
   146
    68
    83
     0
     0
     0
     3
     0
     0
    72
   143
   194
   296
    28
    48
    51
    37
    62
    96
   146
    77
    28
   306
   229
   142
    39
   144
     3
     2
     3
     5
    15
     0
    59
    87
   359
    37
    86
    90
    59
    46
    95
    35
    79
    42
    34
   112
    63
    31
    36
    30
     4
    12
     0
     9
     2
     0
    78
   160
   160
   202
    14
   111
   104
    28
    25
    57
    25
   207
    37
   175
    64
    66
    13
    58
     0
     0
     2
     8
     0
     2
    40
    65
   193
   139
    89
    66
    65
    78
    61
    52
    35
    30
    62
    48
    63
    85
    14
    53
     0
     0
     4
     0
    10
     0
    34
   259
   132
   109
    15
    43
    22
    24
    34
    94
    88
    45
    32
   135
    46
   225
   106
    63
    10
     4
     3
     0
     2
     5
    12
   193
   170
    85
    61
    71
   162
    36
    18
    60
    26
    44
    46
   128
   127
   220
    56
    39
     5
     0
     1
     0
     9
     0
    52
   102
    83
   193
    65
    46
    39
    58
    88
    36
    24
    31
    52
    47
   154
   249
    42
    56
     1
     1
     0
     3
     0
     1
    91
   272
   211
   163
    55
    83
    56
    23
    33
    46
    33
    46
    69
    77
   235
   225
    32
    42
     9
     7
     2
     0
     0
    14
    74
   117
    93
   165
    33
    69
    35
    41
    95
    24
   195
   224
    31
    33
   122
    42
    42
   102
     3
     8
     3
     1
     0
     2
   107
    87
   100
    92
    78
    34
   109
    76
    58
    81
   113
    33
    26
    96
   187
    65
    24
    55
     0
     5
     0
     3
     6
     0
    34
   125
   224
    56
    69
    27
    38
    28
    39
    74
   253
    40
    50
   293
    90
    77
    52
    64
     0
     0
     0
     0
     0
     0
   129
    57
   151
   126
    32
    56
    41
    97
    75
   196
    44
    37
    47
    72
   123
   109
    24
    44
     2
     3
     0
     0
     3
     4
    54
   153
   243
   147
    39
    75
    39
    31
   126
   103
   169
    44
    13
    55
   264
    24
    21
    43
     7
    11
     0
     0
     1
     3
    86
   254
   146
    77
    89
    59
   164
    48
    44
    43
    59
    60
    39
    73
   162
   116
    99
    14
     1
     0
     0
     0
     0
     0
    81
   120
   325
   161
    25
    70
    72
    31
    89
    45
    49
    42
    50
   176
    85
   129
    55
    54
     1
     1
     0
     0
     1
     0
    31
    57
   345
   160
    28
    39
    25
    64
    29
    42
    58
    32
    41
   158
    20
   144
    34
    48
     9
     0
     0
     0
     0
     0
    72
   154
   193
    79
    60
    12
    42
    49
    47
   236
   168
    41
    53
    46
    69
   252
    23
    89
     0
     0
    10
     0
     5
     0
    40
    80
   244
    92
    13
    84
    46
    38
    33
   120
    32
    43
    33
    22
    96
    57
    97
    43
     8
     0
     0
     0
     0
     0
     6
   158
   197
   244
    46
    43
   152
    80
    69
    37
    42
   163
    94
    84
    76
   144
    78
   104
     1
    10
    14
     0
     0
     0
    66
   247
   185
   151
   112
    27
   104
   108
    27
   104
    27
   167
    17
   102
   170
    47
    32
    53
     8
     0
     1
     2
    12
     0
   101
    32
    76
   260
    14
    44
    55
    34
    36
    32
    74
   194
    42
   110
    63
   146
    94
    55
     0
     0
     8
     8
     1
     7
    68
   168
   204
   145
   125
    42
    29
    19
    48
    39
    42
    59
    88
   210
    48
   262
    36
    64
     1
     8
     1
     0
     8
     0
    73
   177
   111
   229
    31
     7
    70
    49
    46
    55
    30
    17
    65
    19
    62
    84
    44
    39
     5
     2
     0
     3
     2
     0
    63
   155
   235
   305
    21
    30
    60
    23
    39
    38
    27
   121
    40
    36
   115
   130
    64
    84
     2
     0
     0
     0
     0
     0
   104
    92
   196
   131
    32
    26
    67
   185
    47
    22
    38
   181
    30
    31
    97
    41
    33
    29
     0
     0
     8
     8
     0
     0
    86
   114
   209
   142
   106
    15
    48
    29
   230
    48
    62
    37
    61
    29
    75
    95
    65
    34
     0
     0
     0
     0
     2
     1
    35
    19
   124
   240
    79
    27
    65
    71
    94
    35
    28
    61
    44
    22
    43
    49
    18
    51
     0
     2
     0
     4
    12
     0
    56
   101
   236
   196
   115
    56
    78
    46
    36
   206
    45
    46
    89
    51
    85
    53
    77
    78
     5
     0
     0
     0
     7
    11
   110
   125
   294
   131
   137
    79
    43
    49
    79
    45
    80
    88
    78
    84
   297
   156
   280
    51
    12
     0
     1
     8
     0
     0
    24
    79
   247
   134
    40
    27
    83
    41
    44
    26
    67
    45
    39
    18
    97
   100
    78
    53
     0
     0
     2
     3
     3
     0
    33
   121
   115
   118
    96
   106
    51
    73
    38
    97
   107
    35
    50
    60
   209
   124
    21
    33
     4
     0
     0
     0
     1
     0
    50
   158
   181
   174
    72
    58
    47
    38
    75
    75
    79
    56
    94
    39
   111
   114
    33
    34
     0
     7
     6
     8
     0
     0
    42
    67
   179
   235
    25
    49
    26
    87
    29
    58
    96
    31
   199
    40
    44
   231
    24
    28
     4
     0
     0
     4
    12
     5
    31
    96
   229
   129
    75
    63
    31
    61
    40
    82
    46
    17
    25
    57
    25
   119
    25
    46
     7
     0
     0
    14
    11
     0
    99
   205
   229
   199
    69
   149
   267
    27
    43
    56
    33
    50
    52
    36
    44
    86
    37
    54
     0
     2
     0
     2
     0
     2
    45
    85
    78
   159
    72
    36
    15
    71
    38
    53
    36
    60
    53
    88
   384
    65
   144
    39
     0
     1
     0
     6
     2
     0
    73
   171
   112
   137
    51
    68
   135
    37
    73
    34
    63
    26
    32
    17
    64
    32
    43
    81
     0
     6
     0
     0
     0
     5
   105
    85
   178
    98
    88
    23
    43
    32
    56
    33
    65
    29
    43
    36
    13
   284
    46
    39
     0
     4
     2
     3
     0
     0
    48
   130
   272
   156
    37
    36
    54
    45
    70
    36
    36
    14
    38
    61
   165
   403
    86
    57
     1
     0
     0
     6
     0
     0
    24
   205
   236
   195
    28
   201
    39
    97
    39
    48
    84
    62
    50
   101
   153
   267
    53
    26
    16
     0
     0
     0
     0
     0
   108
    30
   227
   133
    42
    38
    58
    72
    31
    36
    26
    33
    76
    34
   148
    70
    53
    39
     0
     1
     0
     6
     0
     0
    29
   235
   346
    60
    20
    41
    66
    92
    29
    62
    55
    19
    46
   183
   130
    49
   100
    56
     0
     0
     0
     0
     0
    39
   123
   139
   105
    42
    41
    52
    79
    49
    49
     5
    48
    48
    67
   384
   100
    91
    78
     0
     1
     3
     0
     0
     0
    39
   150
   118
    39
    47
    24
    43
    28
    72
   168
    27
    69
   176
    40
    42
    88
    48
    38
     2
     4
     1
     0
     2
     0
    24
   220
   194
    84
    99
    28
    32
    18
    19
    34
    80
    91
    21
    56
   123
    67
    38
    40
     0
     0
     6
     1
     0
     4
    39
   168
   304
    49
    48
    47
    84
    49
    34
    46
    39
   187
    19
    57
   143
    76
   153
    37
     0
     0
     3
     1
     7
     4
    58
    97
   304
    88
    46
    31
    29
    72
    48
    30
    33
    78
    47
    27
    42
   166
    29
    34
     1
     0
     0
     0
     0
     0
    85
    66
   226
    82
    57
    53
    51
    23
    88
    43
    45
    28
    50
    88
    61
   312
    20
    43
    22
     3
     8
     6
     0
     0
    92
   100
   190
   181
    93
   177
    56
    36
    66
    46
    40
    44
    59
    33
   180
   233
    56
    89
     6
     6
     5
     8
     0
     0
    49
   142
   273
   136
    79
    40
    36
    42
    44
    53
    97
    60
    99
    95
   107
    73
   104
    76
     6
     1
     0
     0
     0
     8
    26
   214
    78
    42
    21
    29
    35
    56
    26
   110
    24
   122
    46
    16
   353
    21
    24
    39
     0
     1
     0
     0
     2
     5
    92
    68
    33
   149
    46
    81
    15
    61
    72
    71
   116
    44
    27
    50
   112
    68
    47
    49
     2
    16
     2
     0
     0
     5
   119
   108
   137
   215
    37
   113
    90
    45
    29
    20
    39
    14
    37
    70
    63
   100
    47
    50
     0
     0
     3
     0
     0
     6
    45
   254
   128
   273
    38
    18
    24
    85
    68
    28
    33
    17
    16
    41
    51
   168
    34
    19
     0
     5
     8
     0
     0
     3
    59
   111
   183
   141
    62
    47
    61
    51
    45
    34
    90
    38
    74
    35
    95
    88
    27
    22
     0
     8
     0
     2
     5
    12
    59
    48
   332
   165
    34
    30
    51
    37
   100
    25
    55
    48
    50
    43
   129
   191
    23
    68
     0
     4
     7
     2
     0
     3
    36
   121
   108
   255
    85
    43
    48
    66
    51
    49
    46
    64
    38
    40
    56
   246
    72
    62
     0
     5
     4
     0
     0
     0
    47
   157
   270
   102
    53
    74
    96
    34
    25
    45
    14
   112
    46
    55
   109
    33
    56
    60
     5
     7
     0
     0
     0
     0
    15
   112
   134
    76
    91
    26
   109
    36
   119
    39
    59
    41
    28
    55
    72
    50
    38
    65
     0
     0
     0
     0
     0
     2
    80
    84
    81
   118
    35
   117
    52
    54
    35
    54
     4
    41
    40
    12
    45
   148
    28
    76
     0
     0
     8
     5
     0
     0
    39
   113
   188
   251
    22
    37
    44
    57
    83
    31
    39
    69
   158
    41
   122
    35
    39
    31
     0
     0
     5
     0
     2
     1
    24
    80
   291
   111
    27
    34
   192
    88
    36
    39
    44
    30
    30
   265
    56
   120
   187
    55
     3
     0
     0
     2
     1
     6
    54
   150
   328
   153
    35
    38
    41
   184
    60
    40
    98
    91
    38
   180
    86
   188
    38
    31
     0
     0
     0
     0
     6
     0
    66
   119
   230
   245
    90
    39
    38
   104
    70
    96
    53
    56
    79
   213
    78
   266
    15
    52
     2
     5
     5
     0
     0
     5
    66
    89
   203
   200
    76
    38
    84
    20
    29
    78
    56
    60
   228
    50
   261
    53
    36
    93
    13
     0
    11
     0
     2
     0
    28
   182
   147
   153
    42
    52
    25
    43
    29
    51
    19
    24
    47
    40
   169
    69
    61
    64
     2
     0
     0
     0
     7
     1
    77
    51
   247
   177
    35
    92
    74
    28
    34
    77
    35
    37
    51
    25
    37
   128
    26
    34
    13
     3
     7
     0
     4
     0
    50
   110
   143
    99
    35
    51
   168
    51
    47
    45
    41
    44
    71
   222
    35
   179
    38
    59
    19
     0
     0
     0
     8
     0
    60
    26
   229
   230
    91
    50
    27
    66
    25
    44
   105
    53
    13
    23
   211
    64
    73
    38
     0
     0
     0
     0
     3
     0
    80
    56
   166
    27
    79
    95
    58
    41
    70
    71
   100
    93
   115
   112
   115
    93
    22
    42
     0
     0
     0
    14
     0
     0
    43
   228
   100
   150
    91
    93
    68
    95
    14
    53
    60
   106
    42
    70
    70
    37
    53
    44
     0
     0
    10
     7
     0
     2
    52
    79
    64
   184
    99
    54
    63
    91
    42
   146
    42
    20
    33
    32
   457
    68
    17
    31
     0
     1
     0
     0
     0
    16
    20
    48
   279
    41
    69
    58
    84
    30
    27
    36
    69
    18
    73
    65
    77
    97
    38
    32
     3
     0
     0
     0
     2
     9
   103
    28
   250
   165
    45
    14
    36
    44
    49
    90
    52
    91
     8
    30
   222
   146
    44
    67
     0
     5
     6
    19
     0
     0
    47
   225
   139
   155
    43
    39
    53
   220
    40
    17
    25
    37
   156
    20
   172
    37
    65
    41
     4
     5
     6
     2
     6
     6
    35
    58
   107
   243
    43
    32
    44
    29
    45
    86
    54
    29
    69
    23
    51
    21
    40
    48
     0
     5
    12
     1
     0
     0
    94
   111
   331
   224
    72
    40
   161
    18
    22
    33
    62
    36
    46
    38
    28
    18
    72
    33
     0
     0
     0
     6
     2
     0
    41
   243
   209
   117
    55
    33
    36
    39
    48
   220
   105
    80
   133
    44
   211
    42
    57
    38
     4
    10
     4
     1
     0
     1
    25
   108
   383
     9
    71
    74
    50
    46
    27
    21
    42
    56
    31
    62
   103
    75
    31
    20
     0
     0
     0
     3
     0
     0
    36
    53
   148
   158
    45
    29
    29
    65
    51
    92
    59
    41
    64
    52
   170
    97
    17
    19
     0
     0
     0
     0
     1
     0
    88
   122
    69
   115
    29
    51
    27
    85
    38
   100
    33
    19
    36
    93
    24
    68
    93
    35
     0
     8
    10
    11
     0
     8
    17
    66
   150
    76
   174
    32
    25
    70
    76
    79
    31
    42
    96
    62
    32
   133
    77
    28
     0
     4
     0
     9
     0
     0
    75
   132
   121
   159
    86
    22
   188
    84
    94
    30
   173
    73
    81
    29
   165
    92
    58
    19
     0
     6
     0
     0
     0
     3
   141
   152
   278
   188
   192
    22
    41
    68
    39
    36
    30
    52
    74
    52
    97
   137
    66
    56
     0
     0
     6
     0
     5
     0
    41
   249
   259
   187
    29
    49
    82
    32
   163
    69
   250
    49
    59
   201
    58
   126
    72
    88
     0
     1
     0
     4
     1
     2
    25
    56
   213
   199
    84
    78
    30
    22
    76
    63
    31
    27
    49
   144
    38
    93
    38
    38
     0
     1
     3
     0
     0
     4
   103
   108
   357
   144
    35
    14
    88
    62
    25
    59
    33
    46
    36
    71
    33
   293
    35
    19
     7
     0
     0
     0
     8
     6
    30
   222
   208
   153
    40
    71
    28
    26
   242
    12
    17
    66
    37
   182
   105
   196
    33
    38
     5
     0
     5
     0
     2
     0
    67
   148
   267
    47
    23
    44
    42
    39
    31
    31
   140
   239
    30
    45
    78
    64
    21
    50
     9
     3
     3
     5
     8
     0
    68
   194
   180
   114
    94
    57
    98
    25
    34
    69
    40
    34
    21
    46
   200
   186
    25
    46
     2
    11
     0
     0
     3
     0
    34
   196
   243
   113
    49
    58
   114
    30
    19
    42
    45
   115
    54
    58
   381
   172
    79
    30
     5
     4
     0
     3
     3
     9
    57
   209
   206
   121
    33
    88
   106
    16
    40
    22
    52
    78
    65
   190
   106
    74
    25
    46
     0
     0
     0
     5
     4
     0
    32
   195
   224
    38
    28
    53
    66
    40
    51
    84
    23
    82
    72
   224
    28
   204
    55
    60
     1
     2
     0
    11
     7
     5
    29
   129
    72
    43
    33
    39
    23
    34
    21
    59
    39
    37
    83
    23
   207
   152
    27
    50
     4
     3
     2
     0
    10
     0
    40
    35
    60
   213
    28
    41
     4
    31
    11
    85
    20
     2
    32
   197
    67
    70
    32
    65
     1
     0
     0
     3
     0
     0
    58
    60
   123
   165
    42
    49
    15
    30
    49
    28
   106
    50
    36
    49
    76
   111
    17
    29
     0
     0
     1
     0
     0
     0
    71
   104
   166
    64
    78
    74
    13
    13
    74
    29
    24
    41
    74
    40
    53
    92
    26
    50
     0
     3
     4
     5
     0
     0
    42
   130
   204
    69
    69
    57
    47
    27
    70
    57
    91
   126
    82
   139
    73
    33
   210
    53
     8
     7
     2
     0
     0
     5
    62
   236
   108
    33
    54
   100
    83
    54
    62
    59
    86
    16
   112
    32
    21
    79
    38
    45
     0
     2
     0
     0
     7
     6
    49
   129
   130
    67
    65
    82
    32
   100
    36
    39
   101
    38
    22
    49
   124
    56
    13
    29
     0
     6
     0
     0
     4
    10
   106
   233
   246
   228
    45
    27
    91
    25
    30
    50
    27
    46
    33
   106
    39
    63
    82
    18
     7
     0
     6
     0
     1
     0
    19
   193
   258
    64
    66
    41
    30
    96
    20
    18
    23
    14
    22
    23
    57
    72
    39
    22
     0
     0
     0
     0
     0
     0
    26
    72
   134
    91
    65
    43
    39
    49
    54
    37
     3
    41
    29
    37
    73
    93
    38
    26
     0
     0
     0
     3
     0
     3
    51
    45
   318
    40
    14
    73
    73
     9
    95
    18
    79
    42
   166
    38
   140
    19
    47
    25
     0
     1
     1
    12
     0
     0
    47
    34
    94
   166
    73
    76
    48
    84
    22
    53
   135
   227
    57
   104
    62
   244
    44
    76
     2
     5
     0
     0
     1
     2
    82
   133
   112
   158
    35
    35
    45
   280
    38
    44
    65
    31
    17
   170
   201
   321
    87
    37
     0
     0
     0
     5
     0
     7
    32
   118
   364
    32
    51
    34
    81
    14
    30
    54
    62
    64
    31
    63
    44
    44
    28
     8
     0
     0
     0
     0
     2
     3
   108
   143
   310
   175
   189
    72
    56
    43
    43
    42
    62
   115
    56
   348
    22
    77
    57
    53
     0
     0
     0
     2
     0
     0
    40
   120
   152
   196
    46
    39
    78
   176
    24
    51
    25
    81
    43
    31
    19
   102
    16
    82
     0
     7
     0
     8
     5
     0
    52
   101
    74
    96
    57
    37
    56
    40
    22
    24
    78
    55
    60
    21
   123
    78
    15
    77
     0
     4
     0
     0
     4
     2
    40
   102
   184
   140
    59
    20
    34
    31
    30
   159
    35
    78
    28
    34
   130
    77
    33
    84
     0
    11
     0
     6
    12
     2
    37
    66
   288
   168
    32
   186
    77
    53
   169
    37
    89
    25
    41
    93
    73
    34
    52
    33
     0
     3
     0
     2
     0
     0
    46
   127
    95
    63
    30
    63
    92
   107
    17
    91
    46
    29
    42
   229
    89
    65
    62
    91
     0
     7
     0
     0
    18
     4
    11
    19
   242
    51
    24
    36
    40
    60
    28
    60
    91
    13
    36
    32
    23
    35
    55
    26
    13
     0
     7
     0
     0
     0
    83
   157
   185
   223
    34
    38
    70
    59
    49
    28
   217
   104
    27
    78
   159
    45
    61
    27
     0
     0
     0
     0
     0
     0
   140
   290
   285
   128
    16
    82
    42
    55
    37
    82
    25
    40
    84
   175
   119
    19
    70
    28
     0
     0
     0
     0
     0
     0
    85
   156
   116
    33
    28
    13
    67
    27
    74
    32
    37
    72
    35
    14
    75
    73
    42
    52
     0
     1
     0
     0
     0
     0
    81
   245
   152
    42
    61
    66
    51
    53
    48
    84
    12
    43
    39
   174
    77
   110
    34
   103
     0
     0
     0
     7
     0
     6
    68
   158
   203
   204
    95
    71
    45
    35
    80
   117
    48
    35
    31
    80
   135
   108
    75
    20
    18
     7
     0
     0
     4
     0
    54
   119
   196
   157
    26
    43
    46
    40
    26
    48
    60
    34
    67
    35
    33
    38
    59
    23
     0
     0
     0
     0
     0
     0
    32
    28
   157
   114
    16
    67
    25
    55
    40
    31
    41
    40
   132
    59
   120
    72
    20
    62
     4
     1
     2
    14
     5
     2
    77
   151
   190
   106
    50
   102
    26
   112
    33
   179
    34
    58
    51
   125
    32
   170
    46
    90
     7
     0
     0
     6
     0
     0
    19
   118
   112
    27
    41
    96
    71
    91
    46
    37
    27
    85
    53
    33
    60
    37
    15
    92
     9
    12
     0
     1
     4
     0
    40
   114
   274
   118
    93
    32
    25
   174
    47
    25
    55
    53
    17
    47
    62
   235
    24
    31
     0
     0
     0
     0
     5
     1
    33
    62
   267
    76
    27
    36
    55
    35
    62
    34
    28
    31
    27
    57
    24
    66
    30
    34
     4
     0
     0
     8
     0
     8
    42
   123
   276
    97
    32
    47
    47
    12
    81
    54
    33
   185
    87
    87
    62
   264
    98
    34
     5
     0
     6
     7
     2
     0
    76
   106
   240
   239
    81
    41
    23
    39
    35
    36
    44
    56
    34
   201
    71
   206
    39
    36
     0
     7
     0
     0
     0
     0
   106
    56
   100
   142
    24
    24
    57
    15
    50
    46
    36
    73
    38
    54
    61
    26
    69
    61
     1
     0
     0
     0
     0
     4
    30
    57
    86
   137
    51
    44
    48
    77
    23
    66
    34
    24
    39
    25
   114
   146
   119
    28
     0
     8
     6
     8
     0
     0
    57
    67
   166
    67
    69
    40
    59
    24
    86
    20
    24
    20
    51
    81
   105
   114
     7
    13
     1
     0
     1
     0
     0
     4
    39
   143
   254
   244
    23
    95
    46
    61
    34
    95
    42
    53
    47
    33
    76
    87
    39
    35
    11
     0
     5
     0
     0
     7
    21
    67
   220
   162
    34
    94
    67
    86
    63
     8
    40
    60
    26
   317
   248
    26
    54
    25
     0
     0
     0
     0
     0
     0
    29
   212
   207
   322
    57
    38
    32
    28
    49
    38
    66
    23
   216
   226
    71
    54
    28
   114
     2
     5
     0
    11
     1
     0
    50
    45
   196
    86
    60
    31
    23
   210
    63
    32
    47
    75
    43
    52
   101
    72
    37
    48
     0
     0
     0
     4
     1
     0
    19
    63
   193
    94
    51
    31
    48
    54
    30
    74
    30
    11
    30
    54
   146
   239
    25
    28
     0
     0
     2
     0
    18
     0
    92
   145
   201
   131
    22
    44
    59
    17
    61
    14
    41
    55
    31
    62
   105
    32
    25
    57
    11
     0
     4
     0
     0
     0
    27
    62
    25
   160
    24
    10
    13
    47
    59
    59
    29
    15
    58
    31
    24
   169
    69
    29
     0
     0
     0
     0
     3
     0
    22
    43
   114
    47
    22
    54
    26
    19
    23
    12
    29
   169
    28
    38
   127
   109
    36
    44
     0
     0
     5
     0
     0
     0
    78
    85
   110
    69
    16
    74
    29
    39
    55
    63
    23
    41
    39
    26
    80
   139
    38
    30
     0
     0
     6
     9
     0
     0
    88
   102
   314
   222
    30
    43
    42
    55
    40
    39
    47
    45
    63
    26
    20
    46
    72
    32
     0
     0
     7
     7
     0
     0
    66
   297
   250
    58
    14
    50
    90
    47
    62
    26
    34
    29
    42
    37
    42
    36
    42
    48
     0
     0
     0
     0
     4
     0
    19
   135
   258
   218
    70
    41
    29
    32
   157
    61
     9
    26
    19
   201
   248
    71
    42
    34
     4
     2
     0
     0
     0
     0
    71
   211
   154
   174
    30
    25
    41
    99
    48
    56
    64
    86
    30
    42
   115
   227
    79
    53
     6
     0
     0
     0
     1
     4
    56
    73
   198
   105
    40
    22
    18
    14
    55
    36
    63
    34
    33
    30
    74
    75
    24
    29
     7
     0
     0
    11
     0
     5
    45
    38
   267
     8
    48
    23
    27
    17
    32
    80
    37
    18
    38
    33
    66
    37
    58
    54
    10
     6
     0
     0
     0
     0
    31
    72
   292
   102
    61
   176
    41
   107
    37
    53
    31
    25
    53
    91
   149
   263
    23
    23
     0
     3
     0
     3
     0
     0
    30
    87
   162
    36
    43
    48
    38
    25
    33
    45
    40
    25
    34
    58
    95
   179
    43
    42
    11
     8
     2
     0
    19
     9
    81
   144
   101
    86
    52
    39
    38
    53
    45
    87
    36
    78
    22
    38
   141
   261
    48
    47
     4
     0
     4
     0
    14
     0
    85
    30
   185
   106
    50
    12
    42
   192
    42
    20
    49
   130
    34
    14
   175
   138
    80
    33
     1
     0
     0
     8
     4
     0
    16
   172
   156
   200
    36
    40
    78
    23
    17
    69
    77
    22
    67
    31
   168
   206
    32
    29
     0
     2
     0
     1
     0
     0
    20
   181
    30
   239
    13
    88
    10
    39
    16
    39
    40
    41
    35
    28
    23
   209
    37
    60
     0
     6
     0
     0
     0
     2
    39
    67
   104
    62
    45
   131
    74
    27
    39
   113
    43
    28
    20
    31
   144
    14
    60
    21
    15
     0
     1
     0
     0
    14
    25
    93
   183
    88
    11
    20
    53
    24
    28
    36
    58
    36
    77
    37
    17
    58
    25
    42
     0
     6
    13
     0
     0
    10
    38
   282
   111
   179
    11
    35
    29
    69
    32
    33
    41
    45
    55
    32
   179
    75
    23
    33
    10
     0
     0
     7
     0
     0
    23
   247
   144
    78
    29
    88
    22
    35
    10
    22
    65
    48
    34
    24
    36
    75
    17
    73
     0
     0
     8
     0
     0
     0
    61
    74
   183
   167
    33
    64
     9
    37
   188
   176
   108
    22
    38
    28
   217
    65
    33
    29
     0
     0
     1
     0
     9
     0
    25
    98
   165
    90
    74
    31
     7
    51
    68
    44
    46
   223
   196
    29
    69
     7
    59
    36
     5
     9
     3
     0
     2
     0
    57
    68
   273
    79
    40
    67
    26
    64
    31
    73
    24
     6
    31
    31
   112
    15
    15
    67
     4
     3
     0
     4
     0
     2
    83
    70
   133
   119
    29
    34
    38
    49
    13
    39
    53
    30
    76
   182
   112
   206
    68
    13
     8
     0
     3
     4
     1
     6
    39
   120
   131
    93
    24
    29
   198
    43
    22
   107
    56
    35
    26
    67
   192
    53
    41
    23
     0
     3
     0
     5
     0
     2
   139
   163
   207
   135
    51
    44
    38
    40
   100
    19
   168
    54
    30
    93
   315
    67
    54
    41
     7
     3
     1
     1
     9
     5
    19
   105
   242
   166
    39
    87
    25
    60
    91
    70
    46
    82
   112
    28
    64
    35
    42
    65
     0
     0
     0
     1
     7
     6
    14
   157
   263
   152
    40
    25
    57
    44
    22
    35
    41
    47
    62
    71
   112
    57
   109
     4
     0
     0
     0
     0
     6
    10
    22
   141
   284
   127
    35
    40
    43
    21
    57
    38
    22
    55
    84
    74
   107
    50
    40
    19
     0
     0
     6
     3
     2
     0
    20
   154
    76
   126
    30
    72
    39
    50
   204
    47
    34
    20
    35
    41
    29
    67
    40
    30
     0
     0
     0
     0
     0
     0
    75
   113
   119
     7
   167
    85
    37
    14
    47
    23
    59
    49
    30
    75
   159
    99
    82
    52
     0
     0
     0
     0
     0
    11
    37
    48
    70
   224
    11
    27
    77
    48
    49
    24
    13
    28
    64
    11
   146
   113
    83
    36
     0
     0
     0
     1
     0
     0
   110
    48
   400
    61
    24
    37
    61
   156
    55
    32
    52
    71
    46
    17
    59
   150
    70
    21
     0
     0
     0
     0
     0
     0
    99
   170
   197
   160
    42
    24
   197
    79
    96
    57
    43
    75
    45
    42
   323
    86
    57
    39
     4
     4
     0
     7
     0
     0
    34
    56
   207
   103
    42
    27
    47
   203
    18
    35
    38
    19
    10
    36
   115
    62
    32
    19
     0
     1
     0
     0
     0
     0
    85
    61
   115
   149
    28
    16
    88
    18
    37
    16
    17
    56
    37
    13
   149
    46
    64
    35
     3
     0
     0
     0
     0
     6
    24
    58
    91
    47
    30
    28
    47
    42
    35
    43
    55
    45
    46
    45
   238
    61
    46
    53
     0
     0
     0
     0
     7
     0
    74
    81
   102
   125
    24
    41
    45
    29
   111
    14
    84
    20
    29
   213
   187
   194
    50
    66
     0
     0
     0
     0
     0
     4
    69
    29
    64
   195
    20
    31
    19
    30
    17
    12
   209
    72
     8
    62
    24
    57
    26
    24
     0
     0
     0
     0
     1
     0
    31
   151
   147
   196
    35
    67
    43
    38
    77
    90
    15
    80
    21
    67
    36
   107
    38
    74
    16
    10
     0
     0
     0
     0
    31
    63
   230
   175
    34
    82
    63
    34
    25
    44
   118
    51
    34
    97
    61
    76
    50
    52
     5
     0
     0
     6
     0
     0
    65
   142
   244
    66
    27
    39
    56
    29
    42
   219
    21
    57
    37
    85
    55
   106
    19
    86
     1
     4
     5
     0
     6
     4
    48
   160
   220
   133
    20
    56
    30
    46
   116
   200
    45
    16
    73
    43
    57
    83
    20
    19
     0
     0
     0
     4
     8
     0
    56
    33
   160
   119
    28
    69
   124
    33
    23
    33
    32
    23
    38
    57
    66
    88
    39
    13
     9
     0
     0
     0
     0
    16
    63
   285
   275
    59
    55
    32
    30
    21
    62
    97
    39
    36
    49
    80
   250
    19
    47
    37
     4
     2
     0
     8
     5
     0
    25
   145
   190
    42
    50
    33
    35
    26
    17
    43
    41
    88
    29
    20
    82
    33
    52
   196
     3
     0
     3
     0
     0
     3
    42
    83
    82
   212
    30
    31
    16
    87
   106
   220
    44
    59
    69
   211
   132
   121
    32
    34
     2
     0
     5
     9
     0
     0
    43
   112
   216
    63
    24
    32
    36
    30
    39
    31
    31
    46
    74
   163
    95
    79
    55
    38
     0
     0
    15
     3
     0
     6
    97
    84
    35
   103
    65
    20
    44
    35
   162
    46
    58
    28
    49
   170
   153
    33
    38
    89
     0
     0
     0
     8
     0
     0
    41
   118
   320
    67
    22
   118
    54
    39
    43
    28
   215
    37
    35
    11
    97
   101
    22
    25
     5
     0
     2
     0
     4
     7
    65
   125
   164
    39
    24
     6
    14
    44
   168
    77
    18
    36
    62
    27
    50
    56
    27
    69
     4
     6
     0
     5
     0
     5
    22
    98
   149
    79
    33
   112
    39
    12
    65
    36
    47
    57
    29
    97
    60
   105
    23
    50
     5
     0
     0
     0
     7
     0
   103
    84
   275
   269
    49
    34
    29
   227
    16
    43
    20
    48
    33
    59
    81
    98
    35
    73
     5
    12
     0
     0
     0
     0
    31
   135
   253
    77
    72
    48
    46
    62
    24
    73
    75
    40
    19
    67
   268
   111
    27
    32
     0
     8
     1
     0
     4
     0
    88
   147
   107
   141
    26
    38
    31
    80
    56
    51
    28
    26
    25
   134
    63
   263
    44
    24
     8
     0
     0
     0
     3
     0
    61
   149
   119
    35
    24
    45
    65
    36
    16
    65
    50
    14
    42
    49
   148
    50
    41
    26
     0
     3
     0
     0
     0
     0
    81
    51
   140
    88
    21
    22
    41
    76
    19
    54
    38
    67
    37
    38
    42
   160
    63
    34
     0
     7
     0
    14
     0
     0
    69
    97
    99
    98
    35
    54
    34
    58
    61
    40
    88
   162
    43
    39
    16
   107
    43
    49
     0
     0
     1
     0
     0
     0
    20
    59
   114
   101
    25
    36
     9
    67
    49
    34
    38
    44
    30
   151
   159
   111
    31
    35
     0
     5
     0
     0
     0
     6
    39
   154
    38
    64
    48
    54
    14
    75
   169
    43
    72
    16
    24
    47
   135
    61
    61
    29
     2
     3
     3
     0
     8
     0
    41
    71
   329
   119
    38
    73
    25
    53
    67
    37
    37
    43
    58
    50
   142
    73
    31
    65
     5
     0
     7
     0
     0
     0
    52
    94
   224
   118
    42
    42
    40
   109
    68
    34
    45
    76
    31
    77
   106
    64
    35
    85
     0
     3
     0
     4
     6
     0
    38
   233
   248
   188
    16
    44
    25
    24
    46
    23
    41
    35
    34
   174
   394
   205
    47
    46
     9
     0
     0
     4
    10
     0
    35
   274
   181
   143
    68
    49
    28
    10
    24
   177
    70
    37
    15
    17
    75
    46
    30
    11
     0
     0
     1
     4
     0
     0
    35
    33
   125
   138
    20
    49
    49
    16
    33
    42
    39
    31
    18
   169
    71
    49
    25
    63
     1
     3
     0
     2
     0
    11
    54
   169
   217
   256
    16
    17
    23
    26
   136
    49
    13
     6
    36
    37
    21
   152
    65
    30
     0
     0
     1
     4
     6
     1
   125
   112
    67
    71
    27
    66
    42
    21
    62
    20
    30
    38
    61
    42
   116
   181
    34
     9
     4
     8
     0
     0
     0
     1
    19
   190
   263
    76
    32
    45
    52
    54
    58
    48
    71
    67
    21
    80
    28
   160
    24
    73
     4
     0
     0
     1
     6
     0
    77
   138
   276
   245
    89
    24
    50
    62
    51
    53
    30
    40
    84
   195
   167
   118
    56
    45
     8
     6
     2
     0
     0
     5
    73
   183
    60
   129
    16
    57
    17
    24
    28
    58
   105
    30
    16
    69
    95
   128
    86
    32
     6
     0
     4
     0
     8
     0
    20
    29
   122
   195
    53
    19
     8
    40
    95
    21
    31
    40
    55
    25
   219
    29
    34
    28
     0
     0
     6
     4
     1
     0
   106
   226
   198
    51
    37
    70
    22
    30
    92
    67
    32
    23
    36
   186
    73
    49
    58
    13
     0
     0
     5
     0
     2
     5
    87
    79
   148
   111
    30
    27
    29
    26
    33
    82
    39
    31
    68
    29
   109
   130
    42
    43
     0
     0
     0
     0
     0
     0
    67
    73
   336
   120
    60
    58
    37
    60
    22
    35
    31
    80
    32
    40
    75
    96
    42
    62
     0
     0
     8
     7
     1
     8
    41
   120
   200
    39
   154
    81
    51
    86
   160
    33
    60
    12
    32
    29
    67
   297
    44
    37
     0
     0
     8
     0
     0
    13
   103
   112
    80
   105
   125
    60
    21
    30
    53
    18
   100
    38
    61
    54
    75
    41
    37
    29
    16
     6
     0
     2
     0
     0
    30
   109
   224
    67
    16
    30
    25
    55
    82
    21
    23
    54
    25
    36
    94
    57
    85
    29
     0
     0
     7
     6
     0
     0
    38
   177
    17
   153
    36
    63
    49
    22
    42
    19
    46
    72
    33
    37
    95
    56
    74
    64
     1
    11
     0
     2
     5
     0
    20
    60
   279
    85
   137
    14
    13
    42
    50
    35
    28
    51
    36
    37
   194
    31
    31
    23
     2
     0
     1
     8
     3
     0
    69
    14
   186
   155
    30
    70
    36
    72
    41
    21
    19
    19
    12
    42
   199
   260
    63
    81
     0
     0
     0
    10
     0
     0
    80
    57
   336
    66
    97
    23
    27
    27
    33
    39
    70
    48
     7
    65
     9
    32
    74
    27
     0
     6
     0
     1
     0
     0
    79
   113
   353
   151
    41
    79
    33
    92
    30
   148
    21
    26
    83
    94
    36
   156
    43
   117
     0
     1
     2
     5
     5
     0
    63
    79
   325
    91
    44
    59
    50
    43
    45
    14
    36
    35
    48
    75
    70
   106
   127
    31
     0
     0
     0
     0
     0
     0
    37
   127
   144
    74
    35
    72
    67
    57
    35
    36
    28
   185
   164
    82
   216
    23
    23
    35
     0
     0
     0
     2
     0
     0
    30
   146
   151
    77
    45
    10
    27
    75
    45
    20
    34
    31
    57
   316
    57
   116
    15
    21
     0
     0
     0
    11
     0
     0
    25
    21
    92
   104
    54
    31
    29
    69
    15
    27
    45
    18
    31
    86
   211
   241
    28
    77
     0
     0
     0
     0
     0
     0
    43
   165
   203
    67
    62
    13
    73
    94
   176
    15
    44
    41
    40
    15
   137
    94
    37
    25
     2
     4
     0
     0
     0
     0
     1
     7
   132
   119
    36
    51
    95
    20
    55
    30
    81
    22
    41
    37
    69
    68
    80
   171
     1
    15
     0
     3
     0
     0
    69
    14
   231
   168
    65
    17
    41
    35
    72
    31
    49
    47
    16
    81
   115
    44
    36
    45
     0
     0
     0
     4
     4
     0
    34
   161
    81
   148
    99
    36
    38
    93
    93
    22
    46
    40
    63
    67
   201
   188
    74
    54
     0
     1
     0
     0
    12
     0
    15
   149
   123
    24
   171
   155
    35
    71
    50
    43
    63
    39
    35
    25
   164
    86
    20
    41
     0
     0
     6
     0
     0
     0
    73
    93
   202
    77
    40
    47
    76
    64
    31
    53
    19
    22
   174
    27
    29
    88
    41
    33
     0
     4
     3
     0
     0
     0
    37
    26
   159
   190
    72
    97
    63
    29
    34
    83
    36
    34
    42
    42
    63
    49
    32
    21
     1
     0
     0
     0
     0
     8
    60
    97
   164
    34
    30
    55
    50
    30
    20
    17
    37
    21
    89
    95
   217
   160
    41
    38
     0
     0
     0
     4
     0
     0
    56
   151
   158
    92
    23
    28
   227
    26
    55
    51
    15
    36
    24
    49
    51
    42
    28
    49
     0
     0
     1
     0
     0
     7
    36
   121
   239
   210
    53
    52
    28
    30
    44
    48
    56
   114
    34
    71
    83
    74
    25
    62
     0
    10
     0
     0
     0
     0
    78
   190
   168
   103
    60
    41
    39
   185
    48
   122
    27
    36
    35
    41
   158
   156
    62
   205
     3
     2
     0
     8
     0
     2
    17
    99
   269
    56
    54
    44
   113
    62
    14
    42
    23
    40
    32
    54
    52
    67
    18
    47
     0
     0
     0
     0
     0
     0
    70
    44
   172
   103
    64
   203
   173
    33
    29
    45
    21
    84
    25
    85
    92
    19
    29
    67
     8
     2
     4
     0
     0
     0
    26
   145
   273
    42
    35
    39
   102
    33
    43
    20
    43
    34
    31
    47
    13
   293
    55
    46
     0
     0
     5
     2
     0
     0
    42
   104
   195
    30
    34
    37
   112
    44
    51
    35
    68
    25
    19
    72
    53
   118
    47
    29
     0
     5
     0
     0
     0
     0
    33
   145
   230
    28
    75
    55
    31
    50
    45
    65
    31
    37
    23
    99
    60
    79
    41
    24
    12
     0
     0
     7
     0
     0
     9
   145
   201
   115
    37
    57
    58
    18
    27
   184
    35
    25
    51
   176
   165
   127
    70
    46
     0
     9
     0
     8
     0
     1
   101
   150
   200
   174
    33
    53
    49
    26
    22
    60
    31
   171
    31
    62
   167
   102
    52
    21
     1
     3
     4
     0
    12
     6
    71
    72
    29
   163
    84
    34
    70
    33
    33
    77
    21
    31
    45
    35
    43
    67
    79
    68
     0
     4
     0
     3
     0
     0
    18
   107
   136
    77
    52
    66
    20
    22
    29
    97
    63
    34
    26
    39
    76
    69
    33
    31
     0
     1
     0
     1
     6
     4
    23
   242
   248
   201
     3
    25
    44
    47
    40
   179
   129
    19
   188
    18
   268
    92
    82
    48
     0
     1
     0
     9
     1
     0
    72
    36
   182
    88
    28
   130
    24
    17
    60
    97
    70
    29
    21
    87
    49
   227
    49
    49
     0
     0
     2
     2
     0
     0
   101
   119
   196
   146
    36
    38
   113
    39
    38
    35
    33
    23
   118
    29
   182
    57
    82
    67
     4
     0
     0
     1
     4
     4
    81
   152
   235
   176
    41
    80
    33
    42
    31
    40
    14
    74
    37
    42
   301
   213
   175
    62
     0
     6
     0
     0
     0
     0
    12
   132
   235
    79
    38
    54
    57
    43
   224
    35
    80
    33
   177
    44
   113
    79
    45
    31
     3
     0
     7
     1
     2
     0
    56
   206
   154
    80
    44
    80
    28
    26
    38
    16
    33
    33
    48
    21
   102
   167
    96
    42
     1
     0
     0
     0
    10
     5
    26
    68
    99
    29
   103
    43
    23
    39
    50
    34
    33
    30
   112
    10
   104
    44
    18
    18
     0
     9
     7
     0
     9
     3
    31
    92
   230
   169
    40
    21
    15
    33
    35
    75
    24
    97
    44
    34
    87
    86
     8
    50
     0
     5
     0
     5
     0
     1
   119
    64
    88
   108
    22
    48
    40
    34
    43
    64
   213
    26
    65
    51
    37
   130
    30
    65
     5
     0
     3
     6
     0
     6
    57
   201
    90
   217
    32
    32
    35
    18
    76
    31
    30
    47
    95
    51
   216
   138
    44
    59
     7
     0
     0
     0
     0
     2
    20
    81
   117
    64
    53
    44
   309
    69
   206
    60
    22
    47
    59
    27
   127
    68
   120
    36
     1
     0
     6
     0
     0
     2
    69
   110
   292
    59
    41
    47
    12
   118
   186
    65
    38
    44
    94
   124
   309
   319
    33
    52
     0
     1
     7
     0
     6
     0
   105
    49
    57
     9
    76
    48
    30
    41
    44
    31
    39
    18
    54
    63
   116
    62
    41
    40
     0
     2
     1
     4
     0
     6
    19
    82
   197
   119
    37
    19
     0
    43
   114
    25
    32
    49
    60
    27
   166
    58
    68
    35
     0
     0
     0
    15
     0
     0
    23
    69
   231
   112
    65
    44
    68
   224
    22
    53
    26
    55
    19
    36
    57
    93
    27
    59
     0
     0
     7
     0
     5
     8
     1
    28
    82
   146
    95
    58
    48
    26
    42
    79
    36
    53
    11
    26
    14
   259
    72
    58
    60
     0
     0
     0
     0
     0
     0
    40
   178
   168
    18
    35
   178
    34
    85
    42
    22
    80
    67
    70
    31
    47
    28
    17
    73
     0
     0
     3
     0
     0
     0
    73
   236
   256
    43
    36
    51
   111
    23
    67
   162
    11
    40
    59
    20
    98
    42
    60
    38
    11
     1
     3
     0
     3
    12
    41
   105
   234
   109
    46
    38
    77
    21
    37
    55
   110
    35
    24
    72
   125
   105
    34
   177
     1
    11
     0
     8
     0
     0
    46
   124
   265
   156
    46
   182
   154
    36
    78
    67
    66
    32
    33
    39
    53
   175
    22
    29
     1
     4
     1
     8
     6
     0
    60
    63
   243
   220
    64
    82
    37
    34
    44
    49
    18
    86
    27
    24
    99
   109
    34
    27
     2
     3
     0
     0
     0
     0
    70
   155
   165
   164
    73
    47
    39
   150
    54
    93
    22
    21
    34
    37
    47
   146
    29
    35
     0
    13
     3
     1
     6
     0
    69
   152
   116
   146
    25
    23
    26
     8
   164
    38
    49
    52
    11
    48
    54
   119
    19
    19
     5
     3
     5
     0
     0
     8
    31
   198
   296
   189
    39
    17
   194
   152
    30
    45
    28
    52
    38
    38
    73
    89
    29
    77
    22
     2
     3
     0
     7
     0
   141
   141
   207
   119
    52
    32
    64
    49
    33
    57
    35
    74
    70
    38
   171
    63
    45
    35
     0
     5
     0
     0
     3
     0
    40
    95
   158
   253
    24
    63
    55
    58
    39
    37
    43
    29
    12
    23
    80
    59
    90
   100
     0
     2
     0
     0
     0
     2
    75
    78
   145
   201
    34
    22
    40
    70
    19
    79
    69
    60
    89
    99
   259
   210
    63
    30
     0
     2
     9
     0
     3
     4
     4
   166
    68
   142
    20
    43
    71
    45
    58
    30
   214
    73
    33
    52
    99
    80
    64
    73
     0
     0
     0
     0
     1
     1
    77
   230
   123
    37
    30
    37
    49
    25
    41
    85
    34
    41
    89
    30
    63
   221
    34
    24
     0
     0
     0
     4
     0
     0
    36
    65
   191
    56
    52
    66
    76
    39
    42
   117
    33
    38
    36
    95
    63
    35
    71
    69
     6
     0
     0
     0
     0
     0
    46
   101
   241
   100
    18
   127
    60
    41
   124
    81
    37
    57
    60
    46
   112
    37
    81
    49
     0
     0
     1
     1
     0
     0
    77
   134
   221
   138
    52
    76
    58
    43
   111
    54
    77
    86
    56
    71
    31
    32
     7
    74
    11
    10
     0
     0
     0
     3
   182
    93
   136
    82
   147
   183
    61
    39
    75
   157
    43
    28
    32
    79
   115
    76
    55
    46
     0
     0
     0
     0
     4
     6
    47
    56
   195
   142
    43
    78
    45
    49
    46
     5
    48
    42
    36
    55
    83
    66
    76
    44
     6
     0
     2
     5
     1
     1
    88
    61
   156
   176
    26
    71
    29
    16
    37
    56
    35
    40
    54
    98
    43
    80
    75
    80
     8
     0
     0
     0
    11
     0
    76
   133
   147
   140
    27
    57
    29
    43
    22
    22
    24
    59
    85
    36
    41
    72
    44
    26
     0
     0
     1
     0
     7
     6
    34
    68
   115
   241
    36
    90
    23
    31
    35
   342
    25
    20
    18
    36
    20
   326
    75
    44
     0
     3
    14
     4
     0
     0
    80
   123
   238
   140
    32
    76
    27
    45
    27
    28
    25
    33
    52
    42
    73
    93
    21
   110
     1
     0
     0
     0
     3
     1
    53
   172
   340
   142
    88
    53
   124
    43
    46
   120
    53
    79
   157
    30
   276
   169
    38
    46
     3
     1
     3
     0
     0
    15
    43
   126
   251
    20
    41
   102
    39
    64
    70
    35
    89
    33
    42
    73
   109
   130
    49
    54
     0
     3
     0
     2
     0
     4
    63
    94
    35
    45
    21
    50
    25
    57
    79
    79
    35
    61
    48
   101
    79
    25
    25
    36
     0
     0
     0
     0
     6
     0
    28
   193
   138
   163
    33
    67
    21
    25
    71
    41
    25
    70
    25
    35
   166
   210
    47
    28
     3
     9
     0
     0
     4
     0
   104
   137
    60
   275
    29
    81
    14
    38
   114
    29
    48
    32
    48
    43
   128
    32
    21
    89
     5
     1
     1
     8
     9
     0
    26
   266
   120
   140
    67
    35
    83
    65
    39
    38
    75
    46
   104
    79
    74
    82
    53
    51
     4
     7
     0
     0
     7
     7
    57
    69
   160
    44
    33
   126
    41
    59
   211
    35
    30
    45
    37
   183
   183
    88
    75
   165
     3
     1
     0
     5
     0
     2
    61
    42
   369
   101
    30
    80
    68
    54
    45
    83
   112
    61
    83
    68
   120
   116
    38
    40
     0
     9
     4
     0
     6
     5
    66
   153
   146
   254
    34
    54
    45
    62
    60
    38
    74
    29
    34
    86
    40
    78
    35
   339
    12
     0
     0
     0
     8
     8
    92
   184
    74
    68
    72
    23
    44
    43
    19
    24
    21
    90
    21
   189
    74
    76
    72
    66
     0
     9
     7
     0
     0
     0
    37
    39
    64
   147
    28
    49
    54
    29
    68
    32
    64
    41
    37
    63
   183
    41
    47
    24
     0
     0
     8
     5
     7
     3
    55
   117
   187
   120
    44
    55
    47
   169
    48
    54
    53
    26
    42
    10
   209
    29
    38
    62
     0
     8
     0
     2
     0
     5
    27
   206
   111
   140
    49
    52
    22
    25
    45
    44
    46
    63
    19
    15
   139
    70
    29
    28
     0
     0
     0
     0
     0
     7
    41
    70
   186
    85
    34
    37
    82
    54
    40
    24
    29
    99
    53
    43
    27
   172
    74
    20
     0
     5
     0
     9
     0
     5
    54
   137
   216
    48
    36
    78
    84
    43
    45
    78
    38
     7
   174
    28
   235
    96
    45
    64
     1
     0
     9
     2
     0
     1
    91
   241
   245
   156
    90
   136
    13
    97
    62
   183
    30
    48
    70
   340
   342
   144
    76
    50
     0
     4
     8
     4
     0
     0
    37
   120
   172
   188
    22
    61
    36
    33
    37
    44
    44
    48
    54
    39
   342
   105
    34
    20
     0
     6
     0
     2
     0
     0
    33
   116
   156
    68
    21
    34
    89
    34
    66
    37
    32
    88
    57
   119
    66
    76
   122
    28
     3
     5
     0
     0
     0
     7
    33
   106
   275
    66
   119
   229
    45
    72
   186
    19
    71
    61
    28
    12
    75
    72
    67
    48
     0
     1
     0
     0
     0
     3
    19
    56
   227
   140
    21
    24
    43
    30
    63
   104
    45
    68
   119
    54
    88
   111
    24
    29
     2
     3
     0
     0
     0
     7
    95
   140
   150
   102
    23
    43
    30
    28
    25
    33
    30
    45
    25
    47
   119
    72
   209
    71
     2
     3
     0
     0
     0
     0
    86
   171
   104
   126
    92
    58
    56
   187
    57
   184
    75
    38
    47
    60
   113
   216
    56
    46
     7
     5
     4
     2
     8
     0
    43
   117
   206
   181
    65
    41
    95
    60
    53
   175
   226
   112
    55
    48
   234
    89
    33
    61
     0
     7
     4
     1
    12
     5
    89
   154
   213
   165
    10
    68
    91
    45
    23
    29
    51
    36
    34
    33
   312
    58
    56
    79
    15
     8
     9
     1
     0
     0
    30
    63
   224
    29
    67
   166
    23
    38
    43
    51
    41
    48
    62
    88
   104
    74
    43
    37
     0
     0
     5
     5
     5
     0
    34
   115
   317
   270
    43
    52
    29
    38
    54
    75
    77
    40
    67
    28
   111
   174
    25
   104
    17
     9
     0
     5
     0
    12
    76
    72
   102
   196
    69
    36
    36
    11
    99
   108
    47
    67
    87
    37
   117
   131
    55
    42
     0
     5
     0
     0
     6
     0
    27
   103
   142
    39
    77
    21
    45
    41
    42
   109
    27
    48
    55
    55
    68
   288
    89
    72
     0
     2
     0
     2
     5
     0
    37
   139
   312
   173
    26
    46
    30
    52
    34
    34
    28
    63
    43
    68
    43
   132
    48
    73
     0
     0
     2
     0
     0
     3
    55
    37
   238
   196
   107
    22
    46
    29
   135
    45
   186
    58
    30
   130
   318
    52
    42
    69
     7
     4
     0
     0
     0
     0
    59
    99
   359
    85
    29
    35
    82
    50
    40
    30
    21
    95
    80
    69
    29
   162
    28
    51
     9
     0
     0
     0
     0
     2
    78
   234
   131
    67
    26
    47
    66
    40
    55
    43
    26
    22
    35
    41
   140
   166
    44
    68
     0
     2
     0
     0
     0
     0
    73
   119
   163
   192
    29
    62
    99
    86
    82
    10
    37
    24
    31
   227
   145
    25
    34
    70
     3
     6
     8
     0
     4
     8
    79
   155
   142
    93
    51
    47
    43
    42
    27
    29
   178
    31
    30
    35
   117
    76
    31
    48
     0
     0
     3
     8
     0
     0
    97
   166
   227
    86
    26
    31
    49
    36
    19
    46
    49
    66
   105
    83
    82
    62
    41
    32
     0
    14
     2
     6
     8
     1
    79
    49
   221
   141
    53
    33
    34
    31
    36
    84
   106
   115
    51
    34
   149
   144
    68
    85
     4
     0
     8
     0
    15
     4
    32
   301
   212
   169
    41
    70
    44
    52
    34
    40
    54
    49
    62
   165
    85
   101
    46
    59
     3
     0
     1
     5
    15
     0
    65
   159
   388
   290
   107
    58
    41
    12
    48
   105
    61
    32
    26
    95
    66
    62
    89
     0
     0
