    61
     0
     0
     0
     1
    31
    90
   126
   129
    41
    89
    84
    48
    87
    49
    87
    68
    76
    74
    72
   106
    81
    82
     1
     0
     0
     0
     0
     0
    61
   297
   219
   194
    72
    45
    37
   109
    21
    59
    57
    61
   112
    59
   243
   117
    75
    41
     0
     9
     4
     0
     5
     0
    79
   175
   340
   181
   111
   160
    49
    64
    64
    90
    64
   133
    47
    54
    34
   105
    73
    58
     8
    14
     0
    12
     5
     8
   101
   312
   133
   145
   115
    72
    48
    72
   112
   147
    49
   100
    76
    51
   260
   107
    39
    35
     2
     0
     0
     6
     1
     0
    26
   174
   379
   147
    66
    74
    45
   101
   129
    55
   103
    94
    27
   131
   100
   301
   140
    94
     0
    10
     5
     3
     0
     2
    99
   240
   228
    97
   139
   130
    86
    71
   221
    94
    96
    84
    58
   102
   110
   407
    61
    98
     2
    15
     6
     0
     5
    11
    69
   186
   109
   237
   108
   212
    49
    42
   114
    64
    92
    54
   112
    92
   176
   126
   121
    80
     0
     0
     0
     0
     0
     1
   148
   251
   164
   301
    35
   207
    78
    39
    43
    72
    48
    69
    62
   183
   177
   147
   135
    58
     3
     2
     1
    11
     0
     0
    40
   109
   172
   228
    55
    38
    92
    72
    84
    61
    78
    88
    49
    97
    84
    60
    83
    92
     0
    17
     0
     0
    17
     5
    90
   184
   272
   242
    56
   107
    27
    42
    51
    68
    95
    61
    56
   102
   223
   111
   106
    76
     2
     3
     9
     8
     2
     5
   126
   259
   124
   151
    76
    34
    55
    55
    27
   128
    62
    66
    33
    42
    71
    77
    49
    80
     0
     3
     6
     2
     0
    12
    98
   138
   168
    90
    48
    57
    38
   101
    46
    78
    87
    56
    47
   102
   138
   156
    71
   162
     5
     2
    14
     7
     0
     4
    99
   164
   169
   193
   131
   374
    86
    71
    61
    59
    74
   111
   195
    41
   274
    79
    71
    83
     0
     9
     4
     0
     9
     0
    37
   234
   175
   223
    83
   103
   405
    50
    48
    61
    53
    61
   203
   192
   179
   139
    65
    39
     0
     2
     0
     6
     0
     7
   110
   139
   354
    89
    43
    92
    48
    40
    75
    49
   141
   264
   118
   195
    60
   130
    45
    35
    12
     0
     3
     0
     4
     0
    40
   221
   242
   309
    69
   139
    32
    45
    34
   161
    75
   107
    48
   106
   208
   164
    58
    58
     3
     5
     5
     6
     9
     7
    81
    82
   221
   340
    59
    69
    67
    56
   113
    44
   330
    35
    64
   112
   118
   232
    42
    31
    12
     0
     2
    10
     4
     0
    75
   137
   204
   187
   180
    43
   244
    76
   240
    47
    79
    98
    34
   117
   116
   199
   127
    63
     3
     1
     6
     0
     5
     0
    83
   215
    96
   196
   119
    98
    34
   104
    43
    91
   100
   151
    87
   278
   230
   127
    73
    41
     0
     6
     0
     6
     0
     0
    88
   378
   167
   199
   153
    80
    84
    55
    97
    96
   207
    79
    62
    56
   188
    92
   208
    58
     7
     0
     5
     0
     6
     3
    64
   201
   462
   311
    71
   119
    67
    44
    58
    70
   167
    79
    73
    68
   247
   139
    59
    74
     4
     0
     3
     6
     2
     8
   106
   103
   172
   204
    47
    52
    41
    65
    36
   282
   129
   161
    45
    98
   127
    51
    85
    36
    14
     6
     0
     5
     8
     2
    67
   272
   365
   167
    82
    38
    66
   111
    44
   160
    55
    85
    51
   206
    24
    70
    39
    84
    16
     0
     2
     0
     2
    10
    89
   246
   445
   225
    70
    60
    52
    84
    53
   116
   102
   330
    24
   173
    71
   241
    76
    54
     0
     2
     4
     0
    14
     9
   100
   100
   265
   252
    71
    32
    59
    86
    48
    88
    46
    45
    92
    70
   228
   110
    54
    61
     0
     2
     0
     0
    11
     0
   124
   220
   419
   172
   119
    51
   126
    29
    63
    86
    42
    55
    61
    87
   246
   107
    73
    59
     4
     0
     2
     4
     6
     3
    86
   242
   414
   132
    69
    68
   113
   111
   171
    96
    70
    67
    79
    56
   140
   164
   105
    87
     0
     3
     6
     4
     0
     7
   130
   150
   299
   124
    87
    65
    71
    69
    65
    74
    69
   135
    91
   110
   317
   186
    56
   103
     3
     5
     6
     8
     6
     7
    60
   192
   433
   209
    32
    28
    49
    57
    78
    57
    52
    75
    72
    58
   259
   139
    40
    64
     0
     8
     0
     0
     4
     0
    56
   252
   199
   143
   191
    64
    85
   102
   126
   112
   125
    65
    73
    44
   460
   178
    58
    70
     0
     4
     9
     0
     7
     5
    44
   103
   125
   129
    90
    44
    42
    96
   109
    63
    48
    27
    31
    49
   179
    64
    73
    34
     0
     0
     7
     0
     0
     7
    47
   385
   242
   169
    46
   104
    55
    67
    33
    68
    63
    45
    44
   100
   166
    47
   181
    85
     4
     8
     7
     7
    10
     0
    55
   292
   323
   118
    30
    64
    58
    44
   106
    68
    91
    56
   295
    36
   410
    55
    75
    55
     0
     0
     1
     0
     6
    10
    80
   164
   275
   207
    81
    62
    84
   240
   115
    54
   133
   128
    40
   247
   335
   352
    81
    83
    11
     2
     0
     4
     0
     0
   108
   285
   282
   206
   215
    60
   156
   133
    90
   202
   107
    96
    37
    92
   237
    83
    71
   101
     0
     0
     3
     9
     7
     4
    95
   232
   256
   166
    76
    56
    64
    84
    33
    64
    90
    71
   101
    19
   107
   144
    75
    86
     9
     0
     2
     0
    10
    13
    41
   188
   207
   211
    87
    70
    82
   232
    70
    47
    72
    59
    71
    50
   192
   216
   108
    29
     2
     0
     0
     0
     0
     0
    72
   247
   122
   201
    88
    46
    58
   137
    64
    87
   169
    59
    89
    86
    84
    96
    63
    71
     5
     6
    16
     0
     4
    22
    89
   234
   398
    79
    72
    75
    58
    78
   146
    60
    47
    72
    49
    50
   396
   114
    74
    51
     2
     0
     6
     6
     1
     0
    53
   183
   301
    99
   106
   112
    40
    49
   116
    27
   155
   127
   108
    73
   146
    96
    51
    56
     4
     0
     0
     0
     3
     4
    70
   307
   264
   258
    27
    59
    40
    46
    74
    67
    65
    69
   128
    91
   121
    38
    91
    60
     0
     6
     1
     7
     4
     0
    91
   342
   296
   222
    68
    61
    92
    69
    82
    55
    59
   109
    58
    86
   324
   245
    80
    42
     2
     3
     0
     3
     4
     0
    70
   263
   245
   163
    45
    41
    62
   157
    57
    93
    55
   105
   102
   119
   401
    41
    89
    56
     0
     2
    11
     0
     0
     6
    61
   139
   240
   211
    50
   118
    97
    30
   110
    50
    50
    50
    58
    83
    88
    83
    67
    24
     5
     3
     0
     4
     5
     0
    61
   145
   172
   150
   206
   102
    94
    24
    96
    23
   137
   100
    55
    81
   204
    87
    64
    61
     3
     0
     3
     3
     4
     0
    71
   378
   436
   188
    99
    54
    64
    54
    89
    70
    98
   102
   109
   185
   218
    41
    69
    91
    10
     0
     0
     4
     4
    11
   143
   177
   494
   142
    51
    90
   109
    84
    45
    55
   243
    76
    57
    48
    87
   283
    37
    68
     1
     9
     0
     0
    10
     2
    72
   266
   299
   175
    78
    61
    90
    62
    61
    48
    71
    96
    50
    71
   158
   101
   102
    93
     8
     0
     5
     0
    12
     9
   212
   131
   291
    70
    46
    39
   255
    60
   163
    47
   312
   100
    48
    92
    98
   168
   109
    84
    11
     0
     0
     0
     2
     4
    69
   156
   247
   204
    41
   183
    62
    57
    86
    65
    46
   252
    55
    72
   231
   115
    70
    60
     0
     4
     3
     0
     4
     5
    92
   184
   239
   168
    40
   122
    92
    49
    37
    81
    55
    97
    54
   315
    88
   183
    77
    55
     6
     9
     0
    13
     0
     6
    89
   162
   159
   221
   114
    69
    80
    66
   201
    70
    88
    61
    40
    87
    91
   168
    68
    50
     3
     3
     7
     4
     2
     9
   175
   178
   132
   135
    95
   195
    92
   356
   118
   100
   186
    32
    52
    57
   457
    93
    50
    37
     0
    10
     0
     6
     0
     0
   142
   285
   379
   262
   116
    50
    99
    60
    75
   101
   126
    44
   106
    41
    68
    61
    66
    38
     0
     0
     0
    18
     4
     1
    77
   388
   201
   198
    64
    69
    65
   111
    47
    82
    72
    78
    60
    68
   387
   106
    92
    71
     0
     0
     5
     3
     2
     0
    44
   350
   297
   229
   102
    62
    57
   121
    79
    73
   109
    91
    75
   252
    97
   219
   119
   104
     0
     2
     3
     0
     0
     3
   110
   361
   316
    92
    63
   123
   132
    79
    79
    32
    78
    62
    51
   102
   245
   167
    89
    89
     0
     0
     1
     6
     0
     7
    71
   316
   174
   164
    75
   109
    54
   150
   101
   191
    63
    71
    84
    64
   235
   114
    50
   139
     0
     3
     1
     2
     1
     0
    66
   166
    85
   224
    70
    50
    43
   129
   133
    63
    76
   179
    68
   112
   132
   212
   121
    45
     1
     0
     0
     0
     0
    13
    61
   381
   422
   311
    81
    67
    83
    38
    45
    43
    56
    76
   104
   115
   187
   212
   124
    53
     8
     2
     0
    10
     0
    10
    81
    32
   196
   127
   145
    69
    64
   274
   105
    79
    72
    63
   117
    74
   132
    90
    44
    55
     0
     5
     0
    10
     0
     9
   153
   178
   223
    59
    49
    73
   131
    92
   122
    60
    75
    80
    81
   268
   162
   219
   171
   113
    14
     6
    10
     0
     0
     2
    44
   432
   196
   230
    64
    48
    69
    82
    87
   120
   115
    42
   212
    73
   172
   180
   108
    62
     9
     0
     3
     0
     2
     6
    50
    99
    84
   112
    46
    98
    99
    30
    35
    92
    62
   101
    68
    48
   189
   189
    78
    61
     0
     0
     3
     0
     8
     0
    54
   137
   163
   155
    76
    30
    61
   120
    30
    57
    89
    46
    83
    40
    85
   131
    78
    47
     0
     2
    10
     0
     8
     0
   130
   257
   176
   164
    85
   214
    47
    78
    53
    74
   204
    50
   142
   130
    57
    52
    76
    85
     3
     0
     0
     0
     2
     0
    82
   223
   206
    74
   123
    53
   132
    92
    55
    83
    47
    47
    48
    27
   158
    79
    68
    41
     0
     2
     0
     9
     9
     6
    48
   317
   378
   166
    20
    49
   189
   183
    45
    37
    21
   122
   127
    34
   127
    99
    63
    55
     4
    12
     4
     4
    11
     8
   128
   107
   341
   265
    49
    75
    53
    38
    43
   122
   125
    62
    56
    86
   181
   283
    94
    90
     5
     0
     1
     0
    18
     0
    98
   167
   346
   335
    96
   144
    88
    72
    80
    72
    57
    64
    61
   185
   233
   119
    62
   109
     0
     6
    15
     6
     0
     8
    82
   118
   270
   161
    84
    34
    87
    80
   116
    59
    44
    50
    97
    58
   290
   167
    62
    50
     4
     4
     0
     5
     0
     0
   153
   125
   352
    79
    30
    62
    84
    55
   106
    52
    54
    99
    49
   154
   267
   182
    36
    67
     1
     7
     6
     6
     0
    15
    83
   279
   105
   212
    85
    37
    50
    40
    64
    66
    75
    56
    76
   100
   431
   166
    68
    84
    19
     3
     0
     0
     7
     0
    71
   163
   239
   218
    95
    44
    63
    59
    53
   216
    37
    98
    78
   133
    45
   251
   259
   111
     6
     0
     0
     0
     0
     0
    88
   301
   245
   191
    42
    95
    78
    71
   133
    55
   142
    67
    67
   109
   124
    97
    81
    84
     8
     0
     7
     4
    17
     1
   118
   157
   264
   164
   110
    49
    79
    97
    78
    68
   100
    75
   146
    42
   136
   108
    87
    69
     7
     2
    27
     0
    10
    14
   112
   157
   150
   159
   113
    89
   216
   119
    78
    77
   135
   100
    75
    73
   162
   167
   101
    77
     9
     4
     0
    12
     0
     4
   133
   133
   209
   231
    48
    43
    62
    52
   245
   233
   170
    90
    54
   159
   255
   325
    95
    51
     3
     4
     5
     6
     0
     2
   127
    99
   228
   297
    77
    67
    64
    48
   119
    44
    76
    52
    59
    85
   468
   137
    63
    65
     0
     1
     9
     0
     5
     0
    78
   106
   348
   209
    95
    85
    80
    87
   265
    84
   210
   235
    59
   131
   222
   308
   117
    45
     8
     8
     0
     1
     7
     5
   105
   249
   118
   203
    45
    50
    99
    91
    70
    40
    52
    55
    64
    66
   333
   185
   104
   162
    17
     0
     0
     8
     0
     0
   146
   182
   213
   187
    19
    81
   106
    66
    27
    52
    30
    19
   207
    41
   194
    71
    72
    68
     0
     3
     0
    17
     8
     4
    76
   206
   299
   353
   122
   107
    64
   104
   116
    57
   102
   169
    37
    69
   193
    51
    89
    91
    12
     0
     0
     0
     8
     6
    63
   114
   299
   381
    88
    49
   104
    67
    81
    67
   231
   149
    62
   384
   268
   148
    63
    71
    11
     5
     3
     8
     0
     1
    52
   190
   252
   127
    74
    29
    51
    55
    61
   229
    42
    75
   136
   235
    64
    68
    81
    27
     0
     0
     8
    11
     0
     0
    37
   120
   429
   182
    52
   180
    45
    79
    46
    87
    94
    46
    60
    33
   280
    50
    49
    34
     0
     0
     2
     5
    11
    13
    36
    92
   215
   207
    63
   126
    97
    33
    71
    40
    54
    76
    90
    68
   176
    91
    52
    32
     6
     8
     0
     1
     0
     2
    61
   234
   421
    74
    30
    60
   127
    30
   125
    47
    87
    79
    62
    40
   204
    44
    66
    99
     1
     7
     0
     0
     0
     3
   135
   131
   148
   346
    74
    46
   183
   181
   151
    47
    69
    28
    58
    68
   300
    87
    44
    61
    10
     5
     0
     0
     7
     0
   121
   349
   196
   227
   113
   237
    77
   274
   103
    48
   164
    73
    64
   213
   235
   240
    78
    38
    12
    12
     0
    10
     7
    96
   339
   252
   181
    93
   100
   101
    89
    38
   213
    75
   143
   130
   227
   363
    64
   139
    57
     0
     0
     0
    15
    11
     9
    78
   235
   140
   134
   124
    55
   127
    75
    53
    46
    62
    48
   124
    54
    87
    46
    39
    44
     5
     7
     0
    18
     6
     0
   174
   190
   339
   193
    28
    79
    96
    73
    37
    90
   236
    44
   192
    53
   233
    68
   103
    85
     0
     6
     1
     0
     9
     0
    51
   176
   226
   109
   127
    49
   186
    81
   103
    44
    54
    96
    59
    44
    99
   133
    34
    43
     5
    19
     8
     0
     4
     5
    89
    77
   200
   303
    70
    86
    30
    62
    64
    53
    66
   234
    67
    89
   169
    67
    41
   109
     2
     0
     0
     8
     0
     1
   145
   242
   320
   262
    54
    84
    67
    30
   100
    54
    64
    66
    42
   137
    51
    41
    73
    42
     4
     2
     2
    15
     6
     5
   108
   290
   292
   262
    25
    46
    72
   101
    35
   202
    87
   117
    50
   104
   134
   284
    82
    45
     0
     6
     9
     6
     2
     6
    56
   101
   326
   169
    98
   127
   150
   126
   109
   165
    56
    97
    53
   137
   131
    79
   121
   151
     6
     0
     8
     0
     0
     3
    77
   182
   318
   155
    92
    86
    89
    85
    65
    96
    68
   128
   215
   146
    79
   147
   182
    86
     9
     9
     5
     0
     1
     0
    52
   427
   119
    63
    60
    18
    53
    73
    60
    64
    55
    37
    58
   227
   123
   284
    42
    41
    10
     6
     1
     4
     0
    10
   107
    79
   429
   174
    96
    93
    70
    62
   123
    45
    63
    44
    47
   207
    72
   261
    56
   161
     2
     2
    11
    16
     0
     4
    59
   194
   162
    73
    95
    46
    28
    51
    72
    50
    49
    71
    61
    64
   179
    93
    37
    73
     0
     0
     0
     3
     0
     1
   109
    21
   417
   121
    44
    30
    69
    66
    55
    38
    79
    38
   121
   234
   105
   196
    56
    84
     4
     0
     2
     1
     0
    11
   127
   146
   348
   105
    74
    84
   199
    56
   113
    48
   120
   127
    65
   213
    67
    64
    44
   125
     7
     1
     0
     8
     5
     0
   149
   299
   326
   160
    64
   149
   126
    69
   105
   109
    79
    64
    59
    57
    85
   142
   139
   121
     0
     3
     0
     0
     7
     8
   101
   232
   252
   127
    94
    72
    62
    45
    42
    22
    80
    71
    49
   188
   108
   146
    37
    31
     2
     0
     8
     8
     0
     0
   108
    90
   279
   230
    59
    53
    42
    96
    64
    92
    29
   104
    92
    43
    65
   264
    78
    78
     0
     9
    15
     0
     9
     1
   100
    81
   128
   160
    88
    48
    46
   200
   142
    62
   122
    49
    37
    85
   268
    69
    54
    69
     9
     4
     8
     3
     2
     1
    77
   193
   335
   308
    56
    68
    59
    34
   159
    87
    43
    44
   164
    68
   125
    91
    76
    81
     1
     0
     0
    11
     0
     0
   140
   177
   295
   178
    65
    63
   103
    82
   222
    63
    62
    69
    45
    34
   180
   125
    93
    56
     0
     0
     0
    13
     0
     0
    59
   279
   199
   315
    83
    53
    62
    57
    62
    61
    63
    62
    67
   146
   247
   157
    52
    43
     9
     1
     8
     0
     0
     0
   137
   132
   291
   247
    87
    78
    47
    35
    60
    93
   227
   190
    69
   103
    95
   123
    41
    45
    11
     6
     6
    13
    12
    10
    51
   307
   238
   214
    50
    80
    69
    60
    42
   109
    55
    40
    57
   261
   133
    74
    53
   184
     3
     0
     0
     0
    12
    10
    72
   108
    84
   216
    57
   110
    55
    44
   117
    67
    29
    85
    33
    48
   326
   111
    36
    60
     0
     0
     2
     0
     0
     0
    75
   148
   303
   159
    61
    37
   121
   106
    58
    49
    43
    35
   190
   117
   120
    57
    68
    56
     7
     8
     0
    12
     3
     3
    96
   257
   337
   200
    34
    51
    75
    26
    70
    26
    58
    43
    55
    98
    84
    80
    86
   118
    15
     1
     2
    11
     0
     0
    40
   125
   316
   106
    62
   177
    36
    45
    53
    69
    80
    83
    90
    80
   133
    52
    64
    36
     2
     0
     0
     5
     0
     7
    38
   240
   197
   223
    66
    42
    86
    47
    58
   189
    88
   250
   204
   120
   192
    65
   197
    82
     6
     1
     2
     6
     3
     0
    71
   321
   361
   331
   117
    35
    60
    58
   120
   132
    80
    33
   174
    42
   399
   156
    41
    90
     6
     8
     5
     0
     9
     0
   129
   222
   223
   182
    49
    46
    86
    62
    49
    72
    43
    68
   112
    57
   377
    76
    94
    44
     5
     0
     1
     6
     0
     0
   109
   229
   426
   176
    63
    31
   218
    61
    75
   154
   193
    59
    89
   191
   149
   114
   101
    77
     0
     7
     2
     4
     0
     2
    55
   316
   373
   149
   231
    52
   145
   141
    48
    57
    66
    52
    79
    63
   112
   168
    68
    69
     0
     6
     8
     6
     0
     9
   103
    98
   419
   266
    46
    91
    65
    58
    59
   120
   103
    37
    50
    48
   122
   210
   110
   112
     5
     4
     9
     0
     0
     1
    83
   242
   299
   196
    45
    60
    60
    73
    48
    74
    78
   158
    59
    28
    76
   147
    60
    58
     4
     1
     2
     0
     2
     2
   156
   141
   349
   223
    50
   109
    63
   195
   119
    38
    32
    83
    93
    69
   100
   118
    76
    55
     0
    14
     4
     1
     0
     1
   126
   140
   335
   117
    80
    98
   232
    28
    49
    66
    92
   109
    94
   100
   204
   134
   118
    57
    13
     7
     0
     5
     0
     4
    30
   141
   223
   168
    55
    51
    54
   199
   122
    87
    50
    54
    36
   363
   240
    77
    54
    74
     4
     0
     0
     0
     7
     0
    35
   221
   200
   153
    38
    80
    53
    44
    85
    29
    57
    63
    62
   225
   228
   116
   134
    50
     6
    14
     5
     8
     6
     0
   176
   209
   254
   203
    66
    92
    90
   189
   136
   158
   174
    69
    40
    46
   453
   174
    51
    43
     8
     0
     3
     2
     0
     8
    82
    77
   316
   265
    35
   104
   114
    63
    95
    56
    58
    50
   126
   128
    76
    41
    26
    70
     5
     8
     0
     3
     9
     8
    63
    90
   284
   188
    60
    43
   130
    71
    53
    42
    54
   217
    42
    39
   144
   130
    31
    16
     0
     3
    10
     0
     0
     0
   171
   225
   279
   213
   190
    76
   158
    60
    93
    54
   142
   107
   137
    32
   268
   169
    96
    60
     5
     4
     0
     3
    10
     0
    78
   140
   319
   174
    60
    63
    66
    76
    86
    58
    68
   115
   334
    82
   149
    28
    73
    72
     9
     0
     5
     0
     4
     0
    36
   180
   347
   187
    51
    59
    36
    22
    40
   119
    60
    36
    37
    64
    70
    58
   195
    71
     0
     2
     2
     0
     1
     0
    25
   257
   271
    84
    70
    44
    45
    62
    53
   101
    35
    22
    65
    24
   260
    28
    53
    59
     0
    13
     0
     3
     0
     6
    74
   141
   202
    64
    98
    52
    71
    52
    56
    69
    72
    72
   232
    39
   127
    87
    90
    30
     2
     4
     0
     0
     0
     0
    30
   421
   327
   207
    22
    33
    55
   128
    28
    46
    48
    72
   102
    47
   101
   165
    80
   119
     1
     5
     0
    11
     0
     4
    85
   323
   112
    88
    35
    92
    59
   125
    40
    42
    85
   141
    84
    30
    95
   110
    68
    75
    12
     7
    13
     7
     6
     0
   212
   191
   175
   242
    86
    83
   125
    48
    90
   146
   102
    69
    42
    77
    28
    79
    90
   124
     6
     2
     8
     0
     8
     8
   146
   146
   253
   113
    85
    93
    49
    94
    46
    70
    56
    50
    99
    93
   116
   237
    47
    75
     6
     0
    10
     4
     3
     0
   131
    45
   109
   212
    37
    76
    89
    48
    46
    66
    36
    53
   175
    61
   100
   116
    63
    55
     0
     0
     4
     0
     6
     4
    60
   212
   238
   193
   228
    56
    57
    38
    22
    54
    86
    43
    95
    32
   284
    74
    58
   114
     6
     1
     0
     6
     0
     0
    17
   138
   142
   117
    55
    78
    74
   145
    80
    55
    32
   144
    78
   114
   190
   175
    48
    31
     6
    18
     1
     0
     4
     0
   133
   245
   204
    85
    41
    47
    82
   181
   165
    45
    36
   195
    63
    79
   171
   149
    93
    54
    19
     0
     0
     5
     0
     0
    35
   139
   235
   180
    93
    65
    53
    99
    80
    48
   234
    27
    96
   134
   197
    26
    96
    51
    21
     0
    13
     0
     0
     4
    64
   202
   346
   168
   161
    70
    86
    54
    32
   110
    48
    79
   112
   140
   152
    75
    52
    39
     0
     7
     0
     8
     0
     6
    48
   168
   310
   275
    36
    44
   143
   109
    54
   194
    65
    69
   174
   283
   258
   313
    54
    80
     0
     6
     0
     0
     7
     0
   114
   211
   178
   235
    59
    74
    60
    58
    71
   210
    89
    64
    76
    78
    35
   123
    28
    35
     4
     0
     6
     0
    16
     4
   173
   119
   230
   125
    35
   121
    52
   175
   209
   103
    38
   150
    48
   222
   340
   110
    81
    40
     3
     2
     2
     0
     9
     2
    91
   165
   146
    82
   106
    38
    46
    44
    41
    40
    61
    77
   200
    55
   208
    25
    39
    32
     4
     1
     6
     0
     0
     5
   125
   254
   290
   200
    38
    46
   100
    46
    86
    65
    48
    94
   212
    62
    66
   126
    91
    66
     3
     0
    15
     0
     1
     0
    73
   135
   202
   155
    67
   109
    40
    65
    34
   109
    77
    64
   107
    68
    45
   132
    48
    46
     2
     1
     0
     5
     0
    11
    50
   277
   440
   163
   146
   143
    59
   119
    36
   219
    69
   132
    72
    85
   128
    95
    35
   129
    16
     2
     0
     5
    12
     0
   101
   133
   378
   130
    56
    82
    94
   143
   199
    79
   221
    93
   150
   104
   132
    47
    61
    36
     0
     0
    13
     2
     0
     0
    87
   179
   123
   168
    54
   105
    78
    84
    45
    89
    19
    99
    91
    33
    57
    93
    69
    44
     0
     6
     0
     7
     3
     0
    59
   122
   289
   296
    35
    37
    57
    84
    32
    59
    35
   123
    70
    73
   145
   116
   146
    69
     1
     0
     0
     2
     8
    22
    58
   119
    57
   155
    86
    46
    30
    50
    41
    46
    55
    29
    55
   220
   431
   207
    50
    30
     2
     0
     0
    14
     0
     5
    25
   107
   194
   419
    66
    67
    30
    27
    86
    35
    40
    45
    51
    78
   107
    71
   138
    51
     1
     3
     6
     0
     0
     1
    79
   109
   245
   130
    68
    52
    63
    39
    84
    44
    85
    52
   134
    96
   269
   330
    60
    67
     0
     3
     0
     0
     5
     3
   171
   297
   256
   126
    62
    47
    39
    85
    90
    71
    57
    97
    60
   363
   286
   262
   107
    93
     3
     0
     0
     9
     8
     0
    63
   213
   213
   291
    91
    81
    37
    58
    60
   142
   124
   263
   104
   180
   304
   194
    51
   167
     4
     3
     5
     0
     0
     0
   142
    97
   107
   224
    74
    53
   107
   118
    88
    34
    35
    27
   164
    38
   317
   104
    78
    31
     0
     8
     0
     0
     7
     0
    97
   141
   107
   155
    72
    33
    60
   124
   212
   101
    88
    51
    59
    52
    74
   334
   114
    92
     2
     7
     0
     0
     5
     0
    43
   166
   297
   173
    48
    52
    21
    72
    97
   117
    60
    68
    46
   168
   246
   133
    46
    63
     0
     4
     0
     6
     0
     6
    59
   177
   237
   153
    67
    24
    95
    78
    53
   195
    41
    53
    89
    38
   115
   127
    25
    45
     8
     7
     0
    12
     0
    15
    43
   199
    53
   197
   125
    57
    36
    62
    35
    85
    59
   134
    57
   217
    45
   288
    69
    38
     8
     0
     0
     0
     0
     4
    95
   273
   434
   130
   148
    73
    47
    40
   109
   120
   109
   132
    39
    88
    95
   113
    60
    78
     0
     0
     3
     5
    10
     2
    57
   276
   106
   107
    86
    39
   102
    69
    24
    55
    51
   182
    53
    50
   127
   165
    88
   103
     0
     3
     8
     0
     4
     8
    64
   181
   295
   182
    24
   148
    85
    42
    54
    65
    18
    67
    45
   192
   307
   230
    84
    51
    14
     1
     4
     6
     0
    16
    91
   117
   139
    88
    60
    83
    47
    44
    49
   135
    75
    83
   185
    69
   139
   127
    24
    77
     6
    16
     0
     0
     0
     1
   155
   304
   273
   151
    41
   123
   171
    49
    43
   150
    82
    57
    28
   173
   137
   365
    98
   109
     0
     9
     9
     3
     0
     0
   141
   206
   166
   146
   101
    39
    93
   210
    36
    87
   128
    16
    38
    48
   464
    89
    61
    57
     0
     0
     0
     0
     0
     6
    77
   228
   153
   170
    77
    27
    48
    86
    63
    60
    47
    68
    69
    68
    96
   124
    34
    28
    16
     0
     0
     0
     0
     0
    85
   204
   189
   143
    45
    51
    59
    59
    51
    77
   111
    93
    68
   317
    43
   156
   101
    77
     6
     0
     0
     0
     6
     0
    81
   121
   304
   165
   104
    60
    42
    74
   106
    69
    97
    48
    91
    73
    80
   135
    59
   139
     0
     0
     0
     1
     2
     0
    62
   149
   365
   124
    39
    31
    53
    69
    76
   115
    26
    75
   180
    57
    75
   269
    76
    42
     7
     0
     3
    12
     7
     9
    23
    79
   254
    52
    80
    34
    47
    39
    72
    41
    60
    44
    33
   112
   133
    78
    97
    25
     0
     0
     2
     0
     0
     6
    51
    81
   265
   235
    39
    47
    59
    68
    45
    27
    87
    58
    41
    54
   398
    78
    39
   105
     8
     6
     0
     3
    12
     0
   116
   209
   241
    84
    83
    76
    43
    39
    99
    26
    82
    34
   110
   130
    84
    49
    96
    81
     0
     1
     8
    15
     0
     0
    66
   180
   146
   135
   226
   152
    48
    77
    39
    98
   129
    45
    31
    46
   158
    78
    42
    52
     0
     5
     4
     6
     2
     0
    58
   115
   157
   378
    69
    95
    92
    77
    57
   113
   103
   102
    43
    64
   142
   265
    57
    81
     6
     6
     2
     0
     7
     0
    91
   119
   187
   233
   218
   110
   143
    88
    73
    30
    38
    30
    91
   187
   339
    73
    36
    99
     0
     1
     7
     1
     0
     0
    58
   201
   176
   126
    80
    55
    49
    62
    75
    35
    75
   126
    73
    70
    57
    54
    57
    52
     0
     0
    13
     0
     4
     0
    46
   151
   270
   382
    43
    46
    27
    51
   195
    48
    79
    22
    92
    46
   170
    93
    43
   224
     0
     0
     0
    13
    17
     4
   178
   124
   141
   150
    38
    56
   106
    83
    40
   111
    40
    40
    47
   137
    93
    45
    57
    48
     6
     2
     0
     0
     0
     0
    53
    29
   146
    35
    66
    71
    26
    66
    50
    60
    62
    83
    46
   234
   195
   258
    46
    20
     0
     0
     0
     6
     1
     0
    44
   164
   266
    77
    48
    26
    30
    62
    91
    49
    42
    72
   183
    75
    26
   373
    51
    60
     4
     5
     0
     0
     5
     7
    45
   178
   114
   273
    42
    38
   292
   116
    36
   178
    36
    87
    29
    50
   152
   194
    66
   117
     0
     0
     5
     0
     1
     3
   117
   264
   103
   240
    88
    54
    49
    65
   104
    56
    56
    34
   113
    95
   109
    55
    51
    55
     5
     0
     0
    17
     8
     7
    88
   137
   254
   258
    38
   117
    91
    46
    42
    33
    47
    42
    42
    36
   256
    54
    38
   114
     3
     4
     5
     0
     5
     0
    50
   110
   104
    99
   152
    69
    60
   104
   102
   149
    56
    67
   104
    55
    85
    82
    49
    97
     7
     0
     0
    12
     1
    11
    72
   122
   341
   203
    72
    53
    35
    40
    67
    47
    46
    46
    43
    87
   244
    54
    38
    43
     0
     8
     0
    11
     0
     1
    83
   250
   393
   197
    50
    38
    67
    92
    43
    46
    82
    67
   164
    87
    69
   234
    41
    35
     0
     4
     6
     0
     4
     0
    47
    80
   371
   112
    65
    45
    21
   195
    58
    40
    80
    53
   134
    46
    55
    79
    31
    15
     0
     0
     4
     7
     0
     1
    86
   413
   218
   395
    45
    99
   222
    99
    38
    42
    67
    39
    69
    70
   103
   127
    53
   197
     0
    11
     8
     0
     9
     4
    99
   180
   411
   254
    61
   160
    50
    43
    80
    86
    55
    63
   116
   197
   135
   157
    74
    60
     9
     5
     4
     0
     1
     0
    75
   189
   167
    90
    40
    32
    29
    36
    49
    39
    71
    28
    77
   114
    89
   132
    22
    96
     3
     0
     8
     4
     0
     0
    61
   113
   292
   180
    23
    69
   105
    55
    99
    45
    51
    43
    52
   231
   170
   299
    25
    12
    13
     0
     3
     0
     0
     2
    35
   246
   214
   143
   104
    75
    78
    40
    28
    79
    42
    63
   214
    38
   191
    84
    91
    56
    10
     0
     5
     0
     2
     0
    54
   205
   257
   217
    50
    65
    42
   188
    54
   197
    60
    54
    82
   103
    42
   186
    93
    75
     9
     0
     0
     0
     6
     0
   117
   223
   317
    60
    78
    66
    57
    79
    85
    34
    57
    38
    37
   131
    58
   110
    25
    37
    28
     0
     0
     0
     3
     8
   232
   112
   246
   168
    64
   175
    64
    34
   221
    40
    59
    49
    65
    51
   294
   158
   111
    57
    10
     0
     4
     2
     3
     9
   107
   154
   206
   111
    64
    79
    74
    73
    53
    40
    92
    28
    75
   102
   147
    42
    52
   110
     0
     0
     9
     6
    13
     0
    48
   211
   180
   122
    83
    77
    88
    55
    27
    86
   117
    56
    50
    90
   138
   200
    23
    46
     0
    10
     0
     0
     2
     0
   112
   136
   239
   150
    59
   196
    50
    40
    55
    28
   264
    51
   224
    39
    85
   129
    41
    65
     2
     8
    18
    11
     2
     2
    80
   225
   226
    80
    32
   178
    46
    51
    91
    43
    53
   100
   104
   246
    39
   222
    39
    78
     4
     0
     0
     0
     4
     0
    28
    99
   107
    79
    53
    33
    24
   191
    61
    33
    76
   123
    94
    54
    31
    92
   125
    61
     0
     6
     0
     1
     0
     2
    51
   196
   269
   202
    54
    26
    75
    32
    89
    76
    44
    16
    41
    63
   268
    59
    61
    76
     8
     3
     9
     0
     7
    12
    59
   170
   287
   111
    48
    40
    83
    40
    62
    78
   118
   121
   104
    38
   125
   174
   330
   206
    10
     0
     2
     0
     2
     2
   181
    78
   264
   260
    41
    42
   107
    48
    55
    38
    72
    41
    42
   126
    82
   259
   131
    56
     4
     5
     3
     0
     9
     8
   115
   159
   117
   170
    85
    98
    94
    48
    29
    42
    48
    46
    15
    52
   166
    59
    43
   121
    14
    16
     0
     0
     2
     0
    52
   174
   221
   171
    53
    23
    33
    56
    80
    35
    64
    88
   105
    60
   117
    58
    51
    43
     0
     0
     0
     0
     4
     0
    32
   140
   121
    72
    54
    42
    29
    30
    33
    60
    58
    58
    50
   117
   303
    58
    14
    46
     2
    14
     2
     2
     0
     0
    42
   213
   184
   168
    82
   190
    51
    65
    55
    70
    35
    25
    91
    58
   277
    54
    56
    39
     0
     0
     0
     0
     0
     0
    94
    88
   299
    36
    88
    55
    46
    95
   262
   128
    64
   196
    36
    91
    97
   125
    67
    75
     3
     4
     4
     0
     5
     0
    55
   147
   171
   153
    76
   121
    66
    54
    55
    62
   226
    57
    34
    65
    90
   129
    41
   145
     2
     0
     2
     4
     9
     7
    34
   328
   576
   258
    71
    47
    61
    62
    45
    74
    56
    43
    43
    83
   136
   145
    51
    61
     7
     0
     0
     0
     6
     6
   136
   361
   146
   162
    66
    56
    93
    37
    74
    58
    62
    37
    57
   196
   153
   171
    52
    62
     2
     0
    17
     0
     0
     5
    49
   262
    89
   181
    65
    68
    43
    36
   181
    18
   181
    30
    98
    73
    68
    95
    49
    95
     7
     1
     1
     4
     0
     0
    90
   174
   191
   103
    65
    86
    91
    61
    59
    78
    22
    50
    47
    54
    74
   103
    36
    35
     0
     1
     0
     8
     0
     0
    49
   112
   265
   357
    69
    21
    56
   100
    98
   196
    32
    29
    86
   202
   353
   106
    57
    77
     0
     0
     5
     1
     1
     5
    48
   227
    71
   160
    51
    65
    91
    60
    58
    35
    83
    50
    37
    14
   130
    62
   204
    44
     4
     8
     0
    15
     4
     0
    22
   175
   181
    98
    56
    48
    62
    95
    51
    57
    29
    66
    78
   225
   182
   106
    28
    59
     3
     0
     0
     1
     5
     3
    31
   234
   138
   246
    58
    36
    48
    31
    47
    60
    34
    51
    46
    77
   123
   116
    61
    32
     7
     0
     6
     0
     7
     7
    29
   249
   334
    65
    48
   195
    94
    63
    59
    67
   185
    71
    61
    33
    49
    55
    73
    39
    15
     0
     8
     0
     6
     7
    89
    68
   315
   127
    46
    77
   115
   133
   219
    84
    39
    64
    77
    45
    67
   276
    53
    85
     0
     9
     0
     0
    13
     1
    42
    99
   125
   178
    40
    41
    39
    87
    58
    25
    26
    46
    72
    37
   167
    53
    67
    49
     5
     0
     0
     0
     0
     0
   127
   104
   321
   217
    48
    86
   162
   119
    66
    51
    41
    50
    39
   202
   164
    62
    87
    53
     4
     0
     0
     2
     3
     3
    64
   237
   171
   173
    80
   107
    43
    31
   226
    42
    35
    53
    50
    20
   110
    45
    20
    58
     8
     1
     0
     4
     0
     0
    36
   267
   438
   162
   194
    66
    74
    62
    89
   129
    41
    37
    53
    83
   160
    70
   184
    44
     7
     1
     0
     0
     0
     7
   143
   104
   203
    78
    42
    93
   172
    68
    79
    43
   104
    65
    30
    54
   150
   296
    35
   106
     0
     0
     3
    10
     3
     2
    30
    67
   198
   139
    24
    82
    81
   113
    47
    51
   111
    34
    28
   152
    24
    68
    35
   132
     1
    10
     0
     0
     0
     5
   158
    26
   103
   164
    43
    15
    64
    41
    26
    51
    23
    23
    81
   197
    97
    39
    65
    84
     8
     4
     0
     0
     5
     1
    84
   178
   140
   140
    65
    70
   166
    71
    42
   255
    32
    36
    28
    29
   282
   121
    48
   114
     0
     1
     0
     0
     1
     0
    39
   152
   196
    45
    19
    79
    40
    26
    60
    64
    88
    86
    75
   129
   186
     7
   105
    29
     4
     7
     1
     5
     2
     0
    43
    98
   385
   116
    88
    76
    87
    76
    42
    45
    91
    57
    23
   109
   172
   116
    78
    35
    10
     0
     3
     6
     7
     5
   117
   163
   207
   127
    96
    37
    51
   222
   133
    74
    31
   131
    84
   105
    72
   114
    54
    83
     0
     0
     0
     0
     1
     0
   190
   128
   241
   225
    28
    74
    95
    63
    60
    57
    71
   177
    81
    89
    32
    65
    85
    51
     2
     8
     0
    19
     6
     7
    39
   136
    80
   413
    53
    85
    58
    37
    83
    53
    31
    35
    57
    49
    51
   106
    37
    25
     0
    20
     0
     3
     0
     2
    33
   154
   550
   125
    34
    18
    56
    34
    24
    42
    32
    29
   177
    42
    46
   144
    26
    48
     0
     8
    14
     0
     7
     0
    83
   158
   276
   134
    49
   217
    49
    52
   236
   127
   124
    77
    48
    30
   198
   275
    38
    37
     0
     0
     9
     0
     0
    12
   112
   127
   458
   252
    27
   164
    36
    63
    62
    83
    91
   213
    49
   121
   131
    93
   213
    44
     0
     0
     0
     0
     1
     8
    62
    23
   280
    66
    22
    40
    72
    22
    66
    37
    66
    36
    94
   178
   209
   113
    30
    57
     2
     4
     7
    11
    10
     9
    96
   182
   282
   251
    67
    72
    74
    71
   116
    69
    79
    49
    61
    92
   289
   368
    90
    68
     7
     1
     8
     8
     0
     4
    35
   111
   206
   419
    83
    41
   221
    41
    96
    34
    91
    97
   122
    88
   250
   141
   213
   117
     0
     0
     2
     9
     0
     0
    96
   189
   120
   215
   128
    16
    59
    77
    70
    31
    60
    74
   196
    20
    97
    16
    88
    27
     0
     5
     7
     3
     9
     0
    71
    90
   226
   245
    57
    68
   113
   116
    48
    30
   100
    56
    41
   187
   117
   161
    67
    54
     0
     0
     0
     4
     4
     4
    19
   122
   289
   165
    45
    45
    76
    84
    35
    56
    54
    28
   127
    17
    97
   151
    86
    49
     3
     6
     0
     2
     0
     3
    45
   143
   286
   182
    57
    30
    64
    47
   261
    79
    62
    88
    69
    51
    93
   125
    58
    26
     6
     0
     1
     0
     0
     0
    85
   167
   157
    76
    74
    87
    29
   216
    51
    78
    32
    58
   171
    32
   143
    56
    69
    28
     0
     4
     1
     7
     0
     0
   124
   132
   135
   252
    28
    42
    49
    20
    62
   104
    32
    58
   175
   133
   251
   273
   113
    19
     4
     3
     0
     2
     0
     0
   158
   168
   476
   177
    53
    41
    52
    79
    88
    79
    44
    50
    37
    83
   147
    47
    23
    82
     0
     0
     0
     4
     6
    18
    95
   143
   151
   122
    57
   113
    41
    11
    53
    83
    57
    46
    21
    90
   153
    44
    61
    27
     8
     0
    17
     0
     0
     1
   139
   286
   197
   294
    80
    60
    84
    66
    83
    46
    59
    36
    86
    25
   281
   188
   227
    74
     9
     2
     4
     4
     0
     0
    40
   191
    66
   345
    30
   131
    32
    13
    23
    76
    34
    38
    59
    50
    65
   127
    42
    31
     0
     3
     0
     2
     2
     9
    42
   118
   186
    78
    28
    32
    89
    40
   249
    63
    95
    44
    82
    70
   101
   215
   114
    24
     0
     3
     0
     1
     0
     0
    79
   211
   175
   257
    23
    22
    88
    76
    43
    49
    56
    26
   112
    43
   159
    71
    35
    41
     8
    12
     0
     2
     0
     5
    74
   305
   310
   258
   123
   113
    92
    55
    54
    38
   132
    64
   236
    47
   228
   139
   103
    98
     0
     3
     7
     3
    18
     0
    48
   264
   188
    81
    40
    75
    63
    45
   120
    93
    28
    62
    33
   103
   242
   111
    54
    51
     0
     4
     6
     0
     0
    10
   151
   114
   121
   195
    46
    64
    36
    74
    56
    53
    39
    16
    39
    28
    38
    44
    55
    49
     1
     0
    10
     8
     3
     0
    93
    42
   176
   193
    46
    47
    50
    49
    55
    55
    86
    30
    59
    39
    54
    81
    67
    80
     5
     2
     0
    13
     0
     0
    43
    96
   262
   343
   238
    85
    43
    81
   246
    35
    73
    48
    32
   274
   212
    28
    45
    72
    15
     0
     7
     8
     0
     2
   106
   167
   110
   113
   181
    59
   136
    47
   101
    32
    44
    82
    73
    51
   116
    96
    48
    53
     0
     4
     7
     3
     7
     1
   114
    58
   228
   116
    24
    36
    75
    59
    20
    32
    52
    62
    33
    22
   160
   209
    32
    48
     0
     0
     0
    10
     0
     0
    82
   128
   241
   194
    38
    43
    30
    89
   181
    70
    87
    64
    51
    97
   143
   105
    59
    77
     0
     6
     2
     4
     8
     2
    55
   249
   224
    41
   102
    91
    98
    50
    42
    56
   110
    80
    68
    51
    43
   120
    76
    48
    10
     5
     3
     0
     9
     0
    87
   178
   175
   178
    36
   113
    54
    67
    75
    40
    40
    72
   191
   147
   406
    90
    26
    77
     0
     0
     2
     0
     0
     7
    68
   231
   297
   144
   174
    44
    61
    56
    77
    59
    22
    47
   114
    35
    81
   180
    92
   181
     7
     0
     6
     0
     4
     0
    49
    96
   184
    90
   155
    29
    43
    80
    52
    50
    41
   202
    35
    37
   157
   182
    39
    53
     7
     7
     0
     0
     0
     4
    28
   129
   196
   242
   114
    60
    35
    84
    51
    74
    37
    31
    90
    50
   110
   308
   107
    63
     1
     0
     4
     0
     2
     7
    36
   186
   316
    43
    66
    35
    57
    89
    27
    55
    34
    76
    44
    39
   312
    82
   219
    91
     0
     6
     0
     2
     7
     0
   142
   153
   210
   182
    62
   157
    59
    64
    55
   105
    83
    73
    42
    61
    61
    48
   102
    74
     8
     7
     5
     6
     0
     0
    40
   271
   321
   135
    44
    59
   102
    39
    53
    46
    79
   113
    50
    89
   169
    33
   111
    41
    11
     1
     0
     0
     4
    14
    45
   147
   145
   193
   123
    34
    60
    25
   134
    60
    72
    39
    74
    51
   182
   262
    54
    74
     3
     0
     0
     0
    10
     1
   120
   206
   215
   170
    80
    84
    50
    50
    84
    62
   142
    49
   233
    31
    41
    88
    15
    43
     0
     1
     7
     1
     0
    12
   107
    91
   293
   119
    33
    90
    92
    54
    51
    53
   120
    61
    27
    42
   268
    96
   192
    31
     3
     5
     2
     2
     0
     9
    81
    27
   155
   237
     7
    31
    48
    52
    55
    53
    42
    68
    86
   107
   126
    69
    58
    60
     0
     0
    11
     0
    21
     5
    58
    21
   160
   216
    85
    58
    70
    27
    70
    39
   106
    28
    43
   172
    67
    58
    26
    51
     0
     7
     2
     6
     7
     0
    67
   143
   215
   246
    93
    82
    57
    56
    94
    35
   115
   115
    60
    99
   146
   242
    76
    97
    15
     9
     1
     6
     5
     0
    25
   197
   191
   330
    85
    69
   133
    53
    71
    69
    44
    66
    96
   230
   102
   101
    55
    53
     2
     0
     0
     1
     0
     0
    66
   334
   176
    77
    84
   235
    93
    37
    40
    54
    13
    36
    57
    64
   178
    60
   111
    39
     0
     4
     0
     0
     3
    13
    99
   235
   214
    97
    99
    74
    50
   187
    64
    45
    43
   176
    86
    50
   196
    70
    74
    37
     9
     3
     9
     5
     2
     0
    94
   204
   186
   209
    79
    60
   100
   109
   216
   233
    66
    57
    56
   247
   216
    29
    41
    38
     0
     8
     0
     9
     0
     0
    36
   157
   203
    83
    59
    80
    41
    49
    35
    90
    33
    45
    91
   192
   155
    44
    49
   130
     0
     0
     8
     1
     0
     2
    35
   127
   143
   163
    79
    75
    86
    87
    61
    82
    54
    61
    23
    50
   132
   176
    29
    25
     0
     3
     6
     4
     9
     1
    56
   240
   342
   284
   104
    37
    65
    56
    35
    51
    54
    62
    60
   243
    72
   250
    72
   120
     0
     9
     7
     0
     6
     7
    69
   217
   173
   198
    35
    47
    82
   218
    31
   505
   193
    77
    87
   120
   258
   193
    45
    75
     4
     0
     0
     5
     2
     0
    86
   167
    87
   178
    23
    76
    33
    53
    83
    98
    61
    77
   112
   225
   170
    73
    81
    79
     7
     2
     9
     7
     1
     0
    92
    27
   369
   221
    68
   244
   226
    51
   312
    47
    25
    72
    53
   130
    75
   119
    75
    26
     6
     0
    15
     0
     2
     0
    74
   149
   308
   209
    44
    75
    54
    84
    58
   123
    65
    42
    45
   121
   116
    49
    50
    68
     3
     0
     3
     0
     0
    11
   104
   112
   221
   111
    65
    97
    64
    34
    64
   135
    52
   201
    59
    72
   159
    91
    48
    54
     5
     8
    11
     0
     0
     1
   121
   238
   265
   204
    84
   120
    42
    74
    42
    70
    74
    55
    61
    41
   257
   117
    56
    19
     4
     3
     6
     0
     2
     0
   105
   335
   347
   135
    32
    58
   215
   177
    78
    56
    87
   117
   267
   109
   135
   102
    46
   128
     0
     1
     3
     6
     0
     0
    60
   204
   270
   125
    63
    93
    51
    72
    93
   240
    53
    74
    79
    47
   253
    51
    43
   198
     0
     4
     0
     0
     4
     3
   125
    36
   150
   125
    44
    69
    24
   170
    50
   134
   187
    58
    48
   153
   126
   125
    27
    78
     0
     9
     0
    17
     1
     0
    74
   206
   160
    53
    64
   101
    55
   103
    38
    13
   176
   243
    48
    51
    91
   110
    44
    81
     9
    13
     1
     0
     0
     0
   174
   108
   272
   136
    86
    34
    51
    51
    43
    54
    69
    34
    46
    30
   263
   193
    45
    61
     0
     6
     0
     3
     3
     0
   141
   450
   220
   118
    55
    35
    94
    41
   179
   134
    38
    64
    52
    49
    81
   242
    72
    48
     5
     0
     7
     4
     7
     0
    49
   134
   164
   242
    75
    29
    33
    37
    19
    64
    52
   130
    75
    77
    29
    41
    64
   221
     5
     6
     0
    18
     3
     4
   104
    89
   300
   241
    46
    40
    54
   106
    55
    30
    92
   148
    53
   207
   187
   165
    28
    54
     4
     0
     3
     6
     0
     8
    93
   172
   204
    95
    56
    54
    52
    93
   213
    32
    56
    95
    96
    80
   177
    38
    96
   148
     0
     0
     0
     0
     0
     8
    69
   304
   388
    84
    79
    39
    40
   130
    54
    70
   225
    51
    74
    60
    85
   234
   106
    27
     8
     3
    13
     0
    10
     0
    44
   124
   362
   225
    91
   242
   193
    81
    50
    56
    82
   107
   229
   191
    59
    82
    55
    90
     5
     1
     2
     0
     6
     7
    36
   248
   202
   134
    70
    66
    46
    93
    91
    55
   126
    62
    78
    28
   157
   121
   107
    61
     0
     0
     0
     5
     9
     3
     0
    55
   117
   225
   183
    38
    42
   196
    78
   132
   120
   198
    82
    15
    84
   234
    45
    75
    45
     3
     0
    10
     1
     4
     0
    65
   224
   141
   165
   160
    57
    59
    29
    42
   139
    26
    82
    79
    64
    69
   142
    58
    95
    12
     7
     0
     5
     7
     0
   127
   163
   317
   243
   187
    87
   108
    44
    71
    70
    75
    75
    79
    38
   183
   104
    62
    83
     0
     0
     0
     2
     0
     7
   142
   204
   163
   302
    90
    79
    67
    53
   208
   130
    60
    64
   136
   243
    93
   163
    55
   137
     0
     0
     2
     0
     8
     5
    28
   117
   264
    83
    55
   188
    48
    81
    75
    79
    74
    63
    39
   173
    64
    88
    34
    60
    16
     1
     0
     0
     0
    12
    57
   119
   309
   150
    84
    94
    70
    45
    76
    36
    53
   175
    49
    87
    25
   204
    96
    37
     0
     8
     0
     0
     0
    14
    36
   178
   207
   180
    72
    48
    54
   119
    81
    56
    59
    50
    31
    44
   126
   188
    75
    37
     0
     1
     1
     0
     4
     7
    98
   187
   204
   201
    51
    48
    40
    40
    35
    57
    25
    44
    49
    79
    54
    45
    81
    34
     0
     0
     0
    17
     0
     0
   113
   174
   215
   116
    29
   105
    77
    82
    49
    26
    96
    87
    82
    74
   150
   130
    70
    40
     0
     4
     0
     0
    13
     5
   174
   191
   312
   229
   115
    74
    77
    53
   107
   102
   111
   116
   104
   279
    23
   162
    69
    57
     7
     5
     0
     0
     7
     0
    63
   186
   277
   153
    67
    58
   130
   148
    92
    86
    44
   106
   154
   122
   245
   207
    59
    77
     7
     9
    12
     2
     8
     0
    63
   254
    87
   209
    49
    99
    55
    27
    56
    47
    50
    67
    36
    95
    85
    85
    77
    64
     9
     0
     9
     3
     4
     8
    27
   141
   125
    80
    25
   113
   101
    61
    52
    38
    43
    49
    54
    47
   238
   114
    91
    84
     1
     2
     0
     0
     8
     8
   115
   143
   149
    75
    29
    85
    69
    81
   115
   166
    49
   197
    71
   122
   169
   110
    78
    17
    12
     6
     9
     6
     3
     8
    87
   251
   103
    56
    51
    84
    58
    68
    57
    40
    53
    42
    29
    51
    63
    74
    42
   220
     7
     4
     0
     0
     0
     8
    57
   126
   253
   182
    42
   135
    90
   221
    91
    31
   253
    66
    31
    45
   102
   208
    50
    73
     6
     8
     3
     2
     0
     2
   133
   423
   247
   346
   189
    69
    93
    82
    50
   116
    44
    79
    72
   113
    89
   152
    52
    62
     7
    10
     2
     0
     1
     0
   188
   306
   215
   213
   210
    88
   102
   122
   143
   130
   112
   293
   105
    61
   105
    72
    61
    41
     2
     0
     2
     0
     5
     0
    50
   239
   107
   111
   114
    41
    51
    61
    26
    64
    35
    38
   109
    63
    51
    51
   190
    51
     0
     0
     0
     0
     0
     1
    43
   227
   375
   145
   188
    47
    37
    51
   163
    43
   183
   114
    42
    53
   100
    77
    37
    64
     0
     0
     4
     0
     0
     0
    89
   189
   185
   116
    40
    67
    29
    73
    70
    32
    76
    59
   119
   112
    76
    79
    67
    67
     7
     6
     5
     1
     7
     8
    33
   306
   338
   277
    68
    27
    92
    44
    20
    20
    88
    67
   101
   273
    63
   240
    53
    85
     5
     0
     0
     0
     0
     0
   115
    24
   126
    99
   100
    35
    42
    64
    48
    46
    54
    93
   192
   111
   220
   155
   120
    58
     2
     1
     1
     7
     0
     0
    61
   261
   394
   164
    47
    62
    75
    96
    85
    79
   152
   172
    92
    57
   129
    59
   102
    32
     2
     6
     5
     0
     7
     0
    99
   227
   385
   155
   118
    37
   123
   136
   113
   103
   160
   139
   118
    93
   166
   299
   131
    47
     2
     7
     0
     5
     1
     0
    77
   233
   304
   211
    90
    83
    71
    70
    82
    92
    70
    28
    93
    99
   196
   265
    46
    49
     2
     9
     4
     6
    10
     0
    69
   247
   294
   162
    33
    83
    53
    43
    93
    67
    94
    68
    42
   201
   106
   102
    93
    65
     0
     6
     3
     0
     7
     0
   141
   240
   311
   220
    53
    59
    64
    41
    78
    73
    98
    56
    42
    94
    96
   182
    38
    41
     0
     3
    12
     0
    14
     1
   166
   188
   107
   151
    68
    30
    32
    91
    75
    27
    65
   213
    63
    40
   550
   227
    51
    62
     2
     5
     8
     5
     1
     0
    33
   174
   190
   149
    59
    63
   154
    95
    67
   146
   168
   112
   118
    46
   138
   289
   113
   124
     8
     0
     3
     0
     5
     4
    81
   224
   589
   172
    99
   104
    70
    70
    96
    94
   181
   118
   197
   217
   169
   136
   152
   115
     5
     6
     0
     0
     0
     0
    59
   129
   277
   175
   235
    76
    62
    45
    44
    61
   103
   127
    78
   181
    89
   137
   161
    30
     5
     0
     6
     2
     2
     0
    75
    64
   363
   290
   120
    30
    70
   122
    44
    25
   186
    49
    66
    70
   236
   305
    32
    71
     7
     0
     5
     0
     0
     0
    91
   173
   294
    73
    70
    43
   111
    35
   101
   111
   137
    47
    57
    50
   120
   127
   206
    43
     0
     8
     0
     0
     5
     0
   102
   177
   280
   123
    40
    75
    43
   203
    64
    51
   103
    86
   102
    49
   202
    76
    64
    34
    13
     0
     6
     6
    19
     0
    37
   137
   232
   232
    64
    23
    68
   120
    47
    47
    96
    51
    89
    44
   239
   158
    24
    79
     3
     0
     2
    16
     2
     3
    35
   267
   110
   242
    67
    57
    69
    49
    70
    73
    52
    40
    49
   113
   131
   272
    45
    81
     3
     2
     0
     0
     0
     0
    28
   373
   541
   227
    89
    30
    51
    20
    78
   107
   316
   402
    81
    67
   155
   194
    42
    57
     1
     0
    15
     2
     5
     3
    70
   279
   257
   197
   121
   255
    64
    70
    98
   188
    65
    74
    62
   181
   162
   137
    77
    55
     3
     0
     0
     4
     0
     0
    94
   134
   283
   126
    49
    83
   122
    31
    85
    51
    65
   177
    68
   160
    83
   275
    98
    68
     3
    11
     0
     0
     0
     0
    80
   200
   393
   219
   107
   112
    55
   119
    88
    52
   142
    71
    20
    68
    87
   224
    39
    57
     6
     4
     2
     0
    14
     2
    58
   208
   230
   141
    43
    68
    40
    45
    49
    92
    47
    71
    32
    88
    62
   353
    62
    33
     0
     3
     0
     0
     1
    17
    50
   147
   218
   197
    51
    60
    52
    43
    46
    73
    51
   120
   176
   196
    52
   220
    54
    63
     9
     2
     1
     2
     0
     0
    67
   152
   328
   146
   102
    98
    58
    63
   197
    51
    93
    73
    55
    70
   102
   189
    58
    75
     9
     1
     7
     3
     0
     0
    75
   131
   346
   266
   116
    62
    87
    73
    70
    62
    69
   100
    42
   138
   214
   113
    63
    52
     4
     0
     0
     9
     8
     0
    49
    31
   436
   232
    65
    68
    67
    70
   103
   101
    81
    85
    87
    71
   267
   338
    41
    80
     2
     0
     0
     6
     2
     0
   116
   298
   425
   134
    29
   101
    72
   129
    69
    78
    29
    83
    89
    46
   164
    72
   262
    62
     0
     1
     3
     4
     0
    21
   125
    40
   116
   329
    38
    76
    43
    37
    57
    65
   210
    61
    62
    25
   273
    56
    47
    69
     8
     0
     6
     4
     0
     4
    88
   307
   171
   143
    36
    96
    44
    46
    50
    47
    53
    62
    38
   207
   186
   185
    50
    74
     0
     0
     0
     0
     2
     5
    51
   145
   419
    84
    72
   179
   124
    61
    46
   144
    80
    85
   205
    38
    84
    98
   190
    95
     4
     0
     0
     0
     4
     0
    67
   245
   390
   254
    88
    69
    44
    64
   166
    93
    53
   120
    33
   107
   203
    90
    82
    50
     6
     7
     2
     8
     0
     0
    64
    78
   279
   269
    19
   116
    91
    80
   196
    49
    91
    98
    80
   547
   232
    97
    44
   195
     4
     0
    18
     7
     3
    28
    32
   198
   161
   161
   121
    97
   115
   170
    72
   298
   118
    47
    83
   171
   421
   231
   188
    73
     0
     8
     2
     3
    10
     0
   141
    85
   335
   131
    71
    64
    60
    80
    46
    33
   127
   218
    48
   157
   189
   161
    43
    65
     0
     0
     8
     5
     0
     0
   100
   160
   115
   200
    70
    48
    62
   105
    51
    33
    85
    93
    39
   382
   127
   177
    65
    50
     0
     7
     0
     0
     0
     3
    75
   242
   273
   300
    95
    77
    92
    24
    57
    62
    86
    56
    71
    97
   103
    44
   150
    55
     6
     0
     9
     0
     6
     0
    66
    68
   244
   192
    23
    59
    56
    62
    67
    75
    37
   244
    34
   184
   278
    56
    35
    91
     4
     2
     0
     7
     7
     0
   156
   180
   324
   111
   136
    57
    74
   107
    51
    85
    61
    52
    35
   226
    82
   434
   134
    82
     2
     7
     5
     1
     0
     7
    58
   118
   352
   227
    64
    81
   233
    28
   211
    49
    49
    73
   166
   123
   429
   220
   237
   113
     9
     3
     6
     0
     9
     2
    83
   172
   171
   270
   140
    58
    65
   148
    73
   116
    95
    82
   238
    54
   139
   376
   133
    78
     0
     8
     0
     0
     0
     0
    96
   160
   210
   169
    67
    38
    63
    43
    79
    33
   108
    81
    73
    83
    99
    44
    43
     0
     0
