    80
     1
     0
     5
     2
    58
   284
   307
   274
   160
    23
    73
   242
    72
    58
   110
   105
    85
   111
   412
   146
   105
    52
     3
    17
     1
    13
     8
     0
   106
   232
   400
   107
    80
    46
    77
    91
   104
   102
    55
   115
    81
   168
   102
   189
   120
    68
     6
     0
     4
     0
     3
     6
    59
    93
   322
   204
   152
   110
    60
   276
    75
    40
    46
    88
    70
    46
   166
   183
   109
    99
    17
    14
     0
     0
     9
     1
    41
   236
   542
   465
   116
   149
   133
    99
    89
    66
    70
    78
   123
   131
   180
   188
    68
   253
     5
     1
    13
    15
     8
     2
    60
   244
   469
   336
    98
    95
   208
   120
   141
    47
    72
    39
   123
   126
   125
    84
    59
    74
     3
    13
     7
     0
    17
     0
   167
   268
   490
   223
   178
   192
   142
   183
   298
   116
   235
   214
   166
   163
   166
   248
   107
   128
     7
    13
     3
    11
    17
     0
   123
   451
   458
   383
    64
   108
    79
   206
   130
   391
   162
   157
   138
   136
   294
   347
   108
    80
     0
     3
     1
     4
    15
     3
   198
   209
   275
   277
    57
   112
   173
    49
    60
    57
    84
    70
    40
   153
   592
   199
    55
   136
     5
    11
     0
     0
     0
     3
   116
   313
   517
   344
   119
    70
   143
   145
   147
    96
   174
    89
   110
   282
    96
   106
    67
    48
     0
     0
     6
     0
    10
     5
   142
   226
   211
   314
   113
   103
    79
    50
   110
    53
    78
    91
   312
   232
   472
   112
    63
   168
     0
     0
     7
     3
    14
     1
   141
   179
   305
   180
   101
    51
   100
   125
    94
   132
   105
   219
    63
   278
   113
    73
    79
   128
     4
    13
     2
    14
     0
     9
   102
   334
   333
   152
    88
    81
    88
   216
   137
    74
    57
    75
    58
   144
   168
   108
    65
   107
     4
     0
     6
     1
     2
     9
   238
   260
   333
   129
    59
   116
   115
   143
   162
   262
   112
   169
   170
   186
   205
   305
    86
   158
     0
     4
     5
    11
     2
     2
   164
   198
   516
   373
   105
   215
   112
   138
   143
   102
   139
   124
   123
   103
   184
   133
   126
   107
     0
     5
     5
     6
     5
     6
   127
   199
   191
   519
    33
   100
   397
    57
    58
    72
    30
   104
    44
   127
   155
    64
    77
    40
     6
     5
     5
    11
     4
    20
    85
   203
   147
   238
    57
    69
    91
    90
    98
   114
    67
   121
   186
    77
   109
   210
   128
   119
     2
     6
     0
     6
     9
     4
   227
   236
   430
   191
    70
   122
   128
    57
    61
    99
   253
   151
   204
    99
   338
   198
    87
   132
     0
     0
     9
     7
     0
     0
   173
   321
   408
   172
   103
    75
    98
    86
   199
   116
   102
   128
    76
    48
   518
   117
   134
    89
     0
     0
     4
     6
     2
    18
   239
   270
   409
   191
   100
    51
   235
    90
    98
   137
   126
    36
    31
    47
   365
   368
   214
   103
     1
     6
     7
     8
     8
     1
   154
   234
   420
   437
   132
    95
    96
    76
   156
   279
   126
   160
   104
   139
   167
   348
   116
   124
     5
     4
     2
     0
     0
     3
   252
   234
   421
   303
   114
   171
   182
   156
   112
   240
   149
   127
    69
   323
   486
   207
    92
   114
     6
    14
    15
     9
     0
     6
    73
   201
   333
   295
    79
   110
   117
   256
    86
   102
   233
   264
    52
    96
   111
   318
   221
    93
     3
     0
     4
     7
     0
     6
    72
   280
   271
   201
    54
    72
    79
    65
   108
    87
   100
   155
    94
   120
   116
   228
    52
   136
     2
     3
    13
     1
     9
     1
   144
   361
   632
   357
   283
   136
    98
   140
   194
   129
    96
    93
    72
    97
    57
   100
   126
   251
     4
     6
     6
     7
     3
     5
   158
   308
   332
   347
   176
    47
    75
   122
   170
   116
   133
    55
    79
   114
   141
   345
    61
    86
     1
     8
     2
     0
     2
     9
    81
   297
   478
   217
   122
   108
    52
    64
    61
    76
    63
   125
    70
   181
   193
   145
    91
    60
    12
    14
     0
     0
     4
     2
   265
   478
   290
   410
   243
   146
   264
   317
   135
    97
   123
   106
   222
   128
   441
   433
    78
   123
    25
    12
    14
     0
    13
     8
   198
   378
   332
   325
    96
    99
   157
   101
   423
    39
   106
   193
    94
   501
   342
   251
   160
    90
     1
     2
     0
     0
     0
     0
   185
   275
   178
   196
    49
   117
    82
    67
    81
   176
   211
    83
   100
    70
   125
    98
    90
   102
     5
     4
     3
    22
     0
     0
    70
   219
   507
   356
    65
    83
   104
    77
    90
   129
    78
   108
    76
    86
    90
   437
   134
    77
     8
     9
     0
    12
     3
     7
    93
   272
   207
   287
   109
   101
   137
   100
    87
   149
    73
    76
    89
   128
   251
   149
   190
    66
     0
     0
     0
     6
     0
     0
   111
   303
   255
   312
   111
   117
   128
   114
    70
   112
   147
   113
    97
   106
   192
   110
   107
    91
     9
     0
     0
     3
    10
    10
   101
   410
   292
   234
   114
    64
    54
    97
    94
   113
    91
   156
    70
   217
   176
   167
    96
    99
     1
     2
     1
     6
     6
     2
   174
   204
   581
   230
   150
    92
   151
   121
   108
    29
   107
   139
    58
   235
   224
   205
    72
    91
     6
    17
     1
     3
     5
     0
   106
   204
   361
   497
   101
    39
   126
    81
   134
   132
   115
   110
    82
   147
   178
   362
   290
   137
     1
     0
     8
     8
    12
     3
    48
   340
   117
   224
    81
    67
    99
    81
   116
    50
    83
   124
   299
   232
   104
    79
   103
    64
     6
     5
     8
    16
     0
     8
   148
   259
   374
   150
   129
    64
   123
    90
    78
    81
   115
    76
   105
    74
   252
   244
   121
    90
     7
    17
    23
     0
     8
     0
   128
   222
   373
   316
    75
    60
    70
    68
   120
    73
    54
    56
   256
   103
   151
   187
    91
    76
     0
     6
     0
     7
     3
     0
   146
   323
   363
   242
    91
    76
   111
    56
   127
    40
   117
   118
   121
    43
   206
    41
   101
    99
    10
     0
     3
     0
     4
     2
    66
   156
   403
   324
    87
    65
   156
    27
   142
   120
    88
   212
   177
    52
   207
    87
   115
   230
    15
     1
    15
     4
     5
     0
    87
   251
   534
   409
   100
   217
   170
   122
   265
   168
   112
   116
   282
   135
   330
   377
   174
   107
    10
     0
    10
    10
     9
     9
   112
   383
   453
   159
   145
   140
    83
   144
    88
    94
    99
   109
   232
   156
   291
   132
   103
    77
     3
     0
     0
     6
     0
     9
    93
   223
   304
   256
    40
   244
   119
    59
    69
    96
    78
   260
   134
   113
   202
   147
   125
   105
     5
    10
     5
     0
     0
     6
    93
   329
   306
   173
    63
    83
    59
    60
   234
    68
   113
    97
    76
    63
    55
   290
    46
    56
     0
     6
     0
     5
     7
     0
   145
   340
   294
   207
   102
    80
    84
   142
    50
   152
    72
    91
   109
    43
    68
   165
    63
    76
     0
     0
     7
     0
     0
     0
   149
   342
   489
   126
    63
    74
    77
    92
    94
   106
   130
   115
   120
   152
   287
   110
    69
   119
    17
     7
     8
    17
     1
     4
    93
   443
   357
   167
   244
    41
    44
    85
   225
    96
    84
    52
    97
   405
   365
   218
    62
    81
    12
     0
     2
     5
     3
     5
   105
   363
   265
   330
    98
   111
   119
   177
   132
    86
   226
    81
   261
   151
   207
   313
    79
   165
     4
     7
     6
    15
     4
    12
   118
   406
   557
   307
    95
   101
   264
   221
   143
    87
    67
   126
   257
   444
   179
   396
   132
   111
    12
     0
     8
     0
     0
     0
   151
   192
   384
   230
   107
    85
    37
    68
   289
    75
   108
    88
   113
    61
   256
   289
    87
    80
     6
     8
    12
    10
     7
    10
    66
   274
   282
   318
    81
    84
    90
   114
    64
    85
   102
    90
    89
   256
   114
   182
   161
   138
     0
     3
     8
     6
     0
     5
    65
   217
   377
   251
    83
   109
   154
    77
   139
    63
   178
    76
    60
    53
   327
   343
   142
    58
    13
     0
     0
     5
     0
     0
    66
   233
   474
   321
    84
   117
    84
   105
    62
   210
    60
    83
    80
   338
   151
   287
   172
   101
    31
     0
     3
     6
     0
     4
   195
   215
   342
   237
    74
   138
   173
    81
   100
    90
   125
   149
   237
   224
    62
   268
   117
    96
    22
    10
     0
    16
     9
     0
   180
   257
   530
   164
   120
   135
   116
   103
   297
   315
   112
    96
   108
   199
   111
   295
   109
   145
     3
    14
     2
     0
    21
    17
   200
   266
   394
   247
    93
   148
   132
   183
    87
   158
   130
    88
   167
   126
   206
   304
   127
    49
     1
     2
     2
     3
     7
     0
   173
   339
   453
    81
    42
   121
    91
   181
   124
   150
    74
    95
   123
   224
   255
   164
    98
    79
     0
     5
     2
     3
     0
     8
    83
   186
   338
   146
    80
   141
   127
    63
    75
    75
    93
   134
    95
   302
   100
   117
    84
    76
     9
     1
     6
     1
    17
     0
   101
   259
   213
   187
    39
    56
    68
   258
   172
    83
   217
   100
   114
   142
   250
   203
   152
    76
     3
     4
     0
     0
     0
     7
    75
   130
   431
   249
   138
   273
   116
    64
   113
    57
    53
   153
   105
   403
    76
   123
   100
    94
     5
     0
     0
     0
     7
     2
   175
   195
   187
   160
   161
   108
    90
   161
   191
    87
    38
    78
    47
    95
   238
   132
   171
    89
     6
     2
    17
     3
     0
    15
    73
   422
   476
   385
   249
    91
   224
    73
   217
    64
    72
    92
    61
   119
   286
   274
   100
   122
    13
    13
     1
     5
     0
     3
   205
   307
   265
   281
   153
    80
    94
    71
   122
    94
   152
   111
   125
   133
   715
   120
   138
   119
     0
     0
     4
     9
     8
    17
   110
   324
   369
   272
    96
   115
    91
   195
   135
    68
   109
   136
   107
    90
   398
   123
    71
    58
    11
    10
     0
     9
     0
     4
    72
   218
   385
   630
   138
   186
   108
    92
    95
    63
   106
    75
    60
    88
   134
   369
   103
    94
     3
     0
     1
     9
    10
    14
    96
   402
   472
   256
    75
    78
   224
    31
    57
    55
    99
   139
   224
    63
   196
   162
   149
    75
     0
     4
     2
     8
     4
    10
    89
   246
   367
   339
    69
   104
    74
   117
    58
    52
   162
   217
   113
   120
    80
   125
   269
    51
     2
    12
     0
     7
     0
     3
   105
   192
   395
   171
   115
   145
   201
    96
    73
    60
   135
    43
    73
   108
   396
   333
    78
   113
     8
     4
     6
     6
     0
    11
   158
   222
   427
   481
   145
   153
   128
   138
   124
   146
   273
    75
   189
   242
   179
   450
   169
   144
     2
     3
     0
     1
     8
    10
    97
   209
   434
   415
    67
   294
   131
   108
    82
    89
   158
   170
    90
   209
   167
   256
    86
   108
     0
     6
     6
     0
     3
     4
    97
   150
   527
   260
    76
    87
    63
    79
    71
   128
    93
    29
    73
    64
   113
   241
   134
   100
     7
     7
    12
     1
     4
     4
   118
   281
   327
   152
    88
   135
    76
    65
    74
   165
   309
    89
    52
    69
   451
   314
    68
    77
     0
     2
     0
     0
     0
     2
   166
   318
   324
   212
   122
   102
    84
    49
    75
    69
    71
   185
    83
    78
   142
   127
   138
    42
     1
    10
     3
     1
     0
     8
   188
   263
   286
   266
    87
    39
    79
   128
    84
   165
    66
    66
   177
   177
    90
   159
   104
    97
    12
    16
     0
     1
     4
     2
   171
   317
   412
   187
   133
   109
    43
   141
    90
    42
    82
   128
   224
    86
   197
   261
    64
    73
     5
    12
     8
     6
     0
     0
   120
   141
   868
   216
   136
    59
   111
   305
   112
    58
    34
    58
   154
   213
   494
   129
    54
    52
     0
     6
    10
     0
     9
     0
   118
   263
   373
   252
    73
    96
    78
   136
   124
    87
    78
   226
   118
   122
   133
   318
   108
    87
    11
     7
    15
     0
     5
     0
   121
    92
   296
   241
   159
    67
    36
   127
   160
    67
    71
   204
    50
   195
   145
   134
    87
    90
     7
     7
     0
    13
     0
     0
   110
   270
   424
   399
   107
    83
    88
    79
   141
    83
    36
    72
    95
   283
   312
   392
    61
    48
     1
     0
     0
     0
    22
     0
   239
   150
   507
   306
    93
    65
    90
    74
   240
    39
    52
   216
   205
    45
   279
   124
    80
    75
     7
     7
    19
     0
     7
     9
   137
   124
   400
   510
    53
    49
    89
    89
    73
    62
   181
    85
    93
    54
   215
   278
   106
    95
     9
     7
     2
     7
     7
     1
   183
   299
   370
   218
    92
    57
    70
   113
    76
    67
    93
    80
    69
   104
   263
   172
    59
    85
    14
     4
     5
     1
     5
     5
   113
   469
   741
   570
   328
    70
   103
   135
   211
   298
    91
    70
    93
   115
   316
   533
   278
   183
     6
     0
     0
     3
     5
     5
   113
   202
   374
   503
   115
    68
   111
   260
   217
    99
   115
   123
   178
   341
   240
   303
   182
   130
     3
     0
     0
     6
     0
     3
    72
   292
   381
   132
    98
    78
   162
   124
   155
   108
    54
   301
    77
    79
   408
   142
    96
    81
     6
     7
     0
     6
    16
     2
    87
   371
   320
   209
   125
   100
   206
   149
    43
    52
    69
    94
   152
   251
    71
   284
    71
   166
     9
     5
     1
     0
     0
     2
    82
   276
   313
   178
   220
   125
   112
    76
   125
    81
    53
   113
   100
   138
   159
   112
   188
    57
    17
     9
     1
     6
     7
    15
   194
   106
   242
   241
   107
   107
    67
    43
   152
   134
   225
    96
   138
    97
   150
    83
   256
   223
     4
     8
     6
     6
     0
     0
   186
   221
   279
   196
   118
   141
   166
   130
   122
   112
   286
   142
   265
   217
   135
   581
   126
   126
    12
     6
     0
     3
    11
     8
    95
   373
   460
   285
    58
   108
    88
   101
    81
   159
   122
   210
    61
   385
   171
   436
   162
   101
     5
     5
     0
     8
     6
   166
   331
   332
   212
    45
    63
    76
   102
    70
   321
   154
   110
   284
    97
   396
   239
    80
    89
    12
    11
    29
     0
    12
     0
   200
   254
   251
   160
    78
   116
   118
   171
    75
    97
    91
   159
    88
   142
   308
   182
    50
    70
     0
     0
    21
    10
     0
     0
   104
   332
   449
   261
    51
   158
   106
   104
   112
   131
    75
   257
    77
   125
   467
   178
   100
   124
     2
     8
     2
     2
    15
     2
    71
   312
   448
   374
   122
   268
    45
   102
    47
    69
   124
   112
   108
   120
   281
   130
   120
    71
     6
     0
     0
     8
    11
    10
   111
   380
   336
   527
    88
    37
    70
    74
    90
   206
    99
    42
   134
   109
    72
    52
   108
    99
     7
     0
     9
     8
     0
     0
   108
    69
   420
   282
    70
   122
    95
    91
    95
   136
   132
    84
   176
   206
   275
    87
   103
   119
     3
    14
    25
    15
    13
     3
   225
   274
   441
   545
   230
   122
   173
   280
   137
   251
    89
   211
    72
   119
   310
   199
    77
   130
     5
     6
     6
     2
     8
    14
    62
   384
   401
   181
   103
    72
    96
   111
   317
   204
   206
   296
   179
   117
   214
   123
    67
   111
    11
     0
    11
     0
     9
     5
    85
   354
   468
   187
   205
    88
    75
   194
   104
    76
   212
    85
    99
   142
   485
   121
   109
    37
     4
    11
     5
     3
    10
    16
    87
   169
   305
   267
    55
   158
    28
   132
   521
    81
    89
    35
    57
   166
   201
   142
    88
   140
     0
     0
    10
     1
     8
     0
    58
   297
   312
   447
    77
   110
    66
    89
   237
   186
    64
   159
   221
   158
   154
   119
    89
   238
     8
     2
     0
     0
     1
     3
   204
   256
   200
   293
    70
    59
   137
    75
    79
   153
   124
    71
    46
    95
   351
   134
    67
   129
     6
     0
     3
    10
    25
    14
   111
   206
   301
   183
   111
    85
   321
    86
    59
    57
   102
   107
   154
    92
   135
    88
    66
    84
     2
    11
     0
     5
     3
    11
   130
   319
   351
   404
    78
    56
   135
   103
   120
   142
   232
   117
    43
   323
   174
   299
   103
   155
     1
     8
     6
    14
    14
    14
   154
   234
   479
   292
    57
   105
   144
   211
   260
   137
   146
   143
   197
    87
   123
   231
   201
   133
     8
     0
     8
    17
     5
    10
    73
   309
   134
   311
   135
   120
    42
    70
    57
   236
    62
   150
    65
   100
   173
   170
   103
    75
     0
     0
     3
     0
     0
    14
   224
   239
   378
   322
    56
   105
    83
   170
   115
   110
    69
    42
   195
   235
   317
    88
   117
   117
     0
     4
     9
     0
     0
     8
    44
   176
   384
   125
    77
    70
    95
   168
    95
    78
    80
    86
    67
   147
    93
   117
    52
   163
     0
     0
     2
     6
     0
     9
   111
   330
   429
   336
    62
   120
    66
    91
   106
   126
    92
    69
    68
    87
    61
   299
    58
    92
     3
     2
     0
    14
     0
     0
    79
   427
   484
   236
    62
   137
    60
   107
   137
    81
   102
   128
    53
   322
   141
    70
   100
   130
     0
     4
     1
     0
    10
     6
   210
   423
   370
   224
   100
   120
   104
   269
    60
   174
    92
    91
   100
    57
   149
   165
    52
    71
     3
     0
     2
     0
    12
    13
   190
   197
   424
   266
   119
   171
   110
   107
   102
    96
   146
   102
    53
   168
   286
   286
    79
    68
     2
     6
     0
    10
     3
     9
   116
   311
   368
   331
    29
    94
    98
   154
   122
   125
    83
   106
    68
   246
   223
   199
    41
   181
     3
     6
     6
     4
     9
    10
    53
   255
   384
   369
    71
   109
   117
    66
    56
    73
    67
    88
    95
   142
    89
   195
   144
    87
     5
     0
    17
     8
     1
     8
    83
   226
   263
   302
   124
   199
    62
    54
    67
    90
   227
   103
   118
   141
   178
   111
   118
    55
     3
     0
     0
     0
     0
     7
    63
   118
   435
   133
   101
   133
    74
    73
    59
    86
    88
    79
   163
    53
    63
   176
   117
    84
    10
    10
     0
     0
     7
     0
   157
   264
   360
   288
   100
    85
    99
   265
   103
    58
   164
    33
    50
   136
   150
   113
   112
   197
     0
     0
     4
     6
     0
     0
    92
   237
   368
   151
    82
   382
    47
   117
   115
   122
    79
    65
    65
    73
   228
   230
    96
   114
     0
     0
    10
     4
     8
     0
   122
   118
   247
   298
   284
    81
   154
    94
   206
    86
   151
   131
    97
   300
   205
   141
    77
   129
     2
     9
     0
     7
     1
     4
    90
   250
   388
   205
    45
    84
   114
   115
   224
   107
   177
   112
    82
   187
   143
   288
   157
   144
     3
     0
     1
     0
     0
     1
   192
   184
   360
   168
    84
    61
    58
    51
   132
   190
    94
    81
   149
   233
   221
   181
    96
    54
     0
     0
     0
    11
     0
     7
    86
   161
   274
   128
   135
   130
    84
   128
    42
   101
   470
   207
   160
   253
   173
   251
    58
    72
     0
     4
     3
     1
     3
     0
   186
   289
   301
   305
    63
   152
    99
    95
    74
    67
    62
    70
   160
    85
   212
   254
   140
    33
    20
     0
    16
    13
     0
     0
    99
   355
   363
   442
    82
   152
    56
    96
    92
   104
   160
   111
    93
   240
   361
   115
   156
   101
     1
     2
     1
     0
     0
    23
    64
   441
   347
   290
    85
   142
    83
   112
   178
   126
   137
   104
   193
    78
   240
   278
   152
    54
     4
     2
     3
     5
     6
     9
   180
   297
   379
   359
   105
    96
    94
    68
    51
   160
   271
   130
   127
    86
   685
   137
   103
    85
    10
     6
     0
     0
     2
     0
    53
   199
   313
   299
   106
    92
    79
    56
   232
    72
   136
    70
   120
   104
   360
   113
   179
    48
     0
     3
     2
     5
    10
     6
    96
   306
   197
   333
   133
    50
    74
    39
    60
    46
    63
    76
    98
    81
   241
   286
   120
   197
     6
     0
     4
     7
     0
     7
   129
   198
   266
   204
    59
   104
    70
    76
    74
   192
    72
   109
   177
   159
   322
   105
    67
    76
     1
    10
     5
     0
     0
     0
   117
   225
   201
   152
    78
    57
   147
    93
   123
   277
   235
    80
   102
    77
   346
   110
    88
    39
     4
     0
     7
     2
     8
     7
   180
   185
   414
   332
    55
   102
    81
    95
   180
    57
    94
    78
    97
    63
    95
   178
    67
   110
    12
     9
     3
     3
     2
     8
   157
   289
   301
   333
   181
   203
    80
    81
   250
    73
   107
   145
    99
   267
   338
   139
   102
   114
     3
     8
     7
     3
     8
     7
   156
   279
   268
   384
    99
   129
   166
   126
   105
   188
   106
    75
    97
   107
   244
    87
   149
    86
     0
     0
     0
     7
     8
     2
    67
   188
   365
   186
    94
   209
    55
    67
    74
    61
   122
   189
    69
   228
   143
   141
    95
    84
     0
     1
     0
     3
    15
     2
    47
   251
   277
   201
    59
    88
   111
    56
   198
   114
    91
    35
   115
   228
   438
   313
   144
   154
    10
     1
    11
     4
     3
     0
   134
   173
   497
   230
    38
   101
   143
    87
   123
    57
   100
    71
    68
    77
   182
   123
   188
   222
     6
    11
     0
     0
     7
     0
    59
   147
   485
   119
   123
    62
   127
    75
   106
    39
    60
   102
    36
    63
   234
   216
   165
   240
     7
    11
     0
     1
     0
     8
   110
   252
   438
   275
   159
   128
    77
    51
    88
    50
   113
    52
   281
   116
   130
    73
    63
   195
     8
    26
     7
    11
     7
     1
   133
   227
   316
   287
   242
   104
   111
   145
   207
   132
    75
   105
    93
   125
   274
   362
   113
   135
     2
     8
    10
     0
     8
     5
   134
   183
   411
   322
   106
    82
   107
   304
   119
    88
    82
   110
    72
   173
   165
   278
   100
    87
     0
     4
    12
     2
     0
     4
    99
   231
   369
    36
    54
   107
    96
   118
   155
   106
    59
   230
   110
   146
   120
   381
    75
    63
     5
     1
     6
     4
     1
     1
    65
   342
   336
   208
    66
   149
    64
   103
    75
    62
   141
    78
    79
   187
    81
   299
   108
    90
     0
     0
     0
     2
     9
     1
    57
   203
   524
   321
    51
    61
    84
   117
    45
    97
    89
   122
   183
   525
   424
   131
   203
    63
     0
     1
     4
     0
     0
     0
    59
   204
   567
   221
    46
    57
    76
   211
   157
    41
    78
   106
    86
   341
    99
   203
    57
    46
     7
     6
     8
     2
     5
     7
   165
   329
   261
   159
    84
    56
    59
   104
   200
    57
   105
    74
    30
    39
   167
   156
    64
    59
    17
     0
     1
    17
     0
     1
    48
   272
   300
   324
   145
    62
    73
    94
    64
   144
   242
    90
   154
    75
   209
   188
   118
   124
     4
    15
     3
     2
    11
    12
   126
   272
   279
   344
   172
   219
    58
    92
   166
    65
   112
    99
    88
   121
   372
   286
   200
   107
     3
     3
     0
     0
    10
     0
   173
   274
   233
   320
   129
    95
    38
   103
    64
    52
    81
    54
   230
    90
   112
   318
   170
    60
     0
     0
     1
     0
     0
    10
    75
   209
   456
   156
    83
   104
    36
    76
   332
   133
    98
    68
   133
   454
   154
   308
    64
    72
     0
     2
     0
     5
     0
     6
    69
   318
   150
   308
   115
   106
   136
   211
    82
    82
   142
    94
    88
   152
   218
   275
    87
   108
     0
    13
     4
     4
     7
     0
   114
   237
   294
   210
    97
    59
    48
    92
    87
    64
   203
   103
    34
    60
   260
    94
    81
   212
     6
     0
     9
    11
    13
     0
    90
   182
   361
   293
   124
   119
   119
    68
    49
   224
    67
   113
   213
   124
   147
   187
   116
    74
     6
     0
     3
     1
     6
     4
    91
   171
   489
   274
    52
    35
    96
    52
    91
   152
    88
    79
   140
   260
    96
   223
    99
    72
     9
     2
     0
     8
     0
     3
   145
   189
   455
   283
   160
   104
   172
   167
    56
   222
    73
    49
    99
   250
   407
   588
    90
    86
     2
     0
    17
     1
     5
     0
    66
   258
   422
   149
    76
   169
    44
    91
    79
    67
   104
    87
    99
   230
   153
    66
    72
   103
     0
     0
     4
     0
    22
     2
    76
   275
   346
   209
    57
   116
    82
    51
    39
    76
   125
    43
    78
   105
   107
   129
    77
    86
     7
     0
     0
     0
     5
     8
   135
   220
   339
   267
    65
    65
    40
   249
   125
    87
    54
   131
    77
   159
   267
   121
    60
    61
     0
     5
     0
     0
     2
     1
   153
   220
   282
   135
    83
    51
   134
    78
    61
    97
   102
    48
   277
   323
   193
   157
    37
   112
     0
     4
     5
     1
     0
    12
   110
   314
   157
   201
    70
   211
    51
   102
    40
   219
    83
    53
    58
    58
   230
   185
    48
    75
    13
     0
    11
     9
    10
     3
   202
   268
   338
   320
   151
    99
   102
    60
   201
   100
    63
    87
    53
   184
   229
   151
   104
    90
     4
     9
     0
     0
     7
     0
   127
   229
   372
   149
   159
    62
    65
   131
   195
    95
   116
    73
   151
   109
   356
   242
   247
   153
     7
     0
     4
     6
     0
     0
    80
   303
   257
   341
    48
    62
   154
    67
    62
    54
    89
   279
   119
    64
   280
   143
    34
    82
     5
     9
     0
    10
    11
     0
   100
   184
   464
   223
    92
    83
   121
    77
   108
   136
   107
   243
   134
    69
   210
   252
    85
    74
     9
     1
    10
     4
     6
     3
    83
   195
   349
   327
    78
   133
   103
    63
    27
    84
    49
    93
   232
    83
   259
   149
    59
    55
     0
     0
     0
     2
     0
     0
    63
   118
   413
   211
   115
   137
    83
   134
    57
    69
    44
    60
    59
   238
   226
   219
   151
    54
     0
     5
     0
     5
     0
     0
    94
    47
   399
   171
    63
    41
    80
   110
    57
    68
    75
   123
   107
    51
    87
    73
   125
    83
     0
     2
    18
     0
     3
    14
    50
   311
   375
   170
    98
    77
    64
    78
    68
    58
   101
    78
    69
   147
   525
   234
   119
    82
     7
     0
     0
     0
     0
     4
    60
   433
   201
   236
    75
    70
   116
   263
    78
   137
    84
   108
   159
    88
   138
   182
   134
   158
     7
    13
    16
     5
     5
     0
    87
   206
   312
   135
    98
   132
   114
    90
    33
    57
    50
   196
    51
   198
   238
   495
    59
   154
     0
     0
     1
     3
    13
    10
   130
   232
   272
   173
   101
   258
    33
   108
    77
   123
   190
    77
    93
   182
   247
   133
    78
    68
     0
     0
     0
     4
     0
     4
   114
   231
   269
   204
   110
    45
   101
    58
    55
   106
    95
    77
    79
    85
   411
    86
    89
    83
     0
     0
    15
     0
     3
     3
   113
   166
   249
   287
   124
   161
   111
    79
   157
    84
   100
   111
   109
    73
   181
   212
    41
    49
     0
     3
     0
     0
     0
     0
   107
   251
   476
   337
   178
    77
   155
   107
    95
    73
    42
    88
    74
    60
   116
   109
    61
   303
     0
     5
     0
     7
     2
     0
   118
   377
   446
   382
    58
    64
    69
    83
   225
   123
   112
    90
   130
   190
   285
   587
   175
    57
     6
     6
     9
     5
     1
     0
   150
   418
   308
   182
   145
    87
    69
    60
    97
    91
    77
   138
   108
   121
   136
   416
   104
    59
     0
     0
     0
     8
     0
     0
    78
   255
   258
   187
    93
    78
    48
    76
   252
    51
   214
    69
   109
    56
    82
   140
    49
    69
     1
     0
    12
     3
     4
     8
   136
   184
   275
   289
    60
   174
   109
    63
    58
   212
    55
   104
    70
    55
    94
   137
    99
    32
     2
     7
     3
     0
     7
     0
    94
   196
   460
   196
    56
   157
   219
   210
    83
    87
   117
   266
   152
   139
   275
   155
    90
   110
     1
    19
     2
    13
     0
     0
    69
    49
   387
    73
   120
    34
    76
    27
    93
    57
   214
   121
    72
   182
   239
   130
    70
   226
    15
    19
     2
     0
     2
     2
   146
   166
   555
   116
    70
   179
    55
    68
   105
    67
    59
    73
    71
   128
    53
   367
    79
    90
     4
     1
     0
     0
     0
     1
   105
   277
   195
   317
    76
    92
   145
   203
   105
    97
    87
    72
   151
    58
   322
   274
    89
    83
     0
     0
     0
    15
     0
     2
   163
   205
   407
   314
   221
   138
    99
    41
   112
   242
   105
   114
    63
   138
   200
   264
   102
   115
     6
     9
    15
     4
     3
     7
    99
   187
   261
   167
    76
   112
    76
    78
    95
    84
    68
    35
   221
   130
   248
    87
   133
    87
     5
     6
     0
     8
     0
     0
    57
   177
   404
   202
   121
   154
   109
    90
    49
    53
    33
    53
    78
    81
   231
    84
   134
    81
     0
     2
     2
     7
     7
     3
   165
   115
   217
   297
    70
    61
   124
   164
    52
    83
    58
    77
    58
   105
   154
    84
    69
   317
     6
     0
     0
     0
     6
    22
    47
   400
   484
   173
    39
    79
    67
    25
    53
    54
    54
   112
    33
   216
   192
   240
    52
    46
    19
    11
    18
     0
     2
     2
   170
   322
   129
   211
    65
   139
   132
   262
    59
    73
    90
    80
    82
    95
    33
   246
    61
    60
     6
     5
     0
     4
    18
     0
   174
   415
   347
   408
    57
    73
    68
   116
    64
    64
    76
    40
   124
   153
   131
   180
   256
    64
     0
     0
     0
     0
     0
     8
   142
   194
   324
   177
    56
   177
   140
   122
    89
   127
    82
   116
    74
   300
   226
   281
   169
   113
     0
     1
     2
     1
     6
     0
   136
   365
   270
   125
   115
    55
   115
   236
   102
   106
    48
    51
   194
    38
   146
    55
    71
    93
    15
     5
     1
     0
     0
     2
    64
   364
   313
   201
   124
    42
   260
    70
    76
    84
    68
    65
    81
   115
   162
   155
    88
   145
     1
     0
    15
     8
     2
     1
   122
   181
   403
   242
    40
    75
   230
    82
    61
    47
   200
   145
   118
    66
   302
   104
    53
    85
     0
    11
    10
     7
     5
     0
    65
   232
   489
   219
    87
    69
    88
    99
    63
   142
    84
    50
   419
   115
    95
    77
    59
   229
     5
     0
     7
     6
     0
     0
    93
   159
   345
   250
   220
    45
    39
   151
    61
   113
   127
    97
    60
    81
   118
   114
    70
    96
    16
    14
     0
     1
     0
    12
    87
   166
   265
   361
    73
    72
   142
    37
   195
    75
   243
    84
    65
   209
   113
   200
    68
   125
     1
     6
     5
     1
     0
     7
   189
   514
   290
   158
    61
    69
   115
    91
   142
   235
   104
    57
    69
    46
   266
   142
    80
    65
     0
     0
    14
     0
     0
     7
   160
   302
   370
   244
    43
   102
    49
    90
    53
    73
   101
   130
    39
    74
    99
   178
   103
    59
     5
    11
     0
     1
     0
     9
    84
   261
   244
   157
    71
    68
   151
    72
   106
   185
   205
    69
    80
    54
   218
   165
    76
    75
     0
     0
     0
     0
     0
     7
    93
   217
   360
   231
    81
    41
    69
   134
    60
    49
   101
   129
    51
    68
   144
    57
    99
   109
     5
     3
     6
     5
     0
     6
   161
   138
   123
   258
   113
    98
   150
    37
   113
    72
    57
   111
   131
    53
   133
    83
   110
    83
     0
     0
     0
     0
     0
     3
    88
   198
   173
   211
    82
    89
    97
    42
   211
    76
   185
    80
    36
   141
   217
   158
    43
   147
     0
     8
     0
     0
     5
    15
    91
   250
   378
   227
    98
   221
    84
    58
   172
   219
    94
   151
    69
    58
   329
    75
    73
   157
     2
     0
     1
     0
     0
     3
   170
   141
   165
   168
    87
   262
    92
   196
    96
   324
    76
   103
    98
    80
   153
   245
    87
   145
     0
     0
     0
     0
     1
     7
   129
   136
   292
   145
    80
    58
    78
    61
    79
    86
    95
    56
    79
    65
   461
   204
    85
    59
     0
     0
     0
     6
     0
     0
    38
   193
   288
   240
    79
    82
   250
    56
    53
   337
    59
    23
   148
    68
    67
   172
    67
    37
     1
     4
     5
     4
     2
     7
    96
   185
   198
   304
    66
    61
   190
    56
    66
    86
    35
    65
    70
    49
   123
   133
    89
    93
     0
     0
     6
     0
     0
     0
    53
   203
   439
   183
    28
   120
    75
    74
    41
    51
    41
    73
   115
    55
   314
   106
    64
   164
     3
     0
     4
     0
     1
     3
    97
   233
   148
   101
    87
    47
   100
   151
    52
   141
    68
   233
   217
   171
   138
   145
    77
    98
    11
     3
     6
     0
    11
     0
    87
   184
   257
   215
   213
    98
    99
   106
    56
   140
    70
   150
    62
   115
   304
   116
    80
    70
     0
     9
     7
     6
     0
     5
   108
    82
   258
   132
    82
   122
    50
    83
   176
   128
    70
   159
    97
    99
   383
   227
    88
    78
     0
     6
     5
     0
     1
     0
   152
   255
   177
   135
    55
    61
   191
    63
   156
    68
    86
    60
    92
   126
   205
   130
    60
    46
     0
     0
    10
     5
     2
    10
    89
   161
   277
   227
   106
   125
   109
    77
    50
   113
   191
    53
    35
   244
   172
   214
    37
    52
     0
     2
     6
     0
     0
     0
    85
   278
   209
   220
    24
    73
    40
    76
   153
    90
    92
    66
   100
    84
   337
   285
    61
   126
     8
     0
     8
     3
     0
     7
   147
    85
   340
   148
    44
   214
   110
   191
    98
   136
   104
    57
    65
   113
    38
   288
    45
    73
     3
     7
     0
     0
     0
     5
   119
   269
   398
   101
   113
    43
   112
    75
    49
    91
   131
   111
   113
    89
   203
   307
   107
    67
     9
     0
     4
     8
     7
     3
   152
   282
   459
   266
    60
   120
    86
    94
    66
    57
    89
   238
    65
   103
   407
   163
   115
   110
     4
     5
     0
     0
     1
     0
   107
   140
   346
   335
    69
    76
   260
    55
    91
    62
   157
   151
    74
    80
   313
   171
   129
    58
     0
     2
     4
     0
    12
     0
   146
   224
   305
   362
   102
    54
    65
    91
   101
    42
    45
    73
    83
    42
   157
    33
   306
    70
     7
    14
     9
     5
     0
     0
    93
   142
   189
   161
    78
    70
    57
    83
   129
   109
   229
    83
    92
    88
   231
   139
    93
   124
     0
     1
     0
     9
     4
     1
   153
   262
   472
   261
    73
   137
    57
   113
   139
   104
    81
    56
    35
    48
   269
    54
    43
    57
     3
     9
     0
     7
     0
     4
   101
   189
   299
   287
    71
   106
    63
    63
    61
   408
    56
    76
    71
   185
   421
   179
    99
    65
     2
     5
    13
     0
     0
     0
   131
   290
   312
   267
    23
    75
   225
    98
   244
    44
    73
    72
    83
    67
    62
   101
    86
    72
     6
     9
     4
     2
     4
     0
   128
   408
   229
   186
   112
    77
   159
    88
    69
   199
    63
    55
   100
    83
   121
   162
   117
   116
     0
     4
     3
     1
     0
     0
    84
   261
   476
   359
   139
   125
    59
    68
    89
   213
    36
    53
   178
   203
   300
   206
    75
   112
     7
     0
     0
     0
     1
     8
   104
   243
   390
   109
    79
    63
    54
    56
   270
   105
    65
    64
    82
    55
   305
   161
    77
   131
     5
     0
     0
     2
     4
     0
    54
    88
   440
   212
    48
   120
    57
   112
    70
   186
   100
   166
    52
   104
   103
   197
    47
    31
     0
     0
     0
     2
     7
     2
    69
   109
   231
   239
    78
    81
    76
    88
    59
    77
   127
   109
    74
    44
   178
    98
    89
    66
     7
     5
     5
     1
     0
     0
   158
   124
   139
   375
   106
    92
    59
    56
    54
   301
    54
    59
    72
   132
    68
    58
    54
    89
     0
     0
     2
     3
     1
     0
    73
   229
   360
   261
   119
   104
   125
    85
    83
   140
   113
    80
    59
   100
   255
   114
    43
    38
    14
     6
     2
     3
     6
     0
    91
   181
   189
   202
   210
    53
   128
   123
   127
    48
   103
   107
    65
   152
   206
   202
   149
    56
    12
     0
     3
     0
     3
     0
    83
   233
   389
   321
    85
   203
    71
   125
    79
   262
    72
   101
   100
    50
   146
   224
    80
    53
     0
    14
     0
     0
     0
     0
    62
   215
   291
   137
   108
    61
    74
   159
   177
   100
   114
    84
    46
    92
   136
   420
    77
    43
     0
     0
     0
     2
     3
     3
   151
   196
   372
   223
    53
   120
    84
    32
   200
    74
    66
    49
   293
    88
   240
    63
    47
    44
    15
    16
     7
     4
     7
     0
    32
   177
   285
    58
    92
    79
   110
    65
   116
   101
   121
    67
    62
    70
    70
    77
    53
    39
     0
     9
     7
     7
     0
     0
   133
   229
   280
   113
   135
    65
   103
    69
    57
   127
   181
    53
   362
    55
   575
    49
    48
    90
     0
     4
     1
     0
     5
     6
    58
    96
   291
   263
   121
    86
   131
    53
    51
    79
    75
    68
    86
   112
   205
   116
    80
    76
     0
     0
     2
     1
    14
     6
   102
   332
   459
   283
    48
    60
   233
   165
   123
    60
   138
   141
    41
   105
   194
   166
    94
    56
     5
     5
     2
     0
     0
     3
   119
   182
   222
   400
   127
   153
    64
    49
   108
    94
   117
   103
    83
   262
   180
   120
    98
   191
     3
     0
     1
     0
     1
     0
   142
   179
   294
   194
   131
   129
    54
    87
    94
    56
    86
    41
    77
    79
   291
   124
    86
   103
     5
     6
     8
     3
     0
     7
    56
   263
   359
   178
    33
    53
    64
   199
   151
   199
    45
   239
   228
   124
   140
   114
    38
    32
    21
    11
     3
     0
     3
     8
    50
   266
   231
   129
    81
    56
    99
   135
    52
   116
    81
   109
    55
   104
   309
   171
    79
   107
     2
     2
     0
     7
     7
    15
    32
   175
   400
   170
    91
   132
    34
    60
    53
    64
   192
    53
    70
    66
   237
   160
   235
    50
     7
     4
     3
     0
     2
     7
   152
   321
   306
   134
    52
   106
   131
   219
    59
   139
   150
   111
    81
    47
   175
   216
    52
    58
    12
     5
     6
     0
     0
     6
    93
   206
   259
   206
   137
    82
   128
    38
   162
   170
    80
   183
    89
   280
   276
   169
   252
   151
     1
     6
    21
     6
     0
     0
   167
   223
   431
   365
   183
    64
    91
    68
    98
   128
   122
   129
   108
    87
   369
    84
   235
    62
     1
     0
     5
     0
     0
     0
    94
   329
   384
   263
    87
    49
   193
    88
    41
    93
   115
    52
   107
    86
   176
   105
   138
    75
     4
     1
     0
    17
     3
     4
    57
   235
   408
   126
    80
    78
    51
    92
    83
    39
   151
    82
   135
    65
   202
   149
    77
    60
     0
    18
     0
     7
     8
     0
    85
   143
   229
   394
   237
    88
    44
   116
    46
   132
    70
   252
   231
   321
   158
   233
    62
   205
     4
     0
     0
     6
     0
     0
   107
   143
   205
   188
    99
    46
    37
    70
    60
   133
   118
    52
    89
    81
   202
   330
   249
    44
     6
    17
     8
     7
     0
    11
    64
   241
   451
   151
   106
    90
    78
    96
    73
    69
    67
    47
   160
   150
   203
   186
    86
    76
    18
     0
     0
     6
     3
     0
   253
   327
   330
    97
    73
   125
    83
    52
   169
    83
    99
   104
    69
   184
   109
   270
    63
    76
     6
    10
    10
     0
     1
     1
   208
   266
   380
   286
    84
    70
   120
    83
   258
   202
    96
   204
   164
   294
   221
   125
   135
   176
     0
     5
     2
     1
     0
     0
   149
   122
   210
   119
    55
    44
    60
   136
   111
   107
   179
    86
   131
    87
    53
   172
   108
    39
     0
     5
     6
     0
     3
     5
    77
   215
   250
   340
    68
    45
    37
    52
    58
    84
    51
    63
   120
    49
   238
   109
   105
    97
     3
     4
     8
     1
     3
     0
    38
   338
   367
   262
    33
    77
    71
    52
    89
    65
   243
   133
   111
    49
    70
   125
   102
    70
     7
     0
     4
     2
     3
     6
    74
   201
   317
   128
    77
    40
    78
    96
    79
    89
    71
   137
    80
   121
   109
   125
   132
    84
     2
     0
     0
     0
     2
     0
    65
   268
   285
   203
   170
   189
    79
    71
   187
    86
    67
    41
   155
   214
    85
    88
    60
   119
     6
     0
    13
     0
     9
     4
   164
   147
   487
   357
   140
   142
    79
    87
    82
   111
   111
    62
    85
   185
   202
   217
    48
    72
     0
     5
     0
    17
     0
     4
    29
   277
   107
   248
   108
   108
    68
   219
   367
    96
    67
   100
   144
   108
   260
   105
    96
    92
     3
     0
     0
    14
     0
     3
    91
   239
   134
   219
    54
    80
   132
    67
    76
    36
    96
   110
   117
   135
   147
   115
   104
    50
     5
     2
     0
    10
     0
     0
    42
   208
   129
   273
    65
    53
    55
   175
    96
    43
   186
    55
    95
   194
   216
   260
    95
   125
     0
     0
    13
     2
     1
    11
    95
   102
   325
   176
    74
    62
   142
    48
    50
    85
   113
   224
    44
   207
    77
   107
    66
    67
     0
     2
     0
     5
     0
     0
   251
   220
   375
   171
    56
    48
   150
    71
    62
    92
    52
   108
    53
   118
   166
   150
    86
    98
     1
     1
     4
     5
     0
     6
   109
    93
   363
   150
   147
    76
    57
    62
   111
    83
    73
    92
    71
   218
   163
   112
    23
    82
     0
     5
     0
     0
     0
     8
    86
   325
   427
   303
   135
    52
    61
    50
    87
   158
    78
   110
   136
   117
   277
   386
    85
    58
     8
     8
     0
     0
     5
     0
   227
   266
   198
   312
   122
    43
    81
    82
   139
    85
   255
    59
    77
   233
   142
   371
    64
   299
     0
     2
     4
     0
     0
     7
    56
   134
   305
   252
    64
    42
    66
    36
   101
    50
   209
   104
   208
    70
   176
   105
    77
    91
     8
     5
    10
     0
    10
    15
    38
   150
   194
   106
    57
    85
    80
    50
   248
    77
   133
    49
    54
    50
   260
    52
   250
    63
     3
    13
     0
     9
     4
    15
    44
   228
   384
   130
    59
    89
   201
    52
    64
    54
   103
   216
   212
   247
   271
   189
   119
    60
     6
    11
     4
     6
     0
     4
    74
   223
   318
   249
    76
   326
   176
    41
    72
    90
    73
   106
    70
    84
   189
   114
    58
    76
     3
     6
     0
     4
     5
     0
   131
   311
   340
   405
   122
   112
    84
   109
   195
    98
   120
    63
    74
   103
   240
   127
    54
   103
     3
     5
     3
     2
     7
     7
   183
   251
   243
   177
   106
    91
    89
   151
   115
    80
    51
   160
    62
   355
   314
   207
   102
   148
     5
     0
     0
    14
     4
     2
   118
   155
   583
   326
    76
    66
   110
    81
    39
   260
   103
   117
   166
    77
   272
   138
   126
    45
    13
    13
     0
    21
     7
     0
    71
   200
   291
   196
    95
    56
   241
   106
    99
    47
    88
   132
    92
   133
   156
   144
    69
    95
     0
     0
     2
     6
     0
    13
   100
   188
   215
   239
   120
    65
   208
   107
   105
    45
    89
   202
    59
    76
   230
   112
   270
   157
     5
     5
     0
     7
     8
     0
    79
   479
   371
   127
   158
    70
    55
    52
    61
    57
    57
    85
    77
   167
   200
   138
   256
    38
     4
     7
     0
     0
     4
     9
   186
   228
   368
   186
    90
   101
    67
    56
    86
    89
    93
    51
   127
    42
   291
    90
    38
    96
     6
     9
     5
     0
     0
    14
   136
   274
   381
   154
   209
    55
   101
    25
    55
    65
    45
   100
    71
    68
   239
   131
    97
    64
     5
    14
    13
     3
     0
    10
   174
   193
   405
   166
    80
   140
   155
    78
    63
    67
    79
    56
    58
    51
   294
   464
   151
    58
     8
     7
     4
     0
     0
     8
    52
   498
   475
   209
    59
   128
    73
   141
    84
   165
    86
   119
    33
    96
   371
   368
    82
   113
     7
     0
     0
     9
     6
     0
   165
   215
   214
   248
   254
   104
   103
    86
    67
    80
   100
   121
    86
    56
   272
   234
    96
    66
     3
     1
     8
     0
     5
     0
   143
   238
   333
   129
    59
    71
    60
    46
    84
    52
   213
    63
    73
   205
    85
   234
    90
    58
     4
     6
     0
     4
     2
     5
    69
   199
   217
   272
   151
   117
   177
    61
    28
   101
    67
   245
   160
   110
   141
   242
    49
    54
     2
     1
     3
     6
     1
     0
   122
   209
   326
   301
    44
    48
    44
    82
    48
    84
    39
   112
    74
    63
   310
   173
    70
    90
    12
     9
     2
     0
    15
    17
    64
   209
   200
   280
   105
    85
    57
    81
    81
   182
   106
   123
    47
    58
   137
   140
    77
   154
     0
     3
    13
     4
     0
     0
   172
   206
   267
   147
   133
    66
   141
   116
    50
    73
   111
   123
   114
   138
   105
   141
    61
   113
    13
     0
     9
     8
     5
     3
    71
   294
   370
   310
   148
    72
    67
   199
   271
    99
   247
    53
   114
   250
   102
   186
    97
   144
     6
    11
    11
     3
    13
     4
    74
   163
   373
   101
    47
   130
    29
   237
   102
    45
   138
    97
    51
    75
   331
   191
   124
    75
     3
     0
     3
     0
     3
    12
   167
   269
   261
   176
    55
   109
   254
    61
   125
   283
    33
   155
    81
    89
   247
   235
    84
    55
    10
    11
     3
     6
     5
    10
    67
   253
   288
   293
    56
   179
    55
    76
    96
   203
    76
   112
    64
   144
   146
   282
    80
   175
    10
     0
     1
    11
     1
     0
   122
   236
   478
   175
    60
   109
    86
    40
    64
   114
    44
    84
    61
    74
   247
   166
    81
    65
     0
     2
     8
     2
    12
     7
    79
   125
   249
   142
   115
   184
   124
    59
    95
    61
    50
   128
    51
    68
   256
   241
   105
   105
     0
     8
    34
     0
    13
     0
   110
   420
   400
   322
    81
    98
   106
   149
   129
   122
   114
    86
   230
   246
   181
   214
    80
   266
     1
     8
     2
     1
     3
     0
    97
   174
   212
   360
   119
   135
    80
   100
   116
    72
    98
   108
   143
    87
   154
   135
   125
    59
     1
     2
     0
     3
     0
     0
    97
   203
   409
   307
    62
    81
    76
    61
    80
    66
    93
    43
    45
    68
   288
    91
    77
    55
     9
     2
     0
     8
     0
     0
    56
   111
   495
   388
   156
   111
    99
   119
   298
   157
   211
    43
    24
    71
   148
    85
    63
    69
    16
     0
     0
     7
     0
     0
    52
   202
   393
   142
   269
    60
   173
    51
   146
    72
    89
    52
   104
   158
   239
   213
   164
    85
     1
     0
    10
    16
     1
    10
    95
   114
   323
    95
   105
   170
   124
    94
    91
   234
    82
   105
    32
   253
    86
   113
    84
    65
     0
     7
     6
    14
     2
     0
    96
    85
   522
   292
    56
    83
   276
    75
   115
    60
   101
    72
   106
   275
   329
    94
    76
    56
     8
     0
     9
     0
     9
    11
   132
   235
   332
   345
   116
   128
   111
    70
   127
    70
   104
    53
    92
   140
   243
   172
    71
   124
     4
     0
     0
     7
    10
     5
   197
   335
   385
   194
   125
    68
    37
   231
    90
   147
    37
   106
   124
   210
   224
   256
   128
   213
     8
    12
     5
     8
     2
     0
   112
   185
   327
   270
    71
    54
    72
   123
    83
    73
   206
   101
    46
    76
   438
   222
    53
    31
     0
     8
     5
     8
     8
     0
   177
   180
   217
   154
   120
    69
    45
    63
    65
   132
    51
   201
    60
   179
   177
   101
   105
    95
     8
    12
     1
    10
     0
     5
   158
   200
   472
   125
   192
   128
    71
   110
   132
    80
   145
    57
    90
   114
   415
   101
    46
    48
    10
     2
     3
     0
     7
     3
     4
    69
   113
   297
   319
    91
    84
    73
    79
   232
    40
   127
   194
    39
   116
   183
   222
    58
    57
     4
     0
     3
     0
     3
     3
   128
   285
   429
   165
    55
   110
    79
   219
   154
    98
    30
    45
    87
   138
   181
    81
    63
    48
    12
     0
     0
     5
    10
     4
   137
   243
   513
   127
   104
   113
   139
   105
   355
    83
   116
   167
   111
    79
   203
   254
    70
    67
    14
    11
     0
     1
     5
     0
    32
   432
   437
   308
   105
    91
   234
    98
    92
    58
    62
   129
   260
   171
   175
   168
   203
   106
     6
     0
    10
     2
    13
     0
    68
   197
   537
   194
    83
   108
    92
    92
    87
   107
   118
    85
    95
   107
   158
   182
    68
   184
     0
     3
     7
     0
     7
    24
    95
   255
   214
   114
    93
   138
   275
   176
   259
    52
    37
    97
    74
    78
   188
   170
    72
   154
     6
     0
    15
     7
     9
     0
   163
   172
   418
   187
   110
    95
   172
   105
   112
    75
   115
   139
    86
   185
    84
   121
    74
   155
    12
     0
     7
     0
    21
     0
   119
   170
   312
   289
    51
   122
   101
    98
   157
    76
   153
   128
   202
   227
   145
    53
    58
    44
     0
     8
     4
     0
     9
     9
   132
   240
   303
   177
    65
   100
   127
   336
   108
   269
   130
    58
    29
    75
    35
   120
    90
    66
     3
    15
     0
     7
     3
    25
   107
   200
   314
   343
   191
   157
   113
    82
   104
    83
   127
    63
   190
   331
   212
   186
   128
    77
     0
    14
     8
     0
     7
     0
   186
   343
   413
   504
   153
    79
   137
   160
   123
    55
    70
   116
   214
    96
   262
   341
   119
    82
     9
     9
     2
     4
     0
     0
   129
   132
   384
   286
    64
    89
    60
    28
    80
    27
   109
   100
    64
   121
   208
   357
   244
    85
     0
    19
     0
     0
    10
    22
   161
   330
   455
   263
   110
    93
    77
   134
    77
   221
    95
   108
   333
    53
   106
   275
    73
    86
     1
     0
     0
     0
     0
     2
    76
   260
   418
   303
   105
   246
   150
   239
   133
   224
    77
   213
    29
    93
   368
   211
   179
    33
     8
     0
    23
     6
     5
     0
   135
   290
   289
   122
    88
   128
   125
    51
    54
   125
   230
   195
   224
    89
   203
   115
    76
    80
     1
     8
     3
     7
     2
     0
   117
   192
   437
   199
    57
   106
   135
    75
   119
    77
   190
   102
    95
    56
   165
   101
    79
    98
     6
     9
     6
     0
     0
     7
    92
   296
   471
   336
   112
   128
    42
    87
    82
   242
   277
   215
   163
   114
   302
   350
    70
    62
    13
    15
    10
     9
     8
     5
   189
   194
   383
   333
    83
   263
   132
    69
    81
   120
   114
    67
    91
    92
   178
   146
   151
   127
     2
    17
    13
     5
     0
     6
    89
   206
   424
   275
   212
   156
   122
    71
   184
    71
   130
   203
    54
    62
    91
   142
   290
    58
     0
     3
     1
     5
     8
     8
    54
    82
   477
   380
   218
   117
   113
    58
    52
    59
    76
   117
    52
    87
   439
   281
    76
    39
     9
     0
    13
     9
     0
    16
    58
   191
   364
    37
    39
   170
   154
   113
   136
   121
    51
    57
    92
   102
   182
   136
   104
    55
     0
    13
    14
     0
     0
     1
   134
   226
   379
   323
    38
   212
   114
   111
   139
    55
   109
    51
    99
   101
   571
   180
   140
    72
     8
     2
     7
    13
     0
     3
    70
   226
   537
   219
   123
   116
   128
    60
    65
   137
    93
    79
   114
   121
   146
   132
   190
   110
     5
     2
    11
     0
     4
     2
   117
   391
   598
   236
    77
    76
    97
    57
    80
   115
   116
   203
   229
   129
   219
   298
    87
   130
     7
     2
     0
     9
     0
     0
   158
   247
   351
   298
    82
   125
    88
    87
    72
   206
    62
   140
   146
    68
   487
   172
   111
   129
     0
    18
     0
     0
     0
     1
   199
   254
   301
   243
   117
   105
    76
   134
   112
    91
    68
    84
    97
    83
   224
   309
   121
    85
     0
     0
     4
     0
     4
     9
    80
   351
   339
   238
    85
    70
    70
    93
   112
    50
    46
   223
    75
   118
   602
   255
   125
   157
     4
     5
     0
     7
     5
     6
    51
   323
   505
   174
    90
    47
    49
    59
   100
   135
    62
    64
    53
    77
   237
   273
   114
    70
     5
     6
     7
     0
     0
     0
    70
   279
   433
   449
   106
    99
    90
   119
    82
    33
   122
    63
    61
    58
   103
    65
   117
   150
     3
     0
     0
     2
     2
     2
    74
   233
   358
   211
   106
    50
   193
    66
    39
    85
   169
   100
    88
    71
   135
   174
    72
    94
    15
     8
     0
     0
     1
    18
   163
   351
   348
   220
   144
   141
    86
    96
   125
    85
   162
   117
   347
    79
   268
   285
    76
   131
     0
     3
     2
     9
     9
     0
   163
   286
   423
   492
   107
    63
   159
    91
   162
    89
    89
    95
   146
   226
   155
   433
   156
   123
     8
     0
    19
     0
     0
     0
    73
   201
   216
   113
   131
   162
   217
    84
   194
   110
   220
   120
   148
   152
   280
   295
   114
   159
     0
     3
     6
     6
     0
     9
    84
   344
   257
   361
    60
    79
    83
    68
   154
    89
   116
   133
   198
   195
   157
   306
   112
    83
     8
     0
     0
     0
     0
     2
    70
   271
   543
   289
    86
    85
    91
    74
    90
    42
    95
   121
   149
   108
   273
   106
    85
    68
     0
    11
     0
    10
     8
     0
    88
   221
   330
   324
   129
    87
    76
    82
   112
    32
    72
    82
   131
    75
   312
   115
   126
    84
     6
     5
    12
     5
     0
     5
   105
   313
   562
   129
    65
   164
   211
    56
    39
    60
   346
   114
    43
   222
   113
   332
   104
    59
    13
     2
    13
     3
    12
     3
    72
   314
   304
   239
    99
   216
   100
    96
   118
   132
   100
   142
    66
   120
   230
   199
   147
   105
     7
     9
     0
     0
     1
     1
   229
   279
   661
   406
   248
   172
    50
    84
   272
   151
    90
   117
    91
    61
   325
   552
    99
    81
     3
     0
     0
    17
     0
     0
    88
   139
   151
   242
    55
    52
   190
   165
   108
    94
   106
    54
    77
   109
   103
   227
    59
    54
     4
     0
     0
     4
     4
     6
   146
   146
   312
   303
    59
    60
    51
    80
   160
    67
   168
    55
   158
    67
   187
    57
    94
   132
     9
     3
     0
     8
     6
     0
    52
   240
   174
   204
   181
   118
   107
   136
    81
   134
    91
    81
    98
   110
   261
   143
    31
    63
    19
     0
     2
     1
     9
     0
    61
   125
   226
   193
   105
    65
   218
   281
   231
    75
    62
    87
    83
    91
   232
   107
   160
   118
     5
     0
     9
     0
     6
     0
   116
   288
   297
   272
    54
    79
    59
    56
   172
   129
    88
    41
   117
    64
    94
   120
    79
   162
     2
     0
     8
     0
     7
    12
   114
   446
   522
   426
   156
   133
   239
    67
   113
   256
    89
    99
   103
   220
   101
   135
   126
    92
     1
     3
     0
     0
     8
     7
   204
   210
   407
   322
    96
    77
    71
   131
    74
   233
    73
   108
    82
   323
   134
   323
   150
   218
     3
     4
     4
     0
    16
     5
    69
   306
   439
   367
    77
   128
    96
   122
    62
   100
    82
   121
    88
   161
   189
   244
   185
    87
    11
     6
     0
     9
     6
     4
   125
   266
   460
   335
   105
    82
    78
    72
   212
   117
   214
    85
   100
    80
   130
   190
   116
    96
     5
     7
     0
    14
     8
     0
   146
   127
   350
   171
   144
    74
    77
    76
   168
   114
    96
    51
    91
   225
   155
   117
    79
   145
     0
     0
     3
     6
    13
     8
   129
   206
   559
   134
    36
   181
    40
    67
    95
    91
    85
    54
    98
   244
   240
   125
   110
    64
    11
     1
     0
     4
     0
     0
   113
   214
   161
   245
    91
   113
    45
   114
   113
   102
   138
   166
    39
    79
   151
   275
   192
    60
     9
     3
     8
     4
     5
     0
   210
   478
   425
   335
    77
   141
   142
   140
    90
   168
   267
    87
   105
   212
   289
   182
    82
   103
     0
     2
     0
     7
     3
     0
   117
   393
   373
   287
   102
   393
   123
   150
   271
    93
    81
   163
   115
   117
   282
   246
    67
    81
     0
     5
     0
     0
     6
    12
   140
   261
   403
   178
    62
    62
    81
   121
    43
   110
    54
   178
   204
   366
   164
   252
   148
    70
     0
     0
     0
     7
    12
     9
   134
   181
   464
   226
    74
   138
   238
   102
    57
    75
   133
    76
    65
   123
    90
   134
   107
    79
     3
    14
     3
     0
     5
    14
    83
   272
   426
   228
   103
    35
    80
   112
   151
    59
   233
   186
   105
    80
   335
   165
   120
    91
     0
     0
    21
     0
     1
     2
   164
   232
   241
   251
   188
   214
   103
   104
    80
    95
   131
   122
    70
   241
   134
   126
    86
    48
     0
    11
     5
     1
    10
     0
   106
   239
   342
   155
    71
   237
   114
    80
    72
    81
    91
   136
   112
    75
   283
   140
    53
   147
     3
    16
     0
     9
    10
     7
    91
   327
   403
   266
   164
    88
    93
    79
   183
    57
   130
    77
    55
    63
   273
   275
   123
    89
     7
     6
     0
    10
     0
     0
   164
   430
   377
   246
   136
   153
    74
    97
   238
   156
    98
   125
   118
   246
   425
   108
    90
   115
     0
     4
     0
    11
     3
     1
    64
   197
   469
   312
    44
    90
    90
    93
   104
   412
    57
    86
   151
    94
   326
   122
   113
     0
     0
