    14
     0
     0
     0
     0
    25
    23
    45
    43
     8
     0
     9
     2
     9
    21
    21
     1
     6
    11
   161
    64
    20
    10
     0
     2
     0
     0
     0
     0
    28
    61
    21
    54
     7
     4
    11
     6
    12
    35
    15
    17
     3
    12
    11
    10
    14
     4
     0
     0
     0
     0
     0
     0
    41
    56
     7
    96
    11
    31
    17
    33
    10
    11
     4
     1
     1
     6
    57
     1
     0
    16
     0
     0
     0
     0
     3
     0
    46
    22
    26
    52
     7
    11
    12
    15
   148
    15
    24
    15
     9
     6
    11
    16
     1
     8
     0
     1
     0
     2
     0
     0
    59
     7
   130
     7
    14
    54
     9
    22
     0
    12
     7
    21
     7
     3
    12
     6
     3
     5
     0
     0
     0
     0
     6
     0
     5
     9
    58
    31
    11
    13
    13
     7
     4
    11
    26
    16
     8
   150
    46
     9
    11
    10
     0
     0
     0
     0
     0
     0
    14
    50
    72
    48
     8
    11
     4
     7
    15
    18
    20
    12
    33
     3
    52
    55
    70
    11
     0
     0
     0
     0
     9
     0
     0
     3
    84
     2
    21
     6
     1
    16
     8
    12
    11
    25
     1
    41
    46
     4
    28
    18
     0
     0
     0
     0
     0
     0
    22
    73
   135
    16
     8
    24
     0
     8
    12
    14
    14
    64
    42
    16
    45
    22
     5
     6
     0
     0
     0
     2
     0
     0
    22
    12
   102
    94
     7
    96
    14
     6
     8
    10
    20
    11
    23
    21
    12
     6
     9
    15
     0
     0
     3
     0
     0
     0
    25
    34
    21
     2
    47
    22
    20
    18
     8
     6
    12
    18
    12
    10
    42
     3
     8
    13
     0
     0
     0
     0
     0
     0
    16
     8
    89
    58
     1
    24
    16
    10
     7
    13
    16
     6
     9
    14
    29
     2
    45
    24
     0
     0
     0
     0
     1
     0
    23
    53
    63
    55
    20
    13
    20
    17
     2
   150
    15
     3
    11
    20
    17
    23
    15
    30
     0
     0
     6
     0
     0
     0
    16
     6
     5
    56
    19
    25
    14
    21
    34
     0
     9
     2
    51
    27
    45
     8
    52
     7
     3
     0
     0
     0
     4
     5
    38
     1
    62
    89
     9
     8
    11
    14
    29
    23
     0
    17
    15
    20
    44
    19
    47
     5
     0
     0
     0
     0
     0
     0
    39
    48
    14
   144
    17
     2
    16
    57
    53
    13
    13
     1
    23
     7
    12
    12
    10
     7
     0
     0
     0
     0
     0
     0
    17
    21
     5
    74
    14
     3
    14
    60
     3
    41
     0
    11
     9
     0
    13
    24
    16
    22
     6
     8
     3
     2
     0
     0
     0
    23
    12
    46
     0
     4
     5
    43
    10
    12
     3
     7
    15
    16
     1
    10
    13
    13
     0
     0
     0
     0
     0
     0
     8
    49
    40
    23
    44
    18
    13
    42
    22
     4
     9
     6
     5
    21
    90
    18
    20
    16
     0
     0
     0
     0
     0
     0
    15
    10
    15
    55
     8
     9
     5
    16
    19
    53
     5
    18
     8
     8
   153
    17
     3
    14
     0
     0
     0
     0
     2
     0
    13
    19
     9
    70
    14
    14
     3
     9
    60
    25
     0
    17
     7
     6
     7
     6
    16
    26
     0
     6
     0
     3
     0
     0
     6
     0
   127
    44
     5
     8
    25
    13
    20
    11
    26
    16
     8
    14
    19
     0
    12
    13
     0
     0
     0
     0
     0
     0
    17
    25
     1
    65
     9
    46
     9
    29
    14
    24
    19
     3
    14
     8
    34
     1
     9
    26
     0
     0
     0
     0
     0
     0
     9
    11
     4
    16
    18
    13
     0
     5
    16
     8
    18
    53
    48
    13
     7
    51
    16
    12
     1
     0
     0
     1
     0
     5
    10
    88
    51
    98
     6
     9
   136
    13
    49
     9
     5
     7
    12
    60
    22
   134
     5
    17
     0
     0
     3
     0
     6
     5
    18
     6
    43
    19
     4
     0
    14
    44
     5
     9
    48
    22
    30
     4
    47
     3
    20
    16
     0
     0
     0
     0
     0
     0
    21
    10
     8
    90
    45
    10
    13
    16
    22
    14
    16
    22
     8
    15
    25
    15
    82
    11
     0
     0
     0
     1
     0
     0
    13
    61
    90
    51
    18
     7
    15
    10
    11
     0
    16
    11
     3
    10
     8
    11
    19
     1
     3
     0
     0
     0
     0
     7
    14
    48
    98
    33
    11
     9
     7
     5
    15
    21
    12
    15
     6
     0
   165
    51
     9
     1
     0
     0
     0
     0
     1
     0
    10
    59
    46
    11
    19
   201
    20
    12
     4
    11
    12
     6
    10
    10
    56
    18
    27
     3
     0
     0
     0
     0
     0
     0
    18
   104
    11
    30
     2
     4
    10
     4
     4
   146
    63
     5
    11
    12
     2
    14
     4
    12
     0
     0
     7
     0
     0
     0
    13
    17
   102
    41
    13
     5
    11
    21
     6
     1
     4
    11
    10
    93
     6
    77
    43
     3
     0
     4
     0
     0
     0
     0
     8
    96
   102
    56
    28
     3
    11
    16
     4
    18
     8
    26
    21
    52
   144
     2
    40
    14
     0
     0
     0
     0
     0
     0
    35
    45
    99
    16
    18
    31
    59
    20
    12
     0
    20
    14
    26
    52
    18
     9
    10
    19
     0
     1
     0
     0
     0
     0
    53
    91
    63
     8
    25
    16
     9
    12
    12
     9
     0
    62
    18
     9
     6
    22
    18
    55
     0
     1
     0
     0
     5
     0
     9
     4
     1
    58
     3
    18
    17
    45
    26
    10
    17
    16
    15
    11
    16
    52
    16
     6
     2
     0
     0
     0
     4
     0
    33
    18
    16
    78
    62
    13
    10
     2
     3
    14
     5
    21
    57
    12
    48
    25
    13
    19
     0
     0
     0
     0
     0
     0
    25
    12
    68
     9
    12
    17
    10
    26
     8
    18
     9
     2
    21
    12
   146
    51
    47
    15
     0
     0
     0
     0
     0
     0
    31
    97
    44
     4
    20
     3
     7
    13
    49
    19
    47
    31
    18
     9
    50
    12
     5
    19
     0
     0
     0
     8
     0
     0
    32
    18
    54
    28
     8
    21
     0
     6
    14
    35
     7
     5
    16
    14
    12
     7
    15
    17
     0
     1
     0
     0
     0
     0
    10
   116
    45
    46
    13
     9
    12
     3
     2
     6
    48
    26
     6
     4
   150
    36
     9
    25
     0
     0
     0
     7
     0
     0
    45
    29
     3
    50
    18
    19
    16
    15
    43
    22
    11
     4
    18
    10
   236
    56
    15
    10
     0
     5
     0
     9
     0
     0
     9
    57
    10
    15
    14
    12
    40
     6
    25
     3
    13
    13
     5
    48
     8
     5
     7
    39
     0
     0
     0
     0
     0
     0
    59
    60
    45
    51
    58
    49
    27
     6
    13
     6
    25
   141
    23
     4
     4
     7
     6
    65
     0
     0
     0
     0
     1
     1
    16
    86
   102
   106
    60
    20
     9
    15
    66
   144
     6
     9
   145
    13
    10
    11
     0
    11
     4
     0
     2
     0
     0
     0
    18
   100
    44
    42
    19
     4
    55
     8
    19
    31
    11
    26
    43
    37
    49
     8
     8
    44
     0
     0
     0
     3
     0
     0
   101
    17
    95
    26
     6
    13
    28
    75
    28
     8
    11
    12
    47
   132
   149
     5
    14
     7
     7
     0
     0
     0
     0
    10
    51
    63
    55
    63
    40
    57
    32
     3
    20
     0
    17
    16
    28
    33
    53
    17
    17
    13
     1
     0
     0
     0
     0
     0
     9
    46
    66
    58
    11
    20
    12
    11
    13
    24
    44
    21
    15
    27
    49
    51
    10
    12
     0
     0
     0
     0
     0
     0
     8
     4
    90
    95
    14
    15
    16
    44
     8
    18
    14
    15
     7
     5
    30
    17
     6
    20
     0
     0
     0
     0
     0
     0
     3
    58
    50
     4
    11
    55
    20
     6
    11
    12
    26
    10
    12
    19
    19
    13
    15
     0
     0
     4
     0
     0
     0
     0
    20
     5
     7
     5
     9
     1
    52
    22
    12
    17
    77
    11
    11
     7
    48
   186
    15
     4
     0
     0
     0
     5
     0
     0
    20
    12
    95
     6
    10
    17
    15
    16
    29
    20
     4
    12
     8
     2
     0
    56
     3
     0
     0
     0
     0
     0
     2
     0
     4
    27
    22
    62
     3
    18
    31
    20
     0
    12
    13
     2
    17
     0
    58
   150
     0
     6
     0
     0
     0
     6
     0
     0
     5
    82
   132
    50
    16
    36
    15
    21
    19
     9
    26
    16
    11
     7
    44
     3
    11
    28
     0
     6
     2
     2
     0
     0
    11
     4
    23
    42
    10
    13
    17
    12
     4
   156
    23
    18
    32
     3
    20
    12
    12
    25
     0
     0
     0
     1
     0
     0
    12
    22
    19
    25
     2
     8
     2
    18
     1
     3
    62
    29
    15
    45
    12
    32
    24
    16
     0
     0
     0
     0
     0
     2
     8
    10
     9
    56
     3
    18
    55
    21
     2
     4
     5
    10
    22
    19
     7
    13
    18
    23
     0
     0
     0
     0
     0
     0
    20
    19
    51
     7
     5
   149
     7
     8
     9
     5
     1
    11
    62
     0
     1
     4
    30
     5
     0
     0
     0
     1
     6
     0
    53
    86
    95
    87
     4
     4
    40
    12
    10
    15
    10
    15
     6
    48
    18
    98
    14
    11
     0
     0
     2
     0
     0
     0
    19
   184
    58
    55
    12
    23
     1
    10
    16
     9
    14
    10
     8
    13
     0
    11
     4
     0
     0
     0
     0
     0
     0
     0
    24
     9
    47
    25
    12
    25
     2
    10
    11
    13
    14
    15
    11
    61
    46
    53
    32
    11
     0
     0
     0
     0
     8
     0
     7
    50
    67
     1
    15
    30
     7
     7
     3
     2
     4
     2
    22
   148
    11
    21
     1
     6
     0
     0
     0
     0
     0
     0
    24
    14
    43
    29
     7
     0
    18
     9
     7
     4
    15
    20
     7
    17
    59
    73
    15
     6
     0
     0
     0
     0
     0
     0
    18
    84
    84
    10
    20
    13
     3
    16
    54
    28
    13
     5
    21
     8
    27
    15
     8
     3
     0
     4
     0
     0
     0
     0
    11
    47
     9
     7
    16
    15
    11
    15
    53
    17
    21
    17
     0
    21
     5
    52
     9
     9
     6
     0
     0
     0
     7
     9
    49
    52
    53
    43
    52
    13
     6
     0
    26
     6
    27
    26
    60
    13
    44
    24
    22
    13
     0
     0
     0
     4
     0
     0
    47
    44
    15
    49
    18
    25
     3
   146
     7
    18
    16
    23
    10
     9
    55
    48
    11
     3
     0
     1
     0
    10
     0
     1
     0
     0
    59
    90
    14
    15
     7
    19
    29
    13
     6
    47
    19
    20
    72
   149
     6
    65
     0
     4
     0
     0
     0
     0
    21
    14
   107
    46
    31
     9
     3
     4
    15
     7
    15
    19
    30
   145
    44
    72
     8
    28
     3
     0
     0
     0
     0
     0
    23
    15
   156
     5
    18
     5
    21
    17
    29
     2
     8
     7
    51
    19
    55
     7
     8
    10
     0
     4
     0
     0
     0
     0
    28
    83
    87
    83
     5
     6
    22
    46
    10
    23
    10
     6
    47
     3
     6
    18
     3
     9
     0
     0
     0
     0
     0
     0
    16
     0
   102
    53
    10
    62
     2
     8
     8
    54
     3
     8
    25
    21
    81
     7
    14
    23
     0
     0
     3
     0
     0
     0
    14
    21
    96
     2
     4
     7
     2
    23
     0
     6
     9
    23
    82
   144
    18
    10
    21
    29
     0
     0
     0
     0
     0
     0
    29
    86
    42
    90
     4
    17
    13
     3
     6
     8
     3
     0
     9
    19
    10
    11
     8
    33
     0
     0
     0
     0
     0
     0
    23
    51
     5
    18
     5
     3
    58
    20
     6
    16
    22
    60
    18
    56
    53
   129
    55
    23
     0
     0
    10
     0
     2
     4
   106
     7
    13
    10
    13
     4
    16
    10
    35
    22
    11
     9
    20
     5
    16
     9
    18
     5
     0
     0
     0
     0
     0
     0
    15
    60
     0
     8
     9
     4
     5
    41
    17
     5
     8
    30
    50
     1
    15
    11
    13
     2
     0
     0
     0
     0
     5
     0
     8
    84
    21
    12
    19
    26
    10
    50
    61
    13
     4
    48
    14
    18
     5
    13
    19
    62
     0
     0
     0
     0
     0
     0
     5
    36
    10
    25
    12
    32
    12
    16
    33
    13
    20
    11
    64
     7
    20
    10
     8
    11
     2
     0
     0
     0
     9
     0
    35
     7
     6
    26
    13
    12
    11
    16
    51
     5
     5
    11
     9
    11
     3
    49
    14
    11
     0
     0
     0
     7
     0
     0
    47
    93
    67
     6
    13
     9
    18
     6
     5
     3
    18
     4
     0
    29
    51
     7
     5
     7
     7
     4
     1
     0
     0
     8
    23
    20
    14
    76
    15
    51
    44
    10
    14
    23
     7
    15
     6
     5
    13
     7
    24
    12
     0
     0
     6
     0
     0
     0
    24
    46
   130
    66
    13
    23
    12
    44
    11
     9
    13
    10
    18
     0
   181
   164
    19
     3
     0
     0
     0
     0
     1
     0
    15
   100
    88
     0
    67
     8
   143
     7
    11
     5
    13
    11
    54
    26
    28
     9
     1
    13
     0
     0
     0
     0
     0
     0
    26
     4
    84
    79
    21
    11
    15
    67
    17
    22
    23
    49
     5
     5
    17
    20
     7
    18
     0
     4
     0
     2
     0
     0
    22
    18
    18
    96
    20
     3
    23
    16
    10
   143
    13
    20
     6
    12
    15
     3
     6
    10
     0
     0
     3
     0
     0
     0
    13
    34
    48
    49
     0
    12
     9
   151
    46
     8
     9
    22
    22
     8
   179
     7
     0
     8
     0
     0
     4
     7
     0
     0
    11
    93
    21
    50
     8
    16
    55
    49
     7
    19
     5
    13
    17
     8
    18
    44
    24
     0
     0
     0
     0
     0
     0
     0
    17
    97
    19
    13
    17
     5
    46
     4
    18
    11
    54
     2
    21
     8
    15
   202
    15
     6
     3
     4
     0
     0
     5
     0
    60
   147
    23
    16
    14
     3
     8
    18
     9
    18
    11
     1
    13
     9
     9
     0
    12
     0
     0
     0
     0
     0
     0
     0
    49
    57
    54
    24
     4
     9
    24
    62
    17
    13
    19
    43
    18
     3
    53
    46
     3
     0
     0
     0
     0
     0
     0
     2
     5
    66
    88
     2
    24
     5
   150
     0
     8
    10
     6
     3
     1
   155
     4
    12
    23
     0
     0
     0
     0
     0
     0
    26
    96
    88
    15
    10
    10
    17
     7
    30
    13
    21
    11
    40
    42
    29
    49
    10
    43
     9
     0
     0
     0
     0
     0
    12
    60
    10
    53
     8
    11
    14
     1
    21
     8
    10
    10
    18
     7
    11
    49
    13
     7
     0
     0
     5
     0
     0
     0
    13
     8
    50
    47
    60
     0
     6
    14
     1
    27
     0
    11
    13
    41
    25
     8
    10
    21
     0
     4
     0
     3
     0
     5
    47
    90
    64
    44
    10
    20
    20
    62
    17
    13
     4
    11
    10
    12
    10
     7
     3
     0
     0
     0
     0
     0
     0
     0
     9
     6
    61
    27
    65
    20
     3
     7
    11
    14
    26
    15
    10
     7
   144
    18
    16
    21
     0
     0
     0
     1
     0
     0
    16
    11
    52
    11
     2
    46
    32
    12
    10
     0
    20
    11
     4
    65
   153
    48
     8
     4
     7
     0
     0
     0
     0
     0
     1
     7
    54
     7
    17
    12
     9
    27
    12
     1
     7
    10
    16
    15
    69
   102
    44
     9
     0
     0
     0
     0
     0
     0
    58
    16
    44
     7
     1
    14
    15
     4
    15
    24
    12
    11
    13
     6
    15
    45
     9
    23
     0
     0
     0
     3
     0
     0
    18
    15
    14
    48
     2
    13
    26
    26
     6
    10
    21
     2
     4
     0
    46
     0
     8
    18
     0
     0
     0
     0
     0
     0
    24
   101
    48
    55
    19
     6
     8
    10
    23
    14
     4
    20
    18
     1
    24
    12
    11
     5
     0
     0
     0
    10
     0
     0
     2
    14
     5
    14
    26
     2
    10
     7
    15
     3
     1
    14
     9
    13
     1
    23
    14
    13
     0
     0
     1
     7
     0
     6
    30
     9
    10
    47
     0
    11
    17
    14
    20
     1
    15
     5
    29
    15
    51
    57
    15
    10
     1
     0
     0
     0
     0
     0
    10
    47
    56
    49
    13
     0
     6
    12
    18
     5
    40
    20
    61
    15
    23
    24
     0
    50
     0
     0
     0
     0
     0
     3
     1
    61
    13
    46
    16
    50
    54
     0
    10
    18
    16
    11
    26
    15
    52
    13
    43
    11
     0
     1
     0
     0
     0
     0
    17
     3
   137
     5
    15
   159
     6
    22
    19
    12
    13
     5
    21
     7
    17
    41
    14
    48
     0
     0
     0
     0
     3
     0
    48
    53
    84
    27
     7
    19
     9
     2
    21
     4
    21
     2
     6
    19
    17
    15
     8
    64
     0
     0
     0
     0
     1
     0
    22
    49
    13
     7
     2
     7
     1
    32
    39
    49
    12
     8
    15
     8
    18
     4
   140
     6
     0
     0
     0
     0
     0
     0
    27
     9
   120
    27
     9
    10
    26
    11
    33
    13
     2
    11
    45
    11
    16
     6
     1
     8
     0
     0
     0
     0
     0
     0
    20
    45
    56
    64
     4
     6
    16
    11
    20
    11
    11
    13
     7
     0
    16
    34
     0
    10
     0
     1
     0
     0
     0
     0
     6
    48
    23
     8
    10
     5
     9
    12
    38
     0
     6
    16
    57
     4
    19
    63
    16
    15
     0
     0
     0
     0
     0
     0
    32
     4
    12
     9
    10
    17
     0
    11
    15
     4
     8
     4
     8
     1
     7
    50
    15
     8
     0
     0
     4
     0
     0
     0
     6
    10
    57
     8
    14
    14
    12
     0
    13
     9
    10
    10
     5
     4
    79
    43
     6
    22
     0
     5
     0
     0
     0
     0
     5
    55
    95
   127
    12
    39
    22
     2
    21
    15
    42
    45
    14
    10
    55
    49
    20
     0
     5
     0
     0
     0
     0
     0
    35
    55
    42
    10
     0
    12
    44
     8
    18
    30
    41
    21
    19
    51
    11
     7
    22
    52
     3
     1
     0
     0
     0
     0
     8
     9
    75
    14
    29
     9
     5
    43
    15
     9
    21
    11
    58
    38
    97
     0
    11
    14
     0
     0
     0
     0
     0
     0
    34
     5
    23
    16
    14
     9
    13
    28
     8
    10
    15
    27
    22
    23
    55
    23
     2
    14
     0
     0
     0
     0
     0
     0
    14
    89
    53
    10
    15
    22
    21
    13
     9
    14
    13
     3
     6
     3
    57
     4
    16
    11
     0
     0
     0
     0
     0
     0
     7
   130
    85
    74
    14
    19
    12
     7
     4
     6
    13
    22
    10
     8
   237
    57
    13
     0
     0
     0
     6
     4
     0
     0
    55
    51
    88
    26
    18
    14
    13
    14
    21
     0
    16
    18
     0
    16
    25
    11
     0
     9
     0
     0
     0
     0
     0
     0
    27
     5
    11
    18
     2
    19
   164
    12
     6
     8
     5
    10
    33
     0
    92
    53
    18
    11
     0
     0
     0
     0
     0
     0
    60
    49
    41
     3
     0
     5
     9
     1
     0
    32
    16
     4
    10
    45
   153
   102
    17
     6
     0
     0
     1
     5
     3
     0
    10
    96
     0
    34
     1
    12
     8
    15
    15
    36
     7
    17
    13
    67
     4
    48
     7
    17
     0
     0
     0
     1
     0
     0
    53
   114
    98
    76
    57
     5
    12
    15
    12
    13
     0
    23
     6
    47
    10
     7
    31
     0
     1
     0
     0
     0
     0
     0
     6
   116
   133
    85
    47
    23
    59
    26
     7
    54
    13
    16
    14
    45
     6
     0
     8
    18
     1
     5
     0
     2
     0
     4
    46
    97
   132
    48
    16
    12
    17
    15
     0
    19
    10
     9
     9
     1
    14
     7
    12
     3
     0
     0
     3
     0
     5
     0
    33
     5
    86
    59
     9
     8
   148
     1
    10
    12
     5
     4
    10
   192
   148
     1
     7
    18
     0
     0
     0
     0
     0
     7
     1
   107
    47
   101
    41
    19
     5
     1
     1
     8
    14
     1
    19
    23
    20
    44
     6
    21
     1
     0
     0
     0
     0
     0
    18
    15
    44
    49
    44
    17
     7
     9
     1
    11
     9
     8
    11
    25
    55
    15
     6
   147
     0
     3
     0
     1
     0
     0
     5
    56
    23
     4
    15
    15
     9
     0
    19
    19
     4
    23
     6
     3
    27
     3
    29
     0
     2
     0
     0
     0
     0
     0
     3
    26
    14
     7
     6
     2
    26
    13
    12
     3
     5
    16
     6
    36
    34
    44
    20
    19
     0
     0
     0
     0
     0
     0
    22
    86
    44
    99
     8
     3
     9
    18
    18
    32
     8
     8
     9
    13
    25
    11
    23
     5
     0
     0
     0
     0
     0
     0
    58
     2
    65
    48
    30
    13
    27
    16
     2
     8
     7
     5
    15
    17
    43
     9
    10
    24
     0
     0
     0
     0
     0
     0
     9
     0
    48
    83
     4
    16
    74
     2
     2
     0
    15
     9
     1
    21
     3
    77
     8
     7
     0
     0
     0
     0
     0
     0
    13
    11
    16
    41
    16
    39
    14
     0
    18
     7
     4
    20
    13
     7
    47
    21
     2
    10
     0
     0
     1
     0
     0
     0
    22
     1
    47
     4
    15
    19
    19
     5
     9
    11
    23
    12
     6
     5
     6
    34
    10
    17
     0
     0
     2
     0
     0
     0
    33
    91
    48
    44
    10
    35
    10
     1
    13
    12
     7
    32
    19
    57
     3
     6
    40
    19
     2
     0
     0
     0
     0
     2
     0
    11
    11
    56
    21
     0
     2
    14
     8
    18
    82
     3
    12
     6
    66
    12
     9
     0
     0
     0
     0
     0
     0
     0
    68
    41
   133
     2
     0
     3
    25
    56
    13
    46
    10
     1
    13
   142
     3
    55
     3
    14
     6
     0
     7
     0
     0
     0
     0
    90
    86
    91
    19
    21
    11
     8
     9
    12
    13
     3
    17
     6
     8
   175
    21
     4
     0
     0
     0
     0
     0
     0
     4
    22
    10
    47
     3
     8
    47
     0
    17
     2
    17
     9
    11
    14
    53
    10
    14
     4
     0
     0
     8
     0
     0
     0
     5
     3
    13
    13
     8
     9
   151
    19
    46
   155
   162
    27
     1
    14
    44
     0
    15
    10
     0
     3
     0
     0
     0
     0
    18
     2
    10
     8
     8
     4
    10
    16
     0
     1
     6
     4
    15
     6
     7
    19
     3
    14
     0
     0
     0
     0
     0
     0
    16
    38
   172
    17
     5
     7
    17
    15
     2
    18
    56
    17
    14
    56
   100
    45
     7
     0
     0
     0
     1
     0
     0
     0
    14
     9
    87
    16
     6
    11
    11
    16
    25
    23
    19
    11
    17
    52
   146
    41
    26
    19
     0
     0
     0
     0
     0
     0
    52
    13
    48
     2
    15
    10
    23
     2
    13
     6
     7
    17
    15
     4
    53
     5
     7
    16
     0
     2
     0
     0
     0
     0
     2
    48
    42
    14
    21
    23
    13
    18
     6
    16
    12
     0
    19
    24
    12
     2
    21
     9
     0
     0
     0
     0
     0
     0
    88
    19
    99
    54
   160
    15
     3
    12
    10
     4
     6
    14
   191
    11
   186
     4
     9
     7
     0
     0
     0
     0
     0
     0
    68
    51
    92
     2
     4
    14
    42
    11
    14
    12
     5
     6
    17
    19
    27
    60
    18
    41
     0
     0
     0
     0
     0
     6
    49
     7
    13
     7
     6
    37
     8
     4
    11
    13
    19
    44
     0
     7
    47
    34
    10
     6
     0
     0
     0
     0
     0
     0
    32
    27
   120
    16
    15
    30
     6
     5
     6
     5
    22
    22
     9
    16
    14
    26
    29
    17
     0
     0
     0
     7
     6
     6
     9
    51
    18
   132
    17
     6
    17
    25
    20
    15
    22
    10
    22
    12
    22
     4
     9
    47
     0
     0
     8
     0
     7
     6
    38
    41
    20
    21
    11
     8
    13
   158
    19
    14
    15
    16
    14
    17
    86
     5
    13
    10
     0
     0
     0
     0
     0
     0
    18
    18
     5
    44
     2
     7
    21
    55
    22
    14
    11
    10
    15
    13
     2
    45
     3
     1
     7
     0
     0
     0
     0
     0
     3
    87
    48
   124
    27
    35
     2
     0
    29
     2
    61
    10
    12
     6
    53
    56
     3
    11
     0
     0
     0
     0
     0
     0
    29
    14
    45
   189
   100
     6
     6
    10
    16
     1
     9
    14
     2
     7
    53
   163
    21
    28
     0
     0
     0
     0
     0
     0
     0
    42
    46
     8
    18
     0
    17
     6
     7
     8
    14
    13
     7
     3
    22
    23
    15
     5
     4
     0
     0
     0
     0
     0
     4
    99
    18
    62
     2
    11
    32
    18
    15
    59
    14
     8
     9
    94
    95
   101
    12
     0
     0
     0
     0
     2
     0
     0
    22
     0
    53
    87
    12
    20
     9
    21
    15
     5
    25
    41
    47
    20
    16
     8
     9
     8
     0
     4
     0
     0
     0
     1
     4
    42
    85
    19
    16
     8
     3
     7
    45
    16
     7
    22
    10
    13
     9
    42
    45
    11
     5
     0
     0
     0
     0
     0
    47
     8
    43
    69
    13
     7
    11
    18
     0
    20
    29
    28
     4
    16
    49
     0
    11
    13
     0
     0
     0
     0
     0
     8
    47
     6
    47
    13
    13
    49
     9
    30
    17
    16
     6
    17
    11
    58
    20
    13
     0
    55
     0
     0
     0
     0
     0
     0
    10
    50
    26
    48
    44
     6
     9
     0
     7
    12
     1
     7
    10
    26
    12
     0
    21
    15
     0
     2
     4
     0
     0
     0
    20
    16
    85
     6
     8
     2
    45
    10
     0
    11
    50
    19
    17
    53
    10
    13
     8
    17
     0
     0
     0
     0
     0
     0
    14
    59
    62
    56
    42
    11
     4
    11
    10
     0
     2
     3
     4
     8
    48
     6
     7
     3
     0
     0
     0
     0
     2
     0
     7
     4
     2
     7
    55
    18
    11
    15
    23
    16
     0
    15
    21
     0
     1
   195
    15
     5
     0
     0
     0
     0
     0
     0
     5
    48
    99
    39
     5
    11
     9
    47
     8
    15
    13
     3
    11
    22
   148
   158
    11
    23
     0
     0
     0
     0
     0
     0
     3
     1
     5
     7
    15
     4
     7
     9
    22
    10
    14
    16
   109
     1
    87
     1
    17
    18
     0
     0
     9
     0
     0
     0
     9
    39
   138
     5
     9
    37
    14
     8
     3
     0
    16
     8
     0
    51
     5
    10
     4
    16
     0
     0
     0
     0
     0
     7
    14
    85
   130
    45
    17
     3
     4
     5
    20
    11
     7
   156
     0
    12
     4
     9
    22
    45
     0
     0
     4
     0
     0
     0
     7
    52
    44
     6
     0
    53
     2
    12
     8
     7
    14
   153
    23
     7
    48
    57
    15
    10
     3
     0
     0
     8
     0
     1
    19
    10
     8
    44
    41
    18
    17
    54
    11
    10
    26
    11
    15
    13
    18
    18
    10
     3
     0
     0
     0
     0
     5
     0
    10
    61
    60
     0
    12
     3
    14
     9
     8
    53
    19
     1
    39
    11
    25
    54
    32
    22
     0
     0
     4
     0
     0
     2
    11
    48
    85
     6
     0
     0
   150
    12
    16
     7
     1
     8
    12
     5
     5
     9
    38
    13
     0
     0
     0
     0
     0
     0
     5
    49
    14
    21
     9
    39
    11
    10
     2
    19
    15
     0
     3
    18
    17
     8
     0
    15
     0
     0
     0
     0
     0
     2
     8
    10
    60
     5
     1
     6
     5
    19
    11
    11
    15
   143
    54
     3
    25
    48
    31
    13
     0
     0
     0
     0
     0
     0
    27
     1
     8
    42
     6
     8
    15
     4
    17
     6
     5
    13
    17
     7
     5
     0
    19
    10
     7
     0
     0
     0
     0
     0
    11
    12
    62
    43
    11
     2
    15
     0
    10
     6
    18
     1
     9
    52
    40
     4
    20
     6
     0
     0
     0
     7
     0
     0
     8
    81
     1
     5
    16
     5
    11
     9
    10
    11
     8
     7
     0
     5
    12
     4
    11
    11
     0
     0
     0
     0
     0
     0
   109
     3
    92
   100
    19
    15
    15
    52
    11
     8
    15
     6
    12
     5
    47
    59
    38
     4
     9
     0
     0
     5
     1
     3
    11
    52
    19
     6
    16
    16
    14
    14
    12
    21
     4
    17
    28
     7
    30
     4
    50
     6
     0
     0
     0
     0
     0
     0
     8
     8
    79
     3
    13
     2
     6
    45
     0
     5
    11
     2
     5
    64
     4
     4
    12
    11
     2
     0
     0
     0
     0
     0
     7
    19
    44
     0
    59
     2
    43
    19
     6
    10
     0
     2
     9
    18
   188
    13
    13
    19
     0
     0
     1
     0
     0
     0
    16
    17
    53
    67
    11
    52
    19
     8
    25
     5
     7
    10
    16
    34
    66
    12
    23
     7
     0
     0
     0
     3
     0
     6
     1
    47
    66
    41
     4
     9
    15
     2
     2
    11
     0
    10
    10
     8
     8
     9
     9
    16
     0
     0
     2
     4
     0
     0
    14
    10
    92
    31
    27
    15
    11
    13
     0
    10
     4
    18
    65
    23
    17
     8
     7
   162
     0
     0
     0
     0
     0
     0
    14
    54
    27
    52
    28
    15
    11
   169
     9
    49
    13
     3
    22
     8
    41
    19
     3
    14
     0
     0
     0
     0
     0
     0
    10
     0
     6
    15
    19
    16
     8
    10
     6
    19
    34
     0
     1
     9
    19
    22
     7
     0
     0
     0
     0
     0
     0
     0
    58
    16
    15
    41
     0
     0
     9
     7
    18
     0
    26
     9
    33
     5
    42
     3
    11
    43
     0
     0
    10
     1
     0
     0
     7
    46
    58
    57
    51
     3
    15
     3
    51
     3
    19
    10
     5
    15
    16
    44
     0
     0
     0
     5
     2
     0
     0
     0
    20
    13
    47
    40
     4
     9
   156
     5
    12
    11
    15
    14
    21
    81
    27
     0
    12
    15
     0
     0
     0
     2
     0
     0
     3
     9
    24
    13
    19
    26
     2
     0
    79
     1
    13
     5
    47
    11
   152
    72
    14
     9
     0
     0
     4
     0
     0
     0
     2
    15
    17
    90
     2
    18
    50
    15
    17
    16
    41
     5
    21
    19
     3
    10
    13
     9
     0
     3
     0
     0
     2
     7
    54
    48
    65
    53
    10
     0
    41
    42
    11
     8
     6
    24
     1
    48
     9
   203
    14
   161
     0
     0
     0
     0
     0
     0
     4
    20
    44
     7
   141
     8
     3
     6
    10
    28
     6
     3
     0
     2
    50
    43
    15
     4
     0
     5
     0
     2
     0
     0
     2
    14
     8
     4
    14
     9
    16
     3
    23
     7
     2
     7
     9
     2
     2
    80
     6
    26
     0
     0
     6
     0
     0
     0
     4
    64
     0
    43
     1
    25
     8
     6
    12
    12
    15
    29
    40
    16
     4
    22
    16
     9
     0
     0
     0
     0
     0
     0
     5
    16
   130
     6
    27
    20
    13
    16
     3
     0
     4
     8
    17
    12
     0
     9
    64
     5
     0
     0
     3
     0
     0
     0
    12
    12
     1
    19
     0
    12
     8
     4
     7
    25
     6
    28
     4
    63
    24
    51
    40
     4
    12
     0
     0
     4
     0
     0
    17
    22
    54
    19
    11
     5
    15
     6
     4
     9
    12
    12
     9
     9
    19
    56
     7
     0
     0
     0
     0
     2
     0
     0
    20
    11
    90
    18
     8
     2
     0
     2
    12
     4
     7
    51
     0
    11
    12
    10
    10
    11
     0
     0
     0
     0
     0
     0
     9
    11
    41
     2
    14
    11
     5
    13
     7
    12
    15
    23
     9
    10
    10
    14
     4
     9
     0
     0
     0
     0
     0
     5
     3
     7
    13
    17
     9
     9
    18
     7
     9
     3
    47
     5
    10
    10
     1
     7
     0
    10
     0
     0
     0
     0
     4
     0
     4
     7
    82
    50
    47
    53
     4
     5
    22
     5
    10
    17
     8
    92
     0
    13
     9
    13
     0
     0
     0
     0
     0
     0
     8
    17
     1
    88
    23
     4
     7
    15
    19
    19
    10
    18
    10
    15
     0
    13
     0
    20
     0
     0
     0
     0
     0
     0
    52
    18
    19
    90
    29
     8
     3
    23
    15
     8
    18
    15
    49
    44
     8
    12
    27
     7
     0
     0
     5
     0
     0
     0
    12
    16
   115
    52
    18
    29
     5
    14
    21
    21
    19
    14
    19
     8
   157
    16
     9
    30
     0
     0
     0
     0
     0
     0
    16
    48
    42
     7
    10
    10
    44
     8
    22
    52
    28
    20
   144
    13
     0
    21
    10
     9
     0
     0
     0
     0
     0
     0
     4
    85
    42
    54
    40
    14
    14
    11
    17
     9
     1
    27
    49
    16
    11
     6
    50
     6
     0
     0
     0
     0
     0
     0
    21
     5
    60
    91
    19
    43
     8
     8
     0
    16
    23
    10
     9
     3
    19
     8
    44
    17
     0
     2
     7
     0
     1
     0
     0
     7
    42
    56
     1
    38
     3
     0
     9
    12
     7
     5
     4
     4
   190
    12
     8
    17
     0
     0
     0
     0
     0
     0
    31
     0
   161
    20
     8
    44
     3
    47
    10
     4
     7
     4
     9
     0
    86
    70
     2
    16
     0
     0
     5
     0
     0
     0
     5
    98
    55
   102
    14
    12
     6
    20
    21
     0
    23
     1
     8
     0
     2
     5
     5
     7
     0
     0
     7
     0
     0
     0
    51
     0
    13
    89
    18
     7
     2
     5
     3
    21
    12
    28
    21
     5
    63
    56
    10
    10
     0
     0
     0
     0
     0
     0
    15
    21
   177
    18
    10
    63
    19
    25
    17
    16
    18
    25
    16
     5
     9
    17
     3
     8
     5
     0
     0
     0
     0
     4
     6
     1
    20
     9
    16
     8
     5
    24
     8
     3
     1
     0
     0
    18
    55
    48
     8
    14
     0
     0
     0
     0
     1
     0
     0
    50
   121
    61
    12
     1
     8
     8
    16
    34
     0
    21
    20
    19
    12
     8
     8
    11
     3
     7
     0
     0
     0
     0
    20
    11
    93
    16
    12
     2
    22
     3
     8
     0
     7
    62
    15
    15
     1
    13
     7
     6
     0
     0
     0
     0
     0
     2
    35
     6
     0
    18
     6
     8
    11
    10
     2
    14
     1
    35
    10
     4
     8
     0
    23
     9
     0
     0
     0
     0
     0
     0
     3
    49
     7
     9
    22
     2
    14
    17
    19
    46
     8
    23
    13
    13
     6
    12
     7
    14
     0
     4
     0
     0
     1
     0
    10
    45
     4
    55
    53
    16
    21
     5
     3
    12
    11
    26
     9
    44
    12
     3
     4
     5
     0
     0
     0
     7
     0
     8
     2
    20
    49
    62
    23
     5
    29
    57
    27
     5
    47
     5
     2
     4
    49
     9
    15
    20
     0
     1
     0
     0
     0
     0
    14
     8
    48
   116
     8
    11
     8
    32
    13
     0
     1
     7
    17
     7
    60
    61
     3
    17
     0
     0
     8
     0
     0
     0
    14
     8
     4
    58
    10
    12
     0
    32
   157
     5
     4
     7
     7
     8
    15
    19
    14
     9
     0
     0
     0
     0
     0
     0
     2
    10
    80
    46
    12
    16
     4
     9
     2
    18
    13
     5
    13
    10
    47
    14
    17
    17
     0
     1
     0
     0
     2
     0
    20
    58
     4
     2
     4
     0
     5
     0
    13
    17
    12
    21
     0
     2
     8
     3
    41
     6
     0
     0
     0
     0
     0
     0
     0
    49
    83
    24
     0
    29
     7
    21
    26
    18
     2
     2
    66
    23
    19
    58
    10
    45
     0
     0
     0
     6
     0
     0
     9
    10
    53
    99
     8
    29
    11
     5
    48
     0
    14
    56
     4
    14
    52
    13
    18
    13
     0
     0
     0
     0
     0
     1
     6
     6
    21
    46
     3
     6
     7
    15
    19
     1
    21
    23
    33
    19
    55
    15
    10
    20
     0
     0
     0
     0
     0
     0
    10
    50
    54
    33
    11
    15
     9
     5
     6
     1
     5
     0
     7
    16
    12
     4
     0
    43
     0
     0
     0
     0
     0
     6
     7
     6
    56
    52
    46
     7
     5
     3
     0
   157
    15
     9
    21
    25
     0
    41
    14
    13
     0
     7
     0
     0
     2
     0
     5
     0
     0
     7
    18
    25
    23
     3
    17
    17
     5
    26
    10
    10
     1
     1
     2
    14
     0
     0
     0
     0
     0
     0
     9
    12
    13
    39
     0
     0
    29
    12
     0
     4
     0
     6
     3
     0
    47
    14
    10
    14
     0
     0
     0
     0
     0
     0
    13
     2
    50
    88
    27
    15
    17
     1
     4
     7
     2
    13
    38
    60
    68
    14
    12
     0
     0
     3
     1
     0
     0
     0
    49
    93
    44
    54
    20
    28
    13
   115
     8
    16
    15
    20
     6
    17
   100
     8
    13
     7
     0
     0
     0
     0
     6
     0
    91
    16
    97
    48
    40
    23
    27
     7
    10
     0
    20
    22
    16
     5
     5
    16
     9
    14
     0
     0
     0
     0
     0
     0
    52
    46
    60
   103
    20
     6
     6
     4
    18
   160
     9
     7
    11
     4
   101
    14
    15
    14
     0
     0
     0
     0
     0
     0
     5
    12
    15
    88
    16
     2
     0
     7
    53
    12
     0
    17
    42
     2
   162
    15
     0
    24
     0
     0
     0
     0
     0
     0
     9
     0
     2
    59
    12
    13
     3
     4
    30
    10
     9
     1
    11
     0
    50
    58
    25
     4
     0
     1
     0
     0
     0
     1
    10
    42
   100
    49
    43
     4
     6
    19
     1
     5
     3
    12
    11
     9
    97
    22
     4
     7
     0
     0
     0
     5
     0
     0
     7
     4
   134
    10
     3
   117
    17
     2
    18
    16
    13
     8
    67
    12
     9
    20
     2
     3
     0
     0
     0
     0
     0
     0
    16
    53
   142
    49
    34
    55
    30
    13
    21
     6
    35
    30
     5
    53
    10
     4
     2
    55
     0
     0
     7
     0
     0
     0
    29
    91
    85
     1
     8
    10
     7
    10
    13
    41
     6
     7
     9
     9
    24
     2
    20
     5
     0
     0
     0
     0
     0
     0
     6
    48
    42
    17
    10
     2
     8
    16
    48
     0
     9
    17
     0
    13
    15
     6
     0
     0
     0
     0
     0
     0
     0
     0
     8
     6
   111
    50
    11
    16
     2
     4
    51
    13
    14
    10
    16
    51
    12
    51
     1
    25
     0
     0
     0
     0
     0
     0
     4
    20
    41
    16
     2
     4
    13
    11
    48
    20
     5
   152
    20
    17
    26
     8
     8
     7
     0
     0
     1
     0
     0
     0
    13
    95
     0
    51
     2
     1
    14
     3
     3
     2
    21
    13
     7
    12
     1
     9
     5
     4
     0
     0
     0
     0
     0
     0
    43
    56
    41
     7
    22
     8
    34
    69
     3
    16
    13
     9
    26
    21
    52
   124
     3
    13
     5
     3
     0
     0
     0
     0
    15
     6
    52
    48
    19
    11
    28
     1
    41
     0
     0
    34
     5
     0
    85
    10
     0
     9
     0
     0
     0
     0
     0
     0
    12
    20
    91
    16
    12
     0
     2
    21
    39
     8
    16
    10
    21
     0
    19
    11
    12
    11
     0
     2
     0
     0
     0
     0
    15
     4
    64
    13
    15
    13
     3
    20
     2
    27
    14
     8
     0
    39
     0
     0
     4
    20
     0
     0
     0
     0
     0
     0
     8
    98
    32
     1
     1
     8
     7
    11
    28
    61
     3
    19
     6
     6
     6
    11
     8
     3
     0
     0
     0
     0
     0
     4
    27
    82
    51
   132
     9
     5
     1
    13
    21
    10
     2
    18
     1
     8
    92
    16
     8
    12
     0
     0
     0
     0
     0
     0
    16
     0
    94
    48
     2
    12
    18
     9
     1
     8
     9
     6
    48
    13
   149
    51
     4
     7
     0
     3
     0
     0
     0
     0
    22
     2
    14
    17
     5
    17
     4
     6
    14
    17
     0
     0
    20
    15
    10
    17
     7
     2
     3
     0
     0
     0
     0
     7
     0
    82
   100
    54
     5
     4
    11
    12
    24
    11
    13
    15
     6
    22
    18
     0
     5
    50
     0
     4
     5
     0
     0
     4
    17
   152
    14
    30
     9
     5
    26
    63
    19
     7
     5
    16
    22
     0
     7
    16
    15
     0
     0
     0
     0
     0
     0
     0
     5
     3
    47
    93
     8
    39
    23
     0
     5
     2
    13
    11
     7
    10
     7
    68
     0
    17
     5
     0
     0
     0
     0
     0
    11
     7
    92
    48
     3
    12
     2
     0
     2
    18
    12
     0
     5
     9
    45
     8
     9
     6
     0
     0
     0
     0
     8
     0
    43
   102
    44
    38
    25
     6
     8
     9
    10
    64
     8
     0
     0
    13
     1
    39
     2
     2
     0
     0
     0
     6
     0
     0
     8
    11
     4
    12
    11
    13
     0
     0
     0
    21
    27
     0
     7
     3
     3
    39
     1
     8
     0
     0
     3
     0
     0
     0
    11
    42
    42
     9
     0
     4
    64
    11
     5
     9
     1
     3
     1
   146
     6
    41
     1
     0
     6
     0
     0
     0
     0
     0
     6
    83
    83
   127
     4
     0
    12
     9
    13
    17
    54
    26
     8
    27
     4
   147
    23
     4
     3
     0
     9
     2
     0
     0
    17
     5
     2
    55
    20
    12
    33
     9
     5
    11
    16
    48
    20
     4
   157
    85
     4
     8
     0
     0
     0
     0
     0
     0
     2
    86
    10
    19
    13
     3
     1
    13
     9
     4
    30
    10
     8
     4
    15
    49
    43
     0
     0
     0
     0
     0
     0
     0
     0
    21
    52
    52
    18
    11
     6
    20
    47
    22
    12
     0
    10
     4
    36
     7
    11
     8
     0
     0
     0
     0
     0
     0
    10
    15
    63
    55
    20
    15
    13
     2
    16
    17
    31
    16
    13
    12
     4
    41
    17
    21
     0
     0
     6
     0
     0
     0
    14
    56
   144
    17
    25
    16
    59
    15
    27
   177
     6
    14
     8
    22
    16
    17
     8
     1
     0
     0
     0
     0
     6
     0
     2
    18
    51
    16
    10
    12
    27
     2
    11
   139
    14
     9
    19
    39
     1
   241
     9
    15
     0
     0
     0
     6
     0
     0
    63
    47
    59
    11
     0
    10
     0
     8
     5
     5
    18
     4
    14
    12
    11
   164
    15
    15
     0
     0
     0
     1
     0
     0
    17
     3
    10
    95
    28
    12
    10
    10
    10
    25
     4
     2
     4
     9
    46
     8
    15
    48
     7
     0
     0
     0
     0
     0
     3
    44
    51
   225
    18
    28
    10
    13
    19
     8
    32
    29
     8
    17
     8
    13
     6
     8
     0
     3
     0
     0
     0
     0
    24
    17
    85
    82
    26
     9
    50
    13
     8
     5
     8
    22
    11
    11
    42
    87
     8
    12
     0
     0
     0
     0
     0
     0
    10
     6
    92
    22
     4
    13
     8
     0
    16
     4
   147
    20
    16
    19
    45
   147
    18
    61
     0
     0
     6
     0
     0
     0
    57
    14
    28
    15
     0
    49
    33
    17
    28
     6
     5
     0
    15
     0
     8
     7
     0
    22
     5
     0
     2
     0
     0
     7
    38
    50
   131
     3
     0
    43
    49
     9
     7
    12
    20
    18
     9
     5
    20
    46
     2
     7
     4
     0
     0
     0
     0
     0
    17
   122
    62
    45
     7
    53
     7
    12
    33
    11
    10
    46
     8
    14
    10
    53
     1
    26
     0
     4
     0
     5
     0
     8
     2
    49
    61
    93
     4
    22
    12
    24
     8
     3
   163
    19
     3
    59
     8
    42
     6
    18
     0
     0
     5
     0
     0
     0
     7
    53
    40
    42
     8
     6
    27
     2
     0
    10
     2
     6
    37
    51
     1
     4
     6
     1
     0
     0
     0
     0
     0
     0
     8
     0
   123
     1
     7
    13
    11
     3
     8
    57
     5
     7
     4
     1
     1
    99
    10
     2
     0
     0
     0
     0
     0
     0
    16
     6
     2
    18
     0
     1
     7
     3
     3
    25
     7
    12
     9
     5
     1
    53
     9
     2
     0
     3
     0
     0
     0
     0
     4
    63
    16
    53
     0
    14
    23
    29
     9
     0
    13
    10
    16
    45
     8
     5
     2
    16
     1
     1
     1
     0
     0
     0
    12
    11
     5
     9
    15
    19
     0
     3
     1
    16
     6
     2
    12
    14
    86
     0
    21
     6
     0
     0
     4
     0
     0
     0
    56
    85
    86
    11
    12
     6
    14
    13
    26
     4
    19
     9
     7
     6
    14
     5
     8
    15
     0
     0
     0
     0
     0
     0
    10
     8
    98
    48
     3
    29
    27
    48
    13
    19
    11
     9
     1
    10
     5
    90
     0
    11
     0
     0
     0
     0
     2
     0
    17
     9
    13
     9
     1
    18
     9
     4
    22
     6
    10
    18
    12
    41
    17
    10
     2
    11
     0
     0
     0
     0
     0
     0
    21
    29
    54
    48
    16
     3
    21
    28
    19
    24
    13
    50
    21
    92
   230
    51
     7
     6
     5
     0
     0
     0
     0
     0
     3
    10
    47
    12
    10
    17
    10
     6
    17
     1
    17
     8
     9
     3
    31
     8
     5
    13
     0
     0
     0
     0
     0
     0
     0
    10
     8
    17
     6
    19
    19
     9
    11
     2
    21
    34
     7
    15
     0
     8
     6
     8
     0
     0
     0
     3
     0
     0
     6
    12
    12
    48
    14
    16
     2
     6
     5
     8
    17
    13
     5
    24
    13
    53
    28
     9
     0
     5
     0
     2
     0
     0
    22
   182
    29
     8
    21
     6
    18
     8
    16
    48
    72
    56
     3
    23
    21
    12
     3
    36
     0
     0
     0
     0
     0
     0
     1
    14
    55
    55
    26
     8
    51
    10
    15
     5
     3
     5
     3
     7
    55
    28
     6
     6
     0
     0
     0
     6
     0
     0
    22
    21
    55
    80
    17
    14
     9
     0
     9
    17
     3
    17
    14
    17
     2
     6
    14
    54
     1
     0
     0
     2
     0
     3
    15
    32
    90
    11
    70
     8
     4
     0
    23
    22
    28
     0
    11
    11
    41
    16
    55
    13
     0
     0
     0
     0
     0
     5
    53
    17
    39
    16
    34
     5
     2
     0
     6
     7
     7
    11
     9
    19
    66
    10
    53
    17
     0
     0
     0
     0
     0
     0
    14
    23
    51
    95
     9
    13
    18
     9
     9
     1
    34
     0
     0
    33
     9
    18
     6
     7
     0
     0
     0
     0
     2
     0
    12
    58
    53
    43
     0
     7
     4
     5
    14
    12
     4
    24
     4
    26
    14
    52
     5
    15
     0
     0
     0
     0
     4
     0
     4
    18
    52
    12
    49
     7
    14
    16
     8
     1
    16
     5
    13
    20
    10
    12
    10
    15
     0
     7
     0
     3
     0
     0
    17
    14
    46
     7
    10
    10
     6
    24
     6
     4
     5
     0
    22
    15
   173
    10
    30
    14
     0
     0
     0
     0
     6
     0
    17
    62
    16
    58
    17
     5
     7
    12
     7
     6
    24
    19
    41
    10
     6
    12
    11
    30
     0
     0
     0
     0
     0
     0
    66
    60
    14
    56
    20
     9
    50
    24
    83
     5
    18
    14
    27
     7
    15
     9
    21
     8
     0
     0
     0
     0
     8
     0
     2
     1
   118
    46
    16
     9
    81
     9
    16
     8
    16
    10
    19
     8
    16
    10
    10
    17
     0
     0
     0
     1
     0
     0
     3
     1
    61
     5
    86
    21
    38
     9
    10
    17
    11
     8
    28
    34
     2
     5
     9
     7
    11
     0
     0
     1
     0
     0
     0
     1
    95
     2
     4
     2
    42
     8
    16
     0
     2
     0
     9
    24
    12
     2
    35
    16
    23
     0
     0
     9
     0
     0
     8
    24
    19
   162
    86
     9
    22
     7
     1
    25
    10
    21
     1
    13
     5
   167
     4
    18
     2
     0
     0
     0
     1
     0
     0
    11
    74
    49
    13
    49
     7
    22
    14
    21
    12
    14
    54
     0
     4
   160
    52
     9
     3
     0
     0
     0
     0
     0
     0
     8
     3
   123
    59
     4
    10
    15
     7
    54
    12
     9
    19
    18
     9
    54
    53
    25
     5
     0
     0
     8
     0
     0
     0
    17
     6
     7
    52
    10
     6
     6
     5
     0
   152
     0
    17
    12
    59
     5
    14
     9
    17
     8
     0
     0
     0
     0
     0
     5
     8
     0
   104
     6
    17
    10
    19
    21
    10
    15
    43
     7
    12
     1
    14
    83
    20
     0
     0
     0
     0
     0
     0
     3
    40
    20
     8
     2
    20
    10
    23
    14
     5
    19
     9
    14
     7
    15
    33
    18
    12
     0
     0
     0
     3
     0
     0
    10
    72
    71
    46
     6
    32
    24
    18
     9
    17
    18
    59
     7
    14
    61
    97
    43
    12
     1
     0
     0
     0
     0
     0
    17
    61
    15
    92
     4
     2
    31
    59
    23
    35
    18
     8
     6
    16
   112
     8
    47
     8
     0
     0
     0
     6
     8
     0
     4
    46
     0
    13
    23
     8
    19
    15
    33
    14
     2
     3
     4
    65
    21
    10
    14
    20
     2
     0
     0
     0
     0
     0
    40
    40
    50
    51
    11
    12
     7
     6
    52
     9
    14
    16
    12
     9
    18
     6
    10
     4
     0
     0
     0
     0
     0
     0
     7
     9
   104
    47
    10
    20
     7
    18
     0
    11
     5
     9
    11
    10
    52
     5
    15
    32
     0
     0
     0
     0
     0
     0
     5
    24
    58
     2
    19
     5
     8
    66
    11
    17
    18
    10
    15
    35
    15
     0
    19
     5
     0
     2
     0
     2
     0
     6
    11
     4
    48
     5
    13
    12
    16
     3
     4
    17
     6
    15
    21
     0
    13
    10
    18
    56
     0
     3
     2
     0
     0
     0
    24
    47
    63
   114
     0
     4
   147
    23
    15
     5
    11
    10
    20
    17
     0
    40
     8
    19
     0
     0
     0
     0
     0
     0
    67
   136
    14
     2
    19
    10
    66
    20
     2
    16
    11
    11
     1
    15
    10
    14
     5
    17
     0
     0
     1
     0
     0
     0
    19
    16
    82
    52
    15
    18
    56
     7
    21
    16
    13
     5
     1
    20
     7
    10
     2
    14
     0
     0
     3
     0
     0
     0
    18
    41
     8
     9
     2
    20
    28
     1
     4
     0
     1
    60
   143
    59
     0
    40
     8
    46
     5
     0
     6
     0
     0
     0
     7
     8
     5
     1
     7
     6
    17
    12
    16
    12
     4
    17
     6
     5
    11
    50
     3
    13
     0
     0
     0
     0
     0
     0
    10
    14
    96
    91
     6
     6
     8
    15
    50
     6
     4
     3
    11
     6
     5
     5
     5
     8
     0
     0
     0
     0
     0
     0
    11
    48
    59
     3
     5
     6
    53
    11
    18
     4
    13
     4
    12
    12
    48
    10
    19
    12
     0
     7
     1
     0
     0
     0
     1
   131
    59
    57
    22
     6
     2
    11
    25
     9
    19
    23
     2
     0
    53
    19
    19
    11
     0
     0
     0
     0
     3
     0
    15
    49
    11
    78
    12
    24
    18
    16
    17
    32
    29
    13
     4
    16
    21
    10
     1
    14
     1
     0
     0
     0
     0
     0
     9
     7
    92
    83
    26
     8
     2
     4
    21
    10
    10
    32
     3
    11
     8
    31
    15
    35
     0
     0
     5
     0
     6
     5
    11
     0
   162
    49
    29
    21
     4
    49
    15
    24
     1
    13
     9
     5
    13
    20
    29
     5
     0
     0
     0
     9
     0
     0
    33
     5
    61
    90
     2
    17
    11
    17
    10
     7
    23
     9
    18
    20
   291
    34
   142
    15
     0
     0
     0
     0
     0
     0
    11
     7
    47
     6
    18
    13
     0
    15
     2
    10
     5
    46
     5
     6
    49
     6
    24
    63
     0
     0
     2
     0
     0
     0
     9
     3
    23
    59
    12
    13
     9
    23
    19
    29
    51
    12
    52
    18
    71
    48
    20
    24
     0
     0
     0
     0
     0
     1
     7
    44
    42
     6
     5
     4
    61
    15
     1
     0
    37
     9
     0
    18
    14
    49
     2
    12
     1
     0
     0
     0
     0
     0
    49
    94
   125
    83
    13
    18
     3
    59
     7
     2
     9
     7
    17
    24
    59
    47
    63
     7
     0
     0
     0
     7
     5
     0
     6
     3
   104
    68
    20
    12
     5
    11
    30
    13
    69
    30
    13
     4
    55
     7
     3
    15
     0
     0
     0
     0
     0
     0
     9
    48
     8
     6
   140
    12
     8
     9
     6
     2
    23
    16
    54
    22
     0
    15
     9
     4
     8
     0
     0
     0
     0
     0
    44
     9
   109
    92
     4
     9
    13
    13
    18
     9
     9
    17
     6
     8
    11
    10
     3
    13
     0
     0
     0
    10
     0
     0
     9
    51
    91
    10
     7
    51
    17
     7
    20
    14
     8
    44
     4
    16
     0
    46
    18
    11
     0
     0
     0
     0
     0
     0
    56
    13
    78
     6
     2
    19
    14
     9
    24
    12
    17
    13
     8
     5
    14
    77
     4
     6
     0
     0
     0
     5
     0
     0
     9
    53
    45
    41
     3
    25
    16
     6
    15
     2
     6
     7
    21
    46
    85
     4
     0
    23
     0
     0
     0
     0
     0
     0
    10
    72
    57
    10
    19
    29
    12
    17
    11
     6
    14
    18
    18
    25
    15
    10
    38
     4
     0
     4
     0
     1
     0
     7
     0
    47
    96
     8
     0
    16
     3
     4
    10
    19
    10
    13
     2
     8
     5
     6
    48
    15
     0
     0
     0
     0
     0
     7
    45
    52
    83
     9
    14
    13
    13
    17
    10
     8
    23
    13
    55
     0
    20
    64
    10
     0
     3
     0
     0
    11
     0
     0
    46
    18
    54
   123
    13
    20
    14
     9
    17
    18
     0
     1
   105
    17
     6
   149
     6
    67
     3
     6
     6
     0
     0
     0
     6
    17
    56
    53
    21
    44
     2
     8
     8
    11
    10
     2
    16
    17
    47
     9
     7
    12
     0
     0
     0
     0
     0
     0
    90
    62
    79
    20
     2
     9
    26
    48
     4
    23
     2
    14
     1
    13
     3
    10
    20
     7
     0
     0
     1
     0
     0
     0
    50
    83
    16
    10
    41
    25
     8
    12
    35
     5
     8
   198
     0
    22
    47
    16
     2
    10
     0
     0
     0
     3
     0
     0
    11
     1
     7
     5
    15
     1
     6
    21
    11
    22
    21
     2
    96
    96
    50
    10
     1
    22
     4
     0
     0
     0
     0
     0
    13
    52
    21
   133
     5
    60
     8
     4
    51
     5
    15
    59
    18
     9
    26
    16
     3
     0
     0
     0
     0
     0
     0
     0
    15
   109
   137
    21
    60
     8
    48
    56
     2
    28
    21
    55
    11
     8
    22
    18
     0
    17
     0
     0
     0
     0
     0
     0
     6
    23
    47
    84
    20
     8
     8
   146
    11
    13
    11
    18
     5
     8
     0
    62
    10
    51
     0
     0
     0
     0
     0
     0
    16
    10
    15
    10
    21
    10
    44
    12
    54
     4
    64
     9
    21
    21
     6
    20
    10
     9
     0
     5
     0
     0
     0
     5
    51
    91
    59
    47
    10
   139
     0
    24
     8
   101
     0
    17
     7
    11
    56
    10
    10
     4
     0
     0
     0
     0
     0
     0
     9
    18
    41
    45
    41
    11
    27
     8
    16
    23
    25
    10
     4
    21
    45
     5
    47
     7
     0
     8
     6
     0
     0
     2
    18
    60
    57
    18
    17
    33
    11
    43
    18
     8
     9
    21
     7
    16
    50
    15
    11
    18
     0
     0
     0
     0
     0
     6
    13
    16
   135
    43
    11
    14
    16
    41
    13
    22
    37
    17
     9
    12
     6
    10
     6
    29
     0
     0
     0
     0
     0
     0
    49
    53
   142
    47
    19
     2
    10
     6
     9
     6
    46
    11
     8
    18
    14
     3
    13
    30
     0
     0
     8
     0
     0
     0
     1
    22
    54
   115
     8
    11
     9
    11
    40
   142
    17
    19
     7
     1
    44
    43
    10
    15
     0
     5
     0
     0
     0
     0
    12
     2
    88
    50
     3
    21
    25
    73
     7
    24
     4
    53
     5
     3
    14
     6
     5
    13
     0
     0
     0
     0
     0
     0
    26
   103
   155
    46
    20
     7
    14
     5
    17
   162
    28
     3
    54
    20
    12
     5
    12
     0
     0
     0
     0
     6
     0
     0
    20
     7
    92
    47
    13
     3
    25
     9
     4
    26
     1
    46
     3
    16
   290
     2
    11
    24
     0
     0
     0
     0
     0
     0
     2
    22
    57
    93
    25
   169
    16
    31
    15
    19
    13
    19
    88
    63
    68
    39
    10
    17
     5
     0
     0
     0
     0
     0
     5
    68
    57
    38
     8
    19
    17
    44
    12
    32
     2
     6
    39
    55
    24
    19
    63
    13
     4
     0
     0
     0
     0
     0
    12
     4
     7
     7
    10
    22
     0
     5
    17
    12
     3
    10
    18
    20
    16
   154
     4
     0
     0
