    48
    12
     3
     8
     0
    85
    69
   146
    41
    50
    33
    32
    35
    32
    39
   134
    66
    78
    22
   424
    89
    41
    92
     0
     0
    14
     4
     2
     0
    87
    58
   327
    96
   136
    65
   171
    55
    69
    38
   326
    38
    59
    73
   152
   176
   216
    39
     2
     6
     4
     2
     0
     0
    87
    93
   102
   163
    36
    70
    27
    36
    36
   177
    13
    72
    45
    37
   100
   177
    30
    23
     8
     0
     7
     0
     6
     6
    37
   122
   190
   151
    11
    80
    98
    75
    33
    38
    33
    38
    28
   123
    51
   136
    37
    78
    10
     2
     0
     1
     0
    11
    76
   158
   167
   238
    35
    76
    17
   115
    25
    31
   176
    50
    62
    43
   291
   156
    21
    62
     3
     0
     0
     0
     0
     4
   107
    93
   283
   110
    50
    94
    44
    65
    80
    38
    46
    91
    68
    79
   302
    19
   108
    56
     0
     4
     0
     1
     0
    12
   112
   126
   295
   132
   111
    44
    70
   113
    44
    60
    93
    46
    37
   111
    36
   151
    89
    63
     0
     0
     0
     4
     0
     0
    51
   127
   348
   128
    49
    57
    29
    45
    39
    87
    34
    45
    58
    99
   117
   295
    36
    42
     0
     4
     7
     9
     0
     1
    42
   167
   174
    68
    42
    53
    25
    69
   132
    57
    55
    23
    64
    32
   193
    52
    59
    39
     1
     0
     2
     0
     8
     4
    27
   242
    96
   177
    26
    15
   103
    67
   194
    35
    39
    28
   127
    93
   104
    87
    13
    64
     0
     0
     5
     0
     1
     0
    42
   119
   147
   158
    41
    18
    35
    75
    60
    65
    60
    43
    32
    34
   188
   306
    34
    51
     0
     3
     0
     4
     0
     3
    36
    95
   125
   218
    30
    80
    61
    22
    70
    31
    36
    73
    46
    59
    62
   194
    26
    66
     0
     7
     5
     0
     0
    10
   108
   103
   215
   200
    65
    88
    33
   110
    47
    47
    60
    28
   107
    97
   163
   166
    79
    39
     0
     0
     1
     0
     2
     5
    45
   132
   157
    65
    65
    35
    71
    36
    37
   115
    33
    37
    62
   217
   130
   110
    59
   114
     0
     0
     0
     0
     0
     3
    43
   180
   264
   145
    34
    55
    38
    67
    58
    43
   177
    35
    73
    63
   179
   165
    32
    47
     0
     7
     0
     0
     0
     3
   142
    71
   221
   116
    34
    67
    34
    22
    51
    24
    30
    52
    51
   224
    81
   108
   249
    14
     0
     0
     0
     0
     0
     0
   116
   137
   241
   214
    29
    90
   179
    38
    43
    29
    72
    27
    30
   116
    70
   118
    58
    76
     0
     8
     0
    12
    10
     0
    41
   204
   150
   166
    47
    45
    69
    58
    60
    42
    57
    19
    38
    74
    83
   151
    88
    67
     0
     0
     7
     1
    14
     0
   120
   163
   184
    86
    89
    37
    62
    20
    43
    68
    54
    38
    95
    58
   120
   145
    64
    73
     6
     0
     0
     4
     0
     0
   135
   170
   196
    44
    73
    81
    59
    42
    47
    52
    33
    18
    46
   131
   305
   103
   119
    83
     0
     0
     0
     1
     4
     0
    53
   197
   187
    91
    23
    51
    42
    98
    65
    58
   182
    60
    59
    82
   222
   121
    38
    34
     0
     0
     0
     2
     0
     1
   130
    71
   125
   127
    77
    76
    73
    14
    33
    29
    31
    54
    20
    77
   231
   137
    60
    81
     0
     0
     0
     7
     0
     5
    25
   258
    98
   272
    36
    70
    76
    24
    43
    46
    90
   185
    50
    98
   105
    85
    43
    67
     0
     3
     2
     0
     0
     0
    12
   213
   250
   308
    69
    18
    77
    54
    44
    71
    35
    43
    44
   190
   205
    66
    50
    19
     7
     0
     0
     0
     3
     0
    95
    73
   286
   194
    56
    46
    65
    38
   171
    35
    45
    86
    91
    17
    75
    54
   247
    66
     0
     0
     7
     3
     0
     8
   142
   205
    94
   121
    81
    79
   100
    91
    65
    58
    38
   173
   231
    40
    61
    35
    85
    38
     0
     0
     8
     4
     2
     8
    59
   204
   242
   404
    69
   213
    38
    74
    42
    44
    59
    41
    92
    90
   396
   231
    55
    39
     0
     6
     7
     1
     0
     0
   199
   105
   196
   272
    88
    80
    27
    86
    53
    82
   113
    66
    33
   130
   553
   134
    35
    61
     6
     2
     0
     0
     0
    20
    50
   115
   126
   209
    45
    45
    35
    25
    36
    31
    72
    34
    37
    67
   137
   112
    70
    30
    11
     2
     6
     0
     8
     1
    90
   150
   299
   308
    20
    24
    47
    41
    51
    28
    97
    34
    40
    84
    76
    72
    85
    76
     3
     1
     8
     0
     0
     8
    37
    85
   233
   131
    18
    57
    52
   213
    87
    53
    36
    20
    34
    52
    97
   291
    58
    75
     7
     4
     0
     4
     2
     0
    70
   248
   377
    88
    29
    25
    26
    42
    43
    56
    51
    37
    26
    59
    81
    73
    55
    55
     0
    11
     5
     0
     0
     0
    58
    72
   187
    34
    88
    30
    50
    22
   164
    50
    36
    10
    36
    46
   300
    36
    21
    37
     3
     0
     6
     3
     5
     0
    84
   164
   147
    97
    64
    37
   119
    48
    60
    96
   229
    84
   168
    47
    50
   103
    67
    28
     0
     9
     5
     0
     0
     0
    59
    85
   334
   191
   102
    77
    78
   190
    77
    79
   134
    41
    39
   123
   123
   271
   124
    33
     0
     0
     0
     0
     0
     0
    62
   176
   281
   120
    81
    29
    39
    42
   165
    34
    37
    49
   173
    91
   211
    51
    65
    48
     6
     0
     0
     3
     0
     2
   139
   146
   121
   103
    10
   228
    69
    44
    93
   216
    24
    26
    47
    45
   207
    92
    39
    52
     4
     3
     6
     0
     0
    14
    64
   459
   226
   235
    90
    78
    33
    38
    31
    88
    59
    27
    43
    46
    51
   192
    67
    60
     0
     0
     0
     9
     0
     6
    98
    95
   309
    82
    50
    28
    97
    18
    62
    23
    47
    37
    46
   101
   102
    93
    19
    43
     0
     0
     2
    13
     9
     8
    88
   206
   127
   175
    31
    69
    20
    75
    57
    58
    60
    62
    23
    21
   116
   116
   196
    40
     1
     0
     0
     6
     8
     0
    34
   169
   236
   121
    63
    33
    46
    47
    44
    62
    93
    47
    34
    98
    71
   118
    53
    63
     0
     7
     0
    11
     0
     0
   107
   133
   160
   228
    54
    96
    48
    54
    41
    33
    57
    42
    37
    95
   141
   107
    25
    48
     6
     0
     0
     0
    20
     0
    71
   221
   308
   193
    37
    36
    63
    46
    90
    86
    85
    20
    55
    42
   297
    61
    40
    77
     0
     0
     0
     7
     0
     0
    35
    61
   149
   111
    52
    59
   111
    56
    44
   182
   106
    36
   120
    75
    58
   100
    40
    25
    12
     0
     0
     0
     0
     0
   113
    86
   297
    66
    45
   111
    46
    55
    31
    71
    34
    93
   344
    36
    28
    63
    78
    53
     0
     6
     0
     0
    10
     5
   126
   241
   188
    40
    88
    43
    31
   133
    68
    68
    81
   192
    62
    47
   151
   129
    56
    49
     0
     0
     0
     0
     0
     5
    67
   150
   271
   156
    76
    22
    55
    47
    45
    64
    32
    35
    45
    33
    92
    33
    94
    59
     0
     0
    13
     6
     4
     1
    86
   141
   270
   150
    36
    44
    49
    58
    25
    44
    72
    53
    23
    85
   190
   217
    80
    45
     0
     2
     0
     8
     4
     0
    35
   117
   325
   144
    45
   107
    37
   112
   162
    64
    29
    40
    23
   266
    91
   153
    29
    82
     1
     5
     0
     7
     0
     0
    40
    82
   285
   142
    29
    21
    66
    36
    35
   144
    35
    69
    41
    41
   106
    32
    37
    95
     9
     2
     0
     0
     3
     0
    88
    88
   407
   206
    35
    63
    65
    38
    50
    33
    63
    41
    68
    37
   262
    32
   167
    35
     0
     0
     0
     2
     5
     2
    65
   133
   385
   167
    14
    33
    35
    55
    46
   105
    47
    43
    64
    42
    68
    72
    42
    41
     0
     6
     0
     0
    10
     0
   108
   243
   276
   154
    98
    42
    36
    20
    69
    40
    89
    24
     9
   108
   216
    78
    44
    83
     7
     1
     1
     0
     0
     4
   116
    60
   214
   131
    99
    36
    12
   202
    52
    52
    58
    20
    91
   228
   182
   114
    81
    28
     7
    10
     5
     6
     0
    13
   114
   169
   169
    98
    64
   133
    46
    37
    40
    55
    67
    40
    40
    87
    35
    89
    60
    41
     0
     0
     1
     1
     0
     3
    50
   222
   201
   262
    63
    48
    44
    59
    71
    54
    94
   107
    52
    84
    47
   123
    72
    59
     1
     7
     9
     0
     2
     0
    56
   183
   104
   156
    38
    36
    34
    50
    29
   190
    30
    43
    10
   180
    77
    71
    40
    31
     6
     0
    10
     9
     0
     0
    90
    92
   217
    87
    98
    71
    78
    40
    36
    50
    39
   186
    31
    55
    71
    76
    56
    67
     7
     7
     0
     0
     3
     0
   103
   154
   137
   104
    34
    38
    64
    67
    31
    82
    48
    77
   112
   105
    51
   139
    41
    35
     4
     0
     2
     0
     0
     0
    57
   111
   226
   188
    78
    56
    30
    57
    26
    48
    32
    41
    85
    30
    71
   114
    63
    68
     0
     0
     0
    12
     1
     0
   109
   269
   160
   129
    68
    82
    54
    23
    81
    42
    82
    46
    71
    42
    44
   126
   104
    83
     0
     0
     8
     2
     0
     0
   105
   113
   136
   233
    42
   199
    66
   105
   107
    55
   109
    60
    49
    73
   104
    48
   102
    75
     0
     0
     0
     1
     0
     0
   110
    91
   194
   148
    71
    28
    43
    28
    86
    28
    57
    53
    32
    91
   150
    88
   198
    87
     7
     1
     0
     4
     0
     0
    66
   151
   205
   223
    60
    49
    26
   140
    25
    26
    47
    33
    36
    85
   215
   116
    36
    99
     7
     0
     0
     0
    14
     3
    72
    83
   110
   152
    32
    29
    44
    40
    34
    41
    96
   105
    29
    30
    58
   141
    58
    37
     0
     0
     6
     0
     0
     6
    81
    64
   308
   125
    17
   112
    32
    69
    41
    93
    37
    67
    51
    93
   115
   128
    65
    98
     0
     0
     0
     1
     7
     5
    56
   227
   254
   267
    77
    50
    54
    58
    79
    70
   216
    50
    37
    54
    47
    74
   175
    19
    12
     0
     0
     0
     0
     6
    44
   229
   120
   166
    51
    44
    43
   225
    23
   115
    36
    71
    58
    62
    52
    96
    37
    60
     6
    11
     0
     0
     3
     6
    51
   124
   102
   138
    84
    67
    55
    39
   160
    54
    48
    69
    72
    84
    52
   149
    85
   129
     5
     0
     0
     0
     0
     2
   156
    89
   335
   118
    61
    55
    24
    37
    95
    57
    87
    41
    97
   211
   128
   127
   163
    49
     1
     0
     0
     0
     0
     0
    49
   173
   147
    93
    41
    37
    92
    28
    75
   214
    27
    62
   185
   171
    33
    35
    91
    47
     2
     2
     5
     0
     1
     5
    90
   151
   178
    93
    34
    95
    26
    72
    44
    59
    51
    28
    42
    21
    92
    31
    84
    80
     1
     0
     0
     0
     0
     4
    41
   289
   189
   103
    44
    57
    43
    48
    33
    42
    47
    35
    59
   221
    69
    38
    68
    11
    10
     1
     0
    10
     0
     0
    52
    39
   200
   211
    41
   183
    58
    38
    48
    40
    43
    75
    75
    38
   149
   114
    46
    38
     0
     3
     0
     0
     0
     9
    44
   125
   100
    78
    20
    58
   186
    58
    43
   110
    38
   275
    28
    75
   115
   100
    48
    88
     6
     8
     7
    12
     0
     2
    36
   209
   202
   181
    94
    45
    27
    49
    80
    62
    33
    28
    86
   103
   304
    31
    68
    71
     0
     0
     8
     2
     0
     3
   162
   186
   194
   208
   163
    56
    45
    75
    76
    71
    23
    56
    37
   106
    97
    36
    65
    75
     1
     0
     0
     0
     0
     0
    25
   169
   151
    35
    24
    55
    24
    97
    11
    34
    84
    47
    72
    53
    72
   112
    84
    39
     0
     4
     1
    12
     0
     0
   109
   198
   260
    86
    33
    59
    54
    26
   198
    41
   113
    56
    36
    54
   130
    77
    72
    23
     0
     0
     5
     0
     0
     2
    98
   166
   202
    85
    71
    36
    46
    51
    31
    72
    48
    31
    38
   203
   201
   152
    26
    37
     0
     8
    14
     0
     0
     0
    37
   110
    61
   221
    52
    38
    31
    72
    55
    42
    66
    36
    64
    67
    40
    74
    36
    36
     2
     1
     8
     4
     1
     0
   104
   280
   234
   180
    39
    51
    37
    37
    56
    49
    69
    45
    65
    70
   103
    82
   177
    28
     6
     0
     2
     1
     0
     0
    68
   130
   231
   188
    51
    87
    63
    89
    97
    68
    91
    43
    69
    45
   132
   119
    48
   113
     0
     4
     0
     6
     1
     5
    90
   222
   325
   135
    94
    75
    35
    34
    63
    68
    87
    86
    41
    58
   320
   143
    37
   239
     0
     7
     0
     2
    13
     3
    30
   195
   109
    92
    81
    51
    74
    72
   329
    49
    24
    31
    31
    29
    62
   115
    55
    73
     0
     0
     1
     9
     7
     0
    72
    97
   208
   265
    21
    47
    60
   106
   198
    33
    34
    58
    52
    70
    48
   513
    34
    88
     5
     1
     0
     0
     4
     1
   147
   100
    94
    77
    81
    42
    84
    82
    67
    47
    30
    35
    32
    67
    85
    50
   181
    36
     0
     2
     0
     0
     1
     3
    28
   102
   141
    55
    52
    44
    57
    56
    67
    38
    42
    32
    40
    91
   146
    81
    44
    91
     0
     9
     0
     7
    15
     0
    63
   140
   151
   171
    25
    27
    65
    54
    59
   183
    56
    21
    38
   182
   121
    78
    51
    32
     0
     4
     2
     0
     3
    10
   102
    82
   184
   250
    78
    44
    33
    41
    45
    28
   192
    70
   201
   140
   107
   263
    64
    71
     2
     3
     0
     2
     0
   109
    84
   279
   206
    25
    81
    50
   103
    69
    53
    53
    49
    78
    82
    66
   133
    74
   123
     5
     0
     1
     7
     6
    10
    56
   196
   397
    80
   113
    72
    17
    72
    25
   104
    53
    76
    26
    81
   248
    46
    42
    47
     2
     0
     0
     3
     0
     0
    23
   218
   123
    42
    47
    83
    43
    47
    24
    28
    17
    68
    88
    33
    46
   103
    58
    40
     0
     0
     0
     1
     4
     0
    87
    61
   147
    99
    36
    64
    32
    42
    39
    85
    43
   188
    34
    19
    61
   153
    47
    51
     1
     2
     1
     5
     0
     0
    86
    84
   259
   184
    51
    49
    74
    47
    43
    40
    55
    19
    55
    73
   292
    89
   112
    29
     3
     0
    10
     0
     0
     2
    49
   263
    93
    83
    33
    93
    54
    16
   214
    62
    86
    42
    38
    68
   120
   154
    38
    21
     7
     0
     0
     8
     0
     0
   125
    48
   323
    90
    44
    74
    87
    90
   128
   123
    43
    95
    87
    83
    65
    63
    94
    42
     0
     0
     9
     0
     0
     0
    58
   199
   162
   144
    45
    65
    59
    81
    47
    35
    51
    41
   103
    80
   170
   175
   114
    29
     0
     0
     0
     0
     0
     5
   100
    72
    73
    85
    62
    41
   204
    71
    21
   195
    37
    30
   180
    21
    77
     9
    28
    42
     0
     0
     0
     0
     3
     8
    82
   105
   145
   107
    40
    91
    65
   122
   330
    43
    40
    96
    93
    92
    41
   141
    60
    28
     0
     2
     0
     3
     2
     5
    70
    18
   287
    66
    76
    72
    87
    90
    23
    80
    28
    47
    26
   312
   130
   208
    46
    97
     0
     2
     0
     3
     0
     9
    50
    67
   151
   182
    31
   224
    57
    17
    28
    43
   168
    35
    70
    23
   126
    59
    42
    82
     7
    14
     0
     4
     0
     4
    59
   130
   229
    11
    38
    39
    64
    32
    59
   116
    44
    29
    44
    61
   225
   103
    12
    47
     0
     5
     0
     9
     0
    11
    44
   213
   208
   302
    60
    39
    85
    83
    49
    45
   127
    81
   128
    41
   257
   103
   301
    59
     0
     5
     0
     2
     2
     0
    50
   215
   269
   196
    34
    69
    32
    97
   121
    33
    67
    49
    49
    38
   311
   243
    94
    65
     2
     0
     1
     0
     7
     7
    46
   102
   200
   145
    58
    66
    28
    32
    45
    30
    67
    51
    41
   174
    33
    30
    19
    40
     0
     0
     0
     0
     0
     4
    35
   167
   268
    88
    95
    44
    44
   151
   193
    33
    83
    55
    26
    88
    83
    39
    30
   118
     0
     0
     7
     6
     2
    13
    34
   200
   244
    78
    77
    34
    70
    67
    48
    79
    46
    32
    41
    84
   177
   126
    25
    20
     0
     0
    11
     0
     0
     0
    88
   107
    63
   166
    30
    62
    33
    33
    80
    77
    48
    63
    30
    43
    79
    25
    41
    25
    12
     5
     0
     6
     0
    29
    38
    48
   274
    83
    26
    47
    64
    64
   131
    38
    38
    34
    36
    24
   143
    47
    58
    40
     7
     2
    10
     0
     0
     2
    60
   130
   336
    85
    70
    55
    83
   209
    83
    31
    59
    42
   100
   260
    77
   284
    44
    80
     0
     8
     0
     0
     0
     0
    29
   146
   227
   233
    39
    47
   194
    76
   121
    57
    56
    99
    51
    37
    75
    75
    38
   129
     0
     0
     0
     5
     0
     0
    41
   146
   413
   148
    50
    58
   100
   123
   170
    17
    44
    16
    56
    80
    71
   211
    91
   107
     4
     0
     4
     0
     0
     0
    20
    96
   509
    86
    78
   181
    47
    52
    67
    47
    32
    22
    53
    36
   118
    14
    80
    97
    11
     6
     0
     0
     0
     0
    36
   252
    56
   185
    39
    71
     9
    24
   102
    63
    41
    33
    47
    28
   231
    43
    55
    28
    11
     5
    21
     0
     6
     6
    79
   150
   230
   104
    21
    50
    24
    72
    18
    36
    35
    79
    84
    27
    36
   127
    14
    82
     0
     3
     0
     9
     4
    10
   115
   122
    75
   159
    79
    22
    36
    58
    39
    54
    36
    54
    34
   105
    34
   100
    77
    63
     0
     3
     7
     7
     0
     8
    65
    97
   211
   181
    70
    61
   128
    79
    84
    95
    50
   122
    48
    48
   206
    99
    58
    63
     0
     2
     8
     4
     2
     0
   107
   102
   183
   157
    36
    36
    47
    50
    81
    43
   179
    27
    51
    39
   162
   286
    50
    52
     0
     5
     0
     0
     7
     0
    62
   119
   242
   100
   143
    23
    65
    87
   223
   111
    57
    62
    23
   203
    75
    58
   110
    16
     0
     0
     2
     0
     3
     0
    60
    92
    52
   179
    30
    45
    76
   213
    20
    42
    51
    40
    76
   233
   304
    69
    31
    51
     5
     0
     8
     2
     0
    10
    86
    55
   107
    30
    17
    69
    59
   107
    48
    38
    28
    77
    53
    43
    51
   145
    59
    45
    10
     0
     7
    11
     0
     0
    24
   151
   121
   123
    22
    72
    93
    85
    51
    18
    24
   202
    44
    78
    73
    85
    25
    31
     5
     2
     0
     0
     0
     2
    28
   147
   288
   139
    38
    23
    24
    88
    52
    72
    31
    31
    25
   179
    36
    57
    26
   112
    18
     2
    12
     0
     6
     0
    44
   177
   187
    95
    46
    82
   114
    68
    61
   176
    48
    45
    31
   144
    50
   146
   311
     9
     0
     0
     0
     7
     0
     8
   111
    56
   158
   244
    74
    82
    51
    88
    33
    73
   103
    91
   114
    57
   141
   221
    88
   122
     0
     4
     0
     0
     6
     0
    49
   153
   135
   178
    68
    45
    84
    51
    39
     4
    23
    30
    65
    62
    48
    56
    71
    82
     0
     0
     1
     0
     1
     1
    34
    42
   123
   197
    43
    37
    97
    78
   223
    34
    57
    40
    55
    64
   250
   118
    43
    73
     0
     0
     0
     0
     4
    14
    25
   239
   102
    27
    20
    33
    57
    46
    80
    65
    33
    95
    15
    73
    82
    21
    56
    25
     6
     7
     0
     0
     9
     0
    52
    85
   227
    59
    73
    71
    66
    12
    33
    85
    30
    53
    40
   205
   137
    55
    56
    80
     3
     7
     0
     1
     9
     7
    78
   103
   104
   157
    28
    27
    32
    67
    29
    20
    39
    61
   103
    95
   110
   119
    16
   117
     3
     6
     0
     0
     0
     2
    46
   248
   248
   133
    40
    47
    47
    75
    74
    68
    46
    55
    89
    45
    69
   199
    53
    23
     0
     0
     0
     0
     0
     1
    23
   149
   198
   277
   104
    27
    68
    48
    55
    68
    37
    43
   109
    69
    28
   228
    44
    64
     8
     0
     0
     0
     0
     4
    32
    84
   281
    75
    40
    28
    31
    59
    61
    39
    36
    44
    41
   166
   226
    62
    41
    43
     1
     8
     2
     0
     3
     5
   128
   112
   157
   217
   179
    16
    24
    26
    77
    18
    35
   107
    33
    23
   197
    63
    39
    59
     0
     0
     0
     0
     0
     0
    92
    32
   237
    95
    25
    37
    64
    11
    68
    35
    51
    47
    87
    83
   262
    63
    62
    64
     0
     3
     2
     5
     2
     0
    23
   144
   197
   129
   124
    39
    32
    58
    67
    31
   142
    36
    25
    93
    12
    90
    31
    73
     3
     0
     0
     0
     0
     1
    93
   117
   345
    62
    66
    93
    54
   133
   162
    36
    45
    81
    33
    67
    35
    67
    29
    22
     0
     0
     0
     0
     2
     0
    78
   104
   359
   135
    72
    79
    54
    24
    27
    31
    31
    31
    60
    89
   187
    71
   114
    59
     4
     1
     4
     6
     0
     0
    51
   101
   123
   179
   100
   104
    54
    30
    62
   161
    79
   200
    28
    64
    83
   138
    34
    76
     0
     0
     0
     0
     0
     2
   133
    70
   241
   189
    47
    54
    27
    42
    19
    66
    24
   216
    61
    73
   302
    57
    38
    82
     0
     0
     0
     0
     6
     1
    43
   179
    30
    15
    24
    33
    51
    26
    34
    36
    57
    94
    77
    59
    74
    37
    23
    83
     7
     7
     8
     0
     8
     0
   168
   165
   313
    88
    51
   267
    38
    31
    58
    23
    67
    33
    52
    71
   209
    64
    34
    25
     7
     0
     5
     0
     6
     0
    74
   149
   201
   231
    48
    17
   113
    35
    22
    40
   197
    65
    57
    46
    80
   109
    68
    70
     0
     3
     2
     7
     7
     0
    27
   115
   108
   145
    35
    61
    12
    49
   171
    38
    46
    57
    43
    44
    36
   111
    37
    75
     8
     5
     0
     0
     0
     0
    46
   129
   268
   157
    43
    79
    78
    41
    57
   197
    79
    15
    47
    82
   365
    72
    48
    91
     0
     7
     0
     5
     2
     0
    54
    84
   250
   173
    37
    44
    53
   160
    39
    49
    60
    42
    87
    70
    71
    88
    27
    67
     6
     0
     4
     0
     2
     0
    50
   163
   132
    38
    75
    70
    33
    72
    75
   174
    49
    82
    44
   305
   148
   127
    75
    72
     1
     8
     9
     0
     3
     0
    89
   125
   108
    81
    32
    38
    19
   222
    99
    66
    32
    28
    30
    40
    86
   103
    68
    42
     0
    11
     0
     0
     0
     0
    94
    67
   147
   138
    35
    58
    68
    70
   130
    65
    27
    68
    36
    37
   132
    76
    65
    27
     0
    11
     3
    10
     0
     8
   103
   126
   358
    50
   133
    46
   153
    32
    68
    21
    31
    75
    89
   218
    72
   111
    87
    36
     0
     7
     0
     9
     5
     0
    75
   268
   156
    64
   122
    39
    23
    42
    48
    30
    59
    49
    69
    32
    59
   111
    60
    31
     1
     0
     0
     0
     2
     2
    53
   164
   114
   200
    52
    61
    30
    86
    45
    69
    66
    46
    86
    60
    94
    67
    80
   186
     0
     2
     2
     6
     5
     1
    59
   217
   256
   132
    39
    37
    60
    88
    78
    86
   206
   210
    19
    20
   197
    50
    25
    75
     0
     6
     4
    12
     0
     0
    61
   196
   172
    69
    27
   179
    33
    52
    20
    57
   153
    41
    58
    89
    26
   216
    81
    24
     0
     0
     0
     7
     0
     0
    44
   162
   340
    91
    38
    36
    22
    81
    42
   161
    32
    55
    82
    22
    31
   100
    32
    78
     0
     0
     0
     0
     1
     6
    26
   121
   203
   143
    57
    41
    36
    33
   168
    53
    55
    83
    55
    25
   277
    52
    67
    40
     0
     0
     1
     9
     0
     0
    46
   222
   149
    72
    44
    23
    60
    65
    34
    90
   177
    41
    44
    42
    49
    42
    34
    31
     0
     0
     2
     0
    11
     4
    14
    82
    62
   153
    82
    50
    83
   162
    53
    42
    35
    55
    39
    40
    23
    69
    64
    13
     0
     0
     0
     1
     0
     0
    17
   142
   273
   110
    20
    35
    27
    25
    35
    32
    20
    81
   110
    50
   107
    68
    50
    60
    12
     0
     0
     0
     0
     0
    44
   159
    77
   119
    79
    41
    36
    75
    21
    59
    55
   237
    98
   271
    84
    48
    93
    48
     3
     0
     6
     0
     8
     7
   145
    71
    65
    73
    32
    25
    60
    22
    48
    73
    45
    13
    41
    66
   209
    63
    44
    55
     2
     0
     0
     6
     0
     0
    68
    17
    74
    76
    29
    78
    33
    52
    76
    43
    25
    51
   229
   128
    46
    54
    28
    48
     0
     0
     0
     0
    15
     5
    61
   114
   267
    60
    19
    33
    49
    24
    38
    24
    29
    88
    37
    87
   207
    39
   114
    60
     0
     0
     0
     0
     2
     0
    75
   175
   188
   115
    43
    29
    59
    23
    36
    54
    70
    39
    86
   259
    26
    51
   125
    28
     0
     0
     8
     0
     2
     7
    29
    39
   245
   119
    24
    22
    32
    36
    40
    60
    31
    39
    82
   122
    66
    21
    18
    86
     0
     0
     0
     4
     0
     0
    42
   129
   278
   156
    42
    47
    41
    37
    78
    86
    58
    49
    35
    64
    95
   122
    50
   181
     0
     0
     0
     0
     0
     0
    27
   241
   316
   227
    67
    32
    59
    53
    65
   159
     6
    76
    31
   106
    86
    92
    27
    46
     0
     0
     0
     0
     7
     5
    92
   165
   353
   303
    48
    11
    42
    75
    67
    61
    57
    78
    21
    46
    58
    62
    70
    40
     0
     0
     7
     0
     3
     0
    80
    25
   203
    56
   181
    50
    31
    48
    57
    48
   185
    53
    77
    47
    96
    71
    17
    88
    11
     0
     7
     9
     5
     0
   103
   176
   148
    97
     9
    25
    21
    18
    43
    43
    42
   104
    17
    17
    89
    37
    75
    22
     0
     0
     0
     0
     0
     0
   179
    88
   154
   122
    47
    28
    20
    50
    35
    24
    29
    29
    35
    81
    64
    52
    14
    88
     0
     1
     0
     0
     7
     6
    56
   206
    89
    79
    30
    46
    73
    61
    35
    43
    20
    84
    53
    84
    78
   204
    35
    65
     0
     0
    16
     2
     0
     8
    51
   116
   189
   182
    43
    60
    63
    47
    39
    34
    94
    43
    72
    44
   155
   166
    34
    91
     0
     0
     0
     3
     0
     7
    44
   144
   299
    71
    31
    79
    35
   139
   183
   112
    32
    47
    68
    44
   252
   201
    41
    49
     0
    12
     7
    10
     1
     0
    67
   132
   113
   150
    15
    90
    32
    40
    61
    51
    68
    18
    38
    36
    20
    80
    19
    25
     4
     0
     0
     0
     7
    17
    43
    83
    70
    33
    62
    74
    10
    75
    49
    80
    31
    59
    81
    60
    23
   182
    21
    20
     9
     0
     5
     4
     0
     0
    60
    96
   130
   153
    46
    12
    59
    31
    36
    78
    19
    75
    48
   115
    32
    86
    28
    30
     4
     0
     0
     6
     0
     6
    80
   154
   235
   133
    38
    26
   189
   140
    29
    19
    53
    24
    38
    50
    60
   182
    74
    83
    11
     0
     0
     1
     6
     0
    69
   180
   110
    22
    26
    47
    31
    63
    17
    10
    33
    29
    72
    88
    47
    37
    36
    47
     9
    11
     0
     0
     5
     7
   143
    98
   323
   270
    67
    64
    20
    34
    33
    34
    44
   230
    35
    49
    45
    36
    48
    94
     0
     8
     0
     0
    12
     0
   122
    51
   166
   122
    20
    78
    33
    52
    39
    48
    58
    81
    33
    46
    69
   158
    43
    38
     0
     6
     1
     5
     0
     1
    71
   187
   120
    74
   105
    81
   168
    68
    33
    19
    63
    27
    32
    59
   221
   172
    49
    35
     0
     6
     3
     0
     0
     0
    22
   175
   264
    64
    41
    68
    62
    56
    60
    27
    40
    42
    62
    44
   168
   237
    44
    57
     6
     0
     0
     0
     0
     0
    87
    88
   443
   149
    66
    61
    61
    21
    38
    29
    54
    47
    29
   125
    79
   232
    53
    28
     0
     0
     3
     0
    12
     1
    32
   105
    79
    76
    50
    31
    79
    37
    36
    29
    42
    17
    41
    27
   316
    81
    20
    45
     0
     0
     0
     3
     2
     0
    74
   155
   159
   146
   102
    41
   100
    41
    66
    67
    23
    84
   208
    29
   183
    62
    44
    53
     0
     4
     8
     2
     0
     9
    34
   187
   328
   283
    17
    56
    31
    43
    45
    27
    59
    78
    29
    21
   314
    81
    26
    16
     7
     0
     1
     3
     0
     0
   121
   206
   139
    90
    59
    67
   231
    36
    33
    55
    35
   129
    37
   107
   149
   140
    12
   166
    14
     5
     3
     0
     0
     0
    12
   100
   384
    71
    38
    37
    31
    30
    26
    80
    60
    39
    38
    10
   218
   146
    52
    21
     0
     1
     5
     0
     0
     2
    62
   191
   246
   125
    20
    52
    37
   177
    30
   115
    31
    51
    41
    23
    59
    18
    34
    42
     0
     6
     9
     0
     0
     0
    94
   125
   256
   252
    78
    52
    79
    21
    28
    25
    29
    52
    69
    49
    69
    55
    43
    20
     5
     0
     0
     0
     0
     0
    40
    86
    91
    72
    50
    21
    48
    19
    60
    41
    28
    86
    23
   105
   227
    68
    39
    51
     8
     3
     0
     1
     0
     1
    18
   120
   249
    70
    59
    34
    35
    21
    52
    36
    63
     9
    34
    73
    19
   100
    68
    74
     0
     0
     3
     0
     0
     9
    59
   158
   315
   110
    65
    44
    66
    51
    43
    95
   124
    35
    39
    42
   118
    91
    69
    37
     0
     2
     4
    11
     0
     0
    74
   123
   356
   216
    46
    40
    30
    75
    29
    40
    48
    25
    47
    39
   179
   120
    29
    69
     3
     0
     3
     3
     0
     0
    87
   101
   335
   112
    38
    17
    30
    49
    46
    54
    58
    26
    56
    22
   126
    77
    21
    32
     0
     0
     0
     0
     5
     0
    61
   199
    89
    72
    41
    73
    78
    41
    71
    43
   114
    11
    19
    33
    42
    36
    48
    47
     0
     2
     0
     9
     9
     0
    32
   157
   241
   102
    34
    50
    16
    45
    47
   179
    23
    16
    27
   192
    78
    68
    12
    25
     0
     0
    16
     7
     5
     0
    98
    78
   255
    85
    72
    18
    19
   239
    37
    87
    48
    75
    32
    23
    47
    83
    35
    24
     0
    11
     2
     1
    19
     0
    36
   157
   110
   202
    24
    40
    52
   169
    42
    12
    15
    35
    51
    66
    60
   105
    47
    77
     0
     0
     4
     1
     3
     0
    31
   128
   171
   166
    91
    78
    31
   158
    48
    54
    71
    44
    28
    45
   108
    39
    47
    74
     7
     2
     1
     0
     0
     3
   101
   121
   396
   130
    69
    52
    51
    65
   102
   232
    75
   215
    43
    76
   172
   111
    18
   125
     1
     0
    10
     0
     5
     0
    41
   238
   135
    75
   107
    87
    25
    56
    37
    19
    71
    36
    53
   217
    58
   112
    55
    85
     0
     0
     0
     0
     0
     0
    14
   136
   156
   108
    42
    35
    31
    13
    42
    47
    26
    32
    13
   195
   214
   138
    90
    77
     0
     0
     1
     1
     0
     0
    54
   105
    92
    84
    47
    14
   106
    55
    37
    35
   104
    30
    38
    40
   144
   139
    58
    43
     0
    11
     5
     6
     5
     0
    47
   109
   156
   240
    37
    32
    36
    24
    42
   173
    25
    51
    41
    28
   189
   164
   109
   116
    10
     0
     0
     0
     0
     7
    51
   138
    61
   171
    85
    30
    35
    33
    13
    59
   112
    26
    29
    37
    36
    26
    30
    34
     0
     0
     0
     3
     0
    20
   116
   120
   173
   119
    28
    71
   105
    25
    52
    54
    71
    47
    26
    39
   104
   289
    48
    42
     0
     0
     0
     7
     0
     0
    62
   115
   227
   126
    30
    27
     4
    29
    37
    50
    47
    62
    68
   165
   322
    87
    44
    60
     0
     0
     0
     0
     0
     3
    50
   111
   126
   155
    37
    61
    31
    23
    79
    57
    69
   186
    23
   100
   165
    17
    18
    77
     4
    11
     4
     0
     8
     6
    32
   160
    80
   167
    38
    30
    76
    32
    31
    29
    67
    44
    72
    55
    26
    50
    41
    20
     9
     1
     0
     0
     0
     0
    62
   243
   235
    65
    86
    69
   126
    42
    25
    26
    33
    37
    53
   174
   153
   102
    14
    64
     0
     0
     3
     0
    12
    14
    42
   162
   153
   259
    46
    35
    28
    16
    37
    26
    60
    47
    37
    44
    37
    56
    33
   221
     6
     0
     0
     2
     5
     0
    45
    76
   191
    69
    64
    16
    42
    44
    39
    43
    21
   166
    19
    32
    76
   112
    44
    25
     6
     0
     4
     0
     2
     0
    33
   133
   232
   171
    58
   101
    19
    77
    23
    75
    94
    34
   197
    97
    31
   134
    46
    35
     0
     2
     1
     9
     0
     0
    33
   156
   291
    31
    44
    74
    58
    72
    43
    13
    47
    86
    34
    67
   133
    88
    81
    43
     7
     0
     5
     0
     1
    13
    86
   117
   163
   155
    14
    78
    58
   100
    31
    83
    77
    48
    30
    31
    73
    32
    38
    36
     0
     6
     4
     5
    14
     0
    58
   131
   186
    20
    27
    31
    65
    25
    30
    32
    78
    47
    27
    42
    40
   103
    27
   183
     0
     0
     3
     0
     0
     0
   129
    72
   203
   112
    91
    31
    66
   178
    45
    50
    46
     2
   174
    17
    19
    76
    58
    39
     0
     0
     7
    12
    13
     0
    26
   129
   190
   115
    88
    32
   165
    24
    50
    35
    22
    45
    53
    84
     7
   262
    25
    30
     5
     0
     0
     0
     0
     0
    31
    59
   177
   175
    24
    48
    36
    53
    95
    27
    81
    30
    39
    31
    33
    75
    63
    26
     0
     0
     1
     0
     3
     0
    42
    64
   142
    93
    37
    33
    40
    38
    18
    91
    35
    67
    23
    73
   212
   126
    40
    48
     1
     0
     2
     0
     0
     1
    56
   168
   205
   174
    61
    37
   148
    42
    19
    45
    66
    95
    62
    42
    68
    28
    35
    36
     5
     6
     1
     0
     0
     4
    85
   187
   125
   120
   100
    51
    44
    38
    30
   162
    24
    27
    20
    32
    28
    28
    40
    34
     2
     2
     0
     1
     0
     0
    79
    78
   135
   157
    28
    22
    39
    80
    69
    29
    19
    38
    55
     4
    65
    80
    41
   110
     0
     1
     0
     0
     0
    10
    30
    44
   210
   104
    38
    29
    51
   250
    47
    20
    20
    47
   127
   216
    75
    86
    44
    17
     0
    11
     5
     0
     7
     2
    54
   114
   197
   151
    21
    35
    71
    36
    20
    30
    34
   169
    72
   254
    17
   152
    91
    28
     0
     0
     5
     0
     0
    10
    44
    82
   300
   204
    45
    14
    66
    48
    57
    47
    26
    68
    75
    94
    30
   199
    32
    85
     2
     3
     0
     3
     0
     0
    46
   233
   119
   155
    44
    47
    96
    57
    41
    57
    46
    42
    48
    40
   179
    92
   141
    94
     0
     0
     2
     1
     3
     0
    60
    22
   117
   166
    67
    55
   113
    86
   102
    91
    60
    73
   136
   214
   132
   157
    50
   196
     0
     0
     0
     0
     0
     0
    35
   115
   223
    78
    30
    40
    32
    40
    72
    55
   154
    61
    49
   215
    30
   214
    69
    69
     1
     1
     1
     0
     0
     0
    60
   126
   212
   297
   104
    47
    33
    52
    59
    56
    68
   105
    33
    82
    72
    89
   182
    35
    11
     0
     0
     0
     3
     0
     6
   116
   180
    54
     9
    15
    16
    77
   158
    25
    44
    23
    57
    39
    28
   135
    20
    39
     3
     0
     3
     1
     6
     0
    11
    94
    65
   148
    47
    17
    72
    20
   172
    30
     6
    39
    44
    38
   120
    76
   181
    18
     5
     0
     2
     0
     0
     3
    38
   197
   311
   101
   191
    75
    37
    37
    69
    24
    34
    38
    67
    77
   206
    83
    48
     6
     5
     0
     0
     0
     0
     4
    86
   114
   166
    30
    80
    22
    26
   168
    61
    75
    32
    21
    26
    40
   115
    71
    93
    28
     7
     0
     4
     0
     0
     9
   143
   103
    61
   134
    49
    36
    14
   105
    50
    96
    26
    25
    59
    35
    80
   114
    75
    73
     0
     1
     0
     0
     0
     4
    33
    77
   137
   185
    27
   102
    52
    29
    18
    15
   193
   108
    44
    39
    63
    21
    40
    75
     0
     0
     4
     0
     0
     3
    78
    98
   288
   125
    26
   117
    25
    13
    42
    13
    32
    68
    81
    95
   144
   115
    24
    34
     7
    10
     0
     0
     0
     0
    43
    86
   295
    62
    19
    71
    34
    11
    23
    81
    37
    18
    61
    85
    72
    15
    41
    24
     0
     2
     2
     0
     0
     4
    28
   118
   117
   236
    42
    86
    39
    63
    18
    35
    32
    35
    33
    60
    21
   106
    71
    84
     0
     3
     0
     0
     4
     0
    42
   162
   200
   149
    27
    21
    16
    23
    74
   165
    55
    52
    44
   119
   392
    27
    50
    50
     0
     0
     0
     5
     2
     0
    82
   155
   262
   120
    36
    34
    29
   186
    20
    83
   118
    26
   130
    66
   282
    62
    25
   102
     0
     0
     0
     3
     2
     5
    27
   101
   154
   110
    55
    55
    79
    53
    71
    61
    18
    30
    60
    54
    59
   182
    87
    40
     0
     4
     0
     0
     0
     0
    28
    88
   145
   197
    27
    54
    30
    13
    42
    66
    41
    17
    78
    93
   209
   119
    52
    70
     0
     0
     3
     0
     0
     7
    56
    69
   174
   183
    79
    93
    29
   207
    69
    43
    58
    30
    47
    96
   191
    17
    33
    24
     0
     0
     0
     4
     2
     0
    41
   125
   143
   190
   178
    74
   269
    28
    57
    38
    54
    50
    55
    23
   163
    80
    53
    43
    10
     0
     4
     3
     0
     2
    73
    70
   266
   147
    28
    34
    18
    26
    72
    50
    30
    57
    72
    39
   131
    31
    47
   106
     2
     0
     0
    11
     0
     7
    61
    29
   245
    74
    21
    46
    78
    35
    48
    61
    36
   161
   192
    31
    88
   134
    24
    36
     2
     0
     0
     0
     7
     9
    39
   126
   114
   122
    42
   225
    33
    38
    36
    37
    30
    34
    13
    20
    42
   165
    34
    70
    18
     0
     0
     8
     1
     0
    70
   128
   105
   156
    20
    49
    57
    30
    41
    67
    44
    57
    74
    59
    83
   154
    21
    63
     0
     0
     0
     2
    13
     0
    32
    40
   208
    34
    41
    69
    22
    25
    22
    83
    45
     5
    19
    42
    84
    45
    80
    24
     0
     1
     0
     0
     0
     1
    78
   221
   277
   177
    12
    40
    57
    20
    29
    80
    47
    50
    20
    44
    51
   202
    22
    52
     0
     0
     0
     0
     0
     0
   100
   146
   131
   109
    36
    68
    23
    48
    47
    63
    25
    42
    31
    71
   256
    22
    56
    14
     6
     0
     0
    10
     8
     1
    77
   284
   101
   118
    37
    46
    47
   110
    72
    37
    29
    44
    71
    92
   473
    65
    89
    45
     0
     0
     0
     8
    10
     0
    23
    78
   280
   107
    76
    43
    43
    44
    53
    28
    90
    13
    27
    36
    36
   154
    32
    34
    20
     8
     0
     7
     3
     9
    58
   135
   278
   117
    94
    90
    65
   132
    60
    36
    28
    60
    36
    68
    80
   164
    45
    60
    16
     4
     0
     0
     6
     3
    37
   184
   183
    92
    20
    48
    35
   113
    31
    47
    90
    31
    24
    75
    30
   288
    33
    18
     6
     6
     0
     2
     2
     0
    33
   296
   259
    93
    37
   198
    50
    26
    58
    42
    36
    14
    89
   209
    57
   168
    72
    70
     8
     0
     0
     0
    10
     0
    74
   208
    97
   147
    41
    66
    57
    18
    40
    21
    59
    29
    25
    68
    41
    72
    49
   148
     0
     0
     0
     3
     0
     0
    43
   142
   175
    18
    39
    42
    60
    85
    86
    20
    38
    24
    56
    27
   195
    51
    53
    52
     0
     0
     0
     0
     0
     0
    93
    70
   147
   147
    69
    45
    48
    56
    57
    43
    34
    49
    31
    99
    27
   112
    14
    23
     6
     0
     0
     9
     0
     0
    83
   152
   115
    72
    57
    81
    71
    18
   225
    29
    37
    30
    54
   105
    33
    47
    48
    13
     0
     6
     7
     6
     7
     1
    40
   124
   262
    65
    47
    68
    77
    29
    19
    52
    55
   107
    54
    53
   206
   297
    45
     8
     4
     0
     0
     7
     0
     9
    65
   289
   176
   165
    30
   174
    65
   173
    28
    75
    43
    76
    34
    94
    83
    86
    67
    66
     4
     0
     0
     0
     2
     0
    24
   194
   250
   101
     9
    43
    27
    93
    51
    79
    32
    22
   171
    69
    81
   117
    25
    25
     0
     0
     0
     0
     5
     6
    53
    29
   254
   194
    82
   104
    28
    39
    30
    71
    22
    30
    45
    34
    61
    53
    36
    28
     8
     2
     4
     0
     0
     0
    83
    69
   187
   194
    81
    23
    52
    36
    65
    47
    29
    61
    34
   153
    36
   170
    31
    25
     5
     0
     0
     0
     1
     9
   127
   142
    81
   149
    50
    34
    41
    88
    36
    85
    31
   100
    50
   178
   194
   262
    40
    31
     5
     3
     0
     9
    12
     0
    15
    36
   194
   129
    26
    28
    89
    30
    24
    61
   134
   227
    51
   170
    94
    49
    42
    16
     0
     0
    15
     0
     0
     8
    69
   270
   293
    79
    78
    48
    18
    61
    52
    32
    46
    25
    25
    68
   331
    94
    61
    71
     0
     1
     0
     7
     0
     0
    68
    73
   143
   198
    40
    57
    67
    63
    46
    98
    50
    23
    39
    46
    96
    41
    48
    25
     0
     3
     0
     8
     0
     0
    28
    67
    99
   171
   173
    50
    32
    20
    36
    54
    49
    35
    37
    26
   248
   170
    28
    99
     0
     0
     0
     2
     4
     0
    48
    91
   121
   186
    37
    78
    83
    48
    62
    22
    72
    42
    29
    34
   104
    64
    20
    32
     7
     4
     0
     6
     0
     0
    62
    83
   282
   162
    24
   228
    66
    30
    37
   156
   156
    25
    94
    60
   107
    34
    78
    34
     6
     0
     0
     7
     0
     0
    51
   100
   410
   161
    40
    57
    22
    24
    30
    29
    57
    79
    77
    81
   211
    62
   123
    52
     0
     0
     0
     0
     0
     9
    29
   121
   117
   102
    18
    31
    42
    60
    56
    99
    63
    74
    45
    50
    91
    34
    60
    53
     6
     0
     6
     0
    11
     0
   137
   270
   233
   204
    19
   172
    42
    47
    47
    47
    75
   136
    60
   189
    77
   280
    30
    34
     0
     2
     7
     0
     0
     0
    36
    68
   168
   132
    44
    77
    66
    50
    28
    43
    26
   218
    61
    57
   587
    85
    65
    13
     5
     3
     0
     0
     0
     0
    84
   236
   159
   183
    42
   111
    25
    70
    31
    35
    36
    32
    76
    44
    45
    56
    35
    14
     3
     0
     7
     0
     0
     0
    81
    72
   141
    75
    24
    35
    67
     9
    22
    36
    70
    35
   183
    32
    54
    49
    37
    35
     8
     0
     0
     0
     0
    11
    55
   100
   156
   182
    39
    23
    58
    29
    41
    58
    55
    45
    38
    62
    70
    73
    66
    41
     0
     0
     6
     0
     0
     0
    85
   159
   167
   131
    23
    28
   256
    56
    47
    61
    25
    56
    81
    18
     9
    48
    21
    23
     6
     0
     1
     0
     0
     3
    56
    53
   120
   189
    42
    16
    29
    36
    82
    12
    42
    84
    20
    51
    64
   113
    27
    59
     0
     0
     0
    10
     0
     3
    62
    97
   141
   177
    31
     4
   103
    59
     4
    84
   103
    87
    45
    54
    86
   104
    33
    21
     0
     5
     0
     1
     0
    14
    30
   167
   274
   116
    62
   100
    58
    43
    29
    38
   137
    98
    93
    43
   120
   146
    99
    41
     0
     3
     1
     1
    14
     8
    48
   267
   161
    59
    53
    53
    48
    33
    71
    75
    35
    45
    53
    35
   116
   102
   100
    40
     0
     7
     0
     4
     0
     0
    59
    26
   144
   133
    61
    39
    47
    31
    65
    95
    29
    48
    33
    65
    46
   148
    57
    32
    18
     2
     0
     0
     0
     5
    86
    68
    65
    89
    27
    50
    29
    86
    62
    43
    22
    35
    92
   111
   219
    84
    30
    69
    12
    11
     0
     0
     0
     5
    40
    76
   137
    39
    64
    15
     9
    80
    30
    31
    57
    44
    82
   175
   213
    61
    40
    54
     2
     9
     0
     0
     3
     0
    57
   153
   205
   113
    71
    23
    49
    51
    46
    41
    11
    53
    50
    64
   283
    66
    61
    24
     0
     0
     2
     0
     0
     2
    74
    81
   206
   125
    28
    47
    64
    67
    52
    64
   140
    68
    47
    51
   188
   101
    63
    69
     4
     0
     0
     0
     0
     0
    86
   109
   371
   107
    42
    21
    71
    99
    47
    34
    65
    24
   105
    70
   265
   236
    43
    72
     0
     6
    10
     1
     0
     0
    44
   124
   123
   114
    80
    20
    38
    30
    20
    34
    51
    15
    57
    54
    94
    90
    97
    35
     0
     7
     0
     9
     9
     5
    40
   229
   192
   177
    98
    34
    24
    60
    46
    67
    18
    24
    35
    18
    68
   217
    70
    56
     0
     5
     0
     4
     0
     5
    31
   178
   202
   234
    37
    68
    11
    76
    24
    78
    63
    67
    39
    81
    76
    77
    25
     4
     2
     1
     0
     1
     0
     7
    35
    71
   196
   172
    45
    36
    56
    46
    51
    16
    33
    28
    74
    31
    83
   185
    45
    35
     0
     0
     3
     8
     0
     0
    25
    76
   207
    56
    36
    30
    58
    12
    46
    40
    45
    30
   113
    33
   201
   111
    33
    60
     3
     6
     0
     0
    12
    12
    42
   172
   233
    42
    37
    40
    35
    98
    11
    99
    45
    80
    43
    67
    98
   158
   176
    64
     3
     0
     0
     0
     6
     0
    75
   197
   292
   162
    37
    30
    40
    43
    39
    37
    70
    80
    79
    30
    93
   145
   183
    52
     0
    10
     4
     0
    12
     6
    40
    85
   111
   101
    46
    41
   169
    40
    32
    57
    50
    57
   106
    43
    80
    73
    57
    22
     0
     3
     8
     2
     0
     0
    96
    41
   269
   109
    20
    48
    39
    39
    53
    50
    41
   108
    31
    56
    38
    40
    50
    27
    14
     0
     1
     1
     0
     0
   137
   146
   211
   232
    32
    42
    31
    29
    32
    45
   104
    29
    38
    53
   117
    58
    19
    53
     0
    14
     1
     0
     0
     1
     0
    24
   165
    34
   119
    33
    64
    29
    26
    69
    10
    41
    71
    67
    52
   108
   209
    20
    56
     0
    13
     6
     0
     0
     0
    20
   151
   242
   169
    58
    20
    30
    30
   110
   141
    39
    28
    26
    84
    51
    49
    35
    40
     0
     3
     8
     0
     0
     3
   119
   160
   253
   148
    61
    12
    57
    51
    63
    63
    31
    39
    87
    49
    59
   287
    29
    36
     5
     6
     7
     7
     0
     5
    33
   119
   251
    84
    42
    87
    48
    62
   177
    49
   189
    95
    29
    28
    94
   144
    42
    74
     0
    17
     1
     3
     0
     0
    20
    76
   152
    87
    21
    35
   155
    48
    66
    49
    78
    54
    19
    40
   116
    71
    34
    53
     0
     0
     0
     4
     8
     0
    33
    99
   171
   165
    19
    66
    54
    28
    46
    27
    76
    92
   143
    99
   110
   182
    42
    11
     2
     4
     6
     0
     0
     0
    61
   134
   222
    80
   129
    48
    84
    20
    18
    50
   104
    38
    36
    61
   279
   142
    31
    72
     6
     8
     0
     0
     0
     0
    58
   174
   314
   101
    81
    31
    29
    35
   189
    30
    52
    60
    56
    55
   166
    51
    35
    31
     0
     0
     2
     0
     3
     0
    40
    65
   192
   223
    28
    37
    40
   108
    44
    75
    75
    29
   140
   341
   253
    29
    26
    40
     0
     1
     0
     0
    12
     3
    45
   167
   188
   103
    58
    54
    79
    94
    74
    80
    61
    63
    24
    50
   108
   186
    99
   169
     0
     5
     0
     0
     0
     2
   109
   174
   273
   117
    43
    45
    84
   187
    47
   185
    47
    29
   112
    39
    76
    93
    15
    54
     5
     5
     0
     0
     0
     0
    58
    71
   170
   136
    89
    92
    26
    27
    24
    51
   176
    67
    82
    64
    90
   131
    86
    24
     2
     9
     0
     5
     8
     0
    65
   127
    71
   133
    84
    95
    80
    79
   208
    93
    95
    29
    34
    17
    67
    42
    51
    60
     0
     0
     6
     1
     0
     0
    71
    21
   198
    79
    23
    54
    59
    34
    26
    13
    20
    72
    77
   103
    57
    42
   110
    38
     2
     0
     0
     3
     0
    10
    30
   108
    67
   117
    31
    21
    48
    37
    46
   109
    47
    13
    37
    23
    63
    90
    33
    43
     0
     0
     6
     3
     3
     0
    57
   274
   110
    57
   106
    27
    54
    14
    33
    69
    49
    60
    28
    28
   126
    12
   136
    25
     2
     0
     7
     4
     0
     0
    92
   132
   302
   232
    53
   109
   190
    70
    50
    74
    39
    67
   105
    51
   377
   176
    48
    18
     0
     0
     0
    13
     1
     0
   105
   192
   552
    77
    97
   120
    75
    58
    69
   111
    43
    49
    58
    53
    90
    72
    34
    32
     3
     0
     5
     0
     0
     6
    34
   138
   124
   226
    45
    39
    86
    19
    52
    94
    38
    54
    85
    17
    88
   172
    19
    51
     0
     0
     1
     2
     7
    15
    44
    52
   193
   157
    79
    36
   114
   190
     6
    23
    19
    86
    45
    94
    21
   162
    38
    16
     0
     6
     2
     0
     9
     5
    31
    24
   187
   118
    31
    42
    20
    67
    49
   287
    87
    69
   203
    21
   220
   203
    28
    64
     0
     0
     9
     0
     0
     0
   123
   159
   364
    72
    43
     9
    53
    47
    74
    42
    41
    24
    76
    38
    49
    96
    23
    47
     0
    10
     3
     3
     0
     0
    44
   166
   125
   132
    52
    71
    30
    77
    32
    50
    73
    88
    60
   103
    50
    39
   108
    11
     4
     0
     3
     3
     6
     1
    66
   193
   222
   150
    39
    36
   203
    60
    55
    20
    80
    92
    28
   130
   203
   138
    47
    31
     6
     0
     7
     5
     4
     5
    51
   169
   294
   148
    37
    98
   147
    62
    59
    61
    70
    43
    18
    90
    43
   107
    48
    18
     0
     0
     0
     0
     0
     0
    80
   155
   238
    77
    50
    24
    80
    42
    52
    19
    33
   225
    43
   164
   218
   262
    37
    41
     0
     1
     0
     3
    10
     4
    68
   132
   267
   109
    19
    43
    66
    53
    57
    37
    75
    41
    83
    39
   149
    94
    42
    67
     5
     5
     0
     0
     6
     5
    36
    82
    88
    44
    55
    36
    61
    46
    71
    48
    19
    50
    32
    51
   297
    98
    48
    78
     0
     5
     0
     0
     0
     2
    45
    79
   263
   102
    48
   196
    77
   159
    32
    25
    95
   320
    19
    16
    97
   291
    42
    42
     3
     0
     0
     7
     3
     1
    18
    62
   117
    29
    20
    37
   168
    57
   109
    26
    83
    17
   267
   193
    70
    87
    43
    83
     5
     0
     5
     0
     3
     0
    17
   168
   286
    61
    14
    68
    30
    74
    24
    56
    48
    51
   169
    77
   110
    55
    35
   111
     0
     0
     0
     0
     9
     4
    54
   161
   120
   115
   102
     9
    47
   113
    34
    86
    40
    67
   105
    28
   111
   187
    71
    65
     2
    13
     0
    13
     6
     1
    36
   130
   272
   186
    33
    24
    36
    63
    40
    20
    37
    38
   178
    49
   249
   109
    94
    69
     2
     2
     2
     1
     9
     0
   135
    16
   280
   105
    25
    24
    52
    39
    63
    25
   217
    44
    56
    53
   266
   226
    52
    51
     0
     2
     0
     6
     0
     0
    74
   145
   159
   245
    85
    55
    86
    70
    51
    89
    41
    83
    29
    67
   145
    63
    54
    29
     5
     4
     4
     0
     6
     0
    43
   155
   171
    58
    34
    68
    71
    47
    66
    50
    47
    17
   221
   140
    64
    75
    99
    17
     0
     6
     9
     0
     0
     2
    54
   152
   430
   157
   129
    67
    23
    37
    52
    56
    65
   108
   114
    28
   216
   149
    40
    36
    15
     1
     5
     0
     4
     0
    36
   157
   306
   164
    41
    48
    16
    82
   107
    45
    46
    64
    69
    62
   304
   227
    65
    60
     1
     4
     1
     0
     0
     0
    81
    38
   228
    83
   139
    83
    65
    50
    39
    70
    62
    56
    50
    66
   109
    91
    26
    52
     4
     0
     0
     3
     1
     0
    47
   227
   160
    85
    57
    65
    15
    36
   101
    72
   114
    20
    28
    47
    71
    41
    48
    68
     0
     0
     0
     0
     2
     0
    55
   109
   208
   121
    58
    50
   171
   200
    63
    61
    18
   159
    61
   152
    86
   118
    29
    42
     6
     0
     0
     0
     4
     6
    47
   164
   236
   111
    70
    50
    83
    36
    91
    42
    20
    42
    58
    86
    66
    65
   117
    49
     0
     2
     3
     2
    13
     8
   103
   190
   232
    77
    36
    37
    49
    46
    44
    45
    24
   181
    39
    28
   200
    65
    42
    18
     0
     0
     4
     0
     0
     3
    46
   163
   103
    56
    31
    40
    10
   188
    49
   176
    50
    56
    46
   117
   115
   271
    36
    54
     2
     7
     7
     0
     6
     0
   115
   212
   200
   176
    79
   118
    58
    45
    63
    96
    64
    71
    82
    43
   192
   169
    66
    53
     5
     0
     0
     0
     5
     1
    84
   319
   269
    98
   108
   118
    51
    70
   181
    53
    46
    72
   119
    58
   127
   112
    23
    51
     1
     3
     7
     0
     0
     0
    39
    22
   262
   152
    58
    80
   199
    26
    30
    79
    37
    57
    17
    83
   138
    82
    82
    52
     6
     5
     0
    15
     3
     0
    81
   118
   157
   194
    52
    31
    33
   150
    20
    21
    35
    38
    46
    38
    77
    46
    65
    27
     3
     3
     7
     0
     0
     3
   113
   139
   167
    23
    36
    41
    45
    90
    49
    56
    43
    93
    54
    24
   202
    73
    81
    71
     0
     5
     0
     7
     2
     0
    37
   122
   165
    78
    43
    63
    35
    52
    74
    70
    48
    42
    88
    91
    82
   173
    44
    29
     6
     0
    20
     4
     9
     0
    95
   116
   332
   154
    98
    53
    33
    77
    81
    46
   307
    31
    60
    32
    95
   121
    35
    46
     2
     0
    11
     0
     0
     4
    92
   112
   134
   167
    51
    43
    37
    60
    83
   190
    71
    56
    79
    44
   116
   154
    73
    77
     0
     0
     0
     7
     1
     8
    48
   234
   408
    67
    66
   177
    44
    76
    27
    45
    79
    77
    55
    45
    85
   339
    25
    99
     1
     0
     0
     3
     4
     0
   101
   131
   149
    25
    38
    47
    79
    89
    21
    54
   111
    35
    36
    37
    18
   214
    36
    43
     0
     0
     0
     5
     8
     0
    53
   229
   220
   370
    32
    33
    37
    46
   102
    46
    55
    40
   147
   236
    57
    57
    90
    46
     0
     1
     0
     4
    12
     0
    38
   132
   320
   177
    66
    35
    68
    47
    28
    47
    34
    54
    27
    43
    35
   131
   104
    42
     0
     5
     6
     6
     0
     0
    96
   187
   220
    24
   113
    38
   175
   169
    28
    38
   105
    42
    34
    30
    52
   160
    34
    67
     3
     2
     0
     1
     4
     6
    44
   220
   263
   124
    33
    89
    78
    57
    71
    43
    35
    58
    51
    91
   115
    30
    65
    63
     7
     5
     1
     0
     0
     0
   150
   121
   170
   101
    52
    36
    75
    51
    37
    68
   214
    46
    54
    53
   243
   111
    51
    55
     3
     0
     7
     0
     4
     0
    66
   165
   241
    41
    91
    51
   198
    65
    21
    97
    43
    70
    93
    81
   112
   107
    47
   106
     3
     0
     0
     7
     0
     0
   102
   175
   191
    97
    41
    56
   154
    56
    30
    39
    39
    34
    11
   164
    71
   101
    36
     0
     0
