    34
     0
     0
     0
     2
    39
   136
   170
    84
    81
    33
    22
    36
    47
    35
    12
    73
    28
    53
    60
   106
    84
    42
     2
     0
     0
     0
     0
     7
    29
    88
    94
   164
    58
    34
    18
    33
    51
    32
    94
    55
    69
    46
   173
    83
    96
    79
     1
     0
     0
     9
     5
     0
   103
   207
   165
   109
    79
    30
    36
    22
    33
   186
    47
    43
    20
    84
    78
   115
    15
    39
     0
    14
     2
     0
     1
     0
    81
   106
   186
   152
    92
   166
    66
    30
    40
    58
   167
    43
    83
   117
    56
   190
    39
    18
     6
     0
     0
     1
     1
     0
    26
    85
   250
   111
    55
    21
    83
    51
    88
    33
   208
    37
   158
    82
    97
   125
   108
    12
     6
     0
     0
     1
     0
    14
    49
    59
   387
   255
    59
    60
    87
    21
   104
    56
    28
    98
    22
    14
    72
    81
    26
    77
     0
     0
     2
     6
     0
     0
    18
    98
   230
   159
    61
    37
    71
    46
    49
    55
    54
    72
    30
    32
    39
   205
    66
    21
     0
     0
     2
     5
     0
     0
    26
   147
   282
   261
    44
    48
    14
    71
    72
    46
    22
    76
    42
    27
    55
   348
    45
    51
     2
     0
     0
     5
     2
     8
    17
   160
   134
   204
    28
    49
   130
    23
    23
    21
    45
    99
    39
    33
    90
   231
    43
    28
    10
     0
     2
     0
     0
     6
    25
   182
   157
    96
    26
   190
    27
    33
    47
    41
    31
    27
   215
    78
    73
   141
    26
    81
     0
     0
     5
     0
     0
     4
    86
   168
   225
   144
    38
    41
    39
    35
    21
    72
    38
    81
    78
    50
   112
    89
    32
    12
    15
     2
     6
     8
     0
     0
    63
   115
   152
    89
    12
    55
    29
    19
    73
    53
    42
    31
    48
    61
   186
    92
    52
    38
     0
     0
     0
     0
     0
     1
   128
   230
   216
   176
    31
   179
    32
    91
    71
    42
    75
   217
    43
    41
    53
   312
    42
    91
     5
     7
     0
     0
     0
     0
    54
   134
   227
   201
    70
   142
    77
    76
    34
    53
    45
    47
    42
    91
    15
   108
    87
    37
     1
     4
     3
     0
     0
     5
     5
   159
    72
    62
   173
    55
    38
    42
   181
    65
    37
    75
    35
    38
    21
    47
    15
    32
     9
     6
    10
     0
     0
     0
    17
   122
   182
   100
    30
    71
    44
    88
    43
    69
    43
    56
    50
    67
   151
    91
    66
    49
     0
     1
     4
     0
     0
     0
    24
   171
   245
   146
    42
    32
    35
    38
    59
    44
    32
    31
    36
   259
   126
    81
    23
    60
     0
     1
     5
     0
    10
     0
    92
    70
   117
   146
    48
    30
   166
    68
    37
    28
    22
    35
    50
    68
   311
    67
    50
    37
     7
     0
     0
     0
     7
     4
   125
   133
   149
    67
    26
    67
    96
    28
    13
    51
    26
   115
    19
    72
    51
    32
   113
    31
     7
     0
     0
     0
     0
     0
    78
   205
   307
    83
    48
    49
    40
    29
    63
    33
    48
    87
    32
    38
   244
    61
    42
    34
     4
     0
     0
     1
     5
     7
    45
    83
   203
   215
    31
    42
    60
    70
    88
    84
    78
    37
    27
    29
    85
    37
    24
    44
     0
     0
     8
     0
     0
     0
    70
   299
   400
   145
    88
    25
   144
    35
    63
   100
    33
    38
    27
    76
    70
    32
    79
    33
     0
     7
     1
     2
     0
     0
   104
    78
    67
   479
    42
    65
    51
    35
    14
    31
    28
    22
    21
    86
   102
    69
    40
    16
     6
     0
     0
     5
     3
     0
    82
   140
   120
    62
    45
    58
    99
    69
    50
    32
    49
    57
    33
   233
   101
    35
   121
    25
     0
     0
     0
     4
     7
     0
    47
   151
   232
   114
    37
    25
    76
    59
    27
    93
    25
    57
    14
    20
    67
   134
    51
    49
     0
     0
     0
     0
     2
     0
    35
    63
    68
    97
    63
    33
    71
   183
    55
    32
    65
    60
    69
    73
   117
    33
    18
    67
    10
     3
     0
     0
     0
    10
    51
   110
    78
   104
    47
    70
    38
    60
    57
    56
    87
    77
    44
    98
   155
   191
    39
    51
     4
     0
     4
     0
     0
     0
    86
    44
   118
    54
   106
    48
    66
    49
    37
    19
    98
   215
    62
    40
    80
    82
    49
    17
     5
    14
     0
     0
     8
     0
   113
    99
   149
   184
    28
    35
    33
    35
    23
    48
    32
    83
    53
    38
   104
    80
    49
    40
    10
     6
     5
     0
     0
     0
    25
    32
    43
   131
    35
    42
    39
    55
    39
    19
    33
    71
    55
    62
   141
    28
    35
    36
     3
     0
     0
     2
     0
     5
    53
   229
   191
   160
    65
   170
    95
    42
    90
     8
    40
   121
    46
    32
   232
   149
    24
    28
     6
     2
     3
     0
     0
     0
    99
   137
   151
   111
    46
    34
    31
    16
    29
    48
    84
    17
    50
    38
    70
   411
    41
    41
     0
     0
     4
     0
     0
     0
   139
   117
   142
   104
    91
    26
    74
    61
   181
    47
    43
    41
   201
   174
   111
    35
    16
    17
     0
     2
     0
     0
     0
     7
   177
    77
   143
    75
    66
    42
    69
    29
    58
    50
    36
    50
    46
   101
    91
    59
    36
    43
     1
    14
     6
     0
     0
     9
   121
   117
   300
    93
    48
    75
    59
    52
    57
    26
    35
    28
    75
   110
   108
   103
    43
    50
     0
     0
     0
     0
     6
     0
    33
    85
   182
   186
    43
    16
    66
    54
    33
    45
   168
   100
    69
    25
    53
   156
    59
    49
     8
     0
     0
     7
     0
     0
   112
    93
   127
   108
    41
    93
    36
    52
   340
    35
    52
    53
   185
   138
   295
    20
    34
    41
     0
     0
     2
     1
     0
     5
    93
   260
   199
   186
    17
   161
    39
    49
    51
    10
    41
    19
    75
    30
   217
    66
    88
    86
     7
     6
     1
     0
     1
     6
    63
   161
    83
    69
    66
    54
    17
    54
    76
    75
   116
    45
    38
    39
    91
    44
    48
    53
     0
     0
     7
     0
     4
     0
    11
    43
   127
   203
    14
   168
    17
    74
    43
    48
    56
    40
   105
    28
    85
   240
    67
    39
    16
     3
     5
     0
     0
     3
    85
   183
   122
   168
    65
    44
    26
    83
    43
    66
   166
    38
    33
    35
    37
    63
    77
    36
     8
     0
     2
     0
     0
     0
    93
    92
   119
   173
    68
    36
    56
   236
    45
    34
    50
    55
    77
    58
    87
    51
    77
    50
    13
     0
     0
     0
     0
     2
    80
   215
   207
   173
    41
    42
    33
    21
    65
    66
    33
    32
    15
    72
    50
   265
    35
    21
     0
     0
     9
     1
     0
     0
    23
   235
   357
   141
    21
    64
    20
    25
    50
    11
     8
    59
    46
    32
   136
   161
    15
    40
     0
     0
     0
     0
     7
     0
   115
    77
   179
   160
    33
    21
    52
    62
    37
    38
   160
    49
    36
   157
   177
    78
    72
    62
     2
     2
     1
     0
     0
     3
    74
    99
   319
   208
    38
    16
    29
    54
    37
    71
    18
    13
    54
   206
   165
   102
    73
    33
     0
     0
     4
     0
     6
     0
    29
   156
   134
   156
    34
    55
    46
    56
   106
    22
    49
    19
    79
    45
   254
   111
    59
    29
     0
     8
    11
     8
     0
     1
    75
    66
   132
   128
    60
    49
   182
    25
    92
    32
    43
    70
    27
    35
    76
   192
   127
    32
     0
     0
     0
     0
     0
     0
    68
   185
   374
   293
    71
    47
   101
    34
    68
    51
    20
    36
    24
   178
   226
   130
    36
    50
     0
     0
     0
     3
    10
     0
    44
    36
   205
   166
    35
    34
    55
    64
    42
    67
    67
    70
    32
    57
    80
    38
    44
    18
    13
     0
     0
     0
    12
     0
   100
    49
    22
   162
    44
    80
   173
   192
    70
    27
    46
    43
    35
   182
   124
    28
    65
    48
     2
     0
     0
     6
    11
     0
    24
   211
   170
   142
    47
    34
    65
    24
    66
    26
   169
    25
   133
    45
   220
   170
    36
    47
     0
     9
     8
     0
     0
     0
    66
    84
   179
   107
    90
    48
    30
    38
    39
    33
    56
    23
    30
    35
   134
    89
    41
    30
     4
     0
     0
     1
     0
    10
    53
    47
   149
   143
    74
    52
    32
    31
    44
    68
    59
    30
    24
    13
    72
   155
    15
    27
     2
     4
     0
     0
     0
     5
   129
    68
   329
   195
    40
    78
    50
    82
    59
    47
    91
    19
   209
   301
    72
   139
   164
    53
     0
     0
     3
     5
     0
     2
    61
    81
   236
    64
    61
    44
    20
    51
    62
   141
    31
    38
    65
    94
   258
    89
   241
    33
     7
     0
     8
     0
     6
     6
    76
   116
   276
   144
   152
    42
    40
    64
    32
    43
    64
    60
    76
    39
   211
    86
    85
    26
     3
     0
     0
     1
     0
     0
    95
   153
   196
   258
    46
    27
    63
    27
    43
    73
    44
    37
    57
    77
    93
   109
    25
    52
     0
     1
     1
     0
     0
     1
    34
    26
   198
   230
    67
    38
    40
    81
    25
    55
    93
    52
    43
    32
    51
   110
    96
    27
    12
     0
     0
     0
     3
     2
    64
    81
   188
   248
    44
    75
    44
    40
    46
    86
    60
    21
    22
    48
    88
    53
    45
    15
     0
    13
     1
     0
     8
     5
   123
    38
   130
    72
    33
    61
   101
    38
    46
    25
    48
   120
    19
    25
    52
    35
    81
    60
     0
     0
     0
     5
     3
     5
    90
   152
   156
   177
    58
    90
    63
    56
    42
    25
    40
    46
    32
    57
    11
    35
    57
    56
     0
     5
    15
     0
     6
     0
    90
   132
   250
   168
    29
    22
    63
   193
    47
   171
   146
    68
    58
    62
    62
    87
    20
    47
     0
     0
     0
    13
    12
     0
    58
   112
   136
   166
    93
    62
    24
    33
     6
    87
    71
    50
   100
    37
   147
   144
   104
    14
     0
     1
     4
     0
     0
     0
    56
   140
   302
   162
    32
    38
    38
    11
    43
    76
    15
    35
   229
    24
    78
   221
    58
    38
     6
     3
     0
     0
     4
    10
    95
   274
    80
   111
    38
    43
    80
    21
    36
    39
    33
    25
    32
    46
   118
   100
    98
    33
     0
     4
     0
     0
     0
     0
    22
   108
   107
   195
    41
    16
    37
    26
    26
    34
    28
    66
    44
   110
    79
   218
    54
    34
     4
     5
     0
     0
    12
     7
    40
   176
   177
    87
    39
   114
    79
    35
    22
    38
    98
    67
    31
    41
    75
   114
    30
   124
     8
     0
     8
     0
    10
     0
    50
   287
   113
    98
    28
    42
    34
    38
   238
    50
    60
    42
    46
    67
   212
    67
   112
    17
     0
     6
     0
     0
     0
     1
   101
   117
   138
    69
    56
    37
    33
    67
    62
    34
    46
    30
    56
    37
   167
   116
    70
    27
     1
     0
     2
     8
     7
     0
    30
   160
   180
   196
    24
    64
    71
    30
    36
    27
    37
   168
    68
   212
    88
   109
    47
    91
     6
     3
     0
     0
     1
     0
    88
   264
   174
    26
    24
    64
    37
    56
    30
    60
    33
    42
   109
    45
    37
    97
    72
    36
     0
     0
     0
     4
     0
     0
    47
    80
   226
    51
    88
    26
    35
    38
    99
    42
    26
   187
    33
    50
   141
    34
    82
    38
     0
     0
     6
     0
    14
     4
    28
    77
   155
   114
    24
    23
    44
    35
    14
    20
    34
    35
    71
    94
    27
   225
   106
    36
     0
     7
     0
    10
     2
     0
    50
   144
   168
   157
    25
    61
    99
    44
    63
    16
    75
    34
    91
    27
   143
   110
    94
    33
     0
     0
     2
     0
     2
     1
    68
    70
   351
   473
    53
    40
    65
    39
   118
    53
    27
    38
    38
    63
   112
    46
    44
    86
     0
     5
     0
     5
     0
     1
    86
   191
   223
   152
    34
    33
   188
    51
    34
    59
    46
    58
   190
    67
    74
    33
    40
    30
     0
     0
     0
     1
     0
     7
   128
    83
   202
   112
    36
    73
    60
    25
    54
    37
    36
    67
    28
     9
    79
    65
    15
    46
     0
     0
     0
     4
     0
     5
    49
   111
   223
   100
    28
    27
     3
    36
    38
    78
    46
    48
    47
    44
   288
    47
    29
    46
     9
     3
     0
    10
     0
     0
    28
   109
   139
    69
    46
    32
    81
    30
    27
    44
    31
    50
    39
    23
    71
    71
    68
    37
     5
     0
     0
     5
     6
     4
    77
    62
   240
   100
    85
    11
    48
    26
    26
    64
   178
    77
    34
   115
   104
    68
    81
    23
     0
     8
     9
     0
     0
     0
    43
   167
   153
    32
    68
    36
    14
    32
    35
    42
    61
    91
   152
    29
    57
   160
    12
    38
     4
     9
     4
     0
     0
     8
    74
    90
   128
    66
    45
    75
    50
    41
    38
    38
    58
    33
    80
    54
   196
    57
    63
    29
     0
     0
    11
     0
     1
    13
    45
   344
   240
   294
    47
   174
    58
    46
    86
    41
    53
    38
   210
   162
   101
   108
    36
    25
     7
     3
     0
     0
     1
     0
    38
   107
   149
   186
    59
    65
    52
    80
    26
   167
    91
    79
    39
    51
   320
   117
    34
    21
     4
     0
     0
     0
     4
     8
    32
   184
   116
   168
    58
    37
    74
    70
    49
    26
    44
   133
    32
    33
    29
   139
   211
    22
     1
     0
     0
     0
     1
     4
    77
    61
   270
   136
    12
    33
    55
    68
    42
   181
    68
    42
    61
    47
   227
    64
    34
    47
     0
     0
     0
     0
     0
    14
    84
    74
   256
    98
    47
    24
    51
    42
    38
    39
    15
    35
    33
    81
   268
   105
    39
    91
     8
     0
     7
     6
     4
     5
    13
   143
   232
    94
    60
    50
    44
    32
    55
    34
    43
    53
    41
     7
    84
   163
    18
    55
     0
     7
     0
     3
     7
     3
    88
    43
   119
   174
    27
    44
    27
    74
   144
    48
    67
    57
    57
    86
   327
    20
    27
    48
     0
     8
     1
     1
     0
    47
   117
   157
   178
    85
    40
    19
    57
    31
   198
    44
    60
    59
    53
    82
   186
    39
    93
     0
     4
     1
     4
     5
     1
    40
   178
   269
   131
    41
   160
    45
   101
    35
    50
    13
    37
    96
   198
    34
   101
    37
    34
     3
     6
     0
     5
     9
     0
    64
    88
   436
   111
    38
    52
    32
    47
    20
    38
    33
    27
    43
    46
   270
    11
    46
    32
     0
     0
     0
     6
     1
     0
    83
   115
    79
    66
    36
    70
    36
    17
   168
   105
    53
   183
    44
    37
    56
    43
    27
    31
     4
     7
     7
     0
     0
     7
    16
    93
   139
   223
    79
    20
    17
    48
   203
    15
    17
    96
    54
    39
   172
    92
    49
    46
     5
     0
    12
     8
     0
     0
    60
   186
   131
    61
    25
    49
    50
    54
    54
    40
    15
    19
    16
    26
    29
    42
    38
    39
     0
     1
    12
     0
     1
     0
    89
   172
   138
   119
     9
    41
    32
    52
    60
   181
    30
   107
    61
   169
   328
    36
    41
    36
     0
     0
     3
     0
     4
     3
    26
    35
    95
   146
   121
    10
    52
   178
    27
    85
    15
    94
    83
    33
   256
    77
    48
    31
     0
     8
     9
     0
     2
     5
    37
   236
   116
   139
    93
    28
    50
    24
    55
    67
    28
    35
    31
    46
   140
   162
    42
    76
     0
    12
    14
     5
     0
     1
    78
   111
    17
    78
    50
    33
    30
    32
   176
    31
   177
    15
    36
    32
   132
    80
    52
    30
     5
     0
     1
     0
     0
     0
    46
    70
   189
   298
    49
   156
    22
    28
    53
    12
    96
    24
    52
    74
   113
   269
    32
    37
     0
     0
     0
     8
     5
     3
    56
    95
   145
    36
    10
    56
    52
    42
    26
    27
    49
    33
    69
    93
   280
   169
   138
    53
     1
     0
     0
     7
     1
     0
    47
    45
   168
   109
    40
    69
    41
    17
    24
    46
    37
    42
    87
    27
    30
    57
    34
   110
     6
     0
     0
     8
     4
     6
    50
    19
   304
   163
    48
    84
    31
    41
    49
    25
   197
    35
    24
    49
   133
   171
   100
    90
     0
     0
     8
     3
     0
     0
    63
    70
   113
   195
    20
    28
    49
    60
    46
    42
    78
    28
   108
   163
   116
    74
   104
    42
     0
     7
     0
     0
     0
     0
    39
    40
   161
    38
    46
    31
    28
    21
    30
    85
    30
    42
   100
   369
    12
    72
    23
    29
     0
     0
     5
     6
     0
     3
    67
   212
   331
   129
    50
    29
    32
    70
    35
    59
    19
    88
    74
    81
   133
    72
    27
    43
     0
     0
     0
     6
     0
     1
   112
   111
   257
    64
    32
    79
    60
    33
    57
    67
    55
    34
    55
    61
    45
   131
    30
    34
     0
     0
     0
     7
     3
     0
    76
    71
   214
   191
    32
    35
    44
    40
    14
    19
    26
    22
    35
    39
   128
    54
    10
    73
     0
     2
     0
     0
     0
    11
    18
    70
   165
   200
    66
    36
    31
    84
    37
    41
    39
    24
    30
    69
    41
    62
    57
    54
     0
     0
     0
     0
     0
     0
    97
    98
    82
   100
    78
    35
    54
    46
    33
    33
   101
    92
    26
    28
   261
    79
    36
    79
     0
     0
     0
     0
     0
     0
    32
   129
    30
    81
    65
    18
    59
    78
    15
   113
    90
    40
    32
    68
    81
    86
    69
    42
     0
     0
     0
     3
     0
     0
    44
   111
   134
   151
    80
   173
    29
    30
    52
   127
    35
    92
    53
    35
    85
    83
    27
    12
     0
     1
     1
     0
     0
     8
    50
   120
   259
    95
    32
   115
   171
    37
    78
    32
    53
    29
    15
    19
   147
    82
    65
    16
     0
     0
     0
    21
     0
     0
    35
    89
    97
   164
    13
    36
    31
    24
   162
    38
    72
    51
    28
    23
   152
     9
    61
    25
    10
     0
     0
     0
     0
     0
    14
    65
   128
   257
    60
    44
    27
    29
    87
    29
    12
    67
   175
    69
    69
    42
    52
    89
     2
     0
     0
     0
     0
     0
    28
    20
    91
    85
    62
     4
    41
    27
    39
    82
   109
    41
    28
    73
    50
   108
    42
    53
     2
     0
     0
     0
     5
     0
    70
   196
    56
   112
    37
    13
    43
    51
    87
   194
    50
    36
    47
    82
   135
    73
    84
    42
     0
    11
     0
     4
     0
     9
    79
   232
   162
   118
    81
    91
    65
    26
   135
    26
    38
    71
    17
    27
   181
   204
    34
    40
     1
     0
     7
     1
     3
     0
    32
    42
   208
   117
    22
    22
    37
    31
    36
    24
    65
     6
    59
    26
    93
    81
    24
    74
     0
     0
     1
     5
     7
     4
    39
    79
   153
   152
    41
    56
     8
    42
    21
    89
    53
    36
    18
    30
    96
   122
    31
    11
     0
     0
     0
     0
     0
    12
   165
    75
   138
   150
    34
    49
    22
    31
    28
    42
    62
    45
    30
   157
    31
    25
    59
    18
     0
     6
     0
     0
     1
     4
    23
    73
   305
    60
    20
    48
    76
    44
     8
    35
    65
    38
    26
    42
    42
    61
    16
    41
     0
     0
     0
     0
     7
     0
    78
   204
   128
    96
    51
    74
    44
    24
    32
    22
    26
    77
    16
   203
   116
   107
    21
    30
     0
     0
     6
     0
     7
     0
    54
   219
   258
   234
    38
    21
    83
   177
    63
    76
    76
    35
    48
    41
   191
    99
    22
    34
     6
     0
    10
     1
     0
     1
    84
    56
   220
   251
    14
    45
    41
   216
    47
    56
    41
    69
    19
    26
   352
    77
    79
    33
     2
     0
     0
    13
     2
     2
    34
    27
   102
   122
    47
    49
    27
    16
    66
    46
    71
    36
    49
    42
   239
   166
    49
    35
     0
     0
     2
     1
     7
     0
    67
   205
   195
   140
    52
    34
    24
    37
    57
    70
    60
    30
    44
    25
   116
    47
    22
    56
     8
     9
     0
     7
     0
     2
    23
   263
   142
   144
    49
    66
    80
    24
    26
    33
    29
    65
    36
    21
   115
    52
    43
    57
     0
     0
    10
     4
     0
     0
    55
    76
    94
    29
    24
    33
    33
    65
    39
    40
    89
    57
    86
    27
   326
    68
    17
    41
     0
     3
     0
     0
     0
     0
    40
    16
   121
   149
    52
   124
    24
    29
    24
    40
    42
    83
    34
    48
    63
    80
    42
    52
     5
     0
    16
     5
     0
     0
    49
   132
   194
   367
    51
    61
    38
    65
    37
    36
    48
    36
    49
   110
    85
   242
    21
    27
     1
    10
    14
     6
     0
     4
    27
   188
   279
   106
    33
    12
    37
    91
    56
    25
    13
    26
    47
   238
    66
   194
    42
    44
     4
     0
     0
    12
     0
     9
    28
   268
   242
   131
    28
    19
   172
    30
    58
    23
    30
    99
    40
    66
    20
   182
    37
    35
     0
     0
     0
     7
     8
     0
    11
    37
   202
    85
    12
    30
    12
    36
    13
    27
    38
    65
   118
    41
    31
    61
    25
    52
     0
     0
     4
     0
     1
     0
    25
   222
   103
   109
    64
    16
    20
    83
    27
    47
    40
    17
    15
    37
    26
    18
    33
    28
     0
     1
     3
     2
     0
     0
    85
   116
   124
   145
    29
    61
    22
    32
    28
    69
    36
    29
    37
    11
    34
    59
    38
    16
     0
     0
     8
     5
     0
     5
    44
   172
   103
    65
   143
    30
    23
    40
    23
    43
    42
    44
    75
    41
   107
    33
    28
    61
     0
     0
     0
     0
     2
     0
    64
   228
   134
    43
    37
   117
    69
   195
    42
    55
    34
    52
    69
    52
    35
   124
    26
    56
     0
     0
    10
     0
     0
     1
    41
   110
   199
    21
    34
   247
    73
    40
    69
    25
    73
    74
    43
    25
   235
    27
    98
    95
     0
     0
     0
     9
     0
     7
   147
   177
   225
   207
    22
    41
    50
    25
    23
    53
    44
    32
    61
    19
   266
    40
    17
     0
     0
     0
     0
     6
     0
     9
    11
    60
   114
   106
    73
    33
    25
    26
   184
    81
    24
    37
    31
   108
   199
   153
    32
    47
     0
    10
     0
     0
     0
     5
   123
   144
   165
    87
    28
    55
    22
    38
   175
    22
    65
    50
    36
    58
   101
    14
    35
    37
     0
     0
     6
     6
     0
     8
    71
    70
   199
    57
    84
    63
    90
    71
    20
    26
    72
    39
    25
    17
    43
    39
    32
    22
     0
     0
     7
     2
     0
     1
    38
   100
   152
   147
    77
    54
    92
    41
    26
    74
    19
    46
    30
   121
   144
    63
    33
    39
     4
     7
     1
     4
     0
     1
    94
   145
   269
   124
    54
    98
    44
    46
    22
    47
    34
    59
    80
    60
    72
   201
    28
    39
     3
     0
     2
     0
     0
     3
    32
    77
   214
    22
   174
    72
    27
    43
   100
    23
    46
    41
    52
    65
    60
   223
    57
    39
     0
     0
     0
     0
     0
     0
    19
   105
    25
   158
    17
    24
    58
    22
    72
    79
    38
    29
    50
    12
   138
   121
    39
    42
     9
     0
     0
     0
     7
     0
    73
   284
   253
    98
    32
    20
    28
    16
    29
    84
    14
    13
    34
    24
    65
   392
    18
    30
    10
     0
     0
     3
     6
     0
   182
   290
   269
   102
     8
    27
    18
    38
    65
    22
    18
    33
    72
    10
    36
    26
    55
    33
     0
     0
     0
     9
     2
     5
    33
    77
   143
   180
    34
    16
    47
    45
    28
    21
    31
    21
    97
    16
    65
    78
    49
    36
     6
     7
     0
     0
     6
     9
    48
   106
   107
    19
    37
    48
    75
    30
    21
    35
    10
    35
    62
    53
   248
   316
    88
    22
    11
     4
     7
     0
     0
     0
    32
    54
   210
    41
    36
   243
    74
    60
    40
    47
    25
    63
    34
    64
    82
    66
    44
    35
     0
     0
     1
     0
     6
     4
    49
    95
   317
   137
    75
    18
    29
    24
    42
    68
    40
    42
    36
    30
    48
    74
    35
    44
     0
     2
     7
     1
     0
     0
    31
    52
   159
   138
    40
    28
    19
    28
    28
    35
    58
    46
    17
    22
     7
   103
    19
    16
     0
    11
     0
     0
     0
     1
    73
    57
   193
    68
    70
    26
    28
   164
   227
    35
    27
     9
    59
    35
   206
    99
    23
    63
     6
     2
    15
     0
     0
     0
    34
    73
   147
   140
    15
    22
    20
    16
    33
    23
    17
    21
    22
    21
    71
    13
    52
   164
     0
     0
     0
     1
     0
     0
    78
    40
   155
   114
   100
    20
    40
    14
    84
    27
    29
    29
    71
    30
    24
    79
    20
    48
     0
     9
     0
     3
     0
     0
    88
    72
   154
   136
    34
    46
    38
    79
    48
    40
    58
   153
    22
    18
    76
    66
    27
    12
     0
     0
     0
     0
     0
    11
    37
   132
   193
   196
    46
    36
    52
    36
    54
    31
    51
    45
    87
    43
    93
    92
   100
    74
     5
     5
     0
     2
     8
     0
    81
   233
   142
    60
    30
    44
    65
    76
    20
    32
    37
    50
    56
    24
    75
   153
    39
    27
     0
     9
     3
     0
     0
     2
    19
   146
   200
    33
    31
    82
    21
    45
    67
    54
    79
    14
    47
    60
    16
    39
    50
    33
     0
     0
     0
     0
     0
     8
    59
   147
   178
    72
    73
    34
    24
    51
    62
    32
    21
    18
    18
    28
   237
    73
    71
    31
     0
     2
     0
     0
     0
     2
    41
   130
   282
   118
    51
    15
    39
    46
    28
    81
    40
    52
    39
   200
    77
    62
    25
    51
     0
     0
     0
     0
     0
     0
   100
    79
   155
    77
    25
    27
    22
    39
    52
    28
    43
    38
    58
   200
   206
   117
    34
    14
     5
     4
     0
     0
     0
     0
    65
   150
   182
   116
    12
    22
    31
    93
    16
   175
    61
    39
    61
    22
    55
    69
    30
    42
     4
     0
     0
     0
     7
     0
    39
   241
   283
    81
    20
    80
    57
    31
    36
    87
    27
    48
    25
    39
    44
    69
    61
    10
     0
     4
     9
     0
     2
     0
    45
   142
    97
    88
    43
    56
    44
    62
    47
    38
   112
    40
    91
    51
   148
   297
    29
    58
     0
     0
     0
     0
     0
     1
    32
   102
   212
   137
    24
    71
    25
    36
    34
    25
    36
    45
    32
    58
   136
    87
    77
    51
     1
     2
     0
     0
     0
     1
    59
    80
   175
    70
    36
    62
    44
    23
    16
    39
    19
    52
    55
   132
   213
    25
    30
    22
     0
     2
     0
     0
     0
     0
    28
    95
   143
    65
    85
    27
    17
    19
   190
    26
    65
    83
    72
    30
    53
    93
    61
    43
     0
     2
     0
     0
     0
     0
    38
   105
   188
   122
    34
    38
    33
    33
    18
    40
    26
    51
    49
    50
    50
   162
   153
    22
     6
     0
     0
     0
     0
     1
    58
   178
   230
   145
    83
    37
    67
    29
    45
    31
    29
    23
    37
    22
    62
    69
    72
    24
     0
     8
     0
     1
     2
     0
    86
    91
    63
    78
    63
    42
    71
    85
    23
   141
    80
    56
    29
    54
    35
    34
    18
   109
     0
     7
     6
     0
     5
     0
    11
   226
   175
   258
    41
    77
    80
    45
    52
   203
    44
    21
    25
    73
    14
    28
    26
    24
     0
     0
     0
     0
     0
     0
    13
   149
   115
   148
    28
    55
    39
    38
    21
    32
    10
    25
    56
    39
    77
     9
    58
    25
     0
     0
     6
     7
     0
     0
    46
   115
   209
   147
    23
    20
    31
   122
    46
    59
   303
    48
    40
    58
    55
    54
    50
    15
     4
     0
     7
     2
     4
     0
   159
    81
    75
   156
     8
    28
    39
    67
    43
    16
    88
    27
    37
    62
    93
   172
    39
    34
     0
     0
     0
     0
     4
     5
    33
   126
    97
    26
    45
    26
    42
    56
    48
    46
    47
    37
     8
    48
   135
    54
    35
    39
     0
     2
     0
     0
     0
     0
   102
   138
   141
    11
    52
    31
   212
    63
    72
    57
    49
    39
    23
    82
    64
    79
    38
    39
     4
     0
     6
     7
     0
     4
    87
   180
   198
   178
    26
    29
    37
    28
    74
    51
    39
    62
    43
    47
   117
    81
    25
    34
     0
     0
     9
     0
     0
     2
   203
   141
   150
   108
    61
    61
    64
    50
    27
    29
    67
    25
    92
    51
    62
    37
    58
    37
     3
     0
     5
     0
     0
     3
    54
   105
   137
   202
   102
   166
    30
    31
    49
    27
    41
    62
   189
   161
   111
    45
    21
    44
     7
     0
     0
     7
     0
     0
     9
   112
    59
    66
    37
    77
    38
    15
    38
    14
    26
    34
    14
   168
   133
    25
    13
    31
     7
     0
     0
     7
     0
     8
    21
    48
   128
    85
    26
    44
    23
    28
    34
    35
    23
    12
    18
   187
   334
   218
    65
    48
     0
     0
     5
     0
     0
     3
    31
    99
    26
   105
    65
    21
    32
    31
    67
    25
    33
    53
    25
    33
   139
   109
    17
    38
     0
     0
     0
     0
     0
     0
    24
    31
    84
    17
    26
    26
    29
    38
    43
    70
    18
    17
    46
    64
    83
    17
    59
    55
     8
     0
     5
     0
     8
     3
   110
    63
   107
    87
    90
    31
   133
   255
    70
   113
    33
    28
    51
   117
    37
   116
    10
    33
     0
    19
     5
     0
     0
     4
    21
   229
   288
   165
    61
    12
    22
    25
    37
   105
    36
    96
    73
    20
   134
   153
    50
    42
     0
     0
     5
    16
     0
     7
   106
    80
    60
    82
    33
    20
    53
    63
    76
    28
    48
    23
     6
    24
     7
    67
    29
    20
     0
     0
     0
     1
     3
     5
    17
    84
    57
   134
    25
    38
    68
    21
    82
    33
    12
    35
    24
    57
    48
   168
    59
     7
     0
     2
     0
     8
     0
     0
    27
    93
    94
   121
    22
     8
    31
    19
    49
    39
    32
    50
    34
    26
    15
   118
    27
    27
     7
     0
     0
     0
     7
     0
    75
   105
    29
    36
    45
    60
    29
    29
    31
    50
   197
    72
    21
   200
   202
    71
    16
    24
     7
     0
     0
     5
     9
     0
    27
   105
   213
    86
    34
    66
    44
    35
    61
    71
    16
    98
    37
    28
   136
   100
    26
    22
     0
     2
     1
     0
     0
     0
    35
    38
   144
    46
    52
    42
    37
   167
   187
    47
    24
    58
   162
    32
   230
    95
    15
    43
    13
     5
     0
     0
    13
     0
    42
    98
   147
    52
    21
    54
   211
    21
    35
    25
    34
   190
    21
    32
    40
   101
    24
    58
     0
     9
     2
     0
     2
     0
    20
    77
    53
   116
    22
    78
    21
    38
    32
    16
    26
    33
    53
   172
   209
    39
    57
    30
     0
     0
     0
     2
     0
     0
    50
    54
    98
   139
    16
    31
    34
    20
    30
    28
    30
   144
    41
    31
   109
    36
    31
    65
     0
     0
     0
     0
     0
     3
    43
   107
   270
    70
    43
    16
    31
    24
    90
    29
    42
    51
    17
   185
    15
   112
    60
    21
     1
     8
     1
     0
     3
     8
    55
    44
    91
   120
    48
    22
   108
    44
    24
     5
    31
    32
    26
    37
    18
   102
    21
    34
     1
     0
     0
     6
     8
     1
    56
    68
   142
   146
    31
    13
    31
    17
    39
    32
    16
    27
    20
   180
   141
   113
   104
    29
     0
     5
     0
     1
     0
     4
    29
   168
   230
   123
    12
    53
    77
    89
    32
    31
    34
    78
    22
   192
   146
    53
    74
    62
     0
     0
     6
     0
     0
     0
    53
    98
   237
    72
    50
    59
    29
   186
    79
    39
    13
    37
   146
    48
    90
   171
    63
    43
     0
     0
     2
     0
     0
     5
    20
    84
   193
   100
    32
    82
    80
    39
    18
    35
    21
    80
    45
    71
     8
   129
    61
    56
     0
     4
     0
     0
     0
    13
    35
    61
   163
   155
   162
    64
    64
    36
    42
    60
    75
    16
    17
    63
    72
   136
    79
    40
     0
     2
     9
     3
     7
     6
    23
   157
   136
   111
    33
    22
    11
    26
   168
    20
    27
    18
   181
    28
    15
    44
    31
    47
     3
     7
     4
     0
     5
     9
   139
    58
    43
   105
    38
    19
    26
    57
    46
    69
    60
    70
    74
    20
    29
    34
    18
   115
     0
     0
     0
     2
     0
     3
    43
    29
   185
   115
    44
   163
    28
    35
    53
    54
    65
    59
    62
    49
   170
    27
    63
    45
     0
     0
     4
     0
     7
     4
    25
   141
   109
    99
    29
    28
    40
    69
    45
    67
    62
    42
    68
    52
    34
    54
    54
    34
     0
     0
     0
     0
     0
     6
    47
    93
   361
   134
    16
    30
    85
   157
   250
    82
   119
    84
    56
    81
    48
    41
    36
    34
     0
     4
     2
     0
     0
     0
    39
    25
   227
   104
    51
    36
    21
    45
    12
    32
    52
   143
    23
    47
    90
   139
    44
     6
     0
     0
     0
    15
     0
     6
    27
   189
   105
    78
    79
    68
    51
    53
    45
    37
    55
    24
    63
    40
    84
    15
    24
    25
     0
     0
     4
     0
     0
     0
    34
   153
   194
    20
    46
    35
    38
    26
    25
    79
    33
    25
    32
    59
    73
     8
    45
    46
     0
     9
     9
     7
     3
     0
    26
    13
   105
   134
    79
    40
    31
    23
    24
    50
    15
    14
    20
    18
    54
    50
    56
    27
     0
     3
     0
     0
     6
     3
    23
   130
   206
    74
    25
    65
    28
    93
     9
    44
    30
    26
    28
    14
    30
   109
    25
    42
     0
     0
     0
     0
     2
     0
    44
   197
   237
   107
    38
    49
    32
    43
    28
    76
    45
   119
    38
    45
   163
    15
    78
    31
     9
     0
     0
     0
     0
     4
    69
    74
    88
    81
    74
    34
    22
    39
    37
    87
    32
    30
    27
    93
    61
    65
    23
    49
     1
     4
     1
     0
     6
     0
   103
    84
    78
    26
    22
   100
    71
    29
    22
    78
    51
    44
    39
    32
   100
    24
    27
    18
     0
     3
     0
     2
     9
     6
    42
    72
   141
    54
    16
    17
    46
    36
    49
    83
    50
    26
    70
    60
   104
    61
    85
    27
     2
     1
     0
     0
     5
     0
    13
    80
   154
    22
    47
    27
    27
    47
    37
    36
    67
    46
    30
    56
    15
    76
    45
    79
     0
     6
     0
    12
     3
     0
    24
    59
   142
    61
    46
    35
    15
    20
   232
    22
    37
    47
    84
    34
   133
   181
    58
    30
     0
     0
     5
     0
     0
     0
    75
    80
    80
    87
    49
    28
    23
    21
    29
    37
    15
    40
    42
     7
    32
    95
    22
   172
     0
     3
     0
     0
     0
     6
    42
   190
   168
    72
    84
    50
    26
    32
    14
    29
    21
    25
    73
    74
   216
   289
    45
    41
     1
     7
     4
    17
     0
     3
     6
   150
   180
    68
    21
    66
    19
    40
    14
    19
    24
    22
    27
    21
   158
    42
    19
    41
     0
     0
     0
    15
     0
     9
    22
    97
    95
    69
    30
    26
    32
    35
    20
    34
    39
     7
    27
    73
   209
    33
    36
    34
     0
     1
     8
     0
     0
     0
    27
    57
    39
    43
    32
    23
    31
    19
    17
    12
    64
    97
    29
    27
    26
    33
    48
    32
     6
    10
     0
     1
     0
     0
    54
    64
   181
    87
    43
    16
    21
    35
    34
    71
    27
    29
    31
    35
   117
    50
    10
    58
     7
     6
     0
     2
     0
     6
   108
    72
   215
    39
    55
    56
    22
    59
    53
    39
    30
    19
    16
   108
    37
   108
    48
    28
     0
     0
    10
     0
     5
     6
    27
   212
   152
    75
    36
    81
    37
    21
    52
    14
    42
    45
    17
    51
    96
    63
    19
    21
     5
     4
     5
     0
     0
     8
   182
   222
   133
    71
    27
    72
    90
    66
   183
    40
    62
    14
   122
   122
    30
    63
    51
    27
     0
     0
     3
    15
     0
     0
   110
    16
   203
    86
   194
    39
   103
    28
    14
    22
    36
    42
    70
   202
    64
    89
    12
    40
     5
     2
     0
     0
     0
     4
    37
   138
    92
   114
    24
    48
    24
    33
    46
    46
    53
     6
    45
    72
   245
    15
    21
    61
     6
     0
     0
     0
     0
     3
    53
    95
   210
    91
    37
    35
    17
    44
    29
    48
    70
    38
    37
    22
    59
    41
    21
    54
     0
     0
     0
     0
     0
     0
    31
    58
   146
   167
    36
    23
    16
    47
    41
    76
    50
    45
    41
    32
    65
   131
    27
    35
     0
     0
     0
     3
     0
     0
    34
    75
   106
   104
    29
    31
    30
   108
    63
    12
    30
    61
    28
   156
    54
   116
    39
    33
     1
     0
     0
     0
     4
     2
    58
    72
   169
   108
    29
    37
    65
    30
    43
    63
     6
    29
    36
    21
     6
    32
    37
    49
     0
     2
     0
     0
     0
     0
    13
   111
   157
   131
    75
    43
    37
    70
    37
    37
    42
    19
    11
   109
    34
    85
    38
    58
     7
     8
     7
     0
     0
     0
    56
   167
   112
   151
    81
    80
    30
    50
    67
   182
    26
    39
    44
    35
    39
   345
     6
    37
     1
     0
     0
     2
     0
    12
    27
    58
   200
   160
    21
    29
    35
    47
    61
    56
    40
    61
    86
    35
   132
    61
    74
    25
    10
     5
     4
     8
     2
     0
    50
    48
   118
   350
    47
    32
    35
    16
    42
    26
    18
    30
    57
    32
    96
   209
    21
    30
     1
     0
     0
     0
     0
     0
    57
   238
   186
   109
    11
   205
    62
    27
    25
    28
    17
    20
    54
    42
   189
    99
    24
    12
     0
     0
     5
     0
     0
     1
    23
   123
   148
   140
    27
    72
    19
    19
    31
    36
    39
    21
    19
    83
    37
    68
   174
    74
     0
     0
     0
     0
    10
     4
    27
    90
    54
   127
    46
    19
    51
   205
    16
    22
    38
    46
    34
    35
    90
    40
    67
    39
     2
    19
     0
     0
     0
     0
    27
   179
   230
   147
    42
    49
    57
    49
   193
    36
    31
    41
    19
   220
   291
    91
    77
    71
     0
     3
     0
     0
     5
     0
    37
    88
   142
   171
    33
    23
    29
    31
    80
    17
    45
    41
    56
    68
    43
    49
    48
    95
     0
     0
     7
    12
     0
     3
    25
    75
   248
   112
     7
    55
    24
    84
    44
    28
    31
    32
    17
    21
   103
    46
    37
    23
     0
     0
     0
     0
     4
     0
    44
    82
    35
   100
    13
   158
    35
    22
    58
    31
    94
    64
    54
    99
    38
    36
    16
   105
     2
     9
     9
     0
     3
     0
    22
    48
   116
   155
    24
    41
    39
    37
    59
    34
    47
    29
    96
   155
    17
    28
    29
    25
     0
     0
     0
     0
     7
     8
    30
   266
    37
   102
    25
   176
    72
    40
    27
    27
    11
   170
    38
   176
    71
    80
    47
     8
     1
     5
     0
     1
     0
     0
    58
   119
   111
   166
    41
    40
    30
   209
    47
    88
    21
    40
    59
    43
    76
    84
    16
    33
     0
     0
     0
     8
     0
     9
    16
    20
   119
   150
    31
   184
    86
    23
    46
    34
    48
    37
    41
    43
    36
   144
    35
    27
     0
     0
     0
     0
     0
     0
    27
   104
   147
    69
   118
   182
    39
    97
    68
    41
    45
    93
    27
    43
    49
   104
   173
    26
     2
     3
     3
     0
     0
     0
     5
    15
    89
    25
   106
    56
    25
    28
    16
    25
    19
    23
    38
    16
   353
     9
    43
    33
     0
     0
     0
     0
     3
     2
    77
   196
    75
    38
     8
    39
    43
    31
    67
    71
    42
    31
    19
   170
    26
    83
   195
    33
     0
     8
     2
     0
     0
     1
    52
    49
   168
    62
     9
    35
    38
    21
    41
    22
    19
   151
    28
    69
    61
    92
    31
    31
     0
     0
     5
     0
     1
     0
    50
   112
    64
   123
    27
    24
    28
    30
    28
   183
    24
    57
    90
    31
    14
    69
    33
    62
     0
     0
     0
     5
     0
     0
    65
    52
    90
   202
    40
    42
    47
   120
    22
    31
    67
    42
    44
   165
    38
    45
    53
    16
     0
    10
     0
     3
     5
     0
    85
   132
   310
    55
    79
    29
    14
   102
    39
    33
    25
    40
    29
    81
   274
    78
    54
    58
     0
     5
     9
     0
     0
     0
    33
   187
   223
   295
    29
    59
    38
    54
    25
    69
   136
    23
    72
    38
   100
   115
   134
   171
     0
     0
     5
     0
     0
     0
    58
    35
    95
    67
    66
    34
    33
    41
    29
    11
    25
    20
   111
    37
    60
    58
    29
    21
     0
     0
     0
     3
     0
     0
    55
    35
   116
   113
    32
    28
    57
    40
    49
    44
   176
    37
    64
    29
   108
   119
    33
    83
     1
     0
     0
     0
     0
    10
    68
   116
   155
   139
    77
    19
    38
    79
    34
    26
    30
    29
    16
    33
   165
    34
    29
    84
     0
     3
     0
     2
     0
     0
    62
    32
   144
   108
    39
    30
    74
    83
    28
     8
    24
    39
    50
   176
   176
    33
    18
    35
     1
     7
     0
     3
     0
     0
    21
   127
    78
   142
    55
    29
    47
    25
    58
    24
    20
    46
    17
    75
    35
    38
    13
    37
     1
     0
     0
     0
     8
     1
    10
    29
   191
   109
    83
    27
    80
    45
    33
    81
    41
    28
    29
    39
   107
    31
    28
   219
     4
     0
     0
     0
     0
     0
    24
   123
   162
   219
    39
    89
    86
    57
    78
    46
    17
     9
    70
    44
   160
    89
    38
    28
     0
     0
     8
     0
     7
     5
    26
   173
    67
    88
    12
    25
    24
    40
    69
    45
    53
    30
    22
    47
    38
    12
    56
    56
     0
     2
     0
     0
     0
     5
    66
    45
   227
   139
    46
    13
    33
    31
    57
    29
    56
   153
    10
    20
    44
    69
    29
    36
     0
     1
     0
     0
     0
     0
    20
   207
   107
    64
    73
    23
    43
    29
    38
    32
    80
    35
    28
    14
    17
    43
    54
    41
     0
     5
     0
     2
     0
     0
    28
    16
   205
    33
    87
    24
    49
    47
    56
    66
    79
    38
    22
    16
    66
    40
    20
    59
     0
     0
     0
     0
     7
     1
    88
    83
   311
   103
    39
    37
    69
    60
    27
    40
    50
    18
     8
    50
    31
    72
    81
    27
     1
     0
     0
     0
     0
     0
    74
   146
   240
   111
    53
    27
   222
    41
    43
    44
    53
    43
    35
    31
    17
    83
    93
    65
     0
     7
     0
     0
     0
     2
    78
   106
   259
    47
    75
    59
    36
    73
    69
    99
    82
    14
    28
    98
    58
    77
    78
    88
     0
     0
     0
     0
     0
     0
    14
   100
   138
   185
    48
    46
    21
    55
    23
    23
    73
    27
    20
    55
    33
    27
    30
    89
     0
     0
     7
     2
     0
     0
    18
   149
    70
   103
    17
    32
    50
    42
    19
   185
    69
    22
    87
    69
   167
   122
    78
    24
     0
     0
     0
     5
     0
     0
    90
   108
   167
   111
    33
    28
    43
   102
    39
    70
    49
    63
    34
    65
    61
    21
    94
    14
     0
     8
     0
    16
     0
     0
    92
   196
   119
    62
    61
    20
     9
    60
    43
    59
    72
   116
    35
    21
    60
   253
    42
    71
     9
     0
     0
     0
     0
     6
    56
   145
   233
    70
    75
    63
    76
    15
   105
    85
    28
    46
    54
    40
   250
   380
    80
    36
     0
     0
     0
     0
     0
     6
    72
    68
   276
   175
    56
    49
   116
    26
    32
   137
    34
    18
    44
    37
    89
    30
    34
    92
    14
     0
     0
     0
     6
     0
   107
   147
   200
   228
    23
    63
    64
    88
    43
   111
    19
    43
    92
    19
    28
    97
    47
    27
     0
     3
     8
     0
     6
     0
    60
    27
   114
   175
    29
    37
    37
    65
     6
   101
    22
    67
     9
    78
    23
   163
    28
    49
     0
     0
     7
     4
     0
     2
    31
    73
   109
    57
    86
    43
    33
    17
    32
    32
    27
    12
    25
   149
    24
    44
    35
    39
     0
     3
     1
     0
     0
     0
    28
   117
    91
   102
    15
    33
    25
    66
    18
    27
    71
    32
    37
    42
     9
   163
    35
    77
     0
     0
     0
     0
     0
     9
    27
   102
    73
    98
    34
    99
    25
    84
    23
    32
    77
    30
    28
    86
   142
    49
    47
    28
     0
     7
     0
     8
     2
     5
    26
    82
   152
   204
    32
    43
    41
    76
    28
    64
    11
    24
    89
    79
   218
    96
    18
    25
     0
    14
    14
     0
     0
     0
    18
   101
   112
    61
    51
   108
    33
    77
    98
    66
    42
    31
    32
    85
   263
   171
    27
    94
     0
     0
     3
     1
     7
     9
    57
   120
   234
   155
    33
    76
    40
    35
    10
    81
   186
    36
    45
     7
    77
    96
    76
    93
     7
    14
     0
     8
     0
     0
    16
   315
   115
   102
    45
    42
    31
    20
    26
    32
    35
    65
    36
    71
   189
    71
    55
    36
     5
     0
     0
     0
     2
     0
    34
    95
   212
   122
    20
    21
    25
    28
    15
    55
    86
    19
    16
    48
    53
    87
    33
    66
     7
     0
     4
     3
     8
     0
    93
    77
   108
   119
    22
    40
    24
    69
    41
    57
    59
   160
    34
    49
    67
   179
    52
    18
     9
     4
     0
     8
     6
     0
    31
    82
   153
    29
    29
    17
   151
    89
    25
    39
    67
    65
    10
    37
    20
   185
    55
    67
     1
     0
     4
     0
     0
     0
    60
   164
    68
    75
     9
    25
    21
    12
    33
    39
    38
    46
    38
    34
   189
   146
    87
    63
     5
    11
     0
     0
     5
    11
    44
   109
   106
    98
    34
    66
    60
    25
    35
    61
    52
    55
    34
    95
   201
   121
    68
    51
     0
     0
     0
     0
     5
     6
    69
   141
    99
    97
    57
    86
    83
    37
    15
    60
    29
    82
    39
    47
    30
    41
    47
    73
    15
     6
     0
     0
     0
     0
    64
    58
   289
    75
    74
    18
    34
    54
    62
    16
    20
    74
    35
    27
    45
    35
    29
    38
     0
     5
     0
     0
     0
     0
    64
    22
   187
   111
   161
    18
     8
    25
    29
    15
    33
    37
    19
    80
    63
   101
   105
    44
     0
     0
     6
    10
     1
    10
    51
   103
   259
   153
    83
    55
    37
    20
    30
    36
   175
    29
    72
    39
   117
   149
   114
    34
     8
     0
     0
     8
    15
     0
    26
   183
   221
    90
    41
    31
    14
    15
    40
    45
    42
    54
    26
    38
   118
   163
    31
    12
     5
     0
     3
     0
     0
     0
    39
    58
   117
    78
    45
    34
    18
    27
    57
    77
    24
    31
     4
    25
    81
    29
    29
    38
     5
     9
     4
     0
    13
     0
    33
   148
   143
   199
    37
    44
    19
    38
    39
   168
    71
    87
    36
   165
    94
   122
    53
    41
     0
     0
     1
     1
     0
     3
    62
   147
   113
   170
    64
    59
    17
    62
    60
    65
    78
    39
    52
   315
   100
   149
    79
    51
     2
     1
     8
     0
     0
     0
    37
   200
   146
    30
     7
    78
    37
    48
    41
    28
   170
    32
    25
   221
    26
    59
    29
    67
     0
     6
     0
     2
     0
     0
    59
   196
   145
    71
    29
    33
    62
    64
   133
    30
    61
    36
    43
    46
    72
   107
    31
    35
     0
     0
     0
     0
     4
     3
    54
    44
   122
   107
    22
    25
   104
    35
    27
    11
    19
    74
    29
    46
   328
    41
    13
    35
     0
     0
     0
     0
     0
     0
     5
    22
   126
   175
   101
    23
    41
    45
    33
    35
    19
    84
    74
    42
   168
    49
    62
    87
    37
     0
     0
     8
     0
     0
     3
    13
    43
    89
   154
    16
    79
    62
    37
    20
    77
   192
    50
    42
    16
    91
    34
    65
    54
     0
     0
     0
     0
     7
     0
    60
   148
   100
   111
    36
    53
    86
    29
    38
    14
    51
    22
    55
    28
   184
    32
    52
    32
     0
     0
     3
     2
    10
     9
    31
   217
   191
   124
    62
    23
   195
    80
    32
   183
    49
    13
    48
   164
   227
    29
    60
    81
     0
     9
     0
     0
     8
     0
    66
    39
   156
   171
    50
    43
    34
    42
    22
    54
    37
    50
    38
    75
   191
    33
    32
    33
     0
     0
     2
     0
     5
     6
    20
   229
    34
   156
    62
    39
    20
    48
    63
    19
    41
    22
    25
    27
   116
   314
    72
    31
     0
     0
     0
     1
     4
     0
    99
   119
    99
   192
    37
    49
    38
    28
    20
    38
    46
    45
    24
    34
    31
    49
    37
    66
     5
     0
     0
     0
     2
     0
    27
    79
   131
   130
    41
    50
    33
    35
    78
    76
    54
    28
    26
   193
    44
   175
    34
    24
     0
     0
     3
     0
     0
     0
    37
   125
   301
    47
    36
    27
    30
     6
    38
    40
    38
   160
    21
   113
    64
    53
    28
    40
    12
     0
     3
     0
     0
     0
    51
   151
    40
   132
    41
    50
    57
    78
    46
    78
    59
    60
    23
    19
    22
    86
    31
    77
     1
     0
     5
     1
     6
     0
    32
   115
   165
    73
    43
    16
    56
    30
    54
    41
   163
    53
    24
    44
    41
    92
    28
    20
     5
     0
     0
     0
     5
     0
    32
    70
   109
   110
    26
    86
    40
    51
    35
    34
    46
    59
    35
    44
    31
    21
    42
    35
     6
    16
     4
     0
     3
     0
    76
   275
   218
   130
    19
    40
    76
    69
     4
    80
    32
    17
    38
    76
   194
    87
    74
    58
     0
     0
     0
     0
     0
     4
    29
    20
   213
   135
    60
    25
    41
    28
    58
    21
   178
    43
    46
    47
    37
   253
    23
    82
     0
     9
     0
     0
     2
     0
    33
   192
   103
   103
    31
    65
     9
    60
    37
    28
    27
    42
    55
    56
     9
   101
    43
    32
     0
     5
     5
     8
     5
     5
    23
    76
   119
   133
    53
    29
    62
    27
    50
   225
    57
    14
    36
    38
    54
    67
    48
    46
     7
     4
     0
     4
     4
     0
    38
   168
   122
   111
    91
    59
    26
    92
    64
    64
    60
   121
    22
   144
   266
   121
    58
    35
     4
     0
     6
     1
     0
     4
    55
   181
   221
    84
    71
   128
    27
    60
    65
    78
    38
   172
    67
    46
    95
    69
    71
    51
     0
     0
     8
     2
     0
     0
    60
    70
   261
    90
    37
    24
    27
   106
    44
   339
    75
    48
    38
    51
   115
    63
    48
    43
     0
     0
    10
     0
     0
     0
    39
    76
   237
   161
    29
    35
    29
    90
    42
    87
    43
    49
    53
   166
    19
   119
    31
    26
     5
     0
     0
     6
     0
     0
    17
   153
   104
   154
    22
    97
    49
    25
    29
    25
    31
    43
    34
    25
   142
    60
    73
    51
     0
     0
     0
     0
     0
     0
    68
   258
   212
   120
    56
    25
    38
    14
    42
    41
    48
    67
    33
   139
   121
   100
    53
    41
     2
     7
     4
     0
     0
     0
    26
   106
   194
   100
    62
    22
    39
    25
    25
    76
   130
    58
    28
    32
    74
   118
    31
    40
     0
     0
     7
     3
     3
     0
    32
   136
   141
   202
    37
    51
   101
   161
    14
   105
    32
    71
    45
    90
   213
    94
    54
    27
     0
     0
     3
    12
     6
     0
    92
   101
    85
    82
    65
    60
    82
    35
    20
    64
    48
    81
   178
    67
   241
   103
    23
   182
     0
     0
     6
     5
     0
     1
    16
   191
    63
   185
    46
    34
    37
    75
    25
    27
    69
    39
    34
    74
    70
    32
    20
    42
     0
     0
     1
     0
     0
     0
    31
    36
   114
   162
    57
    26
    38
    34
    18
    50
    24
    30
    21
    71
   107
    58
    20
    45
     0
     6
     5
     0
     4
     0
    31
   111
   221
   128
   175
    72
    39
    73
    41
    31
    28
    28
    24
   162
   352
    97
    42
    98
     0
     6
     0
     0
     8
     0
    27
   133
    61
    74
    41
    24
    19
    24
    39
    19
    49
    63
    53
    15
    80
    40
    19
    43
     0
     0
     0
     0
     8
     4
    36
   146
   103
    42
    29
    28
    88
    41
    61
    61
    40
    22
    11
    64
    63
    66
    26
    35
     0
     0
     8
     0
     0
     4
   101
   156
   352
   236
    37
    27
    55
    75
    65
    77
    57
    63
    21
    68
    43
   108
    91
    61
     0
     0
     0
     0
     1
     0
    75
   129
   244
   125
    78
    64
    51
    83
    77
    50
     8
    50
    14
    43
   152
   116
    37
   167
     5
     1
     8
     0
     0
     0
    29
   230
   267
   244
    16
    59
    23
    13
    80
    48
    45
    37
   139
   119
    17
   181
    52
    64
     0
     8
     8
     4
     0
     0
    67
   137
   143
    61
    61
   186
    47
    26
    62
    75
    68
    61
    76
    72
    16
    21
    26
    60
     0
     0
     8
     0
     2
     6
    71
   164
   181
    85
    45
    35
    39
    22
    30
   177
    44
   115
    32
   178
    40
    40
    16
    63
     1
     0
     6
     2
     0
     7
    56
    68
    78
    95
   109
    85
    54
    25
    35
    40
    35
    34
    24
    29
   191
   120
    19
    19
     0
     0
     0
     5
     6
     4
     5
   153
   103
    28
    36
    33
    10
    41
    25
    22
    24
    40
    89
   170
    80
   121
   108
    64
     7
     0
     4
     0
     0
     0
    16
   124
   176
   260
   184
    46
    33
    45
    24
    47
   199
    57
   174
    98
   189
    90
    33
    15
     0
     0
     2
     0
     0
     0
   111
    32
   234
   213
    87
    38
    58
    73
    38
    36
    75
    20
    63
    16
   128
   126
    38
    48
     0
     0
     2
     0
     0
     0
    38
   291
    90
   153
    58
    41
    50
    62
    17
    34
    12
    13
    32
    68
   173
    76
   115
    90
     0
     0
     0
     0
     3
     0
   126
    56
   202
   116
    44
    56
    56
    51
    23
    62
   152
    30
    28
    69
    82
    96
    81
    84
     0
     0
     0
     5
     0
     0
    61
    34
   224
    50
    49
    54
    60
    90
    29
    27
    38
    27
    33
    36
    36
    32
    34
    75
     2
     0
     0
     4
     9
     4
    91
    30
   123
   121
    22
    37
    11
    57
     8
    37
   170
    38
    24
   237
   324
   178
    40
    64
     0
     0
     0
     0
     0
     0
    71
   151
   199
   107
    38
    34
    48
    59
    22
    37
    38
    20
     7
    48
    86
   107
    36
    69
     3
     6
     0
     3
     0
     6
    44
   158
   192
   147
    66
    37
    98
   138
    51
    78
    50
    40
    30
    51
   188
    51
    31
    25
     0
     0
     5
     0
     8
     0
    79
   151
   240
   121
    38
    39
    31
   155
    23
    35
    34
    26
    88
    67
   335
   114
    76
    80
     0
     0
    11
     5
     5
     0
    41
   200
    71
    88
    76
   304
    40
    34
    19
    32
    50
    97
    35
    15
   464
    90
    21
    28
     0
     3
     0
     2
     3
     0
   102
    78
    33
   181
   179
    74
    35
    16
    18
    51
    84
    37
    51
    82
   191
    56
    38
     5
    14
     0
     0
     2
     6
     2
    62
   116
   175
   137
    55
    26
    17
    50
    46
    48
     6
    59
   185
    37
    58
   154
    58
    53
     0
     0
     0
     1
     8
     0
     1
   142
   193
    61
    63
     9
    28
   195
    20
    14
    43
    26
   162
    42
    97
   124
    31
    71
     0
     0
     4
     0
     0
     0
    65
    98
   163
   129
    39
    31
    32
    30
    25
    48
    20
     8
    39
    45
    27
   225
    20
    46
     2
     0
     9
     8
     6
     0
    89
   107
   195
    93
    63
    69
   129
    32
    54
   195
   115
    53
    56
   113
    37
    77
    70
    83
     2
     0
     6
     3
     3
     2
    95
    76
   193
   110
    32
    43
    41
    36
    35
    19
    40
    29
    23
    73
    83
    29
    51
    44
     0
     0
     4
     0
     0
     0
   113
   109
   145
    81
    29
    33
    33
    50
    33
    40
    34
    24
    39
    54
   113
   213
    37
    37
     4
     0
     5
     0
     7
    13
    72
    98
    56
   115
    83
    56
    24
    45
   113
    40
    20
    18
   200
   120
   216
    44
    96
    59
     0
     0
     0
     0
     0
     0
    47
   125
   231
   240
    37
    16
    26
    23
    27
    21
    34
    90
    42
    33
    67
    95
    63
    37
     1
    13
     3
     0
     0
     0
    89
   138
   315
   106
    18
    36
    49
    42
    35
    95
    41
    28
    37
    53
    29
    67
    19
    33
     3
     4
     0
     0
     0
     6
    72
   121
   205
   231
    53
    29
    22
    41
    87
    66
    21
    36
    28
    40
    33
   169
    32
    58
    14
     0
     0
     2
     0
     0
    61
    96
   237
    94
    94
    26
    50
    42
    47
    36
    41
    56
    59
    58
    47
    55
    76
    31
     0
     0
     0
     0
     0
     0
    64
   136
   226
   229
    56
    32
    57
    51
    42
    12
    48
    54
    82
   186
    31
    21
    84
    45
     0
     0
     0
    11
     3
     0
    85
   103
   257
    79
    27
    22
    51
    56
    44
   178
    37
    39
    72
   105
    51
   127
    12
     0
     0
