    45
     0
     0
     0
     1
    53
   129
   226
   164
   123
    96
   198
    50
    29
    50
    62
    84
    50
   103
   153
    49
    34
    80
     6
     2
     3
     7
     8
    13
   133
   190
   358
   316
    41
   110
    45
    49
    62
    46
    55
    48
    36
    67
   121
    51
    77
    76
     0
     8
     6
     2
     0
     3
    78
   234
   296
   232
    56
   158
    25
   110
    54
    37
    55
    75
   162
    59
   266
    94
    21
   110
    15
     9
     3
     0
     0
     0
    46
   228
   215
    70
    47
    80
    54
    75
   110
    34
    37
    59
    56
    34
    75
    37
    32
    31
     0
     0
     0
     0
     0
     0
    67
   171
    47
   193
    45
    64
    57
    93
    97
    92
    47
    50
    31
    45
   394
   138
    81
   103
     2
     0
     7
     1
     2
     0
    39
   129
   291
   233
    56
   144
    98
    51
    16
   233
    74
    70
    47
   243
    54
   171
    27
    62
     1
     0
     5
     3
     1
     0
   135
   307
   332
   240
    80
    73
    57
    51
   108
    38
    50
    70
    88
    33
   270
    86
    65
    90
     3
     0
     2
     3
     0
     3
    78
   154
   140
   260
    72
    30
    41
    69
    66
    70
    73
    39
   104
    84
   248
   102
    43
    41
     0
     6
     2
     0
     6
     6
    40
   152
   147
   147
    29
    60
    64
   288
   121
    42
    55
    70
    33
    68
    34
   266
    78
    54
     1
     2
     0
     4
     0
     0
    74
   263
   288
   238
    22
    70
    65
    86
    34
   107
     4
   235
   107
   104
   188
    87
    66
    41
     7
     0
     0
     0
     0
    10
    74
   183
    23
   139
    79
    22
    80
    46
   216
    74
    41
    41
   185
    51
    68
    61
    80
    35
     4
     0
     1
     0
     0
    10
    43
    96
   299
   148
    50
    66
    56
    42
    56
    38
    76
   225
    58
    51
   247
   152
    26
    43
     3
     0
     0
     3
    11
     7
    38
   167
   226
   335
   181
   137
   131
    52
    37
    93
    90
    93
    87
   105
    19
    65
    68
   144
     0
     0
    14
     6
     0
     9
   118
    59
   231
    86
    83
    99
    78
    28
    61
    25
    23
    69
    82
   201
   123
   134
    37
   137
     0
    13
     3
     2
     4
     0
   151
   151
   235
    56
    28
    51
   201
    44
    28
    50
    80
    62
   101
    54
    71
    79
    47
    35
     2
     0
     8
     0
     0
     0
    56
   122
   244
   148
    82
    78
    54
    43
    84
   185
    87
   169
    56
    33
    45
    40
    70
    65
     2
     0
     2
     0
     1
     0
    81
   128
   117
   123
    45
    76
    88
    22
    31
    98
    70
    27
    51
    28
    22
    89
    31
    95
     6
     8
     0
     3
     5
     0
    31
   115
   123
   196
    28
    53
    51
    60
    22
   101
    19
    68
    87
    55
    82
   202
    61
    44
     2
     1
     0
     9
     0
     6
    77
    39
   141
   335
    99
    46
    76
    32
   113
    31
    56
    99
    76
    84
   227
   213
    38
    48
     0
    15
     2
     6
     6
     0
    78
   176
   297
   197
   119
    27
    45
    65
    60
    73
    47
    31
    49
    42
   143
   255
   142
    32
    11
     0
     0
    14
     1
     9
    77
   185
   437
    71
    94
    85
   113
    58
    72
    97
    50
    37
    35
    88
    99
   398
    99
   106
     0
    13
     9
     5
     9
     0
    52
   345
   189
    68
    57
   124
    25
    27
   100
    60
    65
    41
    37
    85
    93
    87
    60
    51
     0
     0
     7
     0
     0
    10
    35
   120
   193
   181
    55
   113
    55
    39
    41
    54
    19
    74
    65
   187
    15
   138
    45
    74
     1
    16
     0
     7
     2
     0
    87
    85
   131
   247
    50
    64
    40
   106
    48
    56
    86
   121
    55
    86
    66
   109
    59
    79
     0
     1
     0
    10
     8
     0
    45
    48
   116
   268
    94
    98
    29
    57
    26
    44
    90
    73
    87
    60
   351
   237
    63
    75
     1
    10
     0
    13
     7
     0
    45
    65
   156
    39
    94
    84
    44
    69
    57
    38
     8
    40
    26
    25
    89
    82
    65
    59
     0
     9
     0
     7
     5
     7
   175
   202
   202
   142
    46
    76
    92
    62
    76
    38
    80
    48
   179
   183
   126
    88
    48
    61
     2
     3
     6
     6
     8
     0
    47
   119
   348
   302
    40
    48
    77
   138
    58
    81
   216
    47
   147
    43
   251
   121
    76
   104
     0
     0
     0
     0
     0
     9
    73
   187
   240
   136
    31
   207
    89
    45
   127
    36
    31
    58
    68
    75
    69
    68
    64
    24
     0
     2
     7
     1
     0
     8
    93
   106
   187
   110
    89
    67
   103
    49
    61
   129
    41
    61
    48
   153
   434
    32
    34
    69
     0
     3
     0
     0
     9
     2
    64
   181
   303
   125
    86
    56
    62
    44
    95
    38
    43
    19
    61
   218
   159
    92
    45
    32
     0
     8
     3
     3
     2
     2
    68
   117
    91
   110
    66
    86
    34
    48
    49
    94
    54
    60
    99
   188
    56
   227
    87
    71
     0
     0
     8
     0
     0
    11
    50
   100
   235
   112
   125
    42
    44
    68
   128
    47
    45
    70
    64
    32
   222
   133
   175
    98
     5
     1
     0
     0
     0
     0
    43
   128
   334
   123
   102
    20
    32
    61
    29
    58
    33
    90
    46
   222
   189
   240
    82
   111
    12
     0
     5
     5
     2
    10
    62
    63
   255
   236
   284
    54
    87
    64
    68
   116
    88
   159
    94
    86
   128
   167
   131
    60
     0
     0
     3
     2
     6
     7
    45
   108
   351
   178
    24
    56
    49
    44
    37
    70
    31
    19
    50
   105
   339
   194
    42
    21
     7
     0
     0
     0
     0
     8
   101
   340
   185
    40
    43
   181
    32
    61
    96
    34
   118
    76
    68
    84
    97
    21
    29
    50
    15
     1
     0
     0
     0
     0
    55
   144
   232
   198
    70
    15
    24
    74
    71
   113
    41
    52
    22
    28
    84
    98
   100
    53
     0
     0
     0
     0
     3
     1
    15
   198
   210
   260
    52
    84
    28
    33
    46
    22
    34
    35
    63
    57
   106
    98
    48
    38
     7
     0
     0
     4
     0
     5
    41
   148
   231
    98
   181
   106
    31
    44
    32
    41
    79
    23
   173
    83
   119
    55
    43
    49
     0
     0
     7
     5
     3
     5
    28
   151
   217
   146
    25
    91
    81
    56
    71
    94
    65
    79
    60
    42
   100
    80
   119
    93
     7
     6
     0
     0
     0
    11
   155
   417
   221
   241
    64
   170
   123
    63
    75
    70
   106
    67
    70
    64
   150
   256
    92
    39
     7
     5
     7
     2
     0
     0
    71
    52
   182
   112
    57
    39
    54
    25
    80
    31
    39
   125
    28
    82
   169
   179
   295
    27
     0
     2
     5
     1
     5
     0
   120
   153
   417
   110
   155
    81
   121
   196
   154
   224
    52
    77
    41
    46
   177
   113
    62
    72
     0
     1
    13
     0
     0
     0
    62
   144
   228
   107
    53
    93
    43
    49
    51
    78
    36
    41
    28
    42
   261
   222
    89
    61
     0
     1
     7
     0
     0
     0
    76
    71
   197
   246
    44
   110
    46
    50
    30
    53
    80
    33
    50
   191
    59
    67
    45
    16
     6
    10
     5
     0
     0
     2
   103
   237
   303
   123
    38
    51
    35
    52
    45
   110
    74
    41
    81
   141
   219
   137
    33
    43
     0
     0
     0
     8
     1
     0
    83
   134
   176
   150
    50
    81
    41
    75
    48
    22
    49
    50
    33
    74
   454
   367
   118
    79
     1
     4
     8
     6
     0
     8
    71
   158
   302
   124
    77
    79
   114
    59
    70
   102
    31
    82
    46
   194
   168
    93
    58
    40
     0
    10
     0
     2
     3
    12
    46
   157
   272
   213
    70
    60
    25
    87
    54
    45
    23
    49
    22
   133
   164
    88
    48
    17
     7
     7
     1
     0
     7
     0
    38
   140
    89
    83
    41
    80
    76
    77
   101
    86
   181
    54
    32
    55
   159
   197
    44
   101
     6
     1
     0
     6
     0
     0
    41
   153
   317
   167
    39
    37
   132
    31
    63
    47
    88
    56
    82
    83
   144
    89
    68
    27
     0
     0
     0
     5
     1
     2
    52
   139
   207
   128
    58
    76
    20
    82
    28
    74
   187
    72
    92
    50
    67
   221
    64
    69
     0
     6
     0
     2
     9
     0
    69
   155
   401
    80
    59
   193
    35
    86
    37
   159
    52
    60
    42
   100
   114
   330
    71
    73
     5
    15
     0
     0
     0
     6
    55
   236
   267
   110
    73
    90
    83
   208
    47
    91
    36
    78
   253
   116
    76
   145
   134
    68
    11
     0
     1
     6
     3
     0
    32
   204
   182
   301
    52
    91
    88
    72
   158
    56
    45
   100
    95
   198
   156
   101
    75
    54
     0
     3
     6
     0
     3
     0
   112
    99
   237
   138
    96
    68
    80
    79
    45
    38
    45
    53
    44
    95
   214
    19
    32
    49
    15
    11
     6
     7
     1
    10
    45
    93
   139
   183
    81
    38
    63
    31
    40
    80
    51
    52
    55
    94
   191
   145
    67
    39
     0
     7
    15
     0
     6
     0
    65
   170
   297
    92
    57
    20
    61
    31
    52
    70
    42
    44
    94
    73
   445
   127
   138
    85
     0
     9
     0
     0
     0
    16
    47
    50
   268
   127
    14
    41
    43
    29
    45
    86
   122
    93
    11
   176
    41
    90
    28
    49
     5
     3
     0
     1
     0
     2
   118
   147
   114
   156
    96
    54
   111
    33
    44
    55
    31
    27
    73
    55
   288
    78
    37
    44
     0
     0
     7
     0
     0
     0
    75
   114
   391
   194
   105
    39
    90
   178
    50
    49
    30
   225
    66
   140
    90
    77
    36
    52
     2
     0
     4
     0
    10
     0
    50
   116
   368
   167
    73
    77
    46
    83
    50
    73
    70
    34
    70
    91
   258
   130
    65
    74
     0
     1
     0
    21
     1
     2
   129
    46
   154
   376
    29
    46
    43
    85
    39
    51
    32
    80
    69
    32
   323
   119
    78
    60
     8
     6
     0
    10
     0
     0
    33
   230
   171
   167
    20
    56
    75
    63
    58
    46
    67
    38
    22
    58
   115
    50
    45
    72
     0
     0
     7
     6
     5
     2
    31
   292
   247
   134
   117
    58
   115
   139
   105
   207
    85
    28
    75
    68
    72
   134
    36
    77
    20
     0
     5
     0
     0
     0
    43
    80
   366
   172
    65
    71
    14
    44
    40
    22
    32
    38
    39
    57
    57
    57
    82
   129
     8
     2
     0
     9
     0
     1
    60
    93
   456
   201
   110
    34
    71
    44
    47
    77
    50
    70
    90
   195
   241
   190
    53
    49
     0
     0
     5
     5
     3
     3
    32
   191
   281
   278
    53
    91
    61
    57
    92
   104
    81
    85
    31
    40
   306
   326
    30
    97
     6
     4
    14
     0
     0
    20
    37
   209
   268
   246
    45
   275
    30
    42
    41
   113
   185
   124
    52
   145
   280
   293
    42
    99
     0
     2
     0
     0
     3
     0
    91
    99
   349
   175
    45
    28
    72
    55
    63
    53
   104
    73
    55
    87
    44
    88
    58
    76
     9
     8
     5
     0
     0
     0
    60
   276
   255
   105
    58
    86
    25
    41
    48
    31
    59
    27
    49
    61
   157
    70
    86
    27
     0
    10
     0
     2
     0
     0
    39
    33
   198
   265
    93
   101
    51
    85
    41
    45
    51
    51
    52
    67
   167
   117
    30
    74
     0
     1
     0
     4
    11
     0
    92
   202
   185
   153
    36
   176
    51
   131
   104
    75
    55
    35
    51
    50
   141
   118
    42
    47
    14
     0
     0
     0
     0
     6
    48
    77
   212
    86
    57
    50
    17
    56
    93
    36
    23
    40
    40
   103
    29
   116
    34
    54
    12
     0
     7
     4
     0
     0
    57
   122
   256
   195
   116
    44
    29
    80
    59
   114
    91
    94
    78
   162
   149
   198
    84
    89
     1
     0
     0
     0
     9
     1
   102
   256
   269
    99
    60
    67
    95
   112
    57
    63
    97
   241
    83
    54
    47
   259
   115
    76
     0
     0
     5
     2
     0
     2
    99
   185
   205
   114
    95
    64
    40
   124
    33
    70
    28
    22
    51
    35
    97
    79
   104
    90
     0
     2
     5
     0
     0
     0
    19
    77
   284
   151
    38
    64
   149
    31
    51
   515
    56
    94
    37
    40
    80
    99
    40
    31
     8
     0
     2
     0
     0
     8
    78
    64
   205
   149
    26
   104
    37
    74
   110
    38
    43
    95
    47
    45
   231
   272
    51
    90
     1
     4
     0
     2
     0
     2
    35
   231
   214
   167
    52
    41
    80
    56
    81
    19
    81
    91
    39
    34
    30
   106
    59
    49
     0
     3
     0
     0
     5
     8
    24
    42
   242
   135
    67
    79
    41
    74
    72
   181
    25
    51
    44
    70
   505
    49
    15
    65
     0
     0
     6
     0
     0
     0
    41
   243
   144
   169
   111
    45
    45
   183
    94
    78
   104
    29
    77
    72
    96
   135
    38
    54
     0
     0
    17
     7
     3
    18
   123
   216
   313
   171
    87
   222
    42
    85
   114
    56
    53
    53
    66
    68
    85
   200
    89
    50
     3
     6
     0
     2
     9
     0
    28
   138
   225
   127
    97
    48
    42
    35
    43
   121
    59
   109
    16
   123
   120
   239
    45
    19
     0
     0
     0
     5
     8
     0
    34
   216
   128
   145
    55
    52
    28
    67
    45
    45
    47
    49
    44
    52
   161
    70
    56
   111
     0
     9
    11
     1
     5
     0
    37
   166
   122
   327
    51
   110
    35
    38
    60
   151
    39
   144
    51
    16
    75
   103
    43
    57
     5
     3
     1
     0
    11
     7
   116
   142
   417
    93
    42
    70
    53
    35
    45
    94
    43
    29
    24
   138
   153
   174
    38
    81
     0
     0
     6
     6
    12
     7
    25
   161
   135
    28
    38
    62
    43
    28
    75
    57
    74
   150
    86
    35
    39
   117
    51
    57
    12
     0
     5
     0
     0
     2
   139
   317
   206
   296
    77
    32
    85
    70
    39
    63
    64
    68
    27
    51
   163
   330
    46
    49
     0
     0
     0
    13
     0
    82
   205
   218
   243
    44
    70
   196
    68
    80
    69
   217
    76
   121
    69
   124
    92
    53
    32
    16
     0
     0
     3
     0
     4
    36
   150
   336
   195
    36
    47
    35
    85
    84
    92
    84
    65
    11
    98
    80
    88
    32
    30
     0
     1
     0
     5
     8
     0
    48
   423
   314
   112
    63
    96
    26
    48
    20
    82
    50
   103
    52
    33
   113
   115
    13
    79
     0
     0
     0
     0
     4
     0
    80
   218
   295
    35
    27
    25
    64
    47
    87
    72
   114
   184
    96
    31
   166
   109
    28
    48
     0
     2
     0
     2
     6
     0
    40
    66
   395
   247
    52
    59
    44
    43
    20
    81
    85
    97
    41
    96
    67
    54
    45
    88
     0
     0
     0
     0
     0
     6
   123
   209
   329
   101
    43
   128
    47
    80
    54
    47
    42
    52
    43
    77
    70
   130
    24
    22
     0
     0
     0
     0
     2
     7
   153
   179
   424
   144
   121
   137
    39
    42
   162
    26
    67
   283
    52
    67
   113
    86
    68
    57
     4
     0
     0
     0
     6
     0
   102
   143
   376
   118
    47
    35
    53
   102
    48
    57
   168
   121
    46
   106
    91
   165
    64
   124
     0
     5
     7
     0
     6
     2
    30
   321
   157
   158
    29
    62
    14
    51
    38
    34
    45
    45
   128
    40
    60
   223
    26
    50
    12
     0
     4
     0
     0
     0
    35
   175
    69
   117
    41
    43
    53
    20
    45
    74
    17
    28
    55
    71
   443
   128
    43
    43
     7
     0
     2
     3
     0
     2
    78
   116
   276
   154
    28
    24
    70
    45
    72
    45
   108
    52
    72
    40
   184
   171
    30
    81
     0
     0
     1
     6
     0
     0
    65
   234
   145
   274
    20
    70
    54
    45
    43
    33
    87
    82
    79
    84
    30
   101
   151
    31
     0
     6
     0
     7
     2
     0
    41
   197
   262
   229
    27
   110
    27
    95
    51
    40
    24
    45
    44
    37
   212
   156
    47
    49
     2
     5
     8
     4
     0
     0
    90
   176
   337
   177
    38
    44
    40
    87
    81
    77
    50
    41
    52
   230
   111
   104
   101
   177
     0
     7
     8
     0
     3
     0
    78
   153
   248
    65
    62
    89
   110
    82
    36
    64
   117
   201
    75
   179
    62
   159
    74
    35
     0
     0
     0
     1
     1
     0
    40
    20
   243
   152
   107
    53
    18
    50
   103
    93
    47
    60
    39
   189
   184
    58
    43
    54
     0
     1
     4
    16
     2
     5
    53
   155
   288
   369
    60
    48
    47
    27
    50
    39
    38
    80
    47
   103
    80
   115
    48
    51
     3
     0
     1
     6
     6
     0
    68
   250
   272
   274
    29
    60
    27
   191
    31
   219
    57
    57
    93
    80
    87
    63
    57
    35
     0
     0
     0
     7
     0
    11
    33
   112
   258
    33
    21
    69
    47
    72
    57
    58
    26
    74
    59
   114
   121
    45
    36
   128
     3
     0
     0
    11
     5
     6
    50
   138
   181
   138
    51
    82
    34
    83
    55
    33
    19
   179
    50
    27
   132
   183
    20
    37
     0
     2
     0
     0
     2
     1
    57
   161
    98
   241
    76
    50
   138
    56
    15
    56
    61
    18
    54
   134
    45
   285
    43
    74
     2
    11
     6
     8
     0
     0
    67
   135
   403
   192
    47
   116
    72
    74
   148
    52
    46
    73
   140
   186
   125
    87
    68
    81
     0
     1
    16
     0
     0
     0
    94
    88
   279
    20
    42
    79
   209
     9
    51
    67
   110
    71
    67
    65
   227
    79
    23
    73
     1
     0
     3
     4
     0
     0
    62
    94
   220
   296
    63
    23
    42
    39
    57
    39
    74
    65
    25
   182
    35
   191
    32
   100
     0
     3
     6
     0
     6
     3
    94
   188
   249
   224
    54
    64
    67
    51
    26
    31
    56
    64
    50
   110
   170
    61
    80
    14
     0
     2
     5
     0
     1
     0
    77
   146
   340
   243
    31
    90
    56
    34
    51
    39
   162
    43
    77
    95
    94
    89
    88
    19
     0
     6
     0
     0
     0
     5
    32
    88
   119
   151
    51
    74
    95
    30
    45
    36
    36
    77
    77
    76
   160
   310
    24
    97
     9
     9
     0
     0
     8
     0
    83
   114
   245
   152
    76
    43
    64
    54
   120
   108
    53
   107
   135
   101
    34
    83
    35
    84
     2
     0
     0
     1
     0
     1
    90
    41
   321
    90
    67
    31
   112
    73
    28
   101
    66
   210
    71
   153
    63
    84
    90
    26
     2
     4
     0
     0
     5
     5
    15
   110
    99
    90
    33
    57
    62
    67
    21
    44
    33
    34
    59
    38
   225
   113
    26
    98
     1
     0
     2
     0
     6
     2
    25
   154
   206
   243
    50
    42
    33
    77
    47
    54
    35
    39
    66
    70
   191
   227
    43
    28
     0
    18
     2
     3
     6
     0
    53
   261
   155
    52
    80
    57
    50
    67
    48
    63
    26
    34
    85
    51
   176
   177
    56
    34
     9
     0
     0
     2
     0
     5
   195
   140
   230
   122
    16
    54
    55
    34
    41
    44
    55
    95
   123
   194
    38
   142
    30
    27
     0
     0
     2
     0
     6
     0
    44
   126
   365
   192
    53
   258
    84
    30
    27
    41
    89
    80
    44
   106
   179
   111
    32
    43
     4
    17
     6
     0
    12
     0
    52
    78
   304
   154
    39
    63
    40
    68
    75
   103
    27
    92
    41
    61
   148
   164
    84
    32
     2
     0
     0
    11
     5
     3
    29
   165
   339
   208
    50
   103
    54
    67
   105
    91
    48
   351
    38
   107
    81
   263
    38
    42
     0
     0
     0
     3
     0
     0
    37
   110
   172
    72
    25
    91
    26
    40
    29
    76
   102
    33
    31
    28
   283
    75
   182
    16
     7
     0
     2
     2
     0
     6
   132
   100
    73
   181
    24
   229
    34
    48
    51
    76
    47
    76
    36
    64
    46
   192
   199
    80
     6
     0
     0
     6
     8
     0
    97
   132
   188
   164
    21
    30
    63
    39
    30
    50
    39
    69
    29
   188
   124
    50
    36
    50
     0
     0
     0
     0
     9
     9
    46
   106
   234
   155
    32
    50
    55
    31
    56
    98
    42
    57
   233
   245
    56
    79
    41
    52
     0
     2
     3
    14
     1
     0
    65
   158
   207
   322
    41
    66
    66
    51
    16
    28
    32
    60
    60
    37
   219
    38
    94
    75
     1
     6
     2
     0
     0
     1
    65
   139
   138
   307
    51
    47
    22
    36
   100
   128
    55
    48
    60
    39
   253
   126
   185
    28
     0
     0
     0
     0
     0
     4
    88
   148
   390
   234
    45
    46
    69
   147
    59
    61
    46
   134
    40
    94
    82
   360
    20
    86
     0
     0
     0
     0
     5
     3
    87
   123
   244
   304
    61
    37
    25
    27
   246
    41
    29
    33
    31
   162
   253
   318
    67
    24
     0
     0
     1
     0
     1
     9
    83
   108
   272
   159
    63
    51
    24
    50
    80
    33
   168
    87
    24
   103
    77
   155
   141
    92
     4
     0
     0
     0
     0
    12
    68
   138
   235
   108
    31
    37
    22
    80
    35
    31
    29
    46
    29
    65
   174
   339
    32
    22
     7
     0
     6
    12
     0
     6
    74
    34
   220
   155
    38
    66
    51
    31
    23
    28
    37
    75
    31
    43
   117
   143
    51
    20
     0
     2
     7
     0
     0
     8
    51
    87
   198
   223
    45
    47
    23
    77
    26
    34
    28
    70
    48
    68
   106
    81
    43
    84
     0
     4
     6
     0
     4
     2
    44
   173
   158
   263
    27
    63
   187
    74
    71
    54
   111
    62
    30
   149
    80
    49
   126
    50
     2
     0
     5
     1
     7
     0
    58
   170
   239
   106
    67
   153
    63
    35
    84
    94
   132
    82
    34
    54
   113
   213
    80
    85
     0
     2
     0
     0
     0
     0
    43
    20
   222
   141
    91
    48
    80
    41
   178
    30
    71
    30
    90
    42
    31
   173
    27
    46
     0
     9
     0
     9
     0
     0
    49
   143
    65
   102
    80
    85
    27
    32
    58
    31
    39
    33
    61
    66
   215
   137
    76
    42
     0
     7
     0
    16
     7
     0
    54
   137
   148
   127
   102
    37
   128
    36
    79
    88
    93
    21
    71
   127
    85
   205
    50
    60
     0
     0
    15
     4
     0
     0
    74
    63
   156
   154
    49
    82
    27
    60
    36
    42
    60
    30
    43
    96
    53
   221
    41
    41
     0
     6
     0
     1
     3
     8
    48
   135
    75
    99
   101
    69
    13
    68
    56
   195
   118
    35
    38
    46
   127
    67
    41
    60
     0
     0
     6
     8
     8
     7
    60
   125
   181
   172
    57
    89
    58
    34
    58
   231
    72
    57
   283
    75
    96
   111
    49
   121
    10
     4
     0
     0
    11
     1
   140
   160
   247
    91
    49
   111
    56
    33
    37
    96
   103
   147
    74
   101
   267
   206
    34
    68
    11
     0
     3
     9
     6
     0
    83
   112
   293
    97
    80
    80
    87
    60
    53
    31
    33
    26
    43
    36
    33
   128
    66
    47
     7
    11
     7
     4
     0
     2
    43
    55
   117
   194
    53
    25
    51
    22
    38
    59
    55
    23
    31
    21
   171
    46
    28
    44
     5
     0
     0
     0
    20
     8
   131
   105
   210
   171
    59
    42
    37
    78
    18
    27
    41
    52
    39
   146
   472
    78
   143
    52
     9
     7
     0
     1
     0
     3
    47
   128
    71
   150
   306
    25
    31
    29
    48
    34
    46
    69
    35
    45
   167
    24
    29
    71
     3
     0
     0
     0
     9
     0
    53
   202
   401
    80
    56
    87
   107
   166
    91
    35
    62
    66
    61
    61
   134
    17
    48
    54
     5
     2
     4
     4
     5
     0
    66
    76
    92
   161
    47
    82
    89
    56
   175
    48
    38
    33
    43
    47
    82
   352
    70
    53
     7
     0
     1
     1
     5
     1
    39
   161
   376
   218
    62
    36
    32
   181
    60
    80
    61
    74
    40
    33
   212
    68
    91
    26
     0
     2
     0
     0
     0
     1
    65
   231
   330
   157
    79
    48
    41
    17
    28
    26
    51
   189
    80
    52
   338
   122
    14
    11
    10
     0
     0
     0
     5
     5
    51
   172
   277
   194
    40
    24
    91
    48
    43
    50
    91
    48
    35
   104
    77
    35
    60
    34
     2
     0
     0
     8
     8
     4
    69
   242
   158
    70
    48
    70
    50
    75
    37
    87
    22
    62
    66
    39
   106
   160
    28
    73
     0
     0
     0
     0
     0
     2
    36
   131
   159
    78
    28
   142
    13
    37
    44
    83
    51
    41
    17
    36
    86
    73
    66
   103
     4
     5
     6
     0
     2
     0
    17
   135
   128
   121
     7
    86
    33
    17
    38
    33
    55
    30
   108
    96
   121
   133
    34
    41
     1
     2
     0
     0
     0
     0
    71
   184
   124
    89
    94
   102
    50
   220
   191
    44
    89
    61
    43
    73
   143
    75
    44
    80
     3
     0
     0
     0
     0
     4
    59
    73
   194
    92
    43
    51
    56
    38
    40
    66
    39
    47
    86
   115
   101
   129
    34
    62
     6
     2
     0
     8
     0
     0
    76
   124
   157
    22
    30
    96
    52
    50
    48
    37
    93
    28
    46
   193
   274
    58
    59
    63
     0
     3
     0
     0
     0
     0
    50
   127
   260
   110
    24
    83
    46
    57
    37
   194
    22
    28
   187
    17
   102
   127
    29
    75
     0
    14
     7
     4
     1
     0
   151
   231
   326
   114
    23
    66
    75
    34
   236
    50
    34
    42
    35
    66
   152
    31
   200
    77
     1
     4
     0
     6
     0
     8
    58
   198
   142
   171
    64
    51
    85
    46
    41
   119
   157
    31
    47
    44
    40
    42
    44
    28
     0
     0
     0
     0
     0
     0
    22
   276
   142
   143
    35
    26
   219
    60
    24
    44
    29
    41
   166
    58
   267
    36
    62
    28
     0
     6
     0
     0
     0
     0
    47
   140
   274
    73
    66
    21
    59
    33
    27
    40
    61
   281
    42
    57
   133
   222
    62
    41
     6
     0
     3
     0
     5
     6
    28
    76
   409
   177
    49
    77
    87
    46
    37
    44
    73
   100
    32
    42
    93
   182
    62
    67
     1
     0
     0
     6
     6
     0
    36
   222
   224
   270
   324
   194
    31
    45
    39
    26
    29
    30
    52
    67
    81
   130
    20
    90
     0
     2
     4
     2
     0
     7
    62
    35
   202
    74
    75
    31
   187
    30
    22
    69
    61
    37
    59
    67
    68
    72
    71
    34
     0
     9
     0
     0
     3
    12
    25
   142
   177
    65
    38
    47
    33
    37
    54
    49
    32
    85
    50
    36
   186
    65
    63
    13
     5
     3
     2
     0
     0
     0
    55
   172
   246
   149
    54
    49
    33
    64
   238
   200
    68
    78
    48
    28
   152
   117
    35
    38
     0
     1
     0
     7
     0
     7
    52
    85
    94
   242
    50
    81
    86
    55
    56
    35
    38
    29
    67
    55
   264
   133
    70
    38
     7
     7
     6
     5
     0
    10
    87
    67
   200
   186
    34
    93
    40
    29
    33
    93
    38
    73
    52
   108
    61
   212
    53
    35
     3
     0
     1
     2
     4
     0
    40
    50
   144
   146
    76
    39
    84
   197
    48
   181
    30
    37
   106
    32
    87
    73
    61
    97
     0
     0
     0
     3
     6
    12
    74
   255
   292
   255
    54
    82
   256
    45
    41
   108
    60
   160
    12
   108
    19
   116
    46
    43
    11
     0
     0
     5
     3
     2
    42
   102
   358
   169
   113
    49
    25
    41
    49
   171
   123
    74
    32
   169
   198
    26
    28
    25
     0
     1
     1
     0
     7
     1
    25
   147
   289
   171
    17
   166
   117
    72
    34
    60
    76
    32
    61
   128
    93
   293
    37
    13
     6
    15
     2
     0
     0
     0
    21
    79
   116
   148
    31
    24
    46
    34
    74
    35
    36
    30
    22
    33
   117
    47
    36
    50
     0
     1
     1
     0
     8
     7
    72
    84
    68
   113
    55
    11
    70
    43
    50
    50
    54
    58
    30
   187
    27
    21
    51
    47
     6
     0
     0
     0
     0
     0
    93
   155
   216
   363
    77
    30
    27
    80
    50
    93
    74
    67
    15
    20
   163
    83
    70
    44
     0
     9
     8
     0
     0
     0
    50
   155
   232
   139
    84
   111
    52
    65
    89
    32
    37
    61
    30
    38
    42
   206
    43
    75
     0
     0
     0
     6
     2
     0
   138
   113
    93
   120
    29
    51
   108
   168
    39
    59
    19
    99
    48
   217
    23
    27
   218
    45
     0
     0
     4
     7
     0
     7
    62
    85
   164
    69
    75
    80
    43
    43
    76
    44
    16
    36
    36
    38
   105
   118
    34
    27
     0
     4
     0
     0
     0
     6
    19
   112
   118
    82
   260
    49
    25
    27
    28
   174
    17
    73
   127
   150
   169
    92
    50
    29
     0
     0
     0
     0
     0
    10
    42
   178
   284
   176
    42
    75
    44
    27
    53
    69
   166
    59
    66
    40
   204
    90
    31
    79
     7
     0
     1
     0
     3
     7
    68
   263
   315
   175
    27
    54
    54
    40
    32
    46
    32
    69
    38
    20
   340
   172
    41
    75
     0
     0
     0
     6
     0
     1
    53
   199
   231
   219
    94
   121
   204
    37
    80
    40
    29
    34
   116
    79
   189
   300
    58
    41
     0
     0
     4
     0
     0
     0
    31
    63
   253
   136
    25
    75
   145
    44
   190
   203
   212
    51
    69
    45
   117
    89
    49
    53
     2
     0
     0
     5
     0
     0
    31
   204
   215
    83
   117
    42
    52
    23
    39
    32
    53
    46
    64
    22
   292
    38
    97
    25
     6
     0
     9
     2
     1
     0
    20
   102
   133
   164
    80
    25
    39
   174
    71
    88
    76
    32
    51
   171
   128
   107
    29
    36
    10
     2
     5
     0
     1
     1
    52
   146
   121
    51
    19
    25
    18
    19
    50
   101
    49
    29
    25
   167
    48
    96
    49
    57
     0
     5
     0
     0
     0
     0
    38
    81
   244
   124
    52
    11
    67
    52
    56
    62
    51
    71
    38
    62
    82
    55
    23
    74
     2
     0
    10
     4
     7
     9
    26
    88
   108
    82
   183
   120
    34
    28
    79
    34
   158
    31
    68
    31
    98
    58
    45
    90
     0
     0
     0
     2
     3
     0
    43
   152
   126
   120
    89
    96
    45
    44
    50
    30
   117
    76
    90
    40
   214
   130
    93
   119
     0
     0
     2
     0
     1
     8
    61
   248
   245
    88
    79
   181
    31
    69
   120
    38
    41
    14
    57
    41
   500
    74
    43
    84
     0
     1
     0
     0
     0
     1
    53
   195
   205
   103
    54
    46
    73
    49
    34
    59
    32
    84
    38
    98
    61
    80
    36
    27
     0
     0
     7
     1
     4
     0
    33
    61
   194
   108
    63
    57
   100
    39
    50
    57
    46
    43
    51
    36
   221
    50
    91
    20
     0
     0
     9
    10
    14
     0
   122
    98
   147
    85
    32
   171
    37
    90
   165
    26
    36
    75
    48
    60
    46
    91
    27
    60
     0
     0
     1
     0
    10
     0
    53
   199
   117
   121
    73
   135
    21
    59
    47
    78
    41
    84
    41
    90
    21
    56
    78
    64
     0
     0
     0
     5
     0
     0
    52
    28
   107
   105
    48
    26
    53
    66
    57
    68
    44
    44
    43
    42
    68
    80
    89
    68
     3
     0
    10
     0
     0
     0
   103
   119
   268
   243
    29
    26
   223
   190
    74
    37
    37
    41
    23
    94
   113
   259
    50
    40
     9
     4
     0
     6
     0
     0
    66
    57
   303
   121
    36
    56
    41
   121
    36
    52
    60
    70
   167
   143
    85
   161
    24
    75
     2
     8
     0
     0
     0
     4
    18
   159
   210
    82
    42
    55
    23
    54
    22
    94
    26
    62
    13
    54
   160
    86
    48
    40
     0
     0
     0
     2
     0
     0
    32
    65
   310
    60
    34
    87
    23
    58
    87
    27
    73
    52
    41
    14
    81
    28
    63
    74
     0
     0
     0
     0
     0
     2
    41
    39
   323
   120
    87
    69
    41
    52
    25
    41
    60
    47
    57
   163
    78
    59
    76
    39
     7
     0
     0
     0
     8
     0
    40
   164
    45
   175
    25
    49
    47
    32
    42
    29
    97
    25
    40
   206
    83
   127
    84
    38
     0
     0
     5
     8
     0
     1
    98
   151
   126
   313
    71
    48
    46
    60
    90
    53
     8
    27
    27
    30
    82
    22
     8
    48
     0
     0
     0
    10
    12
     0
    72
   243
   280
   295
    39
    48
    35
    57
   129
    82
    83
   171
    47
    54
    68
   121
    31
    51
     3
     0
     7
    10
     1
     2
    85
   150
   135
   119
    50
    84
    42
    54
   244
    24
    86
    75
    74
    49
   263
    41
    40
    34
     0
     3
     1
     0
     0
     9
    51
    54
   150
   139
    46
    55
    64
   161
    27
    16
    27
    52
    74
    96
    30
    54
    91
    85
     0
     0
     8
     0
     0
     0
    40
   118
   160
   194
    50
   106
   200
    71
    28
    29
    33
   242
    53
    28
   288
   188
    27
    44
     3
     9
     0
     0
     1
     0
    33
   144
   241
    81
    36
    43
    94
    20
    65
    33
    36
   110
    32
   114
   116
   183
    96
    89
     0
     0
     0
     7
     0
     0
   120
   153
   103
    63
    15
    42
    16
    22
    38
    26
    31
    35
    27
    86
    46
    36
    94
    36
     0
     0
    15
     0
     0
     8
    78
   106
   194
   134
    26
    60
    66
    40
   137
    63
    38
   215
    46
    37
    40
    50
    32
    42
     1
     2
     0
     0
     6
     4
    29
   180
   119
    28
    20
    55
    24
    42
    75
    38
    53
   258
    38
   148
   167
   165
    24
    40
     1
     0
     7
     0
     0
     6
   121
    84
   265
   137
    74
   104
    43
    50
    58
    50
    42
    41
    58
    38
    19
    75
    57
    66
     6
     0
     0
     0
     1
     4
   108
    67
    27
    25
    67
    25
    58
    87
    37
    43
    49
   139
    46
    72
    86
   149
    46
    64
     0
     3
     1
     0
     6
     1
    17
   225
   166
   153
    26
    62
   101
    77
    43
    37
    32
    47
    31
   196
    69
   133
    28
    25
     0
     7
     0
     7
     0
    11
    32
    50
   117
    64
    89
    33
    32
    53
    42
    35
    16
    32
   110
    33
    82
    99
    51
    39
     0
     0
     0
     0
     0
     0
    70
    45
   275
   115
    48
    23
   189
   174
    39
    28
    32
    32
    54
    55
   270
   123
    12
    54
     2
     0
     0
     2
     5
     0
    22
   189
   271
    59
    54
    49
    22
    29
    86
    42
    16
    34
    73
    98
    16
   100
    43
    34
     7
     0
     0
     0
     9
     0
    42
   209
   220
   180
    94
    55
    68
    46
    80
    48
    74
    26
    46
    71
   228
   165
    48
    59
     7
     0
    10
     8
     0
     3
    78
   244
   182
   204
    90
    38
   191
    34
    75
    73
    27
    89
    48
    32
    17
   100
    82
    32
     2
     5
     0
     0
     0
     7
   187
    52
    86
   198
    60
    77
    57
    82
    38
     5
    29
   110
    34
    29
    86
   147
    36
    45
     0
     0
     0
     0
     0
     7
    64
    62
   152
   335
    38
    89
    26
    85
    50
    17
    20
    46
    58
    73
    75
    36
    49
    43
     0
    10
     0
     0
     1
     0
    47
   141
   189
    82
    66
    58
    64
    32
    52
    37
    20
    43
    23
   218
    32
   110
    21
    23
     0
     0
     0
     0
     0
     0
    60
   113
   241
    90
    45
    92
    42
    24
    38
    69
    49
    65
    50
   163
    80
   122
    35
    28
     0
     0
     0
     0
     0
     0
    29
   130
    72
    66
    50
    40
    32
    46
   104
    19
    18
    62
    23
    67
   166
   113
    22
    44
     5
     2
     0
     0
     0
     0
    69
   141
   234
   241
    81
    93
    80
    50
   200
    40
    48
   199
    41
   174
    58
   196
    35
    85
     0
     8
     0
     0
     0
     1
    37
    96
   258
    75
    63
    49
    53
    37
    48
   102
    97
    27
    69
    38
    59
   140
    56
    56
     6
     0
     1
     0
    16
     0
   166
   154
   153
    67
    41
    50
    38
     9
    43
    32
    25
    20
    71
    80
    49
   101
    61
    92
    12
     0
     4
     0
     0
     0
    77
   121
   256
   190
    47
    36
    33
   107
    45
    44
    73
   106
    75
   225
    22
    76
    37
    32
     2
     1
     0
     0
     0
     0
    59
   133
   104
   128
    48
    64
    33
    77
    22
    45
    27
    36
    31
    63
   171
    33
    25
    62
     0
     2
     1
     5
     0
     5
    43
   145
   187
   210
    11
    62
    36
    61
    30
    63
    90
   118
    23
    74
    21
    74
    43
    33
     0
    10
     0
     3
     0
     5
   102
   127
   153
    55
    61
    15
   132
    41
    22
    46
    17
    35
   103
    59
   170
   132
    41
   116
     0
     8
     0
     7
     0
     7
    42
   101
   209
   175
    38
    95
    69
    41
    66
    40
    47
    52
    35
   104
    92
    83
    30
    45
     0
     0
     0
     1
     0
     0
    69
    73
   145
   184
    41
    32
    54
    54
    36
   138
   107
    54
    41
    46
   257
   184
   101
    41
     4
     3
     0
     0
     0
     4
    11
   110
   120
    77
    28
    45
    57
    25
    75
    34
    43
    35
    51
    88
   187
    51
    17
    41
     1
     8
     0
     6
     1
     4
    64
   107
    74
    36
    24
    32
    43
    43
    89
    26
    20
    21
    14
   171
    42
    46
    36
    40
     0
     1
     2
     4
     5
     0
   118
    36
   143
   120
   128
    25
    30
    35
    54
   101
    21
    37
    49
   313
    90
   246
    25
     3
     8
     0
    10
     4
     2
     4
    74
   143
   136
   134
    86
    61
    21
    31
    71
    59
    25
    60
    55
    75
    79
    68
    37
    61
     0
     0
     0
     3
     0
     9
    23
   106
   171
   112
    66
    75
    53
    41
    63
    26
    19
    53
    32
   110
    42
   113
    39
   101
     3
     0
     5
    15
     0
     0
    33
   142
   314
   301
    19
    34
    62
    54
    47
    40
   125
    34
    80
   123
   226
   124
    42
    59
     4
     0
     2
     1
     9
     0
    39
   248
   153
   223
    39
    45
    72
    72
    63
    39
    89
    66
    61
    74
   212
    89
    50
    58
    10
     0
     0
     0
     1
     0
    24
    77
   130
    64
    60
    44
    30
    57
    52
    19
    34
    55
    38
    66
    78
   126
    20
    59
     0
     0
     7
     0
     0
     6
   102
   155
   140
    60
    29
    71
    60
    35
   164
    64
    85
    38
   142
    40
   150
   171
    37
    39
     4
     0
     7
     0
     1
     0
    63
   161
   291
   123
    61
    74
    34
    22
    46
    44
    45
    58
    29
    37
    77
   249
    73
    41
     1
     0
     6
     0
     0
     0
    48
   114
   155
   157
    30
    34
    35
    87
    34
    90
    50
    97
    34
    66
   187
   256
    23
    23
     0
     5
     0
     0
     1
     0
    63
   161
   303
   125
    38
    45
    76
    53
    21
   177
    30
    36
    38
    39
   134
    74
    44
    80
     8
     8
     0
     3
     1
     0
    40
   135
   185
   130
    14
    38
    45
    42
    78
    79
    77
    43
    55
    77
   440
   201
    73
    25
     0
     0
    10
     0
     1
     0
    91
   110
   198
   122
    84
   198
    38
    78
   105
    94
    23
    43
    27
   164
   121
   296
    67
    57
     0
     0
    10
     1
     0
     6
    54
   219
    94
   158
   150
    31
    75
   191
   106
    18
    30
    71
    27
    83
    60
   145
    11
    26
     0
     0
     0
     0
     0
     2
    35
   123
   324
   264
    25
    31
    56
    29
    41
    56
    30
    38
    61
    58
    85
    36
    68
    31
     0
     4
     2
     0
     7
     0
    41
   171
   183
   162
    40
    26
    66
    17
    35
    18
    59
    59
    33
    11
   125
    65
    29
   132
     0
     5
     0
    10
     0
     0
    54
   136
   131
    39
    81
    23
    40
    86
    41
    26
    62
    24
    58
    57
    53
    20
    52
    26
     0
     4
     4
     0
     9
     0
    42
   147
   232
   103
    38
    28
    17
    23
    47
    44
     5
    58
    96
   138
   161
   195
    64
    40
     5
     0
     6
     1
     1
     0
    60
   244
   335
    98
    29
   215
    77
    86
    39
    63
    42
   175
    65
    65
    31
    93
    23
    44
     0
     0
     2
     0
     0
     0
    74
   161
   261
   184
    73
    61
    34
    63
    49
   242
    38
   213
    31
   108
    76
   100
    35
    16
     8
     1
     0
     3
     2
     2
    75
    76
   157
   212
    29
    30
   190
    80
    49
    78
    96
    87
    36
    30
    69
    98
    38
    17
     5
     0
     0
     0
     0
     7
    64
    73
   267
    95
    76
    39
    67
    49
    51
    39
   110
    25
    25
    36
   208
   159
    16
    54
     0
     0
     0
     0
     0
     3
    19
    93
    99
   157
    79
    12
    45
    34
    31
   226
     4
    90
    64
   184
   186
   131
    82
   101
     0
     5
     0
     6
     0
     8
    49
   160
   100
   240
    18
    73
    80
    76
    23
    55
    33
    26
    27
    92
    67
    57
    44
    61
     0
     7
     0
     0
     3
     7
    35
    38
   109
   151
    43
    87
    67
    45
    57
    37
   187
    29
    62
    58
    78
    27
    48
    12
     0
     7
     0
     2
     1
     8
    87
   195
   423
    72
    31
    84
    48
    37
    28
    65
   178
    70
    59
    91
   105
   119
   120
    48
     6
     0
    10
     0
     5
     8
    32
    95
   186
    94
   118
    58
   246
    66
    41
    78
    37
    65
    48
    35
   180
   214
    13
   197
     0
     4
     0
     0
     6
     1
    31
   103
   104
    87
    36
    32
    51
   100
    27
    37
    71
   125
    90
    62
    63
   116
   140
    25
     3
     0
     0
     1
     1
     0
    97
   141
   126
    71
    98
    26
    42
    65
    59
    44
   106
    90
    17
    43
    86
    45
    52
    22
     3
     0
    12
     8
     7
     0
    41
   188
   152
    83
    69
    24
    81
    58
    29
    56
    99
    38
     7
    15
   117
    25
    61
    46
     7
     0
     0
     0
     5
     0
    29
    56
   153
   224
    46
    83
    40
    35
    34
    72
    78
    40
    30
    29
   217
    63
    54
    49
     0
     4
     6
     0
     0
     2
    40
   234
   261
   150
    52
    28
    56
    34
    52
    32
    63
    33
    30
   112
    71
    92
    64
    25
     2
     8
     7
     2
     0
     2
    64
   330
   167
   159
    84
    14
    43
    37
   128
    64
   155
    45
    50
   118
    93
    86
   181
    38
     0
     0
     0
     0
     0
     0
    85
   115
   218
   116
    59
   179
   327
    45
    84
   107
    60
    43
   170
   249
   170
   136
    43
    35
     1
     0
     0
     0
     3
     0
    83
    93
   133
   210
   100
    52
    60
    34
    36
    43
   101
    97
    21
    36
   133
    52
    44
    25
     0
     4
     0
     0
     2
     7
    61
    29
   154
   160
    52
    42
    60
   145
    82
    33
    61
    61
    72
    60
    40
    30
    51
    62
     0
     0
     3
     1
     4
     2
    37
    66
   193
   130
    63
    41
    91
    25
    86
    49
    34
    60
    47
    67
    63
    17
    82
    18
     4
     0
     2
     0
     0
     0
   164
    68
    59
   228
    29
    75
    41
   120
    37
    21
    23
    22
    79
    38
    99
    96
    48
    77
     0
     0
     6
     1
     0
     7
    80
   149
    53
   216
    46
    67
   106
    90
    72
    49
    21
    70
     8
   182
   179
   194
    49
    26
     0
    16
     3
     0
     6
     7
    81
    62
   182
    63
    32
    48
    48
    35
    96
    36
    56
   100
    83
    28
   219
   176
    54
    38
     0
     0
     0
     0
     0
     0
    85
   178
   462
   195
    52
    39
    74
    81
    49
    44
    41
    65
   111
    99
   229
   296
   114
    42
     7
     0
     0
     0
     0
     0
    79
   359
   254
    85
    90
    52
    30
    20
    34
    21
    46
    24
    49
    42
   196
   107
    43
    21
     0
     7
     7
     0
     5
     5
    35
    78
   158
   168
    38
   125
    35
    38
    48
   123
    43
   121
    78
    56
    72
    58
    28
    47
     0
     8
     0
     0
     0
     0
    52
   157
   156
   147
    63
    70
    41
    48
    24
    93
    97
    96
    54
    29
    22
   115
    41
    56
     0
     0
     0
     0
     0
     0
    45
    29
   186
   249
    21
    62
    15
    75
    90
    59
    37
    44
    22
    37
   291
   221
    97
    44
     2
     1
     0
    25
     5
     7
    54
   129
   144
   166
    39
    36
    19
    28
    35
    34
    96
    34
    27
    53
    82
    15
    82
    42
     5
     4
     0
    12
     0
    12
   132
   135
   304
   116
   105
   128
    44
    56
    60
    20
    68
    31
   308
    68
   162
   436
   194
    33
     5
     0
     0
     3
     3
     0
    43
   129
   342
   166
    40
   101
    47
    39
    32
    51
    54
    59
    53
   101
   120
   228
   103
   130
     0
     5
     0
     0
     0
     0
    42
   115
   297
   113
    69
    33
    22
    51
   177
    56
   211
    65
    50
    80
   102
   135
    53
    78
     1
     0
     0
     0
     7
     0
    15
   244
   237
   161
    36
    25
    41
   126
    65
    34
    33
    77
    74
    34
    15
   121
    61
    58
     0
     0
     0
     6
     0
     0
   112
    38
   350
   106
    20
    36
    28
    38
   128
    26
    74
    82
    51
   116
    77
   146
    30
    43
     1
     3
     0
    11
     0
     0
    67
   114
   179
    60
    82
     7
   102
    54
    58
    23
   110
    33
    85
    44
   114
   218
    76
   129
     0
     5
     0
     0
     0
     0
    45
   109
   487
    68
    37
    28
    68
    31
    28
    27
    63
    75
    53
   177
    61
    64
    55
    22
     1
    10
     2
     6
     0
     0
    85
   210
   269
   124
    50
    15
    31
    37
    41
    68
    52
    48
   147
    67
   348
   218
    76
   125
     0
    11
     5
     0
     2
     0
    31
   127
   138
   171
   101
    22
    21
    75
   102
    69
    50
   116
    45
    62
   293
    21
   233
    51
     4
     0
    12
     1
     9
     0
    34
    79
   208
   132
    15
    40
    37
    41
    33
    54
    40
    98
    57
   194
   164
    78
    23
    30
     6
    16
    10
     0
     3
     6
    82
   180
   222
   108
    39
   100
    65
    91
    67
    54
    73
    16
    38
    40
    91
   231
    13
    53
     0
     0
     0
     1
     0
     0
   125
    81
   184
    81
   100
    60
    63
    36
    36
    92
   167
    22
    27
    35
   211
   132
    37
    47
     6
     6
     0
    11
     0
     1
    60
   144
   178
    75
    46
    35
    20
    50
    67
   169
   113
    36
    42
    41
    23
    92
    74
    44
     0
     0
     2
     0
     2
    10
    56
   117
   174
    75
    26
    53
    37
    31
    49
    36
    34
    31
   238
    30
   122
    95
   165
    70
     2
     0
     4
     0
     8
     5
    84
   106
   111
   389
    89
    34
    99
    27
    56
    60
   108
   110
    63
    28
   221
    75
    43
    64
     0
     8
     0
     0
     0
     3
    30
   154
   228
   127
    36
   191
    35
    32
    45
    67
    95
    31
    21
   124
   108
   110
    93
    58
     6
     3
     0
    10
     1
     0
    68
   132
   169
    84
   161
   103
    13
    30
    72
    62
    35
    34
    17
   175
    77
    50
    59
    66
     5
     0
     0
     0
    10
     1
    34
    80
   308
    34
    85
   107
   103
    52
   128
   178
    79
    89
    67
    94
   180
    10
    58
    29
     2
     0
     0
     3
     0
     4
   142
   139
   362
    83
    30
    25
    70
    91
    72
    40
    75
    38
    36
   118
   165
    65
    55
    41
     3
     0
     5
     0
     0
     4
    17
    56
    70
   270
    84
    57
    53
    99
    34
    80
    37
    45
    68
    35
    41
   115
     8
   212
    29
     6
     0
     0
     2
     2
     0
    26
    66
   184
    96
    48
    67
    82
    93
    75
   252
    54
   139
   111
    42
   267
    84
    39
    46
     5
     8
     0
     0
     9
     7
    87
   161
   299
   257
    44
    26
    55
    73
   120
    85
    34
    47
   113
    59
   321
   131
    39
    58
     9
     1
    10
     4
     0
     0
    63
   154
   253
   207
    82
    43
    39
   100
    65
    49
    83
    65
    58
    45
    89
    55
    72
    58
     3
     0
     0
     7
     3
     2
    27
   106
   218
    66
    25
    86
    24
    42
   199
    39
    60
    74
    57
    15
   225
    38
    47
    37
     0
     0
     2
     9
     0
     0
    39
    88
   186
    84
    60
    28
    71
    32
    33
    23
    24
    33
   113
    39
    37
    30
    36
    43
     0
     0
     0
     3
     0
     0
    59
   233
   206
   100
    49
    67
    33
    57
    47
    21
    37
   175
    49
    62
    42
   266
    36
    58
    12
     0
     9
     0
     0
     4
    70
   162
   252
    76
    81
    81
    81
    27
    44
    71
    98
    93
    93
    36
    48
   177
    36
    38
     7
     0
     6
     0
     3
     0
    95
   165
   193
   125
    50
    31
    44
   161
    62
    61
    44
    35
    29
    51
    73
   271
    28
    62
     9
     0
     0
     6
     0
     0
    54
    97
    77
   219
   139
    54
    81
    44
    56
    56
    62
    45
    83
    71
    70
   177
    50
    39
     9
     3
     2
     0
     7
     0
   106
   140
   125
   202
   260
    59
    47
    31
    63
    54
   107
    82
    58
    58
   105
    85
    45
    25
     2
     2
     0
     9
     2
     4
    54
   118
   196
    52
    52
    75
    53
    60
    25
    40
    25
    75
    59
   138
    65
   100
    53
    24
    12
     1
     0
     8
     3
     0
   126
   142
   152
    88
    54
   120
    32
   183
   129
    35
    71
   130
    46
   202
    67
   130
    47
    45
     0
     0
     0
     3
     0
     5
    81
   166
   267
   235
    37
    38
    47
    44
   180
    29
    27
    53
    25
    81
    27
   111
    30
    47
     0
     0
     3
     4
     0
     0
    59
    56
   263
   165
    24
    45
    32
    35
    23
    50
    45
    39
    43
   181
   316
   117
    61
    44
     1
     9
     0
     0
     6
     0
    77
   162
   202
   182
    49
    92
   171
    43
    47
    62
    80
    26
    72
    87
    91
   207
    40
    26
     7
     6
     2
     6
     0
     0
   115
   244
   302
   283
    18
    31
    93
    38
    54
    69
   173
    69
    44
   101
   314
   186
    47
    62
     0
     0
     5
     1
    10
     0
   127
   272
   265
   162
   111
   121
    66
   163
    36
    68
    45
    26
    73
   239
    86
   358
    22
    28
     0
     0
     0
     6
     0
     5
    16
   121
   176
    38
    73
    50
    50
    22
    32
    92
    38
    71
    77
    41
   109
   120
   176
    29
     8
     0
     0
     7
     0
     0
    64
   117
   367
   243
    50
    39
    43
    63
    31
    19
    21
    88
    50
    81
    68
   122
   266
    81
     0
     0
     1
     0
     0
     6
    48
   102
   355
   105
    55
    50
    24
   165
    84
    98
    26
    61
    24
    42
    84
   183
    29
    71
     0
     0
    14
     8
     5
     1
    75
    90
   297
   113
    26
    26
    49
    71
   101
    33
    22
    17
    65
   209
    46
    87
    28
    54
     4
     1
     0
     2
     0
     7
    45
   130
   261
   141
   140
    55
    86
    30
    35
    92
    45
    63
    34
   174
   135
   161
    81
   103
     0
     0
     7
     5
     0
    12
   118
    61
   133
   130
    19
    41
   179
    20
   114
    44
    79
    56
    64
    86
    82
   245
    43
   107
    17
     4
    10
    10
    10
     0
    79
   157
   153
   195
   127
    21
    72
    64
    35
    62
    50
    52
    74
   325
   236
    56
    84
    47
     0
     1
    10
     0
     0
     2
    64
   133
   325
    60
    35
    37
    36
    62
   169
    44
    63
    53
    46
    62
    32
   218
    41
    61
     2
     9
     7
     0
     0
     0
   105
   108
   332
   150
    50
    39
    29
   139
    42
    65
    48
    88
    45
    34
   203
   253
    49
    64
     5
     0
     1
     3
     1
     0
   149
   128
   136
   100
    39
    34
    45
    26
    70
    60
    33
    28
    63
   110
    38
   176
    58
    22
    14
     0
    10
     0
    10
     0
    59
   109
   238
    96
    79
    15
    53
    83
    37
   108
    41
    36
    40
   290
   381
   118
    46
    87
     0
     0
     1
     0
     0
     5
    43
   277
    89
    84
    69
    20
    48
    37
    31
    33
    67
    42
    58
    64
    40
    27
    54
    44
     0
     0
     0
     0
     8
     3
   214
   279
   125
   156
    31
   123
   111
   177
    55
    47
    81
    56
    33
    74
   264
   222
    62
    35
     0
     4
     6
     0
     5
     6
    88
   199
   348
   254
    83
    97
    32
    31
    31
    57
    50
   186
   105
    92
   229
    74
    32
    51
     0
     1
     3
     0
     3
     0
   106
   203
   328
   121
    23
    41
    46
   178
    50
    88
    26
    81
    39
    33
   174
    72
    74
    55
     0
     9
    13
     0
     0
     0
   145
   134
    47
   195
    33
    12
    56
    75
    54
    68
    76
    30
    77
    73
    28
   169
    38
    71
     3
     0
     0
     1
    10
     0
   115
    96
   156
   318
    17
    93
    83
    15
    21
    56
    57
    47
    29
   242
    35
   280
    76
    48
    16
     2
     0
     7
     0
     4
    53
    71
   259
   113
    82
    24
   263
    80
    56
    56
    49
    37
    43
    66
   338
    54
    69
    89
     8
     7
     0
    14
     0
    14
    33
   139
   241
   234
    54
    42
    74
    84
    45
    56
    81
    44
    33
    32
   214
   233
    39
    62
     3
     0
     0
    11
     3
     0
    78
   122
   236
    84
    77
   116
    92
    43
    80
    64
    48
    96
    52
    49
    31
    61
   227
    43
    21
     9
     6
     0
     0
     7
    84
   224
   250
   243
    80
    37
    47
   105
    84
    55
    84
    51
    41
   126
    73
   102
    34
    59
     0
     0
     0
     0
     0
     2
    59
   293
   252
    77
    65
    42
    76
    23
   101
    64
    26
    51
    62
    47
   152
    46
    49
    37
     0
    12
     4
     1
     0
    12
    67
    91
   162
   190
    77
    52
    59
    23
    26
    74
    66
    56
    49
   111
    97
    39
    73
    36
     0
     0
     0
     2
     0
     7
   123
   249
   112
   218
    37
    68
    72
   204
    59
    38
    27
    68
    43
    20
    58
   275
    52
    24
     8
     0
     7
     0
     0
    10
    63
   203
   351
    46
    83
   166
    82
    87
    36
    61
   180
    45
    89
    28
    71
   122
    32
    72
     1
     0
     6
     0
     0
     2
   109
    85
   321
   246
    36
    44
    59
   139
    37
    58
    47
    36
    19
    17
   164
   154
    46
   100
     0
    12
     0
     0
     6
     5
    92
   152
   110
   252
    59
    77
   166
    50
    83
   250
    62
    67
    38
   106
   120
    92
   206
    99
     8
    13
     5
     0
     0
     0
    79
   101
   256
   176
    31
    49
    49
    51
    79
    75
    59
    49
   119
    80
    51
   103
    45
    55
    18
     9
     2
     0
     0
     0
    41
   138
   174
   248
    35
    40
   195
    73
    27
    84
    59
    67
    12
    83
   121
    49
    84
    65
    14
     0
     0
     0
     0
     1
    38
   153
   293
    81
   133
    50
    27
    45
    29
    97
    38
    99
    62
    62
    52
   172
   210
    16
     9
     0
     0
     6
     0
     0
    26
   137
   288
   162
    35
    25
    66
    28
    28
    69
    62
    81
    49
    65
    70
   247
    40
    73
     0
     8
     0
     7
     2
     0
    27
   154
   399
   167
    49
    60
   186
    71
    40
    35
    56
    75
    53
    24
    94
   165
    95
    40
     2
     4
     2
     0
     0
     0
    56
    44
   351
    23
    29
    48
    47
    45
   202
    82
    94
    88
    82
    47
   298
    78
    62
    29
     0
     0
     5
    12
     0
     2
   102
   174
   294
   147
    48
    54
    80
    41
    64
    49
    48
    63
   143
    76
   121
   212
   120
    74
     3
     0
    10
     8
     0
    10
    49
    73
   248
   245
    73
   110
    72
   126
    88
    55
    45
   102
   172
    75
   357
   431
   140
    52
     2
     0
     0
     7
    19
     3
   132
   108
   165
    90
    47
    67
    72
    53
    30
    48
    48
   173
    80
   354
    45
    69
   108
    32
    10
     6
     1
     6
     2
     1
    58
    69
   219
    90
    45
    50
    55
    58
   109
    47
    46
    47
   185
    50
   379
    46
   123
    44
     0
     1
    10
     0
     8
     7
    43
   130
   131
    75
    87
    55
    82
   199
    76
    38
   115
    55
    45
   220
   111
   390
    36
    36
     0
     0
     3
     7
     9
     4
    39
    84
   124
   535
   133
    21
   169
    29
    65
    91
    58
    56
    90
    70
   161
   113
    74
    54
     0
     0
    12
     8
    10
     2
    57
   258
   175
   232
    22
    27
   220
    36
    52
    55
    66
    40
    63
    50
   140
    66
   109
    36
     0
     0
     6
     1
     8
     0
    58
   160
   396
   135
    41
    76
    34
    58
   111
    67
   177
    66
    54
   325
    96
   172
    17
    64
     7
     9
     0
     8
     1
     0
    85
   194
   126
   309
    39
    55
    60
    82
    36
    40
    63
    94
    72
   125
   417
   102
    99
    40
     0
     0
     0
     4
     7
     0
   145
   154
   276
   166
    54
    28
   122
    24
    86
    32
    44
    62
    30
    36
    63
   136
    47
     0
     0
