    98
     6
     1
     0
     0
    15
   149
   237
    65
    73
    19
    73
    46
    45
    97
    43
    63
    31
   181
   113
    82
    87
    46
     2
     0
     0
     0
     7
     0
    96
   204
   189
   219
   117
    25
    92
   207
    47
    33
    81
    43
    96
    41
   182
   199
   113
    54
    11
     6
     7
     0
     0
     0
    52
   184
   223
   226
    54
    54
    86
    32
    55
    62
    62
    38
    74
   168
   130
   198
    84
    46
     5
     0
     0
     2
     0
     0
    92
   208
   130
   144
    72
    22
    48
   104
    98
    94
   122
   101
   186
   136
   133
   166
    61
   128
     1
     3
     0
     3
     7
     0
    64
    74
   202
   150
    37
    59
   198
   213
   138
    45
    33
    32
    35
   340
    95
   317
    83
    91
     2
     0
     8
     0
     0
     0
    70
   110
   356
   140
   115
   103
    59
   100
   133
    76
    50
    71
    58
   360
   136
    83
    52
   124
     0
    11
    17
     7
     6
     6
    90
   104
   341
   328
   111
   125
   114
    64
   196
    80
    38
    66
    26
    45
   421
    69
    49
    51
     7
     0
     5
     8
     1
     0
    58
   143
   158
   252
    45
    42
    51
   107
    60
    40
    40
    88
   182
    84
   136
   103
    79
    54
     6
     0
     0
     0
     4
     2
    55
   173
   275
   200
   146
    54
    57
    64
   110
    54
    36
    51
   108
    56
   138
   120
    67
    61
    18
     4
     4
     7
     0
     0
    54
    50
   117
   135
    38
   124
    60
   104
   214
   102
    60
    91
    58
    82
    64
   223
    78
    53
     7
     0
     3
     7
     0
     0
    46
   315
   184
   200
   109
    78
   245
    29
    54
    62
    54
    61
    18
    68
   131
   279
    90
    75
     9
     0
     0
     4
     0
     0
    25
   189
   235
   325
    23
    73
    57
    49
   250
    75
    46
    46
    66
    50
    66
   320
    48
    75
     2
     7
     0
     0
     0
     6
    85
   226
   491
   323
    83
    83
    56
    56
    43
    62
   110
    51
    96
    83
   416
   407
   124
    86
     7
    10
     1
     0
     0
    22
   106
   224
   359
   129
    48
    46
    64
    70
    72
    81
    69
    69
    62
    93
    88
   256
    65
    41
     0
     0
     0
     0
    15
     4
   136
   212
   139
    29
    97
    55
    20
    60
    87
    43
    56
    91
   119
   231
   103
   135
   102
    51
     0
     5
     6
     0
     8
     3
   117
   104
    87
   240
    49
   121
    55
   110
    45
    55
    41
    65
   175
    88
    72
   159
    60
    61
    11
     3
     0
     6
     0
     2
   107
   209
   331
   140
    72
    41
    30
    78
   208
    92
    81
    39
    28
    83
   240
   235
    69
    52
     4
     0
     8
     0
     0
     5
    65
    53
   235
   192
    70
    77
   158
    94
    72
   110
    80
    77
    54
   181
    91
   350
    43
    60
     8
     0
     6
     2
     8
     3
    49
    87
   365
   187
    88
    36
   108
   120
    34
    58
   182
     7
    40
    34
    89
    41
    34
    83
     5
     7
     0
     4
     4
    14
    47
   271
   245
   241
    31
    48
    41
    36
   152
    96
   193
    69
    47
    56
   150
   187
    38
    79
     0
     2
     8
     3
     0
     5
    67
   113
   308
   224
    51
    93
    83
   150
    58
   112
   109
    78
    84
    58
   314
   155
    49
   160
     4
     0
     3
     0
     4
     0
    95
   206
   253
    91
    53
    35
    55
    55
    96
    18
    29
    43
    68
   417
    87
   257
    43
    30
     3
     0
    10
    12
     0
     0
    13
   180
   153
   135
    92
    48
    92
    86
    17
    19
    55
   130
    35
   106
   440
   145
    30
    63
     7
     4
     8
     1
     0
     0
    86
   206
   268
   133
   164
    36
    52
    54
   101
   139
    63
    36
    85
   100
    35
   200
    45
    88
    13
     0
     1
     0
     1
     4
    64
   191
    75
   362
   174
    77
    62
    76
    33
    33
    28
    58
    61
    29
    83
    83
    69
    85
     5
    10
     2
     7
     0
     0
   128
    92
   230
    94
    40
    72
    41
    47
    40
    71
    38
    59
    74
    57
   133
   466
    94
    57
     2
     9
     2
     5
     1
     6
   107
   166
   305
   273
    78
   104
    62
    90
    63
   117
    45
    72
    62
   329
   312
   223
   157
   126
     0
    23
     8
     3
     7
    24
   142
   239
   644
   200
   115
   209
    37
    77
    45
    95
    58
   158
    58
   117
   112
    55
   204
   111
     0
     0
    12
     5
     0
     0
    61
   228
   153
   202
    57
   180
    43
    52
   140
    87
    34
    35
    95
    75
   200
   153
   130
    40
     7
     0
     9
     0
     2
     0
    98
   162
   241
   241
    86
    94
    79
    66
    91
    50
    42
    98
    54
   244
   137
   199
    51
    67
     0
     2
     6
     8
     0
     7
    27
    82
   358
   343
    53
   165
    49
    64
   125
    79
    70
    90
    67
    69
    61
   125
    36
   115
     0
     8
     6
     0
     7
     2
    37
   300
   262
   297
    94
    86
    83
    23
    73
    23
    30
    50
    46
    97
   138
    48
    57
    49
     1
     0
     4
     0
     0
     6
    80
    31
   211
   160
   105
   110
    74
   121
    96
   134
    56
    74
    64
    40
    85
   132
    27
    30
    10
     0
     1
     2
     0
     7
    90
    55
   183
   199
   189
   122
    70
    89
    49
    45
   106
    43
    75
    56
   247
   363
    52
    71
    14
    12
     1
     1
    13
    12
   151
   245
   236
   141
    66
    90
    92
   189
    83
    85
    45
    88
   101
    77
   111
    99
    68
    85
     0
    10
     9
     8
     2
     4
    59
   197
   304
   162
    59
    83
    20
    25
   109
   119
    79
   206
   108
    71
   273
    27
   109
    57
     0
     8
     0
     0
     0
     6
   118
   205
   380
   112
   111
    47
    48
    42
    76
    44
    50
   112
    60
    95
   138
    41
    44
    76
     7
     0
    13
     0
     9
    16
    81
   364
   296
   225
    68
   198
    42
    63
    81
    70
    72
    63
    33
   224
   218
   164
    70
    69
     2
     3
     0
     0
     0
     5
   141
   304
   336
   215
    57
    15
   113
    49
    42
    69
    71
   240
    36
    33
    47
    81
    31
    50
     0
     0
     0
     9
     0
     3
    79
   321
   295
   226
   103
    77
    72
    89
    83
    87
   140
    88
   111
    81
   129
    41
   123
   283
     6
     0
     7
    10
     0
     0
    49
   285
   406
   180
    52
   152
    95
    51
    91
    42
    81
   114
    47
    58
   131
   240
   118
    61
     3
     5
     0
    13
     7
     0
   130
   122
   285
   183
   140
   107
    98
    77
    58
    79
    73
    68
   106
   117
   174
   270
    50
    82
     6
     3
     0
     0
     0
     0
    37
   209
   199
    43
   103
   107
    40
    52
    64
    66
    46
   117
    78
    91
   179
    93
    57
    52
     0
     5
     1
     0
     8
     0
    82
    45
   103
   137
    29
    45
    81
    92
    49
   158
   132
    70
    46
    28
    76
    94
   105
   102
     0
     0
     0
     0
     0
     1
    99
   139
   143
    66
   118
    35
    86
   146
    72
    79
    90
    18
    48
    43
   398
   179
    47
    45
     0
     5
     5
     0
     4
     0
    49
   159
   345
   106
    57
    64
   115
    92
   110
    27
    36
    68
    94
    52
   133
    61
   102
   100
     0
     0
     0
    15
     6
     0
    98
   174
   303
    77
   101
    49
    49
   101
    69
    96
    68
    44
    90
   174
   159
   100
    99
    24
     8
     5
     1
     0
     0
     0
    49
   194
   278
   326
    84
    45
    71
    81
   103
   151
    84
   223
    53
    94
    67
   113
    56
    80
     9
     7
     1
     9
     0
     1
   102
   141
   248
   243
    70
   296
    50
   194
   104
    78
    91
    59
    49
   123
   101
    95
    62
   106
     6
     0
     0
     0
     0
     0
    47
    77
   375
   139
    55
    43
    53
    35
    54
    42
    90
    84
    67
   145
   257
    73
   152
    75
     6
     4
     1
     0
     0
     0
    63
    57
   260
   182
    63
    20
    64
   313
    66
   133
    94
   160
    47
    99
    26
   216
    96
    73
     0
     4
     1
     0
     2
     0
    52
   181
   260
   186
    82
    78
    98
    37
   132
    74
    56
   102
   102
    46
   175
    78
    58
    60
     0
     0
     0
     1
     0
     0
    48
   129
    84
   325
    50
    48
    94
    71
    66
    48
    57
   197
    77
    44
   119
   312
    31
    58
     0
     0
     1
     5
     0
     7
   125
   111
   131
   244
    73
    64
    24
    50
   137
    79
    67
   179
    53
   114
    77
    82
    47
    19
     0
     5
     0
     1
     0
    11
    67
   161
   147
   263
    98
    41
    74
    48
    56
   108
   143
    74
   104
   250
   293
   194
    71
    87
     0
     8
     0
    12
     9
     8
   156
   405
   364
   276
    60
    50
    29
   124
    60
    55
    93
    69
    69
   145
   253
    36
    96
    76
     4
     0
     4
     0
     7
     0
   102
   184
   413
   165
    31
   109
    67
    50
    25
   104
    77
   226
    35
   143
   113
    90
    93
    71
    13
    11
     6
     2
    10
     0
    91
   191
   319
   302
    81
    86
   227
   113
    38
   118
    56
    29
    29
    70
    61
   423
    76
   177
    11
     0
     0
     0
     0
     0
    48
   274
   258
   204
    35
    52
   179
   125
    76
    51
    47
    90
    30
   161
   182
    59
    59
    68
     0
     8
    19
     1
     7
     0
    69
   201
   187
   148
    56
    77
    78
    45
   135
    90
    81
   159
    23
    85
    81
   161
    38
    71
     5
     7
     8
     8
     0
     0
   119
   201
   196
   166
    83
   101
    63
   129
    69
    53
    70
    48
   329
   122
    95
   253
   104
    67
     3
     4
     6
     0
     5
     5
    41
   306
   492
   224
    58
    84
   118
   105
    39
   122
    63
    99
   103
   206
   120
   173
    70
    55
     5
     0
     0
     8
     1
     0
    70
   428
   400
    79
    45
    39
    53
    78
    68
    31
    34
   137
    85
    81
   109
   253
    83
    58
     2
     0
     8
     4
     8
     0
    92
    57
   227
   322
    55
    56
   115
    59
   100
    84
    60
    29
    64
   305
    75
    59
    70
    42
     0
     5
     0
     3
     3
     1
    83
   204
   133
   157
    83
    69
    39
    51
    37
    95
    50
    41
    81
    33
    93
   170
    77
    37
    14
     8
    18
     0
     3
     6
    54
   181
   184
    39
   117
    75
   273
    57
   176
   122
    94
    29
    48
   133
    21
    98
   185
   100
     3
     0
     0
     0
     5
     0
   119
    68
   351
   145
   168
    87
    69
    48
    45
    86
    93
    23
    22
   142
    71
   217
    19
    27
     0
     9
     4
     0
     0
     6
    45
   259
   356
   191
    36
    50
    46
    55
    52
   121
    49
    48
    58
    33
    90
   212
    58
    50
     0
     0
     1
    15
     3
     0
    68
   178
   218
   214
   168
    37
   150
    62
    71
    71
    55
   175
   106
    63
   214
   273
    79
    69
     1
     0
     0
     0
     0
     0
   122
   222
   288
   210
    53
    57
    67
   129
    92
    56
    63
    61
   204
   261
   287
    72
    75
    55
     0
     0
     0
     0
     2
     0
    56
    39
   295
   143
    32
    61
    23
    57
    50
    34
    72
    53
    59
   155
   156
   209
    51
    72
     1
     4
     5
     0
     1
     0
   144
   118
   249
   124
    70
    49
    68
    85
   100
   113
    24
    66
   116
    47
   274
    45
   129
    49
     0
     0
    11
     2
     0
    10
    56
    48
   237
   195
    51
    38
    49
    72
    42
   107
    49
    57
   124
    47
   326
    51
    55
    37
     9
    11
     0
     1
     7
    14
    49
   168
   297
   194
   113
    50
   111
    44
    73
    40
    75
    59
    77
    89
   189
    77
   102
    90
     0
    10
     7
     9
     0
    10
   114
   158
   110
   229
    59
    52
    57
    65
   113
    84
    53
    49
    68
    70
   116
   129
    65
    96
     6
     1
     0
     0
     0
     0
    74
   174
   314
   285
    98
    51
   107
    99
    47
    42
    49
   103
    81
    70
   110
   224
    38
    88
     6
     2
     0
     8
     7
     0
    63
   329
   300
    62
   142
    80
    86
   253
    43
    56
    37
    39
   175
    98
   187
   178
    61
    83
     1
     8
     9
    15
     0
     0
   161
   177
   311
    72
    89
    87
    61
    85
   257
    77
   224
   104
    69
    48
   115
   197
   195
    67
     0
     1
    20
     7
     0
     0
   120
   215
   206
   164
    40
    94
    48
    57
   134
    71
    65
   252
    43
    37
   108
    51
    58
    41
     4
     0
     0
    10
     0
     2
    69
   336
   255
   184
    49
    49
    71
    52
   181
    93
    83
    43
   171
    34
   108
   168
    84
    78
     1
     0
     0
     8
     0
     0
    42
   144
   260
    87
    59
   104
    29
   108
    78
    49
    38
   188
   106
    51
   240
    61
    67
   152
     0
     8
     2
     0
     0
     0
    62
   130
   222
   298
   112
    98
    60
    41
    27
    26
    38
    68
    69
    33
   292
   114
    65
   156
     7
    10
     5
    16
     0
     6
   135
   311
   203
   242
    53
    80
   104
    35
    52
   120
    83
   123
    75
   102
   181
    98
    65
    74
     1
     0
     6
     5
     0
     0
    50
   106
   184
   292
    90
    67
    40
    77
    87
    70
    27
    61
    67
   214
   240
   148
    57
   129
     0
     6
     0
     0
    19
    12
   123
    36
   277
    89
    50
   109
    42
   111
   183
    12
    37
   108
    81
   204
   210
    53
    73
    98
     0
     3
     0
     3
     3
     5
   104
   263
   162
   125
    26
    77
    72
    67
    25
    68
   105
    99
    60
    56
    88
   170
    49
    60
     0
     3
     0
     0
     5
     4
    51
    77
   131
   207
   130
   116
    22
    52
   136
    55
    63
    64
   105
   168
   164
   115
    87
   191
     4
    15
     4
     1
     0
     0
    58
   176
   223
   195
    25
    53
    44
    21
    92
    39
    72
    36
    66
    77
    40
   114
    23
    65
     8
     0
     6
     2
     0
     0
    85
   291
   140
   139
    45
    32
    70
   121
    44
   189
    90
    25
    61
    61
   103
   234
    65
    85
     0
     2
     1
     2
     0
     0
   104
   183
   562
   126
    95
    26
    86
   185
    96
   123
    49
    75
   146
   182
   323
    95
    62
    47
     4
     7
     6
     0
     3
   192
   281
   253
   208
   149
   207
   214
    87
    57
   103
    31
   112
    43
    81
    98
   188
    51
    48
     4
     0
     0
     9
    10
     0
    63
   200
   160
   249
    95
    41
    38
    74
    93
    77
    79
    58
    26
   331
   214
   228
    96
    50
     0
     5
     3
     4
     2
     0
    62
   142
   201
   149
    39
    33
    48
    83
    79
    42
    46
    90
   100
   198
   184
   157
    24
    37
     1
     0
     7
     0
    10
     0
   103
    42
   286
   204
    75
    43
    64
    36
    98
    67
    47
    33
    49
    80
   192
    73
    37
    37
    17
     0
     5
     7
     7
     3
   109
    96
   399
   152
    49
    92
    41
    58
    68
   113
    45
    22
    96
   194
   202
    91
    72
    49
     7
     4
     0
     0
     6
     5
   120
   200
   332
   171
    20
    39
    42
    43
   128
    77
   102
   226
   230
   211
   220
   193
    76
    39
     1
     9
     7
     6
     2
     6
    92
    77
   164
   138
    68
   138
    51
    93
   157
    95
    70
    32
    54
   121
    82
   241
    62
   192
     0
     4
     4
     0
     7
     4
    85
   209
   235
   254
    97
   101
    90
    61
    38
    53
    72
   133
   103
    75
   233
   164
    81
   127
     1
     0
     3
     2
     0
     0
    49
   243
   424
   150
    79
   210
    17
    47
   216
    39
    63
   225
   102
    73
   127
   194
    60
    48
     4
     0
     0
     0
     0
     0
    59
   218
   285
   165
    45
    82
    56
   111
    76
    52
   113
    74
   244
   184
   300
    53
   132
    58
    22
     0
     1
     5
     0
     1
    74
   212
   112
   234
    80
    65
   108
   117
    64
   203
    54
    58
    54
    53
    51
   118
    67
    42
     0
     7
     0
     0
     0
     0
    78
   107
   403
   141
   110
   210
    54
    81
    70
   120
    72
    41
    22
    88
    79
    57
    61
    65
     3
     2
     1
     1
    11
     9
    98
   209
   244
    78
    32
    77
    87
    42
   107
    43
    45
    43
    43
    81
   502
    98
    36
    29
     5
     0
     0
     0
     0
     1
   139
   261
   443
   218
    90
    57
    22
    47
    81
    89
    74
    34
   241
    71
   109
   171
    48
    99
     1
     6
     1
     0
    17
     0
    85
   204
   220
   500
    89
    77
    55
   209
   144
    87
    47
   234
    94
    64
   270
   175
    51
    56
     7
     4
     7
     0
     0
     6
   119
   214
   269
   152
   117
    70
    39
    47
   188
    69
   143
   126
    64
    65
   157
   228
    73
    33
    11
     0
     4
     2
     0
     0
   113
   241
   280
   179
    13
    51
    35
    57
    46
    50
    38
   117
    70
   133
    76
   189
    46
    64
    14
     6
     0
     0
     7
     0
    58
   255
   223
   211
    61
    50
    80
    35
    43
    63
    89
    43
    52
   236
    71
    96
    66
    53
     2
    10
     0
     8
     0
     2
    50
   198
   112
    80
    45
    50
    45
    90
    35
   100
    47
    20
    64
    34
   313
   122
    62
    53
     7
     0
     0
     4
     0
     0
    52
   115
   238
   153
    52
    88
    36
    37
    94
    92
    49
    55
    55
    38
   177
   160
   102
    50
     1
     9
     4
     7
     0
     6
   121
   211
   355
   207
   194
   120
    84
    47
    53
    71
   119
    38
    72
    86
   212
   102
    79
    38
     0
     0
     4
     0
     0
     5
    49
    94
   294
   103
   115
    44
   184
    94
    86
    58
   110
    41
    42
    71
   169
   116
    71
    81
     2
     6
     0
     0
     7
     0
    88
   150
   281
   114
   153
    78
    73
    39
    36
    80
    58
    44
    48
   118
   232
    52
    91
    42
     0
     0
     6
     0
     4
    13
    72
   147
   308
   107
   180
    47
    48
    91
    86
    99
    84
    66
    74
    31
    83
   165
   189
    46
     0
     0
     0
     0
     7
     1
    58
   209
   307
    44
    65
    65
    99
    68
    29
   183
    73
   106
    41
    74
   128
    97
    67
    44
     0
     0
     0
     0
     5
     0
    33
   185
   215
   114
    76
    35
    11
    62
    47
    63
    99
    62
    34
    66
   160
    54
    25
    66
    12
     0
     0
     0
     1
     0
    58
   170
   193
   296
    44
   106
    51
    43
    25
    52
    92
    37
    42
    37
    32
    74
    38
    52
     0
     0
     0
     5
     0
     0
   130
   131
   469
   148
   124
    71
    66
   100
    77
   110
    68
   118
    78
    87
   232
   161
    79
    61
     5
    10
     9
     3
     6
     0
   151
   203
   294
   134
    43
    92
    47
    27
    93
    87
    50
   228
    71
   216
   362
   182
   101
    74
     0
     1
     0
     4
     0
     0
    40
   124
   288
   214
    53
    82
   116
    43
   113
    82
    70
    68
    58
    68
    79
    72
    99
    38
     7
     0
     2
     0
     6
     6
    44
   292
    88
    54
    85
    68
    78
    61
    91
    58
    20
    51
   244
    79
   164
    59
    46
    29
     5
     0
     0
     3
     2
     6
    80
   227
   150
   223
   140
    69
   212
    50
    48
    51
    63
   388
    92
    80
    45
    72
    48
    68
     2
     4
     7
     8
     0
     0
    59
    93
   222
   219
    72
    43
    39
    48
    35
    47
    53
   210
   103
   142
   302
   179
   140
    86
     0
     6
     3
     0
     0
     1
    95
    51
    77
   166
    43
    86
    46
    61
    34
    39
    49
   185
    75
    38
    80
    85
    72
    79
    13
     0
     3
     9
    14
     7
   158
   234
   250
   174
    51
    81
    52
   111
    59
    83
    70
   153
    67
    77
   139
   141
   155
    40
     3
     9
    19
     0
     0
     0
    63
   173
   341
   172
    81
    54
    59
    54
    80
   172
    71
   155
    40
    67
   226
   101
    40
    64
     0
     0
     0
     0
     0
     5
    39
   271
   239
   167
    71
    47
    46
    28
    65
    70
    49
    74
    18
    45
   170
   198
    20
    89
     4
     0
     0
     9
     5
     0
    68
   388
   194
   186
    57
    45
   168
    56
    31
    44
    50
    55
    34
    88
   179
    60
    82
   105
    11
     0
     5
     0
     6
    10
   119
    93
   136
   105
    42
    55
    29
    68
    25
    43
    45
   101
    82
   354
    44
    98
    33
   118
     5
     0
     6
     1
    11
     3
    97
   113
   346
   179
    62
   143
    57
    36
    27
    68
    67
    50
    82
    37
   112
   180
    37
    54
     0
     0
     9
     0
     0
     1
    93
    52
    38
   201
    82
    59
    30
    60
   133
    54
   137
    60
    56
    42
    27
   108
    27
    32
     0
    12
     0
     4
     0
     0
    62
    77
   342
   344
    92
    39
    83
   100
    67
    69
   187
   245
    54
   135
   138
   136
   138
    93
     2
     0
     0
     0
     6
    10
    45
   243
   458
   271
    46
    54
    64
   103
   107
    64
    50
    69
   107
    34
   207
   119
   110
    46
     2
    13
     6
     0
     5
     0
    88
   144
   200
   118
    45
    81
    68
    58
    48
    29
    43
    79
    65
   218
   244
   146
    59
    67
     3
    10
     9
     0
     0
     0
    21
   180
   109
   155
    26
    59
   106
    47
   103
   104
    36
    42
    99
    42
   121
    36
    31
    59
     5
    11
     5
     0
     0
     1
    31
   212
   424
   104
    29
    59
    37
    55
    93
    77
   190
    99
    92
    60
   116
    56
    82
    21
     9
     0
    14
     3
     8
     6
    57
   141
   100
   127
    63
    62
    48
    51
    95
   173
    36
    11
   188
    63
   120
    52
    77
    26
     0
     0
    10
     0
     0
     0
    78
    88
   238
   297
    49
    23
    22
    70
    87
    47
    75
    35
    92
    23
   267
   250
   155
    59
     2
     5
     7
     3
     8
     5
   175
   301
   138
    35
    74
   104
    32
    67
    45
    49
    93
    71
   128
   108
   254
   265
    83
    20
     0
     8
     0
     9
     1
    10
   177
   151
   329
   286
    74
    59
    60
    72
    45
    49
    58
   212
   192
    80
    61
    83
    91
    93
     3
     7
     4
     0
     0
     0
    79
   139
   111
    80
    27
    53
    67
    65
    46
    46
    60
    64
    52
    74
   244
   166
    47
    50
     0
     0
     0
     0
     0
     0
    57
   188
    99
    29
    39
    57
    84
    70
    47
    30
    40
    72
    68
    94
   166
    87
    61
    19
     1
     4
     0
     0
     0
     0
    30
   132
    74
   251
   112
    53
    33
    18
    72
    87
    44
   151
    71
   211
   230
    85
    38
    39
     6
     2
     4
     0
     3
     7
    33
   118
   418
   135
    56
    53
    21
    48
    72
    83
    49
    24
    36
   181
    85
   177
    97
    36
     0
     0
     0
     0
     0
     5
   106
   251
   270
   218
    49
    34
    51
    21
    60
   208
    46
    53
    51
    79
   259
   161
   176
    12
    13
     1
     7
     0
     0
     0
    87
   195
   232
   213
    79
    41
    65
    29
    81
    22
    75
   151
    50
   130
    27
    92
    89
    76
     5
     0
     0
     0
     8
     0
    56
   124
   287
   275
    67
   189
    29
    53
    34
    43
    38
   143
   217
    84
    49
    80
    82
    71
     6
     3
     0
     0
     0
     6
    95
   139
   420
   176
    89
    76
    46
    66
    58
    32
    44
    55
    84
    50
   152
    96
    86
    21
    10
     5
     8
     0
     0
     0
    31
   239
   176
   146
    49
   199
   189
    58
    28
    84
    34
    50
    70
    33
   298
    46
    59
    40
     7
     1
     2
     0
     5
     0
    45
   107
    79
   236
    51
    94
    49
    79
    46
   195
    75
    57
    50
   236
    47
   258
    49
    38
     5
     0
     3
     0
     0
     7
    31
    85
   245
   103
    46
    51
    95
    64
    34
    29
    41
    40
   186
    47
    81
   249
    39
    76
     3
     4
     0
     3
     0
     8
    89
    67
   157
    85
    35
   167
    36
    41
    13
    58
    58
    42
    65
    80
    34
   139
    41
    37
     0
     3
    10
     7
     8
     0
   132
   115
   290
   152
    56
   110
    69
    30
    42
    73
   412
    62
    79
    36
    93
    65
    55
    49
     4
     0
    15
     0
     0
     0
    79
   312
   186
   145
   138
    52
   106
    52
    66
   166
    76
    92
   105
    33
   105
   229
    52
    62
     8
     3
     0
     2
     0
     0
    29
    98
   498
    37
    34
   114
    46
   183
    50
    91
    70
    56
    28
    48
   111
    34
    74
    66
     0
     5
     0
     0
     2
     0
    91
   173
   341
   244
    36
    74
   103
    41
   100
    62
    53
    50
    58
   274
    51
   110
    19
    74
     0
     0
    15
     0
     5
     7
    44
   266
   309
   201
    89
    76
    69
    27
    81
    21
    62
    82
    80
    49
    54
   118
    63
    63
     2
    17
     0
     0
    12
     1
   103
   131
   204
    69
    42
    38
    57
    27
    44
    32
    29
    47
    27
   342
   117
    55
    71
    44
     0
     0
     0
     0
     0
     3
   130
   183
   215
    68
    25
    46
    39
    35
    41
    61
    74
    29
    50
    41
    51
    56
    41
    60
     0
     3
     0
     1
    11
     0
   114
   217
   428
   140
    39
    67
    50
    85
    87
    62
    53
    75
    56
    92
   380
    37
    61
    55
     9
     1
    12
     0
     0
     0
   120
   182
   163
   173
    49
    44
    62
   111
    52
   240
    72
    37
   195
    53
    75
   211
    44
    89
     7
     0
     0
     0
     0
     3
    45
   177
   110
   178
    59
    33
    80
    56
    69
    92
    41
    98
    96
    90
   215
    71
    33
    14
     0
     0
     0
     0
     0
     2
    72
   121
   266
    86
     8
    62
   114
    87
    15
    86
    68
    41
   178
    86
    86
    75
    52
    78
     0
     8
     0
     0
     0
     0
    56
   168
   257
   335
    40
    55
    35
    71
    71
   140
    39
   102
    59
    41
   209
   276
    47
    98
     1
     0
     2
     0
     6
     0
    18
   161
   253
   289
    49
    63
    43
    49
    82
    33
    31
   194
    95
    24
    95
   104
    43
   131
     0
     0
     1
     0
     0
     0
   111
   130
    55
    72
    54
    89
    94
    94
    45
    61
    15
    60
    38
    72
   110
    78
    41
    51
     2
     0
     0
     0
     0
    11
    69
   175
   188
   148
    41
    53
    58
    87
   174
    35
   233
    53
    79
   190
   194
    70
    85
   140
     8
     8
     3
     0
     6
     0
    71
   180
   309
   230
   112
    99
   180
   139
    41
    81
    86
    36
    60
    49
    74
   269
    20
    67
     0
     9
     5
     6
     8
     0
    92
   114
   219
    83
    50
    49
    36
    18
   114
    89
    49
    89
    86
   173
    81
    29
    68
    41
     0
     0
     6
     4
     1
     6
    30
   219
   280
   251
    19
    36
    37
    53
    92
    29
    45
    51
    36
   107
   120
    64
    43
    19
     0
     2
     0
     0
     0
     8
     2
   255
   167
   145
    91
    48
    57
    46
    65
    47
    32
    51
    55
   120
   295
   292
   119
    54
     0
     0
     0
     0
     0
     9
    34
   116
   260
   216
    45
    31
    28
    82
   216
    35
    26
    34
    86
   199
    91
    63
    27
    43
     0
     0
     0
     5
     0
     5
    62
   212
   206
   190
    60
    61
    60
    74
    50
    54
   101
    60
    45
    32
    92
    83
    56
    37
     0
     8
     0
     0
     0
     0
    91
   192
   514
   244
    40
    41
   107
    29
   332
    92
    81
    45
    65
    28
   136
    70
    24
    63
     0
     3
     4
     0
     0
    17
    97
   101
   227
    87
    51
    65
    65
   104
   160
   109
    74
    92
    90
   169
   114
   132
    80
    33
     0
     0
     0
     0
    14
     2
    53
    49
   281
   209
    30
    83
    39
   167
    21
   101
    90
    69
    38
    53
    41
   149
    45
    50
     0
     9
    18
     1
     0
     0
    16
   195
    82
   118
   170
    42
    32
    18
   187
    42
   206
    31
    38
    39
   247
    60
    81
    75
     1
     5
     0
     5
     0
     9
    42
    36
   178
   121
    24
   200
    74
    42
    88
    31
    74
    37
    64
    91
   128
   120
    45
    95
     7
     0
     8
     0
     5
     0
   173
    63
   264
   146
    14
    37
    63
    36
   100
   175
    67
    54
    23
    65
    85
   145
    18
    97
     2
     0
     6
     0
     0
     0
    80
   166
   123
   158
    51
    50
    47
    31
    28
    76
    52
    31
    53
    82
    93
    68
    66
    64
     3
     1
     0
     0
     0
     4
    65
   190
   197
   131
   241
   190
    80
    40
    57
    43
    86
   109
   232
    35
   235
    84
    28
    66
     0
     2
     2
     6
     0
     4
    60
   206
   298
   219
    88
    66
    50
    53
    47
    70
    52
    81
    55
    22
    87
   122
    76
   130
     2
     2
     0
    14
     0
     0
    87
    62
   180
   164
    27
    25
    47
    41
   233
    58
    68
    45
    61
   186
    20
   176
    38
    58
    13
     0
     0
     0
     0
     0
   100
   157
   432
    28
    31
    38
    31
    26
    29
    35
    75
    66
    55
   179
   110
   156
    57
    29
     0
     0
     4
     0
     0
    19
    39
   156
   301
   151
    51
    40
    89
    44
    19
    57
   193
    93
    83
    85
   488
   220
    62
     9
     2
     0
     0
     7
     0
     0
    58
    52
   142
   155
    88
    34
    64
    49
    73
   231
    54
    40
    90
    73
   231
    49
    27
    38
     0
     0
     0
     0
     0
     0
    29
   207
   354
    67
    32
    74
    33
    45
   120
   108
    48
    16
    45
   198
    96
   157
    40
    67
     2
     1
     0
     4
     0
     0
   103
   228
   215
   226
    36
   109
    53
    23
    94
    21
    59
    45
    48
    41
   107
   216
    69
    60
     8
     0
     5
     3
    12
     0
   131
   185
   241
    56
   199
    53
    55
    75
   146
   136
    64
    26
    46
    54
   170
   266
   104
    51
     3
     1
     0
     0
     0
     0
   126
   146
   191
    33
    53
    53
    47
    77
    46
    39
    64
   150
    54
    37
   391
   203
    54
    26
     2
     0
     0
     7
    14
     0
    56
   113
   235
   167
    35
    83
    22
   206
   178
    45
    31
   188
    66
   109
    57
    32
    59
    50
     0
     0
     0
     5
     0
     0
    19
   170
   118
   113
   191
    29
    79
    53
    36
    36
    85
    49
    26
    35
    65
    50
    33
    83
     0
     0
     4
     0
     2
     2
    91
   160
   378
   202
    48
    27
    43
    33
    61
    53
    60
    94
    75
    39
   159
   132
    24
    63
     0
     0
     0
     0
     0
     5
    66
    83
   120
   119
    56
    41
    73
    87
    40
    41
    56
    10
   211
    66
    91
    20
    52
    15
     8
     1
     0
     2
     5
     1
    40
    62
   295
   105
   182
    38
    19
    56
    81
    84
   113
    73
    18
    95
    77
   122
    23
    78
    11
     0
     5
     0
     5
     0
    83
   114
   331
    71
    67
    37
    70
    75
   116
    39
    30
    17
    53
   235
    41
   241
    56
    23
     2
     0
     1
     0
     6
     0
    52
   109
   144
   170
    93
    48
    72
    41
    41
    51
    40
    27
    84
    24
   204
   143
    60
    72
     0
     3
     0
     8
     5
     0
    89
   219
   257
   116
    52
    37
    41
    38
    86
    32
    24
    31
    47
    42
   236
   176
    80
    49
     2
     0
     2
     0
     0
     1
    74
    50
   235
   277
    55
    69
    46
    41
    18
   126
    31
    27
    38
   204
   129
   209
    79
    31
     0
     0
     3
     0
     0
     7
    49
   253
   104
   104
    49
    75
    18
    76
   177
    38
   176
    38
   126
    33
   107
    43
    84
    56
     0
     0
     0
     6
     0
     0
    38
    90
    22
    62
    48
    75
   214
    43
    27
    20
    30
    78
    73
    79
   253
   154
    33
    56
     0
     4
     0
    14
     8
     0
    38
   144
   332
   169
    59
    42
    37
    55
    63
   122
   221
    68
    85
   114
   231
    76
    51
    67
     1
     2
     1
     0
     0
     8
    53
   169
   233
   143
    47
    71
   171
    82
    33
    89
    46
   101
    36
    72
   140
    94
   103
    32
     4
     0
     0
     0
     8
     8
    76
   112
   182
    63
    53
    82
    56
    52
    39
    40
    83
    39
   138
   161
   227
    62
    21
    58
     0
     0
     0
    13
     0
     4
    72
   137
   209
   151
    68
    27
    24
    89
   168
    56
   109
    50
    46
    38
   127
   102
    41
    54
     0
     9
     4
     0
     0
     3
    36
   148
   162
    60
    70
    50
    95
    51
   197
    70
    20
    37
    73
    24
    80
   109
    52
    27
     6
     0
     4
     6
     2
     0
    83
    98
   194
   198
    35
    38
    43
    59
    97
    44
    56
    60
    79
   166
    68
    40
    64
    71
     4
     0
     3
     0
     0
     7
    34
   235
   176
   178
    41
    40
    43
    47
    33
    37
    86
    93
    28
    72
    13
   123
    54
   127
     0
     7
     0
     8
     3
     0
    57
   159
   256
   246
    97
    62
    69
    19
    38
    54
    77
    42
   120
    90
    81
    91
   226
    48
     0
     4
     0
    11
     4
    21
    36
   272
   192
    76
    50
    90
   102
    54
    49
   161
    57
    54
    46
    63
   111
   175
    84
    74
     3
     7
    11
     1
     4
     0
   113
    65
   409
   113
    41
    38
    52
   152
    77
   174
    61
    37
    48
   161
   231
    79
    45
    48
     0
     5
     3
     0
     3
     8
    32
   272
   190
   206
    27
    60
   211
    93
    36
    91
    47
    42
    77
   105
   115
   314
   196
    31
     6
     0
     0
     1
    10
     0
    16
   149
   389
   193
    42
    43
    50
    22
    77
    92
    81
    82
    45
    40
    73
    62
    89
    44
     0
     2
     9
     0
     5
     5
    80
    76
    89
    93
    32
    29
    51
   133
    26
    37
   181
   122
   126
    52
    27
    77
    30
   142
     5
     5
     3
     8
     1
     7
    85
   146
   288
   238
   127
    94
    43
    62
    45
    28
    68
    84
    46
    94
    79
   111
    36
    46
     1
     0
     0
     9
     2
     0
    86
   185
   127
   125
    55
    95
   135
    68
    66
    99
    71
    35
   119
    43
   137
    81
    47
    28
     0
     0
    16
     3
    13
     1
   101
   356
   289
    79
    60
    26
    62
    48
    78
    42
    77
    74
   106
   104
    92
   160
    54
    85
     3
     7
     4
     0
     4
     0
    68
    31
   266
    84
    22
    45
    34
    99
    55
    50
    40
    65
    19
    36
    90
   123
    43
    34
     2
     0
     0
     0
     0
     2
    21
   229
   103
    74
    77
    41
    20
    59
    72
    45
    62
   188
    38
   123
    40
    96
    42
    47
    12
     0
     0
     0
     2
     0
    84
   202
   165
    67
   176
    48
    69
    52
    11
   192
    48
    71
    46
    28
   176
   119
    63
    27
     1
     0
     5
     0
     4
     4
    29
   248
   299
   201
    50
   195
    69
    15
    45
    85
    41
    34
   164
   176
    70
    35
    54
    33
     0
     0
     0
     8
     0
     9
    19
   136
   260
   178
    47
   135
    57
    53
    68
    71
    94
    43
    37
    77
    48
   136
    43
    43
     1
     0
     0
     0
     5
     7
    91
   204
   230
   132
   106
    54
    71
   182
    85
    81
    55
    49
    20
    47
   184
    61
    66
   116
     5
     0
    10
     0
     0
    18
   138
   192
   423
   149
    43
    27
    35
    77
    38
    79
    51
    58
   214
    63
   155
   137
    39
    50
     1
     7
     2
     5
    11
     1
    63
   100
   305
   116
    34
   108
    44
   237
    54
    36
    57
    61
    50
   114
    96
   213
    53
    93
     6
     3
     0
     5
     5
     0
    46
    75
   258
   133
    83
    59
    41
    67
    25
    43
    56
    84
    60
    52
    85
    43
    37
    57
     7
     1
     5
     2
     0
     0
    38
   283
   179
   232
    61
    46
   125
    42
    50
    46
   103
    47
    19
   189
    90
   359
    86
   209
     4
    17
     0
     6
     0
     0
    86
    53
    62
   125
   114
    45
    65
    38
    54
    73
    40
    37
    28
    39
    74
    33
    27
    77
     0
     0
     0
     0
     0
     0
    36
    42
   325
   205
    95
    29
    43
    59
    26
   112
    53
    55
    72
    37
    47
    91
    37
    64
     0
     9
    15
     0
     0
     5
   176
   245
   206
    42
    96
    39
    68
    78
    60
    26
    45
    42
   211
    68
    72
    41
    53
   130
     0
     0
     7
     0
    10
     5
    99
   181
   255
   183
    36
    61
    81
   216
    28
    15
   223
   118
    78
    89
   229
   116
    73
   113
     7
     0
     1
     0
     0
     0
    33
   148
   325
   133
    63
    47
    78
    95
    80
    27
    69
   102
    48
    70
    74
    28
    73
    38
     6
     6
     0
     3
     1
    10
   125
    38
   201
   120
    49
    88
    24
    55
    82
    39
    48
   114
    94
    36
   308
    83
    50
    25
     1
     0
     0
    14
     1
     2
    68
   155
   103
    20
    69
    40
   205
    75
    27
    56
    20
   125
    72
    86
   162
   146
    51
    47
     0
     0
     1
     4
     7
     6
    67
   145
   236
    69
    25
    66
    41
    32
    22
    47
    77
    58
   111
    50
   223
    70
    23
    39
     5
     0
     0
     5
     9
     0
    87
   216
   193
    82
    48
    43
    48
    56
    93
    48
   106
    30
   118
   347
   110
   124
    70
    56
     0
     5
     0
     3
     5
     3
   103
   209
   403
    91
   142
    47
    36
   119
    42
    80
    79
   230
    45
    50
    86
   126
    34
    83
    10
     7
     0
     0
     0
     0
    97
   123
   201
    44
    61
    62
    96
    58
    49
   241
   198
    90
    65
    23
   172
   222
    94
    68
     0
     0
     0
     1
     0
     0
    62
   249
   172
    98
    44
    39
    58
   159
    35
    29
    78
   143
    59
    37
   147
   161
    56
    30
     0
     3
     5
     3
     1
     3
    83
   120
   289
   172
    37
    32
    53
    50
    78
    17
    39
    37
    35
    66
   135
    28
    21
    29
     0
     0
     3
     0
     1
     0
    69
    81
   397
   143
    77
   193
    12
    55
   114
    12
    38
    62
    53
   167
   119
   128
    33
    84
     5
     0
     2
     0
     7
     2
    83
   180
   375
   152
    52
    35
    44
    83
   107
    29
    52
    31
   215
   152
   213
    50
    95
    77
     0
     1
     0
     0
     0
     0
    58
   146
   210
   196
    72
    62
   226
   130
   215
    38
    17
    79
    68
    83
    89
    31
    44
    65
     7
     0
     4
    11
     0
     0
    38
   158
   205
   175
   116
    74
    29
   102
    69
    96
   211
   102
    55
   211
    92
   108
    51
    49
     0
     5
     0
     0
     0
     0
    36
   209
   342
   176
    77
    82
   192
    49
    45
    22
    73
    63
    50
    94
    38
   148
    75
    87
     0
     3
     2
    15
     0
     5
    20
   166
   319
    44
    83
    81
    73
    54
    50
    72
    55
    78
    51
   119
    64
    37
    31
    87
     0
     0
     0
     7
     9
     7
   110
    95
   181
   160
    35
    54
    70
    46
   114
    57
    91
    45
    40
    45
    78
    85
   110
    70
     0
     0
     0
     9
     0
     4
    95
    87
   296
   125
    29
   190
    69
    22
    71
    39
    76
    78
   179
    78
   193
   268
    23
    54
    10
     0
     6
     0
     0
     9
   133
   175
   186
   252
    49
    49
    27
   187
    75
    72
    40
    43
    57
    44
    67
    76
    36
    36
    10
     0
     7
     0
     0
     0
    79
   231
   164
    48
    50
    28
    53
   115
    20
    79
    68
    78
    72
    72
   163
    94
    27
   147
     0
     1
     2
     0
     0
     7
    78
   102
   182
   180
    90
    35
   106
    94
    43
    57
    42
    56
    27
    60
   150
    76
   138
    68
     0
     0
     0
     0
     0
     9
    88
   296
   213
   183
    69
    75
    42
   132
    73
    27
    43
    61
    55
   231
    92
   105
    55
    84
     0
     0
     3
    10
     5
    10
    40
   121
   272
   116
    54
    57
    61
    60
    55
    91
    35
    97
    28
   249
   216
   183
    71
    50
     2
     6
     7
     0
    10
     6
    49
   242
   117
   200
    94
    75
    40
   114
    85
    49
    46
    59
    54
    52
    48
   105
    70
   115
     0
     8
     3
     1
     0
    10
    90
   153
   222
   243
    47
    77
   238
    83
    62
   231
   236
    63
    27
    41
   121
   257
    20
    37
     7
     9
     3
     0
     9
     7
    88
    62
   351
   204
    33
    20
    55
    51
    51
    44
    63
   101
    64
    31
    74
   271
    74
   261
     0
     7
     4
     5
     0
     0
    47
   131
   206
   234
    41
    80
    50
    81
    39
    16
    41
    65
    27
    51
    95
   157
    54
    47
     0
     0
     0
     9
     5
    15
    35
   160
   250
   359
   100
    64
    92
   202
    75
    50
    99
    62
    57
    39
   291
    91
    68
    90
     5
     3
     4
     0
     0
     0
   118
   112
   365
   212
    65
    65
    55
   150
    58
    33
   100
    54
    31
   172
    91
    90
   197
    53
     0
     0
     0
     0
     0
     0
    28
    89
    91
   123
    99
    75
    81
    26
    25
    39
    61
    71
    32
    80
   122
   125
    85
    48
     0
     0
     7
     0
     0
     0
    46
    90
   117
   236
   166
   118
    33
    32
   106
    52
    41
   117
    27
    43
   102
   381
    41
    36
     0
     2
     0
     6
     0
     3
    45
   119
   240
   192
   110
    58
    42
   193
    49
    44
    62
    13
    33
    51
   133
    49
    10
    52
     0
     7
     0
     0
     0
     0
    23
    34
   253
    42
    44
    72
    46
    66
   177
    30
    32
    32
    31
    95
   108
    21
    29
    48
     4
     5
     0
     9
     0
     0
    32
   173
   185
   123
    82
    43
    52
    53
    37
    33
    15
    42
    97
    41
   268
    82
    35
    19
     0
     0
     2
     4
     0
     0
    58
   114
   215
   202
    68
   115
    62
    48
   105
    52
    59
   110
   119
   124
   100
   192
   191
    92
     0
     4
    10
     3
     0
     0
    60
   103
   211
   118
    47
    57
    60
    90
    52
   201
   100
   111
    38
    81
   281
    43
   101
    94
     0
     0
     4
     2
     2
    10
    48
    12
   263
   179
    19
    56
    75
    27
    56
    34
    35
    44
    42
    80
    29
   153
    42
     5
     0
     0
     4
     0
     0
     0
    56
   163
   224
    43
    28
    30
    77
   173
    28
    38
   258
    22
    46
    48
   148
   160
    29
    63
     0
     3
     0
     0
     4
     0
    59
   262
    87
    36
    53
    40
    48
    31
    41
    34
    60
    56
    27
   241
   351
    80
    31
   123
     0
     1
     0
     5
     2
     7
    22
   154
    78
   109
    50
    54
    44
    70
    65
    41
    36
    89
    57
    59
    84
    29
    43
    78
     7
     0
     0
     0
     0
     0
    80
   209
   259
   114
    52
   184
    53
    57
    30
    41
    26
    44
    88
    57
   192
    74
    81
    35
     0
     7
     0
     3
     0
     0
    70
   153
   273
    58
    43
    70
   206
    42
   124
    44
    71
    51
    49
    76
   177
   171
    48
    85
     0
     8
     0
     6
     0
     0
    64
   220
   228
   112
    53
    93
    48
    61
    90
    33
    71
    40
    42
   223
   122
   167
    56
    38
     0
     1
     8
     0
     0
     6
    25
    70
   143
   121
    41
    33
    81
    26
   202
    29
    38
    43
    42
   106
    85
    96
    60
    42
     6
     0
     5
     0
     5
     3
    41
   113
   167
   116
    23
    33
    43
    24
    24
   113
    69
    47
    18
   182
    97
   227
    62
    66
     0
     2
     0
     0
     3
     0
    68
   198
   138
   163
    62
    28
    72
    31
    37
    50
    87
    31
    69
   127
    36
   356
    44
    65
     0
     0
     2
     0
     2
     0
    35
   184
   225
   199
    22
    49
   111
    38
    40
    33
    55
    49
    67
    14
   128
    30
    70
    54
     0
     3
     0
     0
     4
     3
    66
    69
   300
   155
    40
    39
    54
   106
    70
    86
   219
    25
    66
   108
    78
   147
    36
    33
     8
     3
     0
     3
     0
     0
    83
   168
   117
    88
   184
    65
    73
    72
    63
   109
   190
   116
    50
    67
   179
    34
    72
    88
     0
     7
     8
    16
     0
     8
   115
   160
   324
   304
    78
    38
    86
    49
    72
    34
   131
    86
    18
    55
   111
   236
    50
   108
    13
     5
     0
     0
     0
     0
   121
   200
   218
   139
    40
    48
    70
   110
    56
   194
    54
    19
    43
   247
   158
    53
    34
    35
     0
     3
     7
     0
     0
     1
    46
   171
   318
   130
    44
    75
    53
    30
   200
    57
    65
    18
    28
    76
   170
   599
    37
    46
     3
     0
     2
     4
     0
     2
    56
   303
    20
   162
    68
    88
    41
    99
    57
   115
    87
    82
    10
   118
   118
    86
    33
    71
     0
     2
     8
     2
     0
     0
    34
   102
   236
   135
    59
    34
    31
    57
    34
    49
   101
   197
    40
   101
   159
   212
    17
    55
     1
     0
     0
     0
     0
     0
    91
   102
   204
   112
    43
    55
    22
    53
    65
   124
    38
    34
    53
    77
   266
   257
    32
    94
     4
     0
     4
     1
     2
     4
    28
   306
   195
   365
    30
    42
   146
    33
    52
   185
    38
    99
   123
   219
   180
   132
    52
    52
    17
     0
     8
     0
     3
     8
    61
   271
   202
    96
    91
    95
    56
    50
    68
    83
   119
    85
    57
   107
   162
   117
    38
    66
     0
     8
     2
     0
     3
     0
    37
   106
   205
   188
    47
   104
    49
    92
    73
    64
    22
    48
    27
    32
    81
   238
    21
    44
     0
     4
     0
     0
     0
     2
    57
    97
   278
   137
    53
    41
    62
    79
    72
    43
   193
    40
    18
    37
    67
    71
    62
    82
     3
     0
     1
     1
     0
     0
    64
   129
   343
   169
    32
    82
    34
    58
    28
    43
    44
    20
    61
   229
   331
   198
    41
    34
     0
    11
     0
     3
     0
     5
   103
   148
    58
   205
    42
    36
    56
   108
    72
    42
    47
    50
    37
    74
    45
   219
   138
    92
     0
     7
     4
     3
     1
     0
   169
   244
   256
   182
    63
    45
   115
    62
   104
    27
   123
    83
    32
    93
   105
    80
    25
    44
     2
     4
     3
     0
     8
    10
    41
   168
   145
   174
    85
    36
    66
    33
    83
    55
    91
    69
    50
    84
   100
   125
    79
    64
     0
     5
     6
     6
     6
     2
    95
   117
   358
   176
    59
    49
    63
    48
    64
    61
   205
   189
    59
   106
   105
   119
    60
    68
    15
     0
     8
     6
     6
     0
   123
   139
   113
   106
    21
   311
    48
    83
    18
    44
    58
    56
    44
    51
    62
    92
    33
    50
     0
     1
     0
     3
    10
     2
    51
    89
   114
   266
    50
    47
    57
    39
    64
    55
    50
    77
    42
    81
    70
   135
    56
    47
     0
     3
     0
     5
     0
     0
    47
    99
   299
   182
    35
    42
    60
    76
    77
    45
    77
    91
    51
    52
    60
    93
   104
    95
     0
    11
     0
     0
     0
     2
    41
   134
   210
   100
    84
    40
    54
    30
    74
    68
    81
    27
    47
   103
   205
   170
    57
    55
     7
     6
     0
     0
     1
     0
    88
   233
   207
   111
    76
   107
    37
    33
    63
    58
   260
    40
    78
    57
   161
    76
    76
    61
     0
     5
     3
     2
     7
     1
    84
   299
   165
   214
    77
    46
    35
    55
   204
    65
    63
    50
   165
   229
    96
   157
    77
    77
     0
     6
     2
     0
    15
     2
    52
   304
   154
    83
    37
    47
    53
    32
   103
    82
    57
   132
    51
   171
   180
   136
    85
    30
     0
     3
     5
     0
     0
     1
    30
   126
   288
   149
    44
    82
    89
    58
   186
    69
    54
   154
    83
   169
   174
    72
    49
    63
     9
     0
     6
     0
     0
     0
    18
   165
   233
    75
    40
    37
    57
    62
    54
    80
    29
    46
    89
    58
    83
   264
    41
    37
     0
     0
     3
     0
     0
     5
   103
    90
   137
    83
    25
    44
    70
    20
   113
    79
    19
    34
    54
   112
    73
   146
    34
    52
     0
     0
    11
     7
     0
    13
     0
    42
   312
   359
   149
   139
    46
    35
    33
   172
    53
    41
    34
    57
   105
    87
    96
    50
    77
     3
     0
     0
     1
    11
     3
    50
   293
   255
   203
    49
    93
    47
    31
   156
    40
   201
    71
    94
    79
   209
    36
    38
   108
     8
     3
     1
     6
     4
    14
   193
   196
   175
   198
    29
    71
   118
    48
    89
   244
    88
    54
    56
   217
   167
   206
   209
    31
     1
     5
     6
     0
     0
     6
    35
   174
   319
   233
    36
    57
    45
    70
    46
    51
    33
    39
   224
    97
   137
    63
   108
   111
     3
     8
    12
     0
     5
     1
   109
    69
   219
   156
    29
    57
    79
    85
    68
    20
    63
    63
    18
   168
   122
   120
    62
    38
     3
     0
     1
     0
     4
     7
    51
   134
   247
   169
    46
   149
    77
   178
   140
    17
    63
    48
   114
    66
   229
    83
    93
    44
     0
     3
     0
     0
     0
     0
    66
   102
   146
    72
    64
    83
    24
    13
    82
    28
    44
    64
    79
    95
   125
    61
    69
    84
     7
     2
     4
     2
     0
     6
   107
   147
   333
   188
    61
    42
    58
    49
    43
    60
   100
   108
    48
    98
   155
   123
    49
    40
     0
     0
     0
     0
     0
     4
    74
   120
   315
   161
    86
    50
    78
   102
    28
    53
    55
    66
    48
    58
   181
   224
    33
    69
     9
     1
     0
     7
    10
     0
    90
   174
   248
   242
    53
    74
    82
    88
    86
    41
    46
    47
    59
   123
   146
   165
    35
    44
     0
     0
     1
     2
     0
     0
    88
   193
   292
   297
    20
    76
    82
    62
    55
    95
    43
   217
    43
    56
    77
   346
    76
    39
     4
     0
    13
     0
     6
     0
    45
   193
   208
   221
    83
    44
    49
    16
    56
    36
    52
    75
    37
   167
   270
    81
   104
    42
     0
     1
     0
     7
     2
     0
    25
   191
   159
   152
    30
   206
   140
   115
    26
    49
    51
    34
    60
    99
    99
   103
   203
    40
     0
     7
     4
     6
     8
     0
    91
    57
   204
   182
    47
    26
    64
   112
    59
    21
    90
    86
    24
   173
   204
    77
    29
   138
     0
     0
     3
     0
     0
     0
    72
   146
   298
   331
    32
    43
    55
    78
    31
   203
    75
    73
    77
    63
    61
    81
    84
    27
     0
     0
     0
     3
     3
     4
    11
   169
    71
    89
    44
    33
    31
    26
    51
    94
    80
    37
    35
    63
    52
   270
    45
    39
     6
     0
     0
     2
     0
     7
    28
   141
   300
   247
    68
    61
    67
    60
    85
    94
   101
   189
    39
   199
   309
   225
    69
    67
     5
     6
     0
     7
     2
     6
    42
    85
   463
   370
    34
   129
    59
   148
    53
    88
    44
    62
    94
    74
   125
   340
    70
   112
     8
    19
     2
     9
     2
    10
    37
   204
   155
   280
    56
    71
    50
    80
    21
    14
    34
   108
    78
    87
   169
    97
    26
    75
     0
     2
     0
     3
     2
     5
    80
   119
   126
    85
   221
    93
    61
    77
    55
   194
    34
    51
   117
   196
    90
    73
    43
    27
     8
     2
     5
     0
     2
     0
    41
   188
   271
   214
   137
    81
   410
    53
    27
    51
    95
    42
    67
    61
    58
   175
    88
    28
     0
     1
     0
     6
     1
     0
    56
   225
   124
   101
    43
    57
   121
    57
    38
    42
    68
    42
    67
    58
   148
   120
   102
    54
     1
     7
     0
     0
     0
     0
    78
   173
   161
   109
    96
    32
    62
    84
    48
    60
    48
   107
    30
    68
   259
   287
    72
    68
     0
     0
    10
     2
     0
     0
   110
   210
   171
   309
    45
    89
    62
    50
    59
   141
    51
   108
    74
   209
   192
   172
    45
   110
    12
     3
     0
     0
     3
     1
    54
   111
   327
   106
    70
    51
   100
   207
    58
    96
   123
    46
    91
    80
   269
   165
   111
    34
     0
     0
     0
     0
     0
     0
    93
   143
   251
   249
    34
    58
    55
    66
    26
    83
    15
    64
    78
    38
   225
   356
    76
    31
     0
     4
     7
     5
     9
     0
    79
   183
   158
    66
    69
    76
    42
    46
    32
    61
   176
    91
   142
   251
   165
   275
    82
    97
     0
     0
     0
     0
     5
     0
   134
   122
   151
   175
   106
   104
   106
    75
    68
    61
    30
    81
    91
   232
   209
    97
    38
    87
     1
     0
     0
     5
     5
     2
   114
   134
   475
    80
    47
    32
    79
    21
    35
    45
   103
    31
    99
    36
    98
   133
    74
    47
     1
     0
     4
     0
     0
     7
    28
   171
   148
   184
    85
    89
    33
    62
   210
    22
    97
    31
    88
    24
    78
    82
    90
    35
     1
     6
     1
    12
     0
     2
    60
    62
   238
   307
    62
    47
    86
    86
    92
    89
    79
    46
    84
    85
    44
   147
   130
    94
     0
     0
     2
     9
     4
     7
   136
   249
   183
   288
    49
   241
   154
   174
    67
    72
    57
    51
    78
   105
   151
   149
    59
    59
     5
     6
     4
     2
     2
     0
    83
   267
   225
   183
    40
    92
   199
    82
   134
    47
    57
    41
    51
    50
   140
    79
    70
    27
     0
     4
     0
     0
     7
     0
    67
   220
   161
    79
    74
    51
    42
    61
    16
    25
    98
    48
   218
   104
   222
   133
    58
    73
     9
     9
     0
     7
    15
    11
    93
   204
   237
   461
    33
   122
    55
    65
    58
    86
   259
    56
    30
    94
   314
   167
    68
    70
     0
     7
     0
     0
     0
     0
    90
   422
   116
    24
    29
    85
    71
    82
   205
    36
    90
   105
    55
    43
   344
   191
   172
    69
     0
    11
    15
     0
     0
     6
    62
   281
   183
    52
    48
    28
    30
    69
    51
    35
    45
    67
    48
    68
   171
   234
    47
    91
     0
     3
     8
     5
     5
     8
    55
   345
   478
   137
    98
    29
    77
    90
    78
   214
    39
    73
    87
   216
    94
   179
    85
    69
     0
     0
     1
     0
     1
     6
    97
   205
    79
    51
    64
    52
    39
    51
    70
    66
    44
    27
   192
   100
   359
   170
   189
    42
     2
     7
     0
     3
     4
     0
   101
    83
   169
   211
    67
   129
    73
    56
    49
    28
    50
   103
    71
   106
   228
    91
    60
    99
     8
     5
     0
     0
     0
     7
    43
    71
   143
   131
    28
    60
    58
    72
    40
    19
    56
    89
    56
   262
    85
    70
    51
    84
     2
     0
     6
     2
     2
     0
    53
   193
   230
   206
    47
    98
    52
    59
    41
    42
    27
    82
    40
    86
   219
   124
    28
    33
     0
     0
     5
     1
     5
     0
    44
   198
   362
   106
    53
    54
   132
    54
    71
   249
    59
   103
    51
    46
    87
   368
    53
    49
     8
     3
    15
     0
     5
     0
    30
   161
   158
   169
    94
    62
    47
    18
    50
    75
    50
    64
    44
    77
   147
   189
    37
    66
     4
     4
     7
     0
     0
     0
    54
    91
   264
   225
   141
    42
    45
    43
   104
   239
    48
    86
    43
    87
   262
   178
    57
    56
     1
     6
     5
     1
     6
     9
    78
   220
   252
   366
    38
    99
    51
    59
    60
    76
    67
    67
    70
    73
   103
   289
    41
    40
     0
     0
    15
     1
     0
     0
    32
   307
   258
   286
    64
    42
    93
    47
    27
    72
    88
   171
    49
    46
   176
   116
    82
    75
     0
     0
     2
     8
     0
     0
    82
   191
   263
   174
    62
    34
    94
    52
    37
   194
    39
    42
    40
   186
   120
   101
    50
     8
     6
     4
     0
    10
    10
     2
    43
   175
   293
   194
   109
    36
   119
    98
    55
    52
    68
    57
    68
    48
    43
    83
    87
    72
     1
     4
     4
     9
     0
     4
    46
   158
   386
   393
    66
   165
    37
    84
    84
    58
    54
    46
    64
    98
    71
    26
    59
    42
     0
     3
     6
     1
     0
    10
   165
   118
   348
    83
    41
    90
    72
    51
    42
   101
   108
    60
    72
    65
   220
   126
    50
    30
    15
    10
     9
     0
     0
     4
    55
   134
   200
   166
    64
    60
   125
    52
    94
    43
   234
    44
   125
    91
    96
   200
    97
    86
     0
     0
     1
    13
     9
     0
    77
   299
   517
   188
   124
    43
    75
    75
    47
    63
    91
    91
    76
    97
   231
   108
   137
    92
     0
     0
    14
     6
     4
     9
    86
   198
    92
   143
    54
    71
    77
    39
   114
    83
    33
    85
    30
   105
   301
    57
   122
    38
     1
    10
    12
     2
     5
     0
   118
   237
   337
   292
   201
    77
    55
    15
   109
    25
    60
    44
    43
    31
    99
   143
    41
    88
     0
     0
     9
     0
     7
     9
    59
   129
   322
   250
   105
    50
    71
    49
   153
    63
    88
   214
    56
    34
   157
   343
    36
    40
     1
     0
     2
     0
     3
    15
    94
   163
   257
   108
   118
    31
    46
    28
    89
   197
    49
    58
   171
    70
   147
   109
    29
    57
     0
     1
     8
     3
     0
     4
    67
   155
   218
    77
    32
    24
    52
    37
    38
   163
    35
    53
    53
    73
   121
    60
    86
    90
     1
     0
     4
     1
     8
     0
   110
   184
   219
    62
    62
    75
    48
    65
    70
    53
    60
    65
    41
    43
   112
   207
    75
   139
    10
     0
     0
     6
    10
     0
    75
   148
   343
   216
   123
   161
    49
    54
   114
   223
    70
   123
   185
    59
    90
   197
    78
    83
     3
     3
    14
     0
     9
    11
    73
   345
    66
   299
    46
   128
    40
    68
    47
   212
    52
    24
    51
    97
   181
    87
    56
     0
     0
