    19
     0
     0
     0
     0
    25
    82
    99
   105
    61
    34
    28
    18
    69
    66
     7
    39
    20
    39
    15
   113
    44
    20
     2
     6
     7
     1
     0
     0
    41
   118
   142
    89
    12
    14
     5
    31
    48
    80
    32
    94
    27
    25
   158
    64
   189
    27
     0
     0
     0
     2
     0
     0
    22
    87
   198
    85
    26
    40
   129
    32
    59
    39
    63
    58
    55
    20
   107
   193
    59
    35
     0
     0
     1
     0
     2
     0
    48
    75
   379
    34
    51
    29
    74
    28
    60
    72
    75
    96
    37
    77
   185
    19
    32
    21
     8
     6
     5
     7
     0
     3
    48
   142
    92
    92
    44
    67
    26
    57
    22
    28
    49
   189
    17
    76
    81
    80
    28
    38
     0
     0
     0
     8
     0
     3
    45
    96
   284
   109
   161
    40
   109
    33
    39
    68
    73
    28
    31
    70
    72
   123
   131
   106
     0
     4
     1
     0
     0
     0
    58
   154
   268
    63
    22
    72
    56
    57
    56
    30
   108
    88
    61
    34
    35
    20
    30
    61
     0
     0
     8
     0
     0
     0
    22
   179
   124
   120
    14
    37
    42
    57
   121
    80
    29
    48
    73
    71
   120
    98
    12
    31
     0
     2
     0
     0
     2
     3
    43
   148
   156
    68
    78
   221
    50
    13
    22
    27
    34
    69
    59
    42
    81
    79
    39
    35
     3
     4
     4
     0
     0
     3
    57
    39
   264
    70
    25
    47
   120
    35
    37
    46
    80
    57
    72
   161
    30
    81
    46
    38
     0
     0
     3
     0
     0
     0
    14
    31
   154
   143
    79
    34
    24
    25
    54
    80
    26
    34
    36
   232
    19
    58
    43
    12
     0
     8
     0
     0
     1
     6
    30
   143
   123
   180
    32
    89
    26
    25
    29
   190
   174
    75
    23
    42
   175
    64
    26
    16
     4
     6
     0
     0
     0
     2
    54
   261
   521
   216
    53
    41
    69
    49
    27
    25
    30
    64
   190
    18
   139
    87
   129
    46
     6
     8
     2
     0
     0
     0
    79
    43
   238
    77
    56
    44
    52
    48
   166
    24
    70
    52
    44
    61
   112
    69
    61
    50
     0
     1
     4
     0
     3
     6
    50
   186
   320
    55
    48
    13
    64
    20
    35
     9
    30
    63
    22
   222
    35
   119
    29
    56
     0
     0
     7
     0
     5
     2
    28
   101
   131
   169
    35
    57
    41
    58
    43
    47
    32
    23
    48
    81
   103
    44
    91
    12
     5
     2
     1
     4
     0
     0
   108
    49
    91
   285
     7
    14
    41
    60
    14
    28
    68
    62
    25
   202
   112
    29
    43
    39
     5
     0
     0
     0
     2
     0
    27
   107
    72
   119
    21
    56
    38
    27
    52
    42
    11
    41
    42
    21
   247
    25
    22
    49
     0
     0
     0
     0
     0
     4
    24
   103
   180
    67
    27
    84
    27
    90
    39
    33
    32
    33
    15
    89
    85
   143
    43
    74
     2
     4
     0
    10
     0
     0
    34
   105
   258
    38
    49
    49
    34
    62
    48
    54
    39
    36
    36
    41
    26
   285
    76
    59
     0
     0
     0
     9
     0
     9
    80
   115
   254
   119
    31
    41
    61
    84
    75
    34
   156
    69
    80
    83
    93
    97
    48
    39
     4
     0
     0
     0
     0
     0
    78
   123
    93
    14
    32
   194
    50
    25
    34
   111
    45
    12
    21
    81
    94
    59
    40
    34
     0
     0
     3
     0
     5
     0
    37
   124
   269
   180
   184
    29
    39
    25
    51
    25
    72
    49
    29
    44
    26
    20
    50
    60
     4
     0
     0
    13
     0
     0
    65
    28
   232
   141
    35
    40
   252
    15
    29
    29
    62
    32
    27
    20
    26
    77
    34
    68
     3
     5
     7
     9
     0
     0
    86
   102
   305
   154
    65
    25
    81
    10
    46
   121
    44
    45
    58
    45
    15
    42
    74
    35
     0
     3
     5
     0
    10
     6
    53
   120
   129
    61
    49
    86
    52
   171
    81
    46
    28
    35
    33
    44
    67
    98
    93
    16
     0
     3
     7
     4
     8
     2
    55
   162
   150
   149
    42
    39
    29
    36
    57
    46
    29
    27
    58
   148
    75
    88
    44
    31
    14
     3
     3
     0
     0
     0
    80
   211
   253
   157
    42
    48
   111
    84
    64
    15
    41
    63
    80
    98
    32
    63
   188
    70
     4
     7
     0
     0
     2
     0
    76
    61
   279
   150
    31
    41
   100
    29
    18
    42
    60
    30
    33
    97
    66
   161
    30
    67
     1
     4
     3
     0
     0
     5
    90
    41
   273
   118
    19
    47
    43
    51
    22
    75
    59
    28
    93
    68
   137
    35
    67
    86
     0
     0
     0
     1
     0
     9
    61
    60
   192
    49
    16
    69
    94
    15
    55
   106
    57
    25
    81
   159
   113
   123
    33
    43
     0
     6
     0
     0
     4
     0
    77
    24
   168
   121
    10
    28
    44
    30
    33
   173
    26
    98
    13
    20
   285
    90
    70
    32
     0
     2
     4
     4
     0
     0
    30
    36
   116
    27
    56
    30
   211
   164
   112
    45
    37
    31
    44
    26
   156
   163
    78
    31
     0
     0
     0
     1
     0
     0
    34
   246
   221
   154
    22
    80
    48
    43
    61
    35
    26
    77
    22
    69
   179
    60
    78
    42
     0
     0
     0
     0
     0
     0
    32
   109
   180
    86
    43
    32
   100
    24
    45
    48
    96
    93
    69
    92
    35
    93
    95
    38
     0
     0
     6
     2
     0
     0
    50
   128
   425
    72
    27
    91
    67
    40
    37
    48
   178
    32
    50
    40
    26
    77
    78
    63
     1
     0
     0
     0
     6
     0
    64
   183
   184
   215
    44
    28
    56
    93
   176
    32
    36
    57
    28
   174
    52
    54
    61
    42
     0
     0
     8
     0
     0
     0
    28
   197
    86
   174
    47
    22
    43
    95
     9
    72
    93
    18
    48
    65
   203
    61
    72
    22
     0
     4
     0
     0
     0
     0
    61
   191
   160
    27
    36
    33
    26
    38
   189
    30
    29
   169
    21
    42
    44
    19
    65
    52
     0
     0
     0
     0
     0
     0
   127
   183
   194
    87
    30
    30
    25
    62
    24
    37
    52
    13
    79
    22
   100
   215
    36
    49
     8
     0
    19
     0
     8
     0
    79
    71
   150
    91
    72
    18
    90
    64
    49
    98
    25
    49
    59
    80
   114
   111
    32
    72
     0
     0
     3
     8
     0
     0
   100
    94
   192
   204
    27
    40
    92
    57
    53
    42
    41
   196
   221
   195
    20
   130
    56
    67
     0
     0
     1
     9
     0
     0
    33
    94
   323
    44
    53
    31
    36
    47
    29
    34
    20
    29
   186
    33
    20
    23
   135
    50
     3
     0
     1
     0
     5
     8
    72
    79
   182
   103
    40
    23
   113
    79
    30
    26
    59
    22
    40
    40
    76
    73
    15
    27
     3
     0
     0
    10
     7
     0
    56
   107
    72
   128
    28
    53
    78
    38
     9
    28
    55
   152
    49
    25
   102
   291
    51
    39
    10
     6
     0
     2
     0
     0
    55
   125
   181
   219
    32
    31
    30
    33
    22
    78
    93
    59
    48
    56
   289
    32
    39
    52
     1
     4
     0
     9
     7
     2
    66
   233
   164
   149
    66
    32
    46
    63
    44
    65
    22
    42
   198
    32
   213
   109
    27
    31
     0
     0
     0
     3
     1
     1
    78
    79
   275
    80
    80
    31
    59
    33
    54
    38
    34
    62
    86
   250
   107
    82
    64
    69
     8
     8
     2
     0
     0
     6
    46
   134
   248
    95
    26
    66
    64
    30
    82
    48
    38
    52
    15
   126
   173
    30
    14
    67
     0
     0
     0
     0
     0
     0
    23
   120
   129
    64
    85
    49
    18
    73
    43
    51
   183
    19
    20
   193
   125
    62
    34
    45
     0
     3
     0
     0
     4
     0
    28
    77
   246
   120
    22
    31
    55
    37
    69
    81
    62
    29
    59
   198
    77
    52
    21
    33
     0
     0
     0
     0
     0
     0
   105
    31
   230
   238
    14
    20
    40
    59
    31
    31
    32
    37
    72
    98
   203
    57
    47
    44
     4
     0
     6
     9
    13
     0
    35
    86
   152
   155
    38
    27
    46
    27
    58
    35
    34
    53
    45
    36
    68
   128
    27
    39
     0
     0
     0
     2
     1
     0
    58
   181
   260
   144
    27
    65
    44
    32
    32
    36
    42
    26
    52
    58
   134
    36
    43
    43
     2
     0
     0
     0
     0
    11
   112
   250
   143
   102
    36
    42
    49
    36
    29
    68
    79
   206
   112
    87
    61
   102
    49
    49
     0
     0
     0
     5
     2
     0
    99
   177
   116
    72
    29
    65
   190
    17
    31
    53
    62
   185
    67
    90
   333
    81
    57
    59
     2
     0
     0
     7
     9
     5
    41
   109
   215
   100
    20
    39
    22
    58
    68
    44
    40
    33
   108
    36
    33
   107
    81
   110
     4
     0
     1
     0
     0
     3
    65
   145
   222
   116
    31
    41
    34
    49
    20
    15
    25
    81
    41
   100
    47
   150
   209
    28
     0
     0
     9
     7
     0
     0
    66
   235
   155
   140
    57
    43
    14
    48
    12
    26
    84
    34
    47
    78
    69
   106
    40
    50
     5
    10
     5
     0
     0
     2
    80
   167
   101
    71
    23
    13
    28
    68
    65
    54
    46
    22
    49
    67
    35
    61
    89
    35
     0
     4
     0
     9
     0
     0
    36
    94
   184
    49
    42
   185
    52
    24
    27
    45
    62
    31
    30
    20
   123
   128
    66
    51
     0
     8
     0
     1
     0
     0
    35
    54
   285
   322
    84
    57
    39
    57
    24
    85
    22
    47
    88
    77
    46
   153
    29
    53
     0
     1
     9
     1
     0
     1
   109
   106
    26
   103
    55
    93
    58
    47
    67
   133
   139
    64
    33
    63
   196
   191
    50
    43
     5
     0
     8
     2
     0
     5
    27
   182
   278
    80
    57
    19
    36
    20
    74
    41
    22
    41
   153
    39
   167
   108
    34
    47
     0
     1
     5
     0
     0
     0
    18
   112
   264
    55
    30
    70
    72
    30
    54
    18
   104
    17
    86
    86
    98
    31
    40
    42
     5
     6
     6
     8
     0
     0
    21
   234
   200
   258
    71
    11
    43
    79
    46
    44
    52
    31
    40
   119
   260
   203
    85
    59
     0
     0
     0
     0
     0
     3
    32
   174
   227
    85
    40
    60
    58
    31
    54
    75
    57
    41
    31
    40
   165
   243
    92
   108
     0
     0
     1
     0
    13
     1
    31
   178
   195
   115
    51
    44
    11
    20
    61
    60
    24
    27
    67
    33
   125
   115
    82
    72
    19
     5
     0
     0
     4
     0
    45
    81
    85
   161
    55
    37
    46
     2
    74
    44
    33
    38
    35
    72
   112
    90
    78
    50
    11
     0
     0
     0
    15
     4
    92
   232
   325
   121
    42
    59
    42
    46
    44
    97
   189
    24
    64
    55
    43
    78
    77
    74
     0
     4
     0
     1
     2
     2
    82
   125
   103
    90
    11
    34
    31
   169
    81
    13
    68
    35
   197
    59
    87
   131
    16
    56
     9
     7
     0
     0
     0
     0
    72
    75
   291
    98
    53
    73
    22
    12
   110
    19
    70
    27
    62
    96
   256
    63
    50
    80
    10
     2
    14
     0
     0
     0
    34
   103
   288
   143
   166
    49
    48
    92
    58
    27
    63
    18
    53
    61
   222
    16
    76
    44
     0
     0
     0
     0
     0
     0
    34
    46
   171
    47
    37
    30
    25
     3
    32
    72
    76
    32
    47
   141
    59
   153
    40
    49
     0
     0
     1
    14
     0
     8
    81
   248
   166
   153
   221
    70
    39
    43
    55
    37
    37
    27
    76
    34
    52
    20
    37
    28
     0
     2
     0
     6
     0
     0
    63
   132
   136
   199
   138
    62
    24
    65
   136
   166
    40
    36
    49
    60
    80
   106
    28
    50
     4
     8
     0
     6
     0
     0
    84
   156
   106
   119
    46
    83
    90
    83
    29
   236
    30
    35
    39
    86
   215
   120
    49
   102
     0
     0
     0
     0
     9
     7
    85
    96
   258
   118
    50
    65
    60
    32
    49
    44
    46
    43
    19
    34
   130
    35
    13
    61
     5
     8
     1
     3
     0
     0
    52
    67
   209
    14
    20
    22
    20
    48
    29
    58
    56
    71
    25
   110
    67
   125
   162
    97
     3
     0
    17
     0
     1
     0
   118
   202
   192
    63
   207
    54
    15
    51
    54
    73
   181
    26
    38
    54
    81
   139
    57
    47
     0
     0
     0
     0
     0
     0
    41
   127
   124
   132
    20
    42
    36
   151
   175
    39
   145
    39
    24
   120
   117
    88
    32
    28
     0
     3
     2
    11
     0
     3
    33
    73
   264
    87
    27
    57
    53
    23
    52
    34
    28
    81
    41
    26
    90
    18
    32
    21
     9
     0
     0
     2
     0
     7
    18
    26
   188
    87
    55
    45
    42
    72
    37
    56
    42
    36
    57
   153
    37
    46
    39
    47
     0
     9
     0
     0
     7
    15
   110
    55
   245
    56
    38
    35
    62
    80
    68
    64
    85
    36
    27
    26
   198
   107
    23
    31
     0
     0
     6
     4
     0
     8
   101
   104
   158
   157
    40
    40
    93
    40
    32
    51
    43
    21
    11
    71
   121
   142
    27
    36
     0
     5
     1
     0
     0
    10
    24
   146
    66
    40
    30
    35
    34
    68
    56
    23
    27
    40
   199
    57
   235
   190
    73
    84
     6
     0
     0
     0
     2
     0
    83
   143
   255
    98
    20
    43
    15
    41
    88
    53
    45
    59
    58
    57
    96
    13
    80
    37
     8
     0
     0
     0
     5
    12
    90
    82
   185
   165
    61
    89
    39
    75
    55
    37
    64
    41
    55
    43
    30
    35
    86
    43
     4
     7
     7
     0
     0
     0
    45
    50
   158
   196
    25
    29
    18
    36
   106
    44
    98
    32
    32
    95
   266
   202
    38
    59
     2
     0
     6
     7
     1
     0
    85
   167
   197
   301
   177
    95
    32
    36
    53
    55
    26
   166
    46
   261
   143
   122
    33
    19
     0
     0
     0
     1
     0
    52
    73
   128
   173
    18
    47
    55
    39
    33
    51
    69
   119
   206
    54
   182
   223
    49
    71
     6
     7
     8
     0
     0
     5
    54
   166
   233
    49
    34
    35
    68
    25
   219
    29
    37
    56
    20
    35
   250
   258
    40
    57
     2
     0
     1
     0
     0
     0
   119
   192
   148
   239
    45
    82
    29
    30
    45
    93
    37
    30
    48
    32
    85
    76
    18
    36
     5
     0
     7
     0
     3
     2
    70
   176
   209
   124
    33
    50
    91
    52
    19
    30
    45
    79
    83
    64
    47
   101
    65
    33
     1
     0
     0
     7
    11
    20
    19
   182
   264
    32
    29
    20
    34
    23
    85
    52
    44
    57
   119
    37
   289
    33
    55
    18
     0
     3
     0
     0
     9
     2
    66
    66
   193
   116
    45
    29
   104
    81
    44
    73
    90
    34
    56
    53
   225
    40
    34
    59
     0
     1
     0
     0
     0
     3
   122
   120
   231
   117
   100
    32
    52
    16
    20
    37
    82
    65
    67
    79
   142
   166
    34
     6
     0
     0
     0
     0
     4
     5
   118
    77
   155
   111
    57
    22
    49
    49
   224
    60
    64
    58
    97
    85
   172
    91
    36
    55
     1
     7
     7
     8
     0
     0
    53
    71
    53
    69
    69
    20
    38
    63
   184
    98
    98
    39
    43
    58
    79
    91
    41
    36
     6
     0
     0
     0
     3
     0
   120
    94
   162
    26
    45
     7
    95
    12
    45
    87
    21
   186
    61
   176
    72
    64
    29
    60
    11
     4
     0
     0
     0
     3
    12
    66
   148
   250
    37
    32
    20
    19
    23
    52
    68
    95
    46
    20
    56
   363
    57
    77
     2
     5
     3
     0
     0
     0
    77
   161
   225
   149
    52
    33
    34
    38
    54
    32
   100
    98
    86
   113
   127
    35
    42
    39
     2
     0
     3
    10
     9
     0
    11
   113
   241
    37
    57
    51
    68
    33
    65
   175
    49
   181
    38
   366
   218
    19
   106
    58
     2
     1
     1
     0
     0
     1
    74
   134
   242
   197
    39
    64
    29
   228
   274
    56
    18
    80
    86
    55
    82
   160
    37
    41
     0
     8
     4
     5
    18
     0
    32
    63
   210
   161
    19
   211
   108
    52
    41
    50
    43
    48
    20
   165
    75
    39
    84
    57
     0
     0
     2
     0
     0
     3
   109
    48
   150
   130
    41
    57
    15
    39
    43
    32
    18
    57
    37
   100
    16
    28
    41
    39
     0
     0
     0
     0
    11
     0
    57
    91
   173
   154
    11
    13
    25
    19
    92
    11
    27
    22
    74
    35
   143
    22
    54
    34
     0
     0
     0
     0
     1
     0
   138
   147
   145
    73
    56
    16
    51
    44
    57
   188
    23
    27
    35
    38
   155
   201
    36
    23
     4
     0
     0
     2
     0
     0
    89
   105
   282
   107
    12
    37
   204
    46
    20
    33
    12
    50
    63
    66
    41
   107
    46
    11
     0
     0
     0
     0
     2
     4
    83
   251
   404
    98
    18
    43
    24
    16
    70
    32
    50
    24
    40
    93
   241
   156
    44
    35
     0
     0
     7
     7
     0
     0
    47
   161
   108
    97
    42
    44
    81
   110
    23
    50
    48
    64
    42
   199
    53
    32
    68
    55
     0
     0
     0
     6
     0
     0
    32
    68
   130
   213
    44
    58
    49
   231
    90
    53
    37
    50
   108
    84
    82
    28
    45
    31
     0
     2
     3
     0
     0
     0
    28
    77
    51
   275
    29
    23
    26
    26
    42
    28
    44
    14
     3
    33
   122
    56
    71
    53
     2
     3
     0
    12
     6
     0
    22
    26
   108
   134
    16
    21
    31
    24
    38
    39
    23
    40
   171
    56
    64
    68
    41
     8
     0
     2
     0
     5
     0
     0
    43
    75
   215
   174
    32
    10
    69
    40
    20
    25
    98
    34
    37
    23
    88
   149
     9
    30
     8
     0
     6
     0
     0
     9
    17
   109
   101
   222
    55
    42
    49
    43
    19
    25
    34
   168
    42
    35
   203
    91
    58
    34
     6
     2
     0
     0
     0
     0
   136
   140
   276
   123
    42
    31
    25
    37
    37
    21
    14
    75
    13
    27
   217
    25
    98
    34
     7
     0
     5
     0
     3
     0
    29
   113
   227
   114
    77
   218
    76
    25
    35
    36
    22
    42
    51
   118
   122
    32
   104
    45
     0
     0
     0
     7
     2
     6
     8
   138
   372
    83
    26
    84
    29
    88
    24
    16
    47
    75
    19
    70
    22
    21
    35
   225
     0
     1
     7
     0
     0
     2
    80
   107
    96
   169
    72
    42
    88
    31
    37
    19
    16
    27
   105
    51
    73
    64
    40
    44
     0
     1
     0
     3
     1
    10
    81
   221
   324
   149
    69
    36
    27
    71
    22
    35
    32
    48
    40
    40
   419
   259
    33
    30
     0
     0
     0
     6
     0
     0
    16
   101
   248
    89
    34
    23
    24
   192
    46
    67
    51
    11
    31
    12
    85
   156
    40
    37
     3
     0
     0
     0
     0
     4
    59
    73
   141
   258
    67
    37
    17
    42
    56
    47
    49
    42
    47
    29
    40
    85
    11
    85
     9
     5
     4
     8
     0
     0
    35
   230
   213
    28
    47
    34
    35
    34
    41
    40
    48
    17
    79
    56
    72
   244
    38
    26
     4
     0
     0
     0
     2
     1
    28
    57
    56
    28
    29
    33
    89
    39
    56
    57
    63
    14
    44
    35
    70
   109
    77
    40
     6
     0
     1
     2
     4
    14
    82
   322
   109
   209
    78
    43
    84
    23
    34
    79
   141
    29
    31
     9
   170
    36
    37
    27
     3
     3
     3
     2
    12
     0
    82
   153
   105
    21
    52
    89
    46
    33
    53
   191
    47
    67
    51
    62
    78
    42
    19
    17
     2
     0
     3
     1
     0
     0
    37
    83
    70
    34
   170
    50
    32
    45
    61
    40
    27
    43
    26
    53
    22
   207
    15
    46
    10
     0
     4
     9
     0
     0
    69
   153
   149
   160
    88
    39
    37
    31
    40
    59
    30
    74
    59
    57
   170
   220
    37
    33
     0
     0
     0
     0
     0
     4
    46
    85
   170
   156
    25
    19
    54
    23
   182
    27
    43
    35
    39
    61
    24
    71
    43
    35
     0
     0
     7
     4
     0
     0
    70
   104
    49
   188
    16
    59
    23
    11
   156
    28
    39
    17
    42
   183
   247
   157
    44
    32
     0
     0
     3
     0
     0
     5
    28
   292
   290
   164
    46
    66
    26
     6
    30
     7
   116
    55
    36
   190
   107
    72
   232
    42
     8
     0
     3
     2
     0
     3
    67
   124
    91
   104
    55
    43
    74
    28
    31
    45
    74
    43
   102
    36
   444
   102
    33
    40
     0
     0
     3
     0
     0
     0
    73
    95
   201
   124
    25
    57
    37
    60
    26
    29
    58
    52
    89
   114
   173
    69
    17
    70
     0
     0
     0
     8
     8
     0
    82
    50
   315
   446
   194
    27
    75
    36
    67
    71
    28
    37
     7
    37
    77
   117
   170
    75
     1
     4
     8
     0
     3
     0
    34
    50
   147
    21
    35
    26
    53
    30
   125
   100
    47
    31
    42
    90
    62
    29
    39
    26
     0
     0
     0
     2
     0
     0
    53
    67
   141
    59
    34
    15
    30
    61
   121
    17
    19
    85
    91
    15
   218
    39
    30
    73
     1
     0
     5
     2
     0
     5
    81
    26
    82
   115
    49
    40
    68
    16
    23
    77
    31
    42
    17
    28
    31
    27
    67
    28
     4
     3
     8
     7
     1
     1
    35
   101
   187
   117
    58
    49
    35
    38
    44
    45
    52
   186
    96
    75
    23
   184
    53
    38
     0
     0
     7
     0
     0
     0
    57
   206
   243
    72
    48
    40
   228
    51
    48
   204
    52
    40
    26
    59
   151
   100
    17
    21
     0
     0
     0
    10
     4
     0
    39
    76
   301
    87
    56
    35
    21
    26
    70
    28
    92
    40
    27
    35
   122
   128
    44
   101
     0
     6
     0
     5
     0
     4
    34
    17
    97
    33
    28
    42
    32
    52
    38
    16
    59
    26
    33
    46
    94
    82
    68
    15
     0
     1
     0
     4
     5
     0
    80
   123
   196
   132
    10
    33
    83
    29
     9
    15
     9
    49
   173
    18
    74
    27
     5
    15
     8
     5
     0
     5
     0
     0
    45
    98
    91
   144
    35
    22
    93
   157
   125
    48
    57
    56
    39
    33
    69
    72
    16
    46
     0
     0
     9
     8
     0
     0
    29
   133
   255
    95
    14
    67
    33
    29
   110
    13
    57
    23
    43
    28
   299
   199
    16
    47
     0
     0
     3
     0
     0
     0
   154
    82
    95
   163
    29
    50
    22
    78
    41
    48
    40
    34
    29
    14
    29
    39
    63
    32
     4
     0
     0
     4
     2
     0
    37
   187
   136
   121
    44
    61
    50
    45
    95
    66
   103
    53
    43
    27
    81
    31
    76
    79
     0
     0
     9
     0
     1
     0
    34
   146
   117
   120
    32
    31
    34
    38
    75
    50
    37
    67
    54
    20
    53
    44
    39
    76
     0
     9
     0
     5
     0
     2
    71
   182
   115
    70
    75
    16
    35
   146
    29
    28
    20
    27
    36
   114
    15
    84
    38
    22
     0
     0
     5
     3
     0
     5
    84
   136
   158
    78
    20
   152
    45
    56
    20
    46
    27
   196
    55
    71
   141
    76
    29
    19
     0
     2
     0
     0
     4
    11
    29
   106
   265
    66
    18
    29
    60
    13
    29
    17
    72
    42
    12
    63
    58
    94
    39
    24
     0
     0
     0
     0
     7
     0
    66
   154
   180
   196
    58
    50
    24
    28
    37
    82
    23
    77
    41
    39
    24
    95
    22
    44
     7
     0
     0
     0
     1
     8
    29
   170
   106
    39
    29
    33
    36
    71
    91
    64
    57
    21
    18
    91
    66
   450
    34
    53
     0
     0
     9
     0
     5
     0
    46
    79
   125
   136
    41
    19
    31
    87
    39
   136
     7
    71
    53
    50
   206
   121
    42
    59
     0
     0
     4
     7
     5
     5
    58
    82
   161
   116
    25
    37
    23
    19
    21
    32
    34
    15
    31
    32
    86
    40
    42
    49
     0
    13
     0
     0
     4
     4
    32
    70
   133
   173
    71
   216
    14
    39
    19
    36
    24
     5
    17
    82
    53
    26
    51
    17
     2
     0
     0
     6
     0
     0
    21
   193
   187
    71
    36
    48
   195
    81
   182
    32
    69
    29
    41
    39
   266
    43
    24
    23
     0
     0
     0
     0
     0
     0
    96
   116
   159
    41
    59
    40
   114
   102
    18
    57
    19
    22
    31
    53
    36
    35
    59
    25
     0
     1
     7
     0
     0
     0
    29
    78
   112
    15
    46
    38
    45
    29
    32
    55
    53
    21
    36
    75
    61
    55
    66
    30
     0
     0
     0
     0
     0
     4
    37
   191
   124
    77
    47
    59
    39
    37
    24
    43
    91
   110
   111
    35
    46
   111
    70
    40
     0
     0
     0
     7
     2
    12
     8
    85
   283
   190
    26
    27
    71
    84
    54
    33
    28
    53
    40
   110
    36
    94
    37
    32
     0
     7
     8
     0
     0
     0
    21
   154
    32
    64
    14
    70
    88
    43
    17
    16
    38
    73
   101
    74
   106
    62
    20
    26
     9
     0
     2
     0
     0
     2
     3
   141
   101
   108
    37
    51
    41
    42
    30
    28
    62
    44
    15
    65
    60
   322
    17
    35
     6
     0
     0
     0
     0
     0
    30
    80
   103
   231
    13
    23
    18
    51
    44
    80
    59
    71
    53
    46
   280
   144
    34
    27
     0
     0
     0
     5
     0
     4
    61
   156
   159
   128
    47
    15
    31
    36
    64
    15
    18
    41
    61
    48
    29
   108
    42
    29
     1
     0
     0
    11
     7
     2
    21
   177
   167
   140
    70
    11
    26
    39
    41
    47
    74
   235
    56
    60
    66
    76
    68
    39
     0
     3
     0
     0
     4
     0
    40
   254
   197
   103
    23
    30
    27
    68
    41
    60
    53
    52
    43
    28
    50
   234
    16
    36
     0
     0
     0
     0
     8
     3
    92
    26
   296
   138
    23
    24
    37
    29
    34
    30
    54
    23
    81
    82
    39
    80
    43
    26
     5
     0
     0
     0
     0
     0
    26
   191
   153
   178
    43
    24
    57
    28
    35
    21
    77
    31
    90
    52
    44
    93
    19
    30
     0
     0
     0
     0
     0
     4
    93
    44
   105
    87
    20
    41
    59
    17
    24
    76
    62
    63
    63
    86
    87
    30
    28
    27
     0
     0
     6
     1
     0
     6
    38
   114
   257
    42
    10
    52
    63
    22
    23
    16
    12
    37
   172
    33
   190
   167
   166
    31
     0
     0
     0
     2
     0
     0
    46
   184
   150
    92
    24
    56
    22
    84
    82
    31
    14
    37
   226
    79
   116
    40
    64
    50
     0
     4
     0
     0
     0
     4
    24
   116
    72
    91
    46
    43
    29
    16
    94
    14
    34
    17
    40
   109
    59
    78
    41
    29
     5
     0
     0
     2
     6
     0
    74
    35
   268
    60
    43
    46
    99
    61
    27
    38
    10
    54
    50
    50
    65
    66
    68
    86
     4
     0
     1
     0
     0
     3
    45
   215
   279
   178
    36
    46
    36
    35
    40
    40
    38
   216
    40
    70
   213
    22
    23
    31
     2
     7
     0
     0
     6
     0
    43
    28
   236
    22
    33
    35
    22
    78
    26
    78
    58
    26
     3
    72
    67
    56
    48
   112
     6
     0
     0
     0
     7
     0
    16
    46
   113
   267
    34
    40
   180
    63
     7
    36
    65
    54
    54
    45
    81
    43
    66
    39
     0
     3
     1
     6
     0
     2
    34
    66
   218
   229
     8
    15
    38
    76
    19
    53
    65
    38
    19
    17
    67
    59
    15
    68
     0
     0
     0
     0
     7
     0
    37
    72
   200
    69
    91
    29
    67
    38
    22
    71
    20
    70
    29
    21
    68
    41
    29
    89
     0
     0
     0
     0
    12
     1
    21
   156
   184
    49
    24
   103
     4
    37
    32
   149
     8
    93
    26
    31
   151
   139
    11
    35
     0
     0
     0
     0
     0
     0
    64
    18
   118
   111
    31
    41
    22
    55
    29
    27
    31
    48
    22
   120
    53
   206
    25
    52
     8
     2
     1
     0
     0
     0
    27
    63
   173
    27
    35
    46
    60
   165
    59
    72
    29
    18
    62
    65
    54
   252
   105
    42
     8
     0
     0
     6
     0
     2
    23
   115
    61
    99
    40
    53
    74
    48
    85
    16
    80
    21
    25
    65
   125
   192
    23
    52
     0
     1
     0
     0
     0
     0
    25
   137
    41
    63
    48
    30
    29
    56
     8
    40
    55
    27
    26
   167
   121
   125
    35
    96
     6
     1
     0
     0
     0
     7
    28
   253
   200
   197
    33
    48
    18
    33
    39
    30
    38
    18
    35
    60
   302
    19
    27
    23
     7
     0
     2
     7
     0
     0
   101
    19
   155
    37
    35
    14
    45
    31
    52
   100
    35
    43
    24
    32
   118
    55
    53
    14
     0
     0
     5
     0
     0
     0
    25
    14
    72
    62
    37
    29
    89
    60
    31
    37
    33
    45
    20
    26
    23
   105
    33
     9
    13
     1
     2
     5
     6
     0
    73
   118
   244
    46
    25
    68
    48
    26
    49
    18
    31
    36
    72
    21
    35
   106
    60
    62
     4
     5
     1
     0
     1
     0
    43
   131
   106
   207
    21
   184
    30
    25
   154
    31
    32
    85
    25
    28
   147
   150
    42
    39
     3
     2
     0
     0
     0
     4
   113
    16
    88
   102
    64
    26
    29
   169
    40
    26
    30
    23
    46
    10
    10
   151
    28
    42
     0
     0
     0
     0
     4
     0
    70
    66
   192
   129
    60
    32
    29
   152
   114
    14
    72
    37
    33
    66
   116
    83
    28
    28
     2
    13
     0
     6
     0
     4
   114
    88
   102
   132
    86
   162
    41
    33
    50
    25
    29
   179
    29
    68
    75
    39
    26
    37
     0
     0
     2
     0
     0
     0
    66
    76
   277
    65
    31
    31
    60
    35
    35
    43
    67
    28
    33
    27
    80
    79
    55
    25
     9
     6
     0
     0
     0
     0
    47
   161
    67
    40
    20
    45
    20
    12
    64
    48
    29
    28
    57
    46
    19
    27
    32
    32
     0
     6
     0
     0
     0
     7
    56
    98
   114
   175
    57
    14
    36
    30
    30
    47
    29
    33
    42
    59
    47
   114
    14
    26
     6
     0
     0
     7
     0
     0
    20
    84
   123
    77
    46
    20
    25
    99
    32
    18
    29
    81
    17
    68
    86
    85
    31
    74
     2
     0
     0
     0
    13
     0
    24
    52
   125
    94
    24
    48
    55
    37
    60
    43
    10
    28
    51
     4
   291
    26
    49
    29
     1
     0
     4
     0
     7
     2
    42
    81
    83
    25
    30
    85
    52
    66
    31
    41
    39
    28
    34
    77
    22
    59
    38
    65
     0
     6
     0
     5
     0
     0
    36
   142
   183
     3
    15
    44
    73
    10
    74
    45
    86
    99
    46
    18
    61
    55
    21
    33
     5
     9
     5
     0
     0
     0
    35
    35
   143
   119
    99
    25
    25
    26
    30
    21
    40
   149
    32
   117
   115
     9
    26
   100
     3
     0
     3
     0
     0
     0
    28
   113
   117
    31
    17
     7
    76
    37
    59
    46
    63
   198
     7
    39
   105
    91
    31
    59
     0
     0
     0
     0
     0
     6
    41
   150
   148
    57
    21
    46
    72
    34
    77
    35
    24
    11
    78
    56
   170
    30
    45
    33
     6
     0
    12
     0
     0
     1
    38
    34
    84
    73
    51
    20
    65
    65
    31
    37
    26
    25
    43
    53
    49
    79
    52
     1
     0
     0
     0
    10
     0
     0
    27
    94
    93
   130
    50
    44
    21
    27
    80
    25
    17
    34
   168
    25
    73
    72
    14
    14
     8
     8
     0
     3
     2
     6
    25
   100
   181
   202
    95
    21
    30
    32
    33
    21
    25
   105
    25
    24
   345
    64
    13
    19
     0
     0
     0
     0
     7
     0
    58
   110
    85
    31
    52
    22
    19
    20
    30
    21
    33
    23
    88
    11
   192
   113
    27
    41
     7
     0
     0
     3
     0
     0
    17
    64
   189
    19
    57
    44
    28
    21
    97
     8
    27
     7
    59
    19
    64
    52
    18
    14
     0
     0
     0
    10
     5
     0
    23
    68
   159
   115
    22
    31
    48
     1
    57
    38
    12
    31
    28
    17
    13
    20
    86
    27
     0
    10
    10
     0
     3
     0
    63
    73
   152
   105
    41
    23
    91
   141
    34
    36
    67
    26
    63
    33
    45
   153
    41
   137
     0
     3
     0
     0
     0
     0
    28
    17
   155
    29
     7
    37
    28
    28
    39
    21
    40
    56
   103
    59
    84
    69
    34
    48
     0
     4
     0
     0
     1
     2
    21
     6
    56
    69
    46
    29
    86
    56
    50
    82
    20
    20
    14
    12
    70
   119
    75
    38
     3
     0
     0
     0
     0
     0
    74
    25
   159
   165
    91
    11
    30
    47
    43
    26
    14
    89
    28
    68
   209
    23
    49
    21
     0
     2
     3
     5
     4
     7
    14
   101
   103
    49
    21
    48
     9
    64
    33
    20
    31
    23
    33
    10
    15
    82
   118
    21
     0
     0
     2
     0
     7
     0
    61
   187
   186
   191
    34
    26
    61
    36
    44
    24
    31
    10
    36
    80
   267
    20
    91
    24
     7
     0
     0
     0
     6
     0
    17
   140
    66
   110
    66
    24
    36
    41
    42
    17
    24
    21
    19
    86
    67
    67
    30
    34
     5
     0
     0
     0
     0
     6
    84
   110
    62
   191
    17
    44
    36
    69
    55
    25
    63
    45
    39
    59
   111
   113
    62
    17
     5
     0
     0
     0
     0
     0
    47
   149
   189
   104
    32
    61
    45
    76
    33
    16
    53
    94
    30
    38
    21
    70
    32
    17
     3
     0
     0
     0
     5
     5
    75
   106
    64
    77
    50
    59
   217
    17
    31
    30
    40
    62
    83
    38
    17
    35
    13
    29
     0
     0
     0
     0
     6
     0
    28
   106
   199
    90
    23
    46
    15
    49
   114
    22
    41
    28
    33
    73
   137
   153
    38
    22
     0
     0
     0
     5
     0
     0
    47
   156
   153
   184
    58
    75
    75
    22
    44
    29
    80
    29
   165
    57
    63
    38
    23
    54
     0
    11
     0
     2
    14
     3
    56
   230
   135
    63
    75
    21
    39
    62
    50
    23
    32
   115
    21
    17
    99
   324
    57
    59
     0
     2
     3
     0
     0
     3
    25
    12
   166
    62
    25
    36
    58
    32
    20
    41
    28
     2
    26
    15
    75
   118
    16
    25
    11
     5
     0
    13
     7
     0
    87
    89
   107
   252
    72
    51
    43
    74
    36
    65
    58
    71
    25
    18
   260
   140
   213
    39
     0
     0
     4
     0
     0
     1
    10
   177
   148
    87
    37
    84
    92
    19
    23
    51
    26
    32
    76
    29
   103
   173
    30
    43
     0
     3
     0
     0
    10
     0
    69
   232
   161
    77
    19
    35
    27
    47
    73
    46
    76
    27
    76
     9
    33
    67
    48
    76
     0
    10
     0
     4
     0
     4
    93
   118
   191
   123
    36
    24
    28
    28
    23
    50
     9
    60
    47
    36
    30
    66
    22
    49
     0
     8
     0
     2
     0
     0
    39
    65
   170
    73
    25
    93
    29
    41
    17
   114
    28
    26
    28
    22
    65
    25
    31
    42
     0
     0
     0
     7
     2
     7
    32
    59
   209
    26
    57
    26
    76
    31
    18
    44
    26
    30
    23
    78
   169
    41
    30
    44
     7
     0
     0
     2
     8
     0
    60
    83
    24
   124
    21
    14
    26
     7
    27
    19
    39
    51
    32
    68
    77
    18
    21
    81
     0
     0
     0
     0
     2
     0
    83
   119
   298
   215
    73
    36
    24
    27
    52
    48
    14
    73
    21
    60
   122
    52
    28
    14
     0
     5
     0
     8
     5
     0
   117
   191
   485
   181
    19
    63
     4
    60
    23
    20
    29
    49
    80
    76
    37
   140
    22
    20
    12
     0
     3
     0
     1
     0
    34
    15
   154
   149
    50
    28
    46
    20
    46
    37
    46
    28
    18
    55
    76
    21
    25
    76
     0
     0
     4
     0
     0
     2
    29
   113
   172
    71
    29
    51
    25
    27
    44
    65
    69
    17
    34
    47
    16
    20
    17
    43
     4
     0
     0
     1
     0
     0
    40
   111
   127
    37
    35
    47
    24
    50
    61
    45
    12
    79
    44
    17
    44
    29
    80
    30
     5
     5
     1
     0
     0
     0
    27
    20
   110
    80
    30
    28
    31
    38
    20
    23
    29
    64
    35
    53
    64
    92
    46
    48
     3
     2
     9
     5
     7
     0
    48
    78
   141
   103
    15
    27
    34
    77
    89
    20
   160
    72
    44
    74
     9
   116
    31
    27
     3
     8
     6
     5
     9
     5
    61
    22
   107
   210
    33
   113
    96
    46
    45
   173
   106
    54
    23
    72
    74
    20
    85
     9
     0
     0
     6
     0
     0
     0
    15
    18
   193
   158
    34
    47
    54
    28
    42
    39
    60
    95
    61
   223
    85
    79
    24
    54
     9
     4
     0
     4
     2
     0
    24
    91
   226
   150
    55
    38
    47
     8
   186
    20
    35
   105
    17
   149
   159
    84
    21
    22
     0
     5
     0
     0
     2
     2
    33
    86
    67
    26
    38
    54
    85
   115
    20
    30
    46
    50
    62
    41
    29
    28
    26
    32
     0
     3
     3
     3
     0
     3
     6
   119
    95
   154
    63
    40
    36
    18
   200
     9
    46
    77
    51
    59
    61
    53
    60
    47
     3
     0
     0
     0
     0
     9
    34
    91
   115
    76
    71
    63
    35
    22
   113
    32
    46
    30
    29
    64
    70
    40
    29
    33
     0
     3
     0
     0
     0
     2
    58
   191
   118
    97
    34
    35
    39
   209
    23
    72
    17
    64
    66
     0
    16
    76
    18
    26
     0
     0
     0
     8
     0
     0
    46
    78
    79
    55
    22
    45
    61
    68
    18
    42
    11
    22
    77
    79
    90
    67
    34
    14
     5
     3
     6
     1
    18
     0
    29
   101
   127
    46
    36
    52
    31
    83
    20
   199
   111
    22
    78
    48
    38
   130
    28
    30
     0
     0
     0
     0
     0
     2
    48
    29
    81
    88
    89
    36
    40
    30
     6
    34
    57
    91
    42
    61
    82
    14
    40
    27
     0
     0
     0
     1
     0
     0
    18
   177
   155
   133
    40
    37
    28
    29
    56
    16
    42
    17
    69
    37
     9
    34
    14
    26
     1
     1
     0
     0
    10
     0
    85
   110
   137
   123
    45
    30
    72
    21
    31
    18
    20
    37
   110
    41
    32
    28
    45
    35
     8
     0
     0
     0
     5
     0
    19
    12
    29
    84
    45
    55
    45
    39
    47
    36
    43
    23
    27
    46
    31
    73
    35
    91
     0
     0
     0
     6
     0
     0
    59
    28
   191
   126
   121
    52
    73
    85
    28
    19
    29
   155
    13
    27
    61
   119
    57
    61
    29
     2
     0
     0
     0
     0
    44
    72
   177
    13
    45
    85
    46
    22
    68
    45
    23
    15
   139
   218
   196
    97
    49
    18
     7
     2
     0
     0
     0
     2
    55
   160
   161
   148
    12
    44
    35
    24
    40
    42
    49
    86
    22
    39
   115
   107
    40
    74
     6
     0
     4
     9
     0
     2
    16
   179
   141
    70
    34
    20
    34
    38
    63
    36
    36
    63
    79
    44
   231
    15
    24
    30
    16
    12
     0
     2
     0
     0
    47
    91
   142
   145
   107
    24
    34
    39
    64
   167
    21
    58
    32
   302
    53
    21
    65
    26
     6
     0
    14
     0
     0
     0
    41
   140
   148
   107
    77
    28
    51
    33
    40
    20
    15
    60
    17
   165
   199
    52
    21
    17
     0
     6
    10
     3
     0
     0
    32
   165
   312
   129
    15
    20
    20
    19
     4
    44
    17
    36
    35
     1
   217
    44
    12
    60
     0
     0
     4
     0
     0
     2
    76
   204
    62
    86
    67
    34
    38
    24
    68
    29
    78
    30
    52
    35
    72
    76
    81
    48
     5
     5
     0
     0
     0
     5
    92
   119
   164
     5
    36
    80
    50
   163
    26
    39
    25
    37
    47
    51
    55
    49
    15
    28
     6
     0
     0
     0
     0
     0
    27
   163
   117
    24
    20
    15
    17
    48
    40
    53
    79
    30
    25
    57
    68
    60
    76
   128
     0
     0
     3
     0
     0
     0
    65
   140
   145
   174
    20
    20
    80
   177
    34
    41
    28
    20
    87
    36
   219
    37
    29
    24
     0
     9
     0
     1
     1
     0
    45
   151
   209
    33
    35
    28
    25
    51
    18
    28
    44
    36
    77
    18
    53
    27
    44
    43
     7
     0
     0
     0
     9
     0
    45
    35
   163
   145
    38
    89
   114
    61
    10
    14
    34
    24
     9
    35
   136
    38
     5
    37
     8
     0
     8
     0
     2
     0
    77
   110
   109
    62
    17
    70
    23
    15
    24
    28
    34
    25
    44
    59
    16
   185
    28
    24
     7
     0
     0
     0
     4
     2
    22
   109
   139
   122
    72
    20
    67
    41
    38
    79
    18
   114
    13
    65
    97
    58
    24
    91
     0
     0
    11
     5
     0
     0
    30
    55
    26
   150
    41
    53
    61
    13
    59
    72
    22
    23
    10
    80
    94
    36
    34
    33
     4
     0
     0
    10
     8
    10
    75
   189
   231
    77
    26
    62
    40
    48
     9
    40
    37
    61
    46
    65
    24
   104
    45
    88
     0
    10
     6
     4
     0
     0
    29
    64
   192
    38
    19
    36
    84
    17
    44
    14
    46
    36
   174
    50
    18
   135
    43
    41
     0
     0
     5
     3
     0
     0
    25
   242
   170
   106
    63
    89
    35
    16
    43
    32
    39
    21
    35
    50
   218
    35
    39
    82
     0
     0
     7
     1
     0
     0
    10
   167
    99
   197
    16
   100
    21
    67
    74
    56
    33
    45
   168
    20
    93
    69
    48
    44
     0
     0
     0
     0
     1
     7
    37
   217
    70
    25
    34
    22
    53
    21
   208
   112
    28
    19
    21
    18
   157
   101
    30
    30
     0
     0
     0
     0
     5
     4
    49
   158
   203
    82
    29
    42
    52
   160
    28
    59
    32
    59
    25
    50
   147
    24
    25
   182
     0
     0
     1
     0
     0
     8
    32
   119
   275
   167
    38
    61
    81
    28
    28
    51
    36
    44
    26
    72
    27
   116
    44
    30
     0
    12
     2
     0
     1
     0
     9
   199
   157
   108
   161
    66
    17
   333
    32
    31
   100
    50
    21
    22
   227
   169
    75
    87
     0
     0
     0
     3
     0
     0
    55
   109
    63
   110
    38
    81
    33
    27
    28
    73
    26
    42
    31
    31
   339
    34
    27
    26
     0
     0
     0
     0
     0
     0
    53
    25
   174
    70
    24
    36
     9
    19
    70
    29
    71
    21
    62
    43
   166
   203
    41
    39
    12
     3
     0
     3
     8
     0
    67
    44
   287
   113
    27
    29
    30
    26
    41
    32
    29
    37
    21
    86
    15
   123
    15
    39
     0
     0
     0
     0
     0
     0
    58
   151
    73
   118
    52
    48
   111
    31
    56
    52
    16
    31
    71
    63
   132
    64
   158
     9
     0
     1
     2
     0
    11
     0
    57
    72
   206
   178
    62
    36
     5
    54
    60
   166
   212
    33
    31
   213
    18
    48
   104
    26
     2
     0
    11
     2
     0
     0
   162
   222
   192
   212
    53
    40
    41
    14
    32
    51
    38
    24
    53
   103
   189
   136
    32
    50
     0
     2
    11
     5
     1
     0
    31
    74
   115
    74
    42
    35
    19
    31
    90
    12
    34
    71
    33
    29
    92
   126
    27
    19
     0
     0
     5
     0
     0
    10
    39
   134
   215
   108
    29
    65
    47
    49
    33
    43
    70
    35
    10
    20
   119
   140
    31
    29
     0
     7
     2
    10
     0
     7
    34
   129
   190
   123
    32
    81
    68
    64
    91
    35
    23
    47
    39
    43
   199
    57
    64
    18
     0
     0
     1
     7
     8
     0
    43
   161
   376
    23
    47
    37
    22
     7
   129
    73
    65
    16
    46
    24
   237
    58
    41
    24
     0
     0
     0
     0
     0
     1
    38
    68
    75
    40
    24
    51
    22
    24
    31
    19
    16
    20
    22
    54
    80
    55
    31
    28
     0
     0
     0
     5
     5
     0
   118
   149
   258
    27
    33
    19
    32
    22
    31
    58
    52
    22
    50
    47
    74
   119
    30
    44
     0
     4
     7
     0
     0
     6
    32
    28
   165
   155
    50
    40
    37
    38
   180
    10
    20
    42
    79
    54
    81
    70
    30
    65
     2
     0
     1
     4
     0
     2
    60
   167
   168
    32
    37
    69
    74
   179
    29
    59
    45
    44
    24
    47
    34
   307
   175
    96
     1
     1
     0
     7
     0
     7
    22
   152
   142
    90
    33
    40
    50
   188
    20
    18
   204
    28
    40
    93
    13
    54
    40
    68
     0
     4
     0
     1
     0
     0
    28
    60
   257
    26
    41
    84
    19
    22
    24
    79
    38
    22
    17
   182
    90
    42
    59
    32
     0
    13
     0
     0
     0
     1
    15
   185
    65
    27
    70
    20
    33
    41
    54
    70
    30
    28
    26
    34
    56
    59
    23
    60
     2
     0
     2
     0
     0
    11
   121
    79
   165
    83
    50
    49
    35
    45
    26
    48
    44
    19
    35
    33
    15
   201
    87
    42
     0
     6
     0
     0
     0
     0
    24
   124
   111
   110
    42
    40
    19
    19
    16
    72
    46
    30
    28
    28
    21
    53
    26
    24
     0
     1
     6
     0
     6
     1
    78
   112
   318
    79
    10
    94
    52
    93
    23
    30
   130
    31
    76
   135
    94
   128
    49
    73
     0
     0
     0
     5
     3
     0
    22
    89
    98
   176
    69
    68
    25
    72
    25
   166
    17
    25
    67
   177
    66
    76
    27
    77
     4
     0
     0
     1
     6
     0
    36
   156
   201
   108
   124
    53
    29
    25
    46
    22
    63
     8
    47
    40
    17
    24
    34
    28
     4
     0
     8
     0
     0
     9
    30
    56
   162
   107
    64
    19
    21
    69
    24
    43
    43
    26
    56
    36
    46
   114
    49
    72
     0
     0
     3
    18
     0
     0
    27
    31
   116
    54
    47
    32
    17
    66
    65
    56
    54
    38
    25
    42
    73
    75
    22
    61
     0
     0
     4
     5
     0
     2
    43
    34
   145
   140
    86
    73
   174
   177
    74
    11
    26
    20
    29
   220
    78
   100
    24
    54
     5
     0
     0
     0
     0
     0
    16
    18
   190
    32
    86
    28
    42
   158
    38
    53
    31
    41
     4
    44
    45
    61
    20
    70
     6
     8
     0
     2
     0
     0
    74
   105
   152
   177
    72
    50
    68
    33
    39
    35
    36
   210
    72
    82
    84
   305
    68
    42
     0
     8
    15
     6
     4
     1
    35
    93
   103
    34
   202
    30
    64
    47
    18
    52
    52
    73
    48
    75
   281
   330
    73
    49
     8
     6
    13
     0
     0
     0
    36
   101
   290
   156
    66
    98
    42
    10
   167
    41
    42
    79
    43
    56
    29
    72
    43
    81
     3
     0
     0
     0
     3
     0
    29
    93
   184
   156
     8
    36
    25
    30
    22
    39
     0
    63
    16
    38
    76
    42
    44
    33
     0
     0
     9
     0
     0
     1
    40
   145
   151
    68
    56
    64
    26
    42
    11
    55
    26
   157
    24
    75
   335
    22
    54
    87
     3
    11
     1
     0
     0
     0
     0
    17
    75
   241
    55
    44
    63
    33
    58
    10
    35
    22
    28
    39
    26
    83
   123
    12
    28
     1
     0
     5
     1
    13
     0
    71
    97
   237
    72
    12
    20
    20
    77
    64
    76
    27
    79
    26
    19
    53
   173
    25
    32
    12
     0
     2
     0
     8
     3
   126
   187
   157
   252
    29
    92
    36
    28
    30
    24
   128
    38
    37
   195
    48
    49
    45
    42
     0
    13
     5
     0
     0
     0
    37
    76
   138
   152
    27
    44
    41
    43
    39
    41
    19
    42
   137
   171
    67
   113
    26
    33
     0
     4
     2
     9
     0
     9
    35
    59
   186
    27
    32
   174
   201
    21
    68
    43
    27
    59
    42
    16
    71
    58
    71
    55
     0
     0
     0
     3
     0
     0
   171
   115
    92
    38
    63
     8
    39
    22
   148
    25
    98
    34
    40
    26
    46
    98
    23
    41
     0
     7
     0
     0
     6
     0
    52
   227
   134
   149
   206
    25
    39
    37
    28
   185
    71
    37
    57
   170
    60
    43
    35
    42
     0
     0
     0
     0
    12
     0
   126
    72
   230
   224
    44
    18
   154
   168
    33
    79
    40
    24
   331
    25
    71
    84
    30
    22
     0
     3
     0
     0
     1
     0
    56
    57
   337
   162
    25
    15
    31
    31
    31
    29
    33
    47
    41
    94
   267
    13
    30
    61
     0
     0
     0
     0
     2
     5
    34
    77
   283
   104
    74
   104
    99
   182
    86
    22
    30
    24
    18
    69
   121
    90
   109
     9
     0
     0
     0
     0
     0
     0
    20
   185
   142
   149
    32
    41
    66
    72
    64
    38
    53
    94
    26
   164
    26
   178
    51
    22
     0
     0
     9
     4
     7
    17
    65
   138
   296
   104
    22
    56
    42
    30
    49
    29
    56
    22
    34
    23
    57
   100
    29
    22
     0
     0
     0
     4
     6
     4
   121
   199
   100
    18
    44
    39
    72
    21
    24
   173
    29
    37
    30
    40
    93
    63
    26
    65
     4
     0
     0
     5
     0
     0
    62
   167
    69
    88
    30
    10
    18
    27
    42
    28
   165
    30
    28
    89
   302
    79
    31
    32
     0
     0
     0
     2
     3
     0
    82
    36
   143
    27
    18
    31
    18
    36
    30
    42
    85
    36
    25
    36
   236
   119
    29
    17
     0
     0
     0
     8
     0
     0
    68
   107
   126
   207
    57
    22
    54
    36
    54
    30
    38
    37
    36
    26
    17
    20
    29
    60
     0
     0
     0
     0
     1
    10
    35
    86
   207
    35
    71
    12
    99
    35
    83
   165
    47
    15
    79
    62
   104
    74
   100
    43
     0
     0
     0
     0
     2
     0
    64
    28
   141
   122
    33
    60
    53
   192
    21
    57
    26
   161
    52
    48
   201
   111
   119
    44
     0
     0
     0
     0
     0
     0
    78
    65
    67
    94
    95
    36
    83
    29
    53
    12
    41
    63
    44
    42
    70
    88
    59
    26
     0
    14
     0
     0
     0
     0
    30
   163
   213
   181
    27
    13
    36
    29
    30
    48
    35
    49
    39
    83
   169
    90
    62
    69
     1
     5
     0
     0
     0
     0
    52
   121
   132
   160
    43
    37
    12
   170
    59
    44
   170
    29
   173
    35
    71
    54
    90
     8
     0
     8
     1
     0
     6
     2
    33
    66
   236
    92
    56
    81
    35
    86
    40
    25
    39
    16
    38
    21
    97
    76
    50
    47
     0
     0
     0
     2
     0
     0
    84
    53
   155
   282
   109
   175
   161
    57
    80
    41
    17
    44
   174
    34
   155
   105
    37
    47
     6
     6
     0
     2
    14
     0
    57
   205
   227
    28
    45
    49
    38
    29
    80
    45
    20
    49
   131
    25
   286
    40
    54
    77
     2
     0
     0
     0
     3
     0
    96
   206
   188
   206
    29
   117
    32
   172
    35
    34
   133
    46
     4
    22
   141
   129
    28
    74
     0
     0
     7
     0
     0
     2
    83
    69
   100
    81
    33
    40
    73
    20
    41
    36
   164
    23
    87
    62
   149
    63
    42
    59
     3
     0
     0
     0
     0
     0
    64
   118
   103
   103
    44
    32
    34
    37
    95
    18
    27
    69
    56
    11
   175
    33
    57
    75
     0
     3
     5
     2
     6
     3
    41
   162
   300
   130
    34
    29
    31
    54
    31
    31
    21
    15
    41
    10
   173
    29
    18
   123
     6
     3
     0
     0
     0
     8
    53
    21
    92
    73
    47
    41
    34
   199
    39
    24
    30
    34
    38
    42
   108
    35
    59
    74
     0
     5
     3
     0
     0
     1
    57
   182
   189
    74
    32
    15
    21
    45
    48
    72
    96
    37
    56
    39
    99
    48
    68
    28
     0
     0
     0
     0
     0
     0
   126
   181
   184
   276
    19
    95
    36
    46
    50
   166
    31
    96
    27
    65
   250
   113
    37
    36
     0
     3
     0
     0
     8
     8
    23
    86
   220
   145
    30
    31
    72
   168
    78
    35
   187
   179
    38
    62
    68
   117
    53
    72
     1
     0
     4
     0
     7
     5
   127
    99
   182
    22
    23
    75
    44
    27
    23
    68
    85
    48
    71
    82
    73
    85
    12
    18
     0
     0
     0
     1
     1
     0
    48
   207
   111
    46
    84
    51
    39
    20
    22
    59
    61
    65
    91
    16
    69
    65
    59
    28
     0
     8
     0
     0
     3
     0
    62
    56
   199
    67
    80
    36
    42
    52
    20
    76
    36
    24
    25
   160
    87
    39
    65
    25
     0
     0
     1
     0
     0
     0
    72
    82
   179
   105
    54
    53
    36
    29
    13
    47
    27
    22
    48
    85
   114
   102
    79
    12
     0
     0
     1
     0
     0
     8
    32
   177
    94
    65
    24
    22
    46
    42
    22
    38
    30
    70
    32
   205
    95
    48
    15
    25
     0
     5
     0
     0
     0
     0
    89
   205
   359
    49
    34
    36
    94
    34
    76
    41
    73
   181
    52
    62
   215
    34
    34
    34
     0
     0
     0
     0
     4
     0
   107
   143
   252
   202
    33
    72
    32
    21
    60
    35
    62
    70
    15
    37
    96
   123
   102
    21
     0
     2
    12
     3
     0
     1
    31
   146
    20
    95
    71
    27
    55
    10
    45
    37
    20
    38
    33
   174
     8
    45
    34
    59
     4
     7
     0
     3
     0
     0
    29
   156
   170
   113
    47
    40
    55
    21
    46
    49
    48
    77
    62
    36
    76
   123
    65
    51
     0
     0
     0
     7
     0
     0
    37
    62
   173
    81
    19
    29
    26
    34
    16
    31
    88
    43
    68
    55
    41
    60
    95
    70
     0
     0
    18
     0
     0
     4
    15
   126
   121
    81
    18
    15
    29
    47
    45
     8
    42
    28
    39
    88
    10
    90
    25
    39
     0
     0
     2
     0
     0
     0
    51
    99
   101
   104
    27
    75
    31
    54
    35
    30
    74
    20
    34
   171
    40
    67
    23
    20
     0
    10
     8
     0
     0
     0
    27
    99
   263
   147
    43
    60
    26
    33
    24
    53
    40
    63
    50
    51
   402
   151
    35
    79
     0
     0
     1
     2
     9
     0
    64
   204
   172
   162
    83
    58
    87
    58
    58
   199
    41
    48
    46
    78
    72
    41
    29
    46
     0
     8
     2
     3
     0
     0
    16
   159
   146
   144
    26
    41
    46
    30
    71
    43
    45
    43
    42
    47
   203
    93
    31
    44
     0
     0
     0
     0
     0
     0
    35
   174
   158
   190
    24
    16
    72
   223
    79
    59
    87
    67
    39
    28
    59
    23
    23
    84
     5
     3
     0
     1
     0
     0
    21
    39
   301
   101
   115
    82
    47
    99
    48
    77
    35
    41
    18
   196
    36
    25
    17
    29
     2
     6
     6
     0
    13
     0
    76
    60
   333
   105
    33
   179
    22
    36
    41
    82
    40
   210
    60
    63
   237
   153
    21
    42
     0
     8
     0
    15
     0
     0
    59
   151
   242
   148
    34
    74
    33
    63
   126
    41
    28
    86
    73
    27
    32
    89
    90
    25
     8
     0
     0
     0
     3
     0
   106
   227
    96
   330
    53
   237
    78
    70
    72
    36
    45
    65
    42
    49
   142
    82
    45
    40
     6
     0
     7
     0
     2
     1
    58
   294
   126
    36
    35
    61
    30
    24
    78
   113
    81
    95
    55
    10
    88
   282
    63
    37
     7
     9
     1
     0
     6
     1
    36
   207
    52
   123
   103
    47
    38
    43
    54
     8
    59
    38
    17
   160
    59
   114
    33
    35
     0
     1
     1
     8
     7
     0
    27
   183
   116
   153
    39
    35
    99
   154
    30
    26
   126
    37
    66
   183
    69
   126
    34
    37
     0
     2
     6
     7
     4
     6
    26
    86
   241
    32
    36
    40
    46
    50
    66
   151
    29
    18
    19
    26
    72
    86
    54
    42
     3
     0
     0
     3
     7
     0
    18
   187
   149
    66
    33
    38
    23
    32
    33
    35
    17
   196
    27
    31
    82
    55
    61
    26
     1
     0
     1
     6
     8
     0
    51
   174
   173
   167
    25
     7
    24
    71
    36
    30
    67
   101
    48
    76
    72
    29
    21
    43
     9
     0
     2
     0
     0
     0
    46
    74
   286
    58
    42
    43
    30
    64
    26
    34
    63
    31
   111
    36
    78
    21
    91
    73
     0
     0
     1
     7
     3
     0
    25
    90
   347
   126
    36
    50
   149
    35
    39
    62
   109
    49
   219
    51
   161
   104
   201
    46
     0
     0
     0
     0
     5
     3
    55
    52
   147
   202
    26
   188
   173
    25
    33
    43
    17
    76
    40
    23
    66
    72
    32
     0
     0
