    36
     0
     0
     0
     0
    36
    36
    73
    59
    39
    81
    59
    19
    36
    74
    52
    15
    50
    38
    52
    22
    24
    40
     0
     0
     2
     1
     0
     0
    76
   124
    39
   109
    45
   106
    36
    17
    20
    37
    28
    22
    39
   236
   129
    72
    30
    34
     0
     5
     0
     0
     2
     0
    93
   155
   185
   119
    62
    38
    40
    34
    23
    27
    63
    27
    13
    19
    10
    53
    23
    10
     0
     0
     5
     2
     0
     2
    85
   141
    63
    69
    49
    75
    29
    11
    48
    10
    59
    29
    68
   184
   202
    69
   104
    13
     5
     0
     0
     7
     3
     0
    18
    77
   210
    73
    25
    32
   103
    27
    17
    68
    35
    61
    27
    54
    64
    48
    20
    82
     0
     5
     9
     1
     0
     0
    31
    59
   367
   230
    47
    38
    48
   130
    27
   170
    12
    49
    33
    64
   224
    32
    29
    23
     0
     5
     0
     0
     0
     3
    29
    36
    84
   241
    25
     7
    96
    38
    70
    53
    23
    51
    28
    46
   121
    46
    28
    47
     0
     1
     0
     7
     7
     6
    32
    24
    61
   116
    67
    23
    24
    32
    96
    45
    69
    53
    83
    30
    29
   159
    23
    42
     1
     5
     8
     0
    10
     0
    18
   151
    94
   150
    27
    30
    64
    36
    49
    24
    32
    80
    23
    86
   236
    83
    24
    15
     0
     0
     2
     0
     0
     0
    17
    23
   133
   139
    21
    38
    15
    28
    75
    35
    29
    62
    47
    30
    15
    38
    39
    34
     0
     0
     8
     2
     0
     2
    28
   105
    95
    49
     7
    51
    43
    36
    12
     3
    65
    25
    37
    37
   121
   116
    27
    25
     0
     0
     0
     0
     0
     0
    30
    51
    72
   150
    12
    54
   171
    66
     7
    16
    51
    84
    13
   223
   100
    16
    19
    58
     0
     0
     0
     0
     0
     0
    30
   142
   171
    98
    35
    35
    37
    34
    31
    30
     6
    14
   184
    34
   119
    29
    50
    50
     1
     0
     0
     4
     0
     0
    23
   131
   189
    81
    27
    22
    62
   180
   110
    25
    50
    25
    79
    32
    45
   131
    44
    29
     0
     0
     8
     7
     6
     0
    22
    65
   129
    28
    37
    42
    29
    10
    32
    18
    44
    11
    25
    26
    27
    37
    43
    50
     3
     0
     1
     0
     0
     0
    21
    69
   160
    45
    21
    82
    25
    44
    18
    25
    44
    22
    70
    21
    28
    75
    83
     8
     0
     5
     0
     0
    11
     7
    48
   273
    59
   171
    40
    41
    37
    81
    17
    12
    23
    54
    30
   294
   198
    58
    25
    86
     0
     0
     0
     8
     0
     0
    45
   285
   213
    78
    95
    27
    31
   103
    64
    24
    24
    27
     9
    26
   223
    16
    18
    36
     8
     1
     0
     5
     8
     2
    17
    51
   127
    38
    15
    20
    58
    38
   190
    13
   188
    14
   109
    25
    74
    44
    21
    26
     0
     4
    11
     5
     6
     0
   147
   178
   194
    84
    53
    35
    59
    17
    82
    34
    66
    34
    29
    70
    86
    45
    65
    32
     2
     0
     4
     1
     0
     0
    82
   105
   108
   128
    44
    61
    58
    26
    30
    52
    75
    91
    47
    30
    67
    72
    39
    78
     0
     6
     0
     0
     0
     0
   103
   108
    45
   106
    21
    24
    27
     4
    85
    11
    45
    33
    32
    56
   340
    55
    34
    59
     0
     4
     0
     0
     0
     7
    29
    89
   168
   179
    16
    50
    24
    50
    20
    78
    14
    24
    25
    40
    61
   122
    38
    35
     0
     2
     1
     0
     0
     5
   107
   158
    37
   106
    31
    26
    58
    17
    41
    27
    26
    41
    29
   168
   139
    27
    66
    24
     6
     0
     0
     5
     0
     0
     9
    42
    95
    58
    71
    33
    27
    38
    33
    32
    81
    27
   108
    60
   110
   216
    22
    41
     0
    10
     0
     4
     0
     0
   113
    45
   176
    58
    19
    22
    28
     6
    45
    24
    26
    19
    55
    57
    35
    62
    44
    20
     0
     0
     0
     0
     0
     0
    37
   201
   103
   172
    38
    38
   181
    23
    38
    34
    36
    64
    30
    71
    20
    20
    69
    37
     6
     0
     0
     0
     3
     0
    92
    64
   150
   148
    76
    19
    92
    19
    33
    30
    24
    27
    53
    84
   265
   120
    56
    74
     0
     3
     0
     7
     0
     1
    58
   117
   176
   129
    37
    39
   157
    23
    75
    24
    26
    21
    19
    36
    84
    34
    63
    73
     5
     5
     0
     0
     0
     0
    35
   110
   112
    61
     8
    60
    27
    31
    30
    27
   201
   213
    34
    31
    34
    88
    39
    22
     0
     7
     0
     3
     4
     0
    26
   144
    73
    92
    13
    34
    35
    51
     1
    33
    13
    37
    26
    53
   168
    29
    20
    24
     2
     8
     0
     1
     0
     3
    67
   135
   113
    75
     7
    62
    38
    14
    93
    50
    33
    32
   224
    41
   144
    36
    21
    25
    13
     0
     7
     0
     8
     0
    32
   104
   203
    18
    36
    12
    39
    37
     7
   162
    23
    28
    85
    58
    14
    43
    39
    16
     0
     1
     0
     0
     0
     3
    39
   125
   365
   147
    83
    77
   192
    23
    42
    39
    38
    26
    31
   194
   314
    85
    38
    42
     3
     0
     4
     5
     0
     0
    42
   169
   120
   151
    42
    59
    36
    24
    29
    71
    64
    52
    60
    70
    16
    65
    90
    27
     8
     0
     0
     4
     1
     6
    16
   178
   220
   147
    24
    23
    16
   183
    19
    88
    39
   160
    22
    30
    90
   118
    69
    30
     0
     5
     0
     2
     0
     1
    21
    93
   101
    90
    27
    53
    30
    43
    34
    74
    20
   172
    10
    48
    51
   141
    78
    63
     0
     0
     8
     0
    12
     3
    27
    56
   166
   160
    20
    22
    22
    47
    17
    67
    13
   163
    60
    27
    69
    39
    25
    14
     0
     9
     6
     2
     7
     1
    20
    59
   228
   137
    20
    70
   107
    35
    26
    15
    53
    30
    17
    25
    44
    66
    18
    29
     0
     0
     7
     4
     0
     5
    29
   122
   196
    80
   159
    19
    18
    12
    27
    30
    30
    24
   207
   138
    47
    21
    26
    42
     0
     0
    10
     0
     7
     5
   119
   198
   206
    58
   124
    33
    41
    18
    12
    19
    82
    54
    53
    60
   135
   100
    65
    68
     4
     0
     0
     0
     0
     0
    56
   119
   155
   135
    91
    32
    17
    33
    23
    27
    67
    37
    37
    67
    90
    43
    79
    47
    12
     7
     7
     0
     0
     0
    64
   128
   272
    80
   102
    52
    32
    15
    22
    11
    19
    15
    15
    45
   115
   119
    35
    30
     0
     0
     0
     1
     6
     0
    95
   253
   135
   223
    37
    57
    13
    16
    40
    14
    61
    39
     7
    36
   201
    25
    56
    20
     5
     0
     0
     5
     0
     0
    34
    14
    61
   119
    31
    38
    60
    17
    41
    11
    14
    44
    63
    21
   193
   247
    56
    42
     6
     0
     0
     4
     0
     3
    38
   151
   360
    92
    35
    57
    40
    51
    59
    13
    66
   159
    35
    79
    14
    18
    67
   102
     0
     0
     0
     5
     0
     0
    84
   249
   152
    57
    13
    59
    36
    33
    78
    33
    38
    19
    27
    87
    78
    37
    28
    41
     7
     0
     0
     0
     0
     0
   127
    83
   130
    66
    22
    37
    50
    41
    26
    36
    30
    36
    59
    67
    84
   179
    45
    54
    10
     3
     0
     6
     0
     0
    40
   119
   104
   116
    79
    27
    71
    49
    38
    89
    39
    31
    31
    77
    62
    72
    28
    40
     0
    11
     0
     0
     1
     0
    37
    34
   276
   114
    17
    22
    47
    88
    86
    69
    27
    16
    32
    11
   108
   132
    42
    36
     1
     3
     9
     0
     5
     0
    63
   134
    71
    31
    61
    49
    34
    39
    21
    66
    79
    67
    65
   180
    20
    72
    31
    23
     0
     0
     0
     0
     5
     3
    15
    95
   100
    60
    19
    23
    44
    20
    21
    22
    46
    24
    15
    32
    71
    37
    19
    34
     0
     0
     0
     0
     0
     0
    26
   141
   102
   118
    31
     9
    85
    27
    48
    13
    44
    78
    21
    76
    45
     6
    26
    24
     0
     0
     0
     3
     9
     0
     9
   105
    82
    89
    52
    24
    21
    53
    24
    30
    33
    23
    27
    27
    51
   110
    31
    34
     8
     0
     0
     8
     0
     2
    49
   133
   162
   164
    30
    20
    25
    24
    52
    21
    30
    43
    23
    30
   252
    40
    44
    41
     0
     0
     0
     0
     6
     0
    30
    86
   187
   246
    87
    30
    14
    19
    47
    59
    88
    30
    88
    32
   194
    51
    51
    52
     0
     7
     0
     0
     3
     0
    46
   184
   112
    93
    10
    37
    52
    77
   178
     9
    15
    30
    70
    16
   146
    34
    14
    17
     0
     3
     0
     0
     0
     5
    19
    43
    84
   124
    29
    37
    12
     7
   104
    22
    29
    23
    26
   134
   103
    23
    30
    40
     0
     0
     0
     3
     0
     0
    24
    94
   129
    69
    33
    27
    25
   111
    31
    93
    23
    34
    65
    38
    75
   210
    32
    34
     0
     9
     6
     0
     0
     6
    33
   153
   139
   117
    34
    20
    82
    45
    40
     6
    31
    20
    72
   157
   115
    67
    37
    32
     0
     8
     0
     0
     0
    14
    22
    59
    81
   149
    72
    32
    11
    32
    22
    23
    26
    67
    33
    19
    64
    38
    30
    69
     3
     0
     4
     3
     7
     1
    53
   143
   285
    73
    29
    75
    65
    33
    45
    92
    64
    36
    16
    28
    17
   249
    51
    69
    15
     0
     6
    14
    11
     3
    21
   140
   150
   104
    14
    22
   260
    53
    18
    98
    31
    23
    37
    38
    25
   193
    43
    38
     0
     0
    15
     0
     0
     0
    67
   167
   101
    64
    15
    46
    75
    42
    30
    30
    19
    21
    40
    29
    43
    56
    26
    35
     0
     2
     0
     9
     0
     0
    93
   131
   276
    45
    64
    54
    33
    30
    41
   151
    66
    32
    47
    77
    75
    28
    41
    62
     5
     0
    12
     0
     0
     0
    35
    18
   129
    30
    15
    40
    24
    26
   161
    30
     9
    87
    43
    57
    19
    22
    34
    21
     0
     9
     6
     0
     0
     0
    21
    16
   239
    67
    33
    20
    42
    12
    13
    20
    15
    17
    58
    54
    53
   105
    20
    70
     0
     0
     0
     7
     0
     0
    68
   159
   189
    40
    27
    26
    26
    30
    43
    83
    37
    36
    18
    33
    93
    70
    64
   120
     0
     0
     3
     0
     0
     0
    88
    75
    86
   214
    25
    24
    69
    53
    39
    30
    36
    55
    53
    63
   133
    62
    65
    29
     0
     6
     9
     0
     2
     1
    26
    60
   155
   129
    40
    75
    87
    56
    85
    35
    43
    46
    58
   180
   103
    84
    33
   115
     5
     0
     0
     5
     0
     0
    51
    36
   304
   103
    43
    33
    30
   113
    13
   153
    45
    33
    13
    22
    58
   139
    27
    41
     4
     1
     0
     0
     0
     0
    76
   133
   162
    62
    26
    33
    34
    52
   171
    15
    23
    62
    63
    20
   113
    70
    19
    48
     0
     5
     0
     0
     0
     0
    56
    87
   122
    38
    12
    56
    35
    39
    33
    38
    75
    29
    22
    29
    92
    38
    82
    35
     0
     0
     0
     0
     5
     3
   110
    40
   245
    49
    25
    16
    23
    24
    53
    67
    27
    29
    66
    31
   156
   130
    39
    63
     0
     0
     0
     0
     3
     0
    53
    87
   169
    81
   116
    23
    34
    84
    19
    29
    13
    25
    13
    57
    55
    58
    22
    31
     0
     0
     0
     0
     0
     0
    69
   148
   110
   148
    23
    27
    46
   187
    13
    64
    43
    42
    14
   240
    80
    72
    41
    30
     0
     0
     4
     0
     0
     0
    25
     8
    20
    75
    19
   109
    33
    63
    28
    30
    25
    21
    25
    31
    54
   136
   170
    27
     2
     0
     0
     0
     5
     7
    18
    89
   109
   150
    82
    11
    48
   161
     3
    43
    35
    22
    24
    53
    68
   190
    16
    25
     0
     0
     0
     4
     5
     0
    73
    25
   138
    55
    21
    19
    37
    69
    44
    25
    22
    28
    96
   168
   116
    25
    25
    37
     9
     0
     5
     0
     0
     0
   104
    65
   171
   110
    67
    23
    53
    80
    17
    15
    13
    80
    30
    28
    50
   165
    55
    19
     5
     0
     2
     0
     0
     6
    46
   193
    73
   112
    70
    26
    24
    17
    70
    18
    85
     6
    20
    45
   146
    29
    54
    31
     0
     0
     1
     6
     0
     0
    50
    76
   100
   124
    20
    55
    23
    82
    56
    62
    21
    18
    60
    58
    63
   119
    40
    20
     3
     0
     9
     2
     0
     0
    81
    76
   216
   199
    92
    12
    77
    94
    54
    16
    49
    42
    35
    58
    19
   295
    29
   123
     4
     4
     1
     0
     0
     0
    28
   110
   284
   161
    26
    44
    51
    27
    26
    51
     6
    40
    41
    22
    56
    11
    64
    28
     3
     2
     7
     0
     2
     0
    26
    69
   213
    42
    42
    36
    31
    81
    18
    19
    26
    17
    32
    43
   101
    82
    21
    95
     9
     0
     0
     0
     0
     0
    78
    66
   174
    99
    30
    30
    41
    20
    20
    39
    39
    46
    28
    24
   252
    61
    84
    30
     0
     0
     5
     0
     0
     0
    60
    45
   147
   120
    75
   101
    17
    31
    26
    19
    17
    38
    42
    19
    21
    33
    31
    29
     5
     0
     0
     0
     3
     0
   109
   156
    71
    40
    29
    33
    34
    15
    83
    39
   363
    28
    52
   128
   115
   117
    84
    24
     2
     0
     0
     0
    11
    16
    20
    78
   334
   143
    32
   189
    50
    46
    21
    45
    20
    32
    10
    39
    37
    34
    24
    32
     7
     0
     0
     0
     2
     4
    34
    70
   278
   147
    65
    49
    48
   174
    78
   176
    22
    52
   178
    28
    23
   182
    48
    42
    13
     0
     0
     0
     0
    33
    48
   135
    29
    59
    51
    37
    77
    52
    30
    44
    27
    22
    89
    58
    23
    48
    92
     0
     1
     0
     0
     0
     0
    50
   222
    43
    73
    13
    10
   172
    32
    58
    33
    71
    17
     9
    68
    46
   122
    19
    28
     0
     0
     0
     0
     1
     0
    70
   119
   146
   150
    22
    19
    51
    26
    38
    30
    36
    39
    38
    28
   142
    63
    25
    21
     0
     2
     0
     4
    13
     2
    30
   105
    76
   102
    34
    34
     9
    42
    18
    44
    27
    14
    56
    32
    52
    51
     8
    16
     0
     0
     1
     0
     0
     2
    22
   170
    23
    30
    14
    13
    22
    67
    90
    34
    14
    30
    13
    31
   288
   167
    35
    25
     4
     0
     0
     2
     0
     0
    37
    71
   109
   146
    34
    36
   118
    21
    51
    64
    27
    24
    49
   171
    44
   199
    27
    44
     0
     7
     8
     0
     0
     0
   100
   110
   202
   135
    64
    37
    75
    27
    21
   191
    27
    42
    31
    57
    67
   322
    41
   104
     1
     0
    10
     0
     1
     0
    80
    73
   186
    70
    29
   152
    37
    22
    63
    41
    25
    33
    48
    13
    67
    62
    80
    70
     3
     3
     0
     0
     3
     0
    27
    78
   204
    46
    30
    27
   196
    27
    17
   112
    24
    30
    26
   122
   145
    80
    22
    30
     0
     0
     0
     0
     0
     0
    80
    69
   117
    22
    90
    21
    92
    47
    16
    18
    24
    22
    16
    23
    54
    85
    35
    11
     0
     6
     0
     1
     0
     0
    59
   215
    93
   136
    34
    20
    19
    32
    68
    30
    28
    54
    75
    33
     5
    28
    50
    17
     0
     0
     6
     0
     3
     0
    11
   111
   191
    75
    24
   181
    28
    32
    22
    14
    14
   189
    19
    24
   112
    31
    35
    11
     6
     0
     3
     4
     0
     1
    73
   108
    30
   105
    77
    27
    26
    90
    33
    44
    26
    11
    90
    33
    56
    47
    43
    19
     0
     1
     1
     0
     0
     3
    69
   134
   258
   102
    43
    43
    53
    29
    76
    75
    93
    66
    27
    87
   143
    86
    77
    40
     6
     6
     0
     0
     7
     0
    54
   110
   115
    79
    24
     9
    30
    38
    72
    25
    61
    47
    71
    70
    29
    65
    53
    32
     0
     4
     0
     8
     0
     0
    15
   164
    30
    67
    37
    18
    37
    22
    49
    27
    31
    49
    15
   189
   306
   109
    47
    77
     0
    12
     0
     0
     0
     0
    20
    28
   237
    74
    57
    31
    33
    25
    30
    61
    53
    25
    54
    22
   161
    51
    47
     8
     0
     0
     3
     4
     0
     0
    27
    86
    94
    67
    64
    47
    26
    27
    30
    36
     9
    70
    55
    27
   249
    43
    45
    30
     0
     0
     0
     0
     0
     8
    46
    27
    66
   113
     8
    23
    71
    60
    37
   162
    32
     9
    37
   209
    70
    63
    19
    29
     0
     8
     0
     8
     2
     3
    22
    46
    71
    62
    86
    51
    70
    33
    26
    28
    37
    25
    19
    70
    28
   125
    39
    21
     0
     0
     2
     0
     8
     0
    41
    39
   158
   102
    43
    17
    31
    55
    23
    64
    54
    28
    66
    94
   158
    59
    58
    36
     3
     0
     0
     0
     0
     7
    24
   155
   110
   154
    33
    34
    40
    40
    78
    41
    52
    42
    39
    34
   229
    80
    17
    16
     0
     7
     0
     2
     0
     0
    13
   200
   191
   113
    28
    62
    23
    40
    36
    23
    32
    18
   105
    21
    20
    68
    50
   135
     0
     0
     0
     6
     2
     0
    12
    63
    43
    68
    38
    38
    46
    32
    54
    26
    26
    56
    23
    25
    83
     9
    13
    18
     0
     0
     7
     0
     6
     0
    18
   191
   222
    32
    46
    24
    90
    13
   103
   101
    37
    21
    15
   152
   185
    14
    38
    25
     0
     0
     0
     1
     3
     0
    46
    63
   189
    69
    28
    36
    32
    41
    43
    37
    36
    28
    27
   186
   177
   201
    34
    20
     0
     0
    10
     0
     7
     0
   104
   182
    54
   199
    27
    22
    34
    28
     3
    20
    46
    32
    12
    26
    61
    37
    39
    18
     0
     0
     1
     7
    15
     0
   114
   123
   158
   174
    46
     8
    44
    28
    18
    17
    19
    78
    46
   171
   130
    73
    50
    18
     3
     0
     3
     6
     1
    11
   134
    98
   123
    30
    50
    40
    29
    89
   160
    23
   102
    47
    36
    11
    66
   161
    25
    30
     0
     0
     6
     0
     0
     0
    11
    20
    67
    13
    14
    83
    35
    49
    45
   140
    43
    50
    44
    16
    18
   198
    25
    32
     9
     0
     0
    19
     0
     8
    30
   152
   124
    55
    41
    65
    43
    40
    58
    36
    13
    29
     4
    51
    92
    46
    40
    19
     0
     0
     0
     0
     0
     3
    38
    64
   121
   129
    29
    44
    13
     6
    23
    25
    36
    22
    76
    35
    98
    75
    10
    24
     0
     2
     0
     0
     0
     0
     1
   113
   193
   112
    33
    22
    37
   162
    19
    37
    85
    47
    55
    15
   111
    65
    15
    50
     0
     0
     0
     4
     4
     0
    33
   160
   123
    22
    32
    44
    25
    20
    10
    35
    31
    40
    44
    11
    24
    67
   119
    38
     4
     1
     2
     0
     0
     0
    26
    77
    67
   122
    24
    36
    47
    47
    37
   159
    10
    31
    76
    36
   406
   121
    81
    28
     2
    16
     0
     2
     0
     6
    34
    71
   133
   196
    56
    28
    55
    40
   225
    30
    43
    43
    48
    89
    75
   124
    52
    35
     4
     1
     0
     3
     0
     5
   119
    15
    50
    64
    10
    26
    61
    55
   141
    15
    44
    46
    16
    17
    61
    44
    26
    50
     0
     0
     0
     0
    11
     4
    44
    32
    94
    29
    12
    26
    46
    26
    36
    14
    81
   101
     6
    29
    74
   105
    20
    21
     9
     0
     0
     0
     0
     5
    28
    10
   224
    52
    17
    41
    45
    39
    32
    32
    48
    25
    40
    13
   218
   199
    19
    39
     0
     0
     0
     0
     0
     0
    21
    34
    94
   122
     5
    26
    34
    52
    36
    18
    24
    21
    36
    49
   251
    36
    34
    40
     0
     0
     4
     0
     1
     0
    31
    16
   109
    63
    64
    21
    64
    21
    12
     7
    14
    22
    95
    44
    34
    17
    11
    49
     6
     0
    10
     0
     0
     0
    38
    68
   191
   233
    60
    24
    26
    74
    32
    43
    16
    25
    38
     8
   106
    18
    40
   100
     0
     6
     0
     0
     4
    11
    62
    63
   106
   152
    78
    35
    46
    35
    32
    58
    57
    99
    36
    24
    92
   109
    72
    24
     0
     0
     0
     5
     0
     0
    68
    55
   133
    53
   127
    49
    50
    15
    44
    28
   108
    25
    22
    34
    47
    34
    24
    10
     2
     0
     0
     4
     4
     0
   104
    88
   122
    71
    31
    48
    30
    55
    36
    41
    27
    14
    46
    36
   151
    64
    53
    40
     0
     5
     0
     0
     0
     0
    38
    60
   186
   143
    28
    29
    35
    30
    35
    19
    49
     7
    30
    67
    61
    65
    21
    20
     1
     0
     0
     7
     7
     0
    60
   160
   265
   184
    48
    62
    18
     7
    16
    26
     7
    25
    46
    24
   206
   199
    16
    36
     2
     0
     0
     0
     0
     3
    39
    15
   173
   141
    24
   166
    23
    24
    23
    44
    19
    23
    34
    28
    77
    24
     6
    25
     1
     0
     1
     9
     0
     0
    75
   113
    62
   137
    74
    39
    14
    41
    73
    45
    22
    31
    33
    21
    65
    36
    21
    33
     4
     0
     4
     0
     0
     0
   152
   107
   222
   151
    25
    74
    50
    58
    13
    42
    24
     9
    35
    61
    72
    18
    18
    31
     0
     0
     0
     0
     0
     6
    77
     8
   107
   178
    18
    35
    37
    31
   180
    36
    26
    31
    30
    22
    41
    62
    29
    18
    12
     0
     0
     0
     0
     2
    16
    55
   152
    78
     9
    20
    25
    32
    61
    60
    86
    74
    12
    33
   338
    27
    21
     5
     0
     0
     2
     9
    13
     0
    57
    93
    87
   105
    50
    50
    32
    30
    29
    20
    16
    43
    11
    12
    22
    73
    15
    27
     0
     0
     2
     0
     0
     8
   101
    22
    50
   134
    88
    19
    36
    14
    18
    39
    23
     8
     5
    34
    28
   102
    16
    81
     0
     0
     0
     0
     4
     5
    86
    65
    95
   212
    58
    53
    30
    56
    11
    27
    19
    81
    23
   169
   246
    75
    19
    44
     0
     0
     0
    10
     8
     0
    82
   100
   219
    88
    35
    40
    36
    29
    83
    47
    49
    62
    40
    48
   123
   237
    35
    15
     0
     4
    10
     0
     8
     0
    70
    30
   141
    69
    38
    31
    22
    65
    32
    46
    29
    70
    42
    45
    43
    29
    46
    45
     0
     0
     0
     0
     0
     6
    25
   120
    64
   107
    35
    29
    13
    53
    43
    50
    66
    14
    47
   195
    60
    26
    34
    39
     0
     4
     4
     9
     0
     0
    89
   162
    76
    78
    34
    43
    13
     6
    15
    24
    53
    31
    15
    16
    73
    15
    29
    26
    15
     0
     0
     2
     8
     0
    40
    19
    95
    92
    13
   184
    28
    19
    24
    36
    67
    29
    34
    54
    72
    20
    14
    32
     0
     0
     0
     0
     0
    13
    68
    61
   149
    26
    23
   182
    74
    45
    25
    32
    30
    14
    19
    16
    26
   208
    53
    26
     0
     0
     0
    10
     0
     0
    97
    52
   134
   103
    21
    28
   174
    38
    11
    11
    53
    44
    73
   171
    39
    95
    53
    89
     1
    10
     0
     4
     0
     3
    96
   124
    57
   100
   171
    37
    61
    33
    24
    70
    11
    38
    64
    22
    44
    81
    33
    40
     4
     9
    10
     8
     0
     0
    24
   154
   190
   187
     6
    16
     8
    24
    39
    39
    31
    47
    29
    31
   115
   117
    59
    21
     1
     0
     0
     5
     9
     1
    96
    54
   204
    92
    21
    31
    30
    30
    37
    13
    73
    17
    17
    27
    14
    81
    19
    72
     0
     0
     0
     3
     0
     0
     4
   103
   172
   145
    28
    13
     9
    21
    27
    25
    16
    15
    18
    49
    34
    80
   216
    17
     3
     0
     0
     6
     0
     1
    39
    93
   111
    41
    14
    64
    23
    81
    29
    50
    33
    69
     9
    32
    52
    35
    17
    41
     0
     0
     0
     0
     0
     0
    19
    33
   157
    25
    26
    48
    29
     5
    13
    22
    24
    45
    26
    70
    60
    63
    46
    32
     0
    10
     3
     0
     1
     0
    52
    71
   184
   148
    15
    14
    82
    18
    17
    21
    40
    54
    20
    50
    13
   166
    17
    27
    18
     0
     0
     0
     6
     0
    82
   247
   296
    98
    40
    20
    45
    51
    90
    30
    41
    35
    42
    71
    95
   108
     7
   124
     0
     0
     0
     0
     0
     5
   139
    47
    36
   159
    37
    72
    86
    22
    44
    24
    27
    18
    25
    77
   135
    29
    37
    43
     0
     0
     0
     4
     0
     0
    23
    87
    61
   169
    18
    16
     6
    40
    14
    15
    64
    47
    16
    16
    30
    59
    22
    12
     3
     0
     4
     3
     0
     6
    21
   129
    70
   111
    20
    17
     8
    25
     5
    28
    33
    39
    13
    43
   151
    42
    81
    31
     0
     7
     0
     4
     7
     0
    47
    48
    98
    72
    32
    82
   195
    28
    43
    19
    66
    55
    26
    71
    42
    85
    30
    35
     0
     0
     1
     0
     1
     5
    58
    69
    65
    67
    24
    28
     9
    42
    25
    62
   143
    16
    21
    19
    11
    13
    25
    29
     0
     0
     1
     0
     6
     4
    70
    48
    77
    92
    33
    26
    17
    25
    12
     8
    27
    20
    24
    18
   119
    18
    41
    44
     0
     0
     0
     0
     0
     0
    35
   137
    57
   102
    33
    37
    99
    18
    63
     8
    60
    43
    20
    18
   150
    71
   113
    24
     0
     0
     3
     1
     0
     0
    47
   219
    86
    17
    18
    39
    23
   118
    45
    19
    34
    34
    45
    27
   169
    33
    37
    88
     0
     0
     0
     0
     1
     0
    65
    62
   129
    91
    32
    19
   158
    22
    33
    83
    27
    28
    23
    25
    95
    63
     9
    72
     0
     0
     9
     6
     0
     4
    15
    87
   144
   109
    15
    21
    63
    14
    15
    25
    12
    46
    15
    55
    66
    50
    57
    99
     3
     1
     0
     0
     0
     7
    24
    52
   143
    75
    82
    58
     2
    75
     9
    10
    23
    67
    13
    73
    71
   127
    39
    53
     0
     7
     4
     0
    10
     0
    30
   126
   103
    93
    20
    16
    62
     8
    31
    40
    48
    55
    54
    37
    75
    25
    12
    33
     0
     0
     0
     0
     0
     0
    36
   172
    65
    73
    18
    34
     0
    42
    67
    38
    66
    63
    42
    32
    19
    50
    23
    20
     0
     0
     3
     0
     7
     0
    39
    44
    90
    70
    39
    20
    27
    27
   105
     8
   233
    12
    57
    85
    50
    75
    28
    34
     0
     9
     4
     0
     0
     4
   113
   101
    36
    61
    47
    62
    37
    65
    94
    50
    14
    92
    37
    62
    70
    23
     6
    18
     0
     0
     4
     0
     0
     0
    13
    54
   127
    66
    27
     8
   149
    29
    51
    43
   170
    26
     9
     7
    25
   120
    34
    53
     4
     0
     0
     0
     8
     0
    53
   148
   136
    88
    13
    26
    17
    18
    41
     8
    23
    21
    47
     8
   164
    50
    46
    35
     0
     0
     0
     0
     1
     0
    19
    69
    97
   125
    31
    34
     7
    18
    83
    36
   163
    22
    25
   102
    43
   108
    14
    12
     2
     0
     0
     6
     0
     6
    46
    16
   198
    53
    22
    20
    61
    17
    30
    25
    38
    13
    23
    60
    18
    33
    25
    45
     1
     0
     1
     0
     3
     0
    78
    92
   142
    74
    49
    46
    18
    28
    19
    37
    11
    32
    76
    26
    27
   243
    30
    30
     0
     0
     1
     0
     2
     1
   118
   164
   130
    98
    27
    57
    47
    41
    35
    31
    16
    87
    69
    75
    85
   104
    27
    31
     3
     0
     0
     2
     1
     0
    17
    69
     8
    23
   120
    29
    20
    36
    27
    25
    99
    64
    50
    65
    92
   101
    26
    95
     0
     0
     0
     5
     1
     5
    19
    78
    98
    96
    35
    44
    18
    30
    30
    18
    17
    26
    15
    12
    84
    28
    19
    61
     0
     0
     0
     0
     3
     0
    11
    52
   131
   108
    39
     8
    85
    30
    47
    21
     6
   192
    19
    16
    63
    70
    32
    24
     0
     0
     0
     0
     4
     1
    60
    70
    49
   111
    37
    44
    55
    14
    47
    26
    14
    17
    21
    24
    13
   256
    25
    34
     2
     0
     0
     0
     0
     6
    72
    22
   111
    34
   173
    31
    20
    38
    72
    37
    16
    38
    36
    28
    71
    14
    17
    53
     0
     0
     6
     2
     0
     0
    33
    71
    11
    64
    48
    78
    25
    55
    34
    44
   169
    30
    11
    37
    61
    50
    31
    25
     0
     7
     0
     1
     0
     4
    35
    89
   156
    63
    20
    26
    30
    56
    18
    26
    21
    36
    18
   106
    91
    73
    55
    96
     0
     0
     0
     0
     0
     0
    95
    95
   124
   109
    27
    37
    29
    23
    39
    37
    21
    58
    13
    83
   163
    82
    26
    45
     0
     0
     0
     0
     0
     0
    12
    92
   193
   110
    23
    59
    36
    32
    20
    29
    59
    65
    29
    24
    86
    72
    62
    13
     0
     0
     0
     0
     0
     0
    78
   106
   196
    11
    23
    24
    60
    26
    31
    30
     6
    28
    12
    27
    10
    25
    26
    40
     0
     0
     0
     0
     0
     0
    22
    51
    28
    94
    24
    24
    27
    31
     2
    40
    17
    17
    61
    14
    89
     9
    25
    15
     0
     0
     3
     6
     8
     6
    40
    63
    44
    53
    58
    34
    24
    12
    12
    20
    72
    16
    52
    12
   311
    65
    25
    71
     0
     0
    13
     0
     0
     0
    10
   105
   167
   118
    20
    21
     9
    24
    20
    34
    21
    31
    42
    30
    94
     6
    31
    21
     0
     0
     0
     3
     8
     0
    24
    28
    37
    81
    39
    48
   222
    20
    74
    24
    31
    74
    45
    96
   221
    60
    23
    54
     0
     0
     0
     0
     8
     0
    76
   123
    88
   151
    35
    31
    30
     5
    15
    48
    37
    43
    61
    16
   194
    19
    70
    66
     0
     0
     0
     0
     0
     7
    55
    82
   240
    89
    30
    29
    64
    32
    45
    15
    33
    18
    29
    40
    61
   153
   204
     6
     0
     0
     0
     0
     0
     1
    30
    57
    45
   125
   141
    72
    14
    11
    25
    35
    19
    35
    30
   154
   151
    17
    28
    15
     0
     0
     0
     4
     6
     0
    38
   100
   188
   109
    77
    52
    36
    44
    40
    34
    67
    12
    29
    13
   249
   108
    57
    58
     0
     0
     0
     0
     6
     0
    80
    45
   225
    58
    51
    50
    49
    31
    20
    27
    28
    38
    99
    42
    46
    20
    18
    11
     0
     0
     0
     4
     4
     4
    34
    65
   132
    58
    23
    32
    22
   188
    37
    31
    23
    19
    24
    20
   229
   139
    30
    18
     0
     0
    11
     0
     0
     0
    63
    81
     9
    83
    38
    27
    42
    29
    37
    35
    17
    23
    17
    35
   248
   153
    36
    26
     0
     0
     7
     0
     4
     0
    34
   113
   212
    27
    59
     8
    50
    76
    49
    30
    23
    42
    47
    61
    24
   168
    20
    13
     0
     2
     0
     0
     8
     0
     8
   154
    80
   104
    12
    18
    23
    39
    10
    33
    18
   169
    20
    42
    69
    25
    45
    17
     0
     5
     5
     0
     0
     0
     8
    51
   183
   111
    34
    60
    17
    83
   154
    42
    75
    19
    25
    61
    69
    28
    34
    11
     1
     0
     0
     6
     0
     0
     7
    20
   112
   207
     9
    64
     5
    18
    29
    31
    21
    62
   135
     8
     6
   149
    16
    10
     0
     0
     0
     0
     0
     0
    48
    63
    57
    26
    57
    60
    74
    14
    50
     8
    26
    18
    27
    69
    19
    18
    23
    24
     0
     0
     4
     6
     0
     0
    36
    26
    71
    94
    21
    32
    61
    30
    23
    25
    88
   210
    44
    29
    54
    61
     0
    18
     0
     3
     0
     0
     0
     0
    56
   133
   148
   103
    41
    35
    30
    27
    30
    82
    38
    56
    42
    84
    70
    61
    14
    32
     0
     2
     0
     0
     8
     0
    64
    95
   128
    22
    13
    30
    31
    73
    32
    33
    25
    51
    29
    36
    76
    44
    78
    31
     0
     0
     0
     0
     5
     0
    30
    48
    66
    37
    23
    53
    22
    31
    14
    33
    24
    32
    14
     5
   167
    38
    82
    10
     0
    11
     0
     0
     2
     0
    57
    13
    85
    66
     4
    23
   195
    19
    16
     9
    16
   156
    26
    21
    71
    80
    49
    24
     0
     0
     0
     8
     0
     0
    73
    63
    95
    35
    50
    44
    38
    11
    13
    34
     8
    69
    14
    29
    72
   175
    31
   135
     0
     0
     4
     0
     6
     0
    10
    80
   259
   184
     9
    69
    17
    52
    26
   174
    47
    21
    28
    26
   102
    54
    34
     8
     2
     0
     0
     8
     0
     0
    23
   119
   110
    62
    32
    18
    24
    59
    35
    45
    27
    15
    78
    14
    13
    63
    18
    20
     0
     5
     0
     2
     2
     2
    33
    65
   158
   106
    68
    18
    62
    29
    26
    43
    15
    37
    24
    23
    65
    26
   160
    53
     0
     0
     9
     0
     2
     0
    91
    82
   154
    83
   124
    67
    22
    27
    50
    21
   121
    10
    33
   104
   129
    41
    35
    89
     0
     0
     0
     0
     0
     0
    61
    23
   176
    13
    36
    57
    28
    19
    33
    38
    21
    67
    19
     5
    34
   111
   105
    39
     0
     0
     0
     8
     0
     2
    55
    29
   248
   158
    16
    33
     6
    20
    51
    26
    19
    73
    94
   228
   124
    58
    46
    44
     0
     0
     0
     0
     2
     4
    58
    26
    51
   123
    55
    28
    23
    18
    22
    14
    52
    26
    43
    17
    92
    59
    21
    35
     6
     0
     1
     7
     6
     9
    42
    37
    89
   101
    18
    25
   155
    71
    28
    20
    24
    26
    40
    13
    95
    62
    12
     9
     0
     0
     3
     2
     0
     0
    21
    89
    64
    45
    58
    35
    25
    12
    29
    80
    17
    19
    37
    40
    95
   214
    58
    32
     0
     0
     2
     0
     8
     0
    69
    37
    95
   162
    46
    24
    40
    94
    27
    14
   212
    42
    24
   181
    20
    38
    38
    15
     0
     0
     1
     0
     0
     0
    50
   151
   285
   121
    29
   104
    53
    21
    27
    42
    20
    75
    36
     8
    78
   165
    19
    33
     0
     0
     0
     1
     2
     9
    63
    61
   109
    24
    11
    22
    53
   162
    21
    16
    42
    74
    31
   175
    73
    76
    21
    16
     6
     0
     0
     0
     0
     0
    14
   146
    68
   136
    35
    14
    32
    19
    11
    36
    17
    35
    53
    15
    60
    14
    63
    69
     9
     0
     0
     0
     0
     6
    21
    57
   146
    72
    58
    16
    16
    27
    57
   168
    30
    23
    25
    23
    47
    54
    40
    21
     0
     0
     0
     4
     0
     0
    51
    32
   107
    92
    13
    53
     8
    30
    81
    73
    28
    24
    16
   209
    25
   150
    15
    23
     0
     7
     0
     0
     0
     2
    19
    66
   251
    51
    21
   160
    13
    18
   130
    20
    29
    38
    23
    25
    13
    63
    21
    25
     0
     6
     0
     5
     4
     0
    54
    77
   169
   196
    20
    47
    74
    34
    30
    20
    37
    49
    10
    52
    70
    72
    22
    58
     0
     0
     0
     0
     3
     0
    34
    75
   132
    80
    17
    70
    30
    23
   159
    42
    29
    24
    22
    29
   154
    28
    31
    22
     0
     0
     0
     0
     0
     0
    10
    18
    19
   146
    28
    25
    60
    64
    93
   111
    13
    24
    12
    27
    53
    76
    59
    52
     0
     0
     0
    11
     0
     7
    33
   184
   220
    49
    16
    14
     8
    22
     7
    42
    37
    10
   202
    25
    48
    26
    38
    48
     0
     0
     0
     0
     1
     0
   114
    17
    98
    82
     9
    20
    25
    40
    14
    20
    28
    22
    73
    58
    23
    31
    35
     8
     0
     8
     0
     0
     0
     0
    38
    35
   184
    17
     9
    65
    81
    18
    15
    38
    20
    41
    50
   179
    29
    55
    28
     8
     0
     0
     0
     5
     0
     0
    70
    67
   232
     6
    37
    65
    26
    17
    29
    35
     6
   122
    38
    17
    68
    80
    23
     5
     0
    11
     0
     5
     0
     0
    87
    33
   255
    98
    47
    33
    30
    43
    27
    53
    27
   301
    49
    21
    16
   118
    13
    16
     0
     7
     0
     0
     0
     0
    26
    51
    66
    72
    38
    14
    29
    25
    51
    32
    56
    40
    50
    41
   248
    73
    31
    13
     3
     0
     0
     0
     0
     0
    42
    25
    97
    23
    38
   121
   200
    33
    17
    47
    11
     8
     4
    22
    28
    58
    21
    21
     0
     0
     0
     0
     0
     0
    27
   181
   221
    81
    33
     2
     3
    42
    34
    20
    27
   266
    68
    24
   196
    21
    34
    17
     0
     1
     0
     0
     0
     3
    18
   105
    66
    15
    18
    10
    15
    34
    17
    23
    31
    24
     9
    29
    17
    25
    74
    62
     0
     0
     0
     0
     0
     0
    62
    90
     9
    19
    28
    33
    13
    14
    18
    24
    25
    33
    30
    17
    21
    29
    40
    29
     0
     0
     0
     0
     0
     0
    42
    72
   123
    99
    50
    14
    25
    28
    25
    77
    15
    28
   307
    15
    44
   127
    17
    42
     0
     0
     0
     9
     0
     0
    29
    21
   111
    31
     7
    27
     3
    56
    12
    42
    20
    73
    11
    29
   168
    24
    33
    21
     0
     5
     0
     0
     1
     0
    42
    64
   263
    70
    30
    26
    34
    22
    30
    36
    59
    68
    13
    30
    91
    64
    44
    32
     0
     3
     0
     0
     0
     9
    89
   176
    89
    58
    21
    29
    13
    31
    15
    29
    17
    13
    38
    35
   150
    58
    36
    17
     0
     0
     3
     0
     0
     0
    36
    48
    52
    93
    46
    32
     6
    32
    24
    81
    15
    17
    25
    30
    30
    11
    30
    24
     0
     2
     0
     0
     6
     0
    75
    93
   145
    67
    26
    27
    26
    37
    25
    39
    47
    60
     7
    67
    66
    35
    38
    17
     0
     0
     0
     3
     0
     1
    37
    28
   112
    75
   158
    58
    18
    47
    22
    31
    21
    69
    16
    72
    48
   153
    31
    18
     0
     1
     0
     0
     0
     1
    49
    49
   137
    48
   150
    25
    25
     8
    14
    53
    26
    25
    45
    39
    69
    18
    29
    14
     0
     3
     7
     0
     0
     8
    44
    99
   161
    86
    23
    50
    20
    24
    25
    31
    34
    95
    43
    50
    37
    36
    31
     9
     0
    19
     1
     7
     2
     0
    91
    64
   159
    49
    67
    47
    34
    16
    43
    38
    40
    37
    60
    76
    67
    71
    50
    64
     8
     0
     4
     3
     0
     1
    14
   102
   221
    35
    32
    25
    45
     8
    19
    12
    64
    12
    30
    66
    65
    20
    14
     8
     1
     0
     6
     0
     0
     0
     8
    30
   191
    92
    29
    36
    17
    20
    24
    17
    27
    38
    26
    83
    26
    67
     3
    29
    10
     0
     2
     0
     0
     0
    63
   151
   182
    28
    18
    25
    27
    41
    74
    10
    18
    16
    17
    87
    12
    58
    42
    10
     0
     3
     0
     0
    10
     0
    33
   234
    71
    95
    28
    38
    36
    48
    29
    99
    26
    30
    43
    37
   117
    18
    29
    27
     0
     0
     0
     0
     8
     0
    55
    43
    67
    60
    25
    15
    58
    17
    17
    21
    24
   165
     5
    19
   123
    23
    21
    17
     0
     0
     2
     7
     0
     9
    36
    99
   261
    30
   179
    44
    39
    46
    23
    44
    37
    55
    43
    30
    85
   329
    44
    16
     0
     0
     0
     0
     0
     0
    20
    56
   233
    49
    30
    55
    62
    32
    33
    49
    33
    37
    31
    35
   179
    46
    31
    20
     0
     0
     5
     0
     0
     0
    41
   132
   333
   103
    33
    16
    64
    41
    27
    15
    19
     9
     6
    37
    55
   132
    23
    27
     0
     4
     0
     0
     0
     1
    28
    71
    31
   106
    59
    34
    20
    28
    19
    59
    24
    19
    13
   141
    82
    65
    10
    35
     0
     0
     0
     6
     1
     1
    19
   195
    65
    59
   120
    30
    20
    37
    31
    25
    37
    37
    22
    45
    21
    96
    37
    31
     6
     7
     5
     0
     0
     0
    35
   136
    11
    43
    31
    19
    16
    72
    21
    26
    23
    34
    35
    54
    24
   111
    27
   108
     0
     0
     4
     0
     0
     3
    59
   141
   103
    68
    28
    48
    28
    27
    21
    18
    29
    37
    25
    24
    18
    75
     7
    28
     0
     2
     0
     3
     8
     7
    48
    99
   244
    54
    32
    32
    23
    22
    33
    18
    30
    27
    62
    67
    69
   209
    46
    33
     6
     1
     1
     0
     0
     0
    48
   143
    66
   243
    89
    35
    26
    39
    66
    40
    40
    19
    33
     8
   138
    60
    55
    40
     0
     0
     0
     0
     0
     7
   107
    97
    77
   118
    10
    62
    19
    26
    23
    88
    29
    30
   106
    60
    48
   264
    22
    11
     1
     8
     0
     7
     0
     0
   144
   129
    34
   110
    49
    33
    10
     5
    50
    18
   166
    33
    27
   156
    55
    87
    31
    17
     4
     0
     0
     0
     0
     7
    15
   103
    91
   166
    11
    18
    36
    52
    47
     3
    14
    19
    27
     4
    54
    61
    27
    21
    11
     0
     0
     0
     1
     0
   126
   174
   155
   140
    73
    44
    21
   115
    22
    19
    22
    15
    27
    66
   200
    57
    28
    12
     0
     0
     0
     0
     1
     0
    73
    94
   209
    67
    19
    14
    10
    25
    40
    28
    11
    36
    84
    21
    30
    23
    22
    61
     9
     4
     4
     0
     0
     2
   129
   119
    87
    28
    56
    40
    17
    37
    52
    39
    41
    26
    33
    21
    18
    68
    12
    29
     0
     0
     0
     0
     2
     5
    25
    90
   134
   116
    87
    28
   125
    35
    62
    36
    23
    23
   168
    80
    67
    55
    19
    75
     0
     0
     0
     7
     0
     8
    53
    62
   181
    65
    19
    25
    11
    21
    42
    22
    77
    35
    17
    61
    51
    58
    13
    29
     0
     0
    10
     3
     0
     0
    37
    58
    39
     6
    37
     7
    30
    24
    59
    26
    64
    34
   151
    36
    54
    69
    34
    68
     0
     0
     0
     5
     0
     0
    91
    35
   129
    41
    13
    19
    66
     5
    16
    10
    25
    19
    16
    59
    33
   196
    22
    60
     0
     0
     0
     2
     0
    22
    20
   104
   104
    77
    70
     8
    33
    49
    18
     6
    20
    53
    12
    16
    76
    60
    14
    14
     0
     0
     0
     0
     5
     5
    81
   106
   259
    21
    30
    42
    26
    30
    37
    11
    22
    28
    62
   121
     5
   131
    16
    17
     0
     0
     1
     0
     0
     0
    29
    85
    81
    29
    42
    30
    35
    43
    16
    48
    22
    15
    38
    27
   222
    21
    31
    16
     1
     0
     0
     0
     0
     9
    21
    72
   154
    75
    35
    61
    80
    32
    20
     8
    19
    56
    27
    55
   236
   247
    14
    13
     0
     0
     1
     0
     0
     0
    19
    30
    71
   187
    27
    39
     7
    47
    19
    20
    12
    65
    46
    38
   106
    29
     9
    47
     0
     7
     0
     0
     0
     4
   107
   111
   227
   131
    78
    26
    27
    32
    40
    57
    18
    36
    87
    47
     0
   115
    25
    23
     2
     5
     6
     0
     0
    10
    21
   102
   167
    63
    12
    37
    21
   177
    41
    13
     7
    52
    43
    28
    76
    71
    35
    47
     2
     0
     0
     0
     6
     0
    16
    65
    18
   116
    78
    19
    21
    56
    35
    13
    23
    12
    17
    16
   198
    22
    52
    26
     1
     0
     0
     0
     0
     4
    14
   104
   220
    73
    46
    32
    12
    18
    41
    14
    49
    13
    26
    18
    70
    54
    20
     6
     0
     8
     8
     7
     0
     0
    59
   150
   406
   193
    68
    23
    56
    66
    26
    44
   111
    12
    28
   220
   213
    75
    18
    27
     0
     0
     9
     8
     0
     0
   120
   210
   102
   184
    52
    58
    88
    20
    37
    52
    49
    28
    38
    40
    94
    50
    61
    25
     1
     0
     0
     1
     7
     0
    34
    20
    52
    92
    40
    28
    34
    70
     0
    30
    26
    73
    25
    75
   148
    61
    34
    25
     0
     2
     0
     0
     0
     0
    37
   129
   158
    86
    31
    12
    27
    56
    12
    18
   154
    36
    62
    21
    34
    74
    73
    27
     0
     0
     0
     0
     0
     0
    24
    36
    62
    60
    32
    29
    22
    15
    30
    61
    32
    20
    29
   173
    54
    76
    44
    12
     1
     4
     0
     0
     0
     0
    61
    20
   136
    63
    25
    32
    29
    40
    80
    16
    29
    47
    30
    39
    81
    56
    19
    32
     4
     0
     4
     2
     0
     1
    28
   100
   191
   108
    22
    25
    15
    59
    22
    31
    40
    19
   159
   191
    69
    71
    57
    35
     2
     4
     0
     5
     0
     0
    61
    59
   116
    43
    72
    35
    17
    42
    30
    18
    19
    18
    61
    34
   180
   100
    24
    82
     0
     2
     0
    11
     0
     0
    30
    66
   134
    29
    36
    24
    17
    23
    12
    86
    46
    44
    67
    53
   191
   217
    34
    20
     0
     0
     0
     4
     0
     0
    17
    43
    98
   191
     8
    27
   196
    61
    28
    48
    55
    65
    22
    64
    59
    22
    16
    35
     3
     7
     0
     0
     0
     0
    45
   109
   205
   146
    89
    10
    20
    28
    36
    14
    21
    16
    29
    26
    43
   173
    36
    33
     0
     0
     0
     1
     3
     0
    27
    91
   213
   106
    22
    72
    27
    29
    38
    23
    24
    15
   167
    98
    22
   111
    20
    22
     0
     0
     3
     0
     0
     2
    61
    54
   135
   104
    81
    27
    28
    13
    58
    22
    34
    27
    37
     5
    51
    77
    35
    15
     0
     0
     0
     8
     6
     3
    16
    59
   167
    98
     9
    23
    41
   160
    31
    47
    28
    16
    71
    45
   122
    16
    37
    38
     1
    16
     3
     0
     0
     0
    30
    41
   101
   140
    33
    27
    32
    60
    54
    13
    63
    70
    59
    72
    84
   122
    53
    47
     0
     0
     0
     0
     0
    10
    95
    62
   123
   216
    75
    49
    31
    44
    34
    12
    40
    64
    19
    27
   102
    44
    34
    21
     4
     2
     0
     0
     3
     0
    28
   118
   164
   136
    32
    73
    50
    66
    47
    76
    28
    42
    23
    12
    20
    41
    17
    18
     9
     6
     7
     0
     2
     0
    36
    15
   286
    35
    22
    21
    57
   151
    33
    23
    26
    36
    76
    28
    20
   105
   168
    77
     0
     0
     0
     0
     0
     0
    79
    17
    66
    97
    24
    12
    37
    23
    56
    16
   211
    96
    17
   152
   396
    14
    27
    25
     0
     0
     0
     0
     0
     7
     0
    78
   160
   119
    60
    29
    52
    45
    23
   219
    16
    19
    50
    31
    85
    61
    41
    43
    42
     5
     0
     0
     0
     0
     4
    19
   278
   188
   106
    31
    36
    15
    57
    18
   161
    23
    28
    32
   203
    74
    26
    56
    88
     0
     0
     6
     0
    10
     2
    68
   142
   163
   185
    74
     6
   172
   175
    62
    41
    29
    40
    14
    29
   134
   166
    41
    48
     7
     2
     4
     0
     2
     1
    11
   150
   165
   146
    41
    13
    62
    39
   180
   159
   252
    29
    46
    55
    89
    84
    53
     8
     6
     3
     0
     0
    13
     5
    37
   100
    70
    55
     6
    55
    15
    39
    38
    19
    25
    15
    68
   155
   187
    43
    47
    32
     0
     0
     0
     0
     5
     0
    27
    74
    50
    48
    28
    19
    20
    69
    21
    35
    40
    18
    38
    24
   210
    64
    30
    11
     1
     0
     0
     5
     0
     0
     5
    57
   184
    79
    95
    26
    18
     1
    30
     9
     5
    26
    67
    30
    29
    61
    94
    23
     3
     4
     6
     0
     0
     0
    27
   195
    72
    97
    75
    40
    20
    32
    70
    37
    20
    73
    35
    55
    19
    59
    68
    54
     0
     0
     0
    10
     1
    13
    21
     6
   207
    33
    23
    24
    16
     7
    20
    56
    33
    23
    51
    22
    92
    16
    10
    22
     5
     3
     6
     0
     0
     2
    19
   154
   176
    19
   136
    63
    24
    52
    11
    36
   110
    72
    34
    76
    36
   171
    43
    37
     0
     0
     0
     0
     0
     0
    40
   114
   344
   123
    37
    22
    53
    63
    26
   347
    21
    16
    77
    36
    69
    39
    80
   126
     0
     0
     6
     0
     0
     0
    15
   122
    14
    64
    32
    22
    20
    28
    13
    17
     7
    47
    33
    79
   199
   303
    41
    36
     0
     0
     0
     1
     0
     0
    23
   118
    76
    31
    13
    17
     7
    33
    64
    31
   214
    54
    10
    20
   209
    33
    58
    21
     3
     0
     0
     0
     7
    13
    25
    58
   231
    50
    21
    38
    43
    22
    43
    27
    27
    33
    35
     4
    56
   142
    26
    69
     0
     8
     0
     0
     0
     0
    23
    34
   108
    59
    34
    25
    39
    52
    28
    59
    26
    11
    16
    19
    50
   224
    65
    30
     0
     0
     3
     0
     2
     2
    86
   145
   110
    12
    26
    26
    10
    12
   171
    41
    22
    18
    19
    15
    69
    80
    11
    31
     0
     0
     0
    10
     8
     0
    77
    54
   205
   234
    48
    44
    76
    47
    28
    15
    21
    22
    41
    26
    61
    72
    82
    15
     7
    18
     0
     0
     0
     0
    60
   176
    65
   144
    53
    82
    33
    53
    20
    17
    48
    39
    91
    63
    27
    24
     7
    83
     7
     6
     1
     4
     0
     6
   100
   222
    63
   152
    18
    99
    46
    46
    23
    20
    37
    23
    58
    23
   214
    33
    25
    25
     0
     7
     0
     5
     0
     0
    21
    19
   254
   233
    31
    12
    13
    34
    42
    43
    49
   175
    34
    20
    66
    65
     4
    85
     0
     4
     0
     0
     2
     0
    60
    81
   191
   104
    21
    20
    39
    45
    29
    26
   203
    63
    16
    32
   211
   138
    56
    65
     1
     0
     0
     6
     5
     0
    35
    74
   135
    67
    38
    57
    37
    36
    57
    39
     5
    26
    31
    31
     5
    97
    25
    25
     0
     0
     0
     0
     0
     0
    25
   109
   234
   105
    14
    87
    18
   204
    44
     8
    19
    17
    31
    28
   196
   204
    33
    13
     0
     0
     7
     4
     0
     3
    73
    79
   179
    18
    31
    22
    24
    26
    71
    34
    37
    41
    39
    15
    36
   104
    12
    19
     0
     1
     0
     0
     7
     0
    24
    67
   147
    23
    62
    35
    54
    40
    34
    29
   105
    20
    42
    23
   193
    62
    64
    30
     6
     0
     0
     0
     4
     0
   108
    99
    76
    56
    29
    45
    46
    28
    63
    23
   145
    60
    73
    21
    66
    29
    24
    22
     0
     1
     2
     0
     0
     0
    11
    18
    59
    20
   113
    12
    83
    38
    16
    15
    30
    42
    15
    31
    23
    97
    35
    17
     2
     2
     0
     4
     0
     0
    94
   164
   266
    72
    38
    19
    55
    75
    17
    12
    30
    11
   179
   163
   107
   124
    55
    42
     6
     0
     2
     8
     0
     0
   102
    56
    52
    47
    26
    31
    44
    40
     7
     7
    27
    10
    22
    28
    26
   150
    15
     9
     3
     1
     5
     4
     0
     0
    26
   165
   169
   210
    19
    45
    35
    23
    30
    40
   112
    57
    26
    21
    16
    91
    35
    12
     0
     2
     0
     0
     4
     5
    69
    83
   249
   123
    26
    15
    22
    22
    50
    72
    33
    44
    30
   240
    99
    12
    76
    25
    14
     7
     0
     2
     0
     0
    63
   120
    93
   159
    72
    37
   261
    30
    72
   106
   201
    49
    27
    24
    79
   118
    30
    57
     0
     0
     8
     0
     7
     5
    59
    64
    72
   227
   173
    17
   106
    37
    24
    39
    41
    18
    56
    40
    33
    51
     8
    40
     0
     0
     0
     4
     0
     0
   106
    92
    93
    83
    36
    31
    25
    19
    53
    17
    16
    23
    30
    40
    21
    39
    87
    27
     2
     9
     0
     0
     1
     0
     5
    84
   102
    61
    15
    29
    39
    41
    33
    44
   111
    41
    36
   113
    53
    44
    20
    18
     0
     0
     0
     0
     1
     0
    17
   114
   174
   118
    42
    17
    37
    24
    35
    54
    50
    65
    20
    74
   184
    69
    20
    37
     0
    10
     0
     5
     0
     0
    65
   120
   139
    79
    19
    23
    41
    17
    10
    20
    21
    40
    84
    34
   155
    35
    15
    14
     5
     0
     0
     0
     0
     0
    82
    53
   172
    50
    17
    78
    99
   176
    77
    54
    80
    34
    36
    33
    13
   167
    12
    54
     1
     0
     0
     0
     4
     4
   154
   108
   485
   135
    42
    48
    45
    57
    92
    33
    28
    39
    32
    33
    12
    21
    26
    27
     0
     0
     0
     0
     0
     0
    25
    64
    64
    70
    16
    26
   231
    54
    39
    21
    12
    30
     4
   186
    26
   116
    26
    24
     0
     0
     0
     3
     0
     3
    65
   185
   145
   154
   176
    37
    29
    42
    39
     4
    57
    23
    28
   220
    14
   168
    28
    67
     1
     0
     0
     0
     0
     0
    37
    82
    58
   198
    60
     2
    31
    38
    27
    64
    45
    37
    14
   161
   161
    82
    86
    75
     0
     0
     1
     3
    13
     6
    74
    79
   352
    29
    37
    28
    31
    12
    30
    45
    43
    20
    42
    31
   209
   101
   205
    77
     0
     6
     0
    10
     3
     0
    33
   142
   221
   202
    15
    37
    29
    29
    22
    32
    77
    90
    15
    39
   200
    20
     9
    15
     1
     0
     0
     7
     7
     0
    44
   111
    93
   228
    34
    37
    83
    67
   114
    38
    16
    53
    35
    27
   222
   165
    89
    46
     1
     2
     0
     0
     0
     3
    69
    56
   106
   172
    22
    41
    79
    10
    58
    32
    21
   160
    40
    65
    60
    22
    29
    57
     1
     0
     4
     7
     1
     0
    13
    95
   328
   160
    27
    11
    35
    28
    14
    32
    35
    13
    38
    25
    67
   339
    50
    21
     0
     0
     0
     0
     0
     5
    66
   137
   288
    56
    47
    55
    43
    18
    47
    20
    23
    28
    82
    31
    22
    46
    58
    38
     0
     0
     0
     6
     6
     5
    51
   184
    19
   113
    32
    25
    31
    37
    31
    23
    15
    37
    49
     5
    42
    64
    46
    78
     0
     4
     2
     0
     6
     0
    14
    78
    52
    21
    29
    30
    60
    28
    65
    46
    66
    26
   169
    66
    54
   148
    48
    33
     0
     0
     9
     0
     0
     0
    91
    33
   232
   194
    37
    26
    39
    57
    34
    16
    17
    22
    30
   121
    71
    15
    34
    69
     1
     8
     2
     2
     0
     6
    42
   154
   114
    34
    19
    17
    32
    31
    42
    12
    45
    14
    45
    50
    42
    83
    46
    49
     1
     0
     0
     0
     0
     0
    62
   123
   161
   214
    71
    23
    75
    56
    42
    71
    54
    90
    20
   110
    80
   114
    93
    13
     0
     0
     0
     1
     0
     5
    21
   106
   220
    89
    51
    23
    28
    28
    35
    10
    20
    75
    53
    19
    77
    77
    95
    28
     1
     4
     0
     0
     0
     1
   127
    88
   236
    37
    39
    32
    25
    42
    69
    22
    31
    19
    21
    93
    44
   156
    32
   231
     5
     1
     0
     0
     0
     0
    78
   129
    97
   220
    41
    62
    30
    26
    25
    46
    28
    34
    20
     2
    73
    31
    33
    27
     0
     8
     0
     0
     0
     0
    24
    62
   153
   147
    10
    55
    17
   129
    22
    20
    87
    22
    32
    27
    14
    97
    32
    41
     8
     0
     5
     0
     0
     0
    34
    61
   108
   132
    16
    49
    20
    37
    22
    61
    50
    30
    11
    74
    36
   382
    49
   119
     0
     0
     0
     4
     2
     2
    24
    67
   137
    63
    34
    52
    37
    91
    26
    67
    23
    44
    34
    88
    63
    57
    37
    48
     0
     0
     0
     0
     0
     0
    56
    57
    77
   119
    64
    87
    32
    73
    16
    37
    58
    22
    58
    96
   263
    65
    47
    34
     0
     0
     0
     3
     0
     4
    42
   158
    53
    61
    42
    96
    34
    38
    65
    18
    33
    33
   108
    21
   202
     7
    45
     0
     0
