    46
     0
     0
    12
     0
    56
   165
   166
   230
    39
    65
    60
    58
    32
    38
   200
    43
    45
   196
   114
   101
    62
    27
     0
     0
     0
     1
     0
     0
    47
   124
   359
   157
    43
    38
   244
    50
    62
    44
    43
    49
    76
    71
   375
   155
   145
    70
     0
     0
     0
    16
     1
     5
    36
   168
   224
    79
    47
   136
    48
    40
    27
    60
    71
    37
    93
   132
   128
    91
    45
    64
    14
    10
     0
     7
    10
     1
    35
   208
   230
   124
    52
    63
   242
    77
    54
    69
    81
    43
    44
    88
    91
   116
   104
    66
    10
     2
     3
     5
     0
     0
    31
   124
   134
   328
   131
    67
    30
    35
    31
    58
    14
    42
   127
    87
   150
   298
    41
    80
     7
     0
     4
     0
     0
     0
    91
   320
   269
   117
    82
    83
    76
    80
   192
   193
   110
    45
    75
    65
    94
   359
    40
   105
    26
     7
     0
     2
     0
     0
    95
   141
   233
   211
    37
    71
    69
    54
    70
   204
    53
    40
    77
   206
   116
   119
    52
    71
     5
     4
     7
     5
     2
     7
    88
   318
   183
   326
    54
    35
   103
    36
    19
    51
   115
   124
    89
    41
   209
   115
    41
    92
     0
    10
     0
     0
     0
     0
    62
    67
   294
    21
    21
    82
    61
   125
   355
    85
    62
   106
    31
    90
    31
   231
    30
    52
    11
     0
     0
     0
     7
     0
    61
   183
   252
   101
    82
    70
    74
    65
    68
    46
    54
    48
    50
    29
   285
   223
    84
    78
     3
     5
     0
     4
     0
     1
    50
   228
   362
   186
    70
    34
    60
    77
    13
    69
    46
    64
    75
    43
    54
    56
    52
    66
     0
     0
     0
     4
     0
     0
    57
   302
   358
   167
    51
   125
    22
    41
    42
    37
    48
   179
   135
   122
   315
   161
    42
    62
     0
     8
     2
     2
     5
     0
    37
   248
   336
   123
    62
    97
    61
   127
    44
   271
   172
   118
    85
    80
   337
   233
   143
    56
     8
     0
     3
     5
    15
     3
   106
   320
   321
   253
    75
    75
    50
    76
    44
   124
    57
   226
   109
    83
   152
   108
    48
    90
     5
     7
    12
     0
     4
     0
   106
    59
   299
   247
    35
    89
    58
   108
   179
    21
    89
    54
    43
   100
   269
    79
   106
    41
     7
     0
     0
     9
    12
     0
   100
   191
   373
   129
   164
    77
    55
    39
    46
    48
    55
    47
    42
    24
   115
    78
    28
    37
     6
     0
     5
     3
     0
     2
    39
   171
   237
    36
    51
    52
    68
    81
    53
    36
    70
    70
    57
    88
   195
   185
   103
    45
     0
     9
     0
     1
     8
     5
    11
   125
   227
   198
   188
    38
   119
   118
    89
    34
    51
    73
    70
    89
   338
   138
    59
    51
     7
     3
     9
     0
     4
     4
    51
   239
   263
   155
    46
    46
    76
   183
   104
    79
    53
    51
    46
    24
   223
   126
   147
    52
     7
    11
     0
     0
     0
    13
    57
   107
   328
   168
    80
   161
    53
    38
    56
    38
    73
    85
    46
    92
   153
   401
   117
   103
     4
    13
     7
     0
     0
     2
    16
    42
   396
   157
    95
    49
    86
   210
    56
    63
    44
    38
    35
   326
   184
   306
    36
    74
     0
     1
     5
    12
     0
     2
    71
   174
   208
   233
    45
    90
   180
    55
    53
    55
    70
    55
    24
    39
    57
   116
    90
   118
    14
     4
     0
     0
     1
     1
    93
   201
   122
    50
    68
    52
    61
    50
    88
    66
    40
    39
   110
    84
   101
    44
    66
    27
     0
     6
     8
    12
     7
     0
    80
   250
   352
   244
    47
    68
    44
    87
   105
    48
    45
    59
    77
    41
    74
   171
    91
    36
     4
     0
     0
     0
    11
     0
   144
   173
   234
   181
    44
    89
    48
    97
    67
    50
    42
   170
    46
   218
   271
    44
    79
    16
     3
     0
     6
     0
     0
     2
    84
   127
   197
   130
    80
    37
    63
    17
    44
    56
    11
    58
    41
    28
    30
   271
    67
    32
    16
     0
     6
     2
     0
     0
    70
   111
   248
   126
    60
   206
    33
    96
   104
    86
    62
   174
   192
    94
   236
   315
    41
    68
     8
    12
     3
     1
    17
     4
    52
   171
   300
   134
    48
    76
    51
    49
    36
   100
   348
    67
    63
    59
   196
    93
    59
    53
     8
     1
     0
     0
     0
     6
    81
   109
   179
    87
    68
   100
    97
    54
    39
    54
    58
    62
    74
   222
   352
   125
    43
    49
     7
     0
     1
     0
     1
    10
    31
   103
   321
    48
    64
   103
    67
    77
    67
    55
    81
    40
   200
    89
   161
   177
   194
    44
     0
    11
     0
     5
     0
     0
   107
    73
   130
   212
    60
    44
   210
    59
   192
    61
    43
    39
    41
    49
    70
   115
    67
    40
     9
     3
     0
     0
     3
     4
    44
   211
   381
   456
    53
    63
   117
    51
    67
   140
    29
    79
    95
    68
   291
   129
    74
    61
    13
     5
     0
     7
     0
     0
    56
   197
   187
   212
    38
   133
    97
    81
   122
    36
    51
    66
    49
    71
   127
    48
   137
    40
    11
    10
     2
     6
     1
     7
   111
   352
   159
    76
    73
    77
    60
    74
    85
    41
    90
   116
    57
   281
    92
    86
    40
    78
     3
     0
     5
    20
     4
     0
   131
   105
   504
   200
    40
   135
    58
    64
    61
    59
   115
    60
   100
   322
   129
    67
   109
    87
     9
     9
     0
     6
     0
     3
    99
   175
   452
   290
    33
    55
    43
    45
    85
    42
    49
   116
    58
    29
   357
   109
    91
   116
     1
     0
     0
     2
    10
    10
    65
    73
   185
   247
   201
    64
    48
    27
    91
    18
   126
    77
    29
    32
    62
   130
    46
    34
     1
     0
     2
     0
     2
     0
   159
   137
   243
   180
    30
    55
    49
    67
    14
    48
    84
    26
    63
    42
   124
    69
    80
    68
     0
     0
     0
     3
     0
     4
    44
   137
   276
   155
   125
    55
    19
    88
    34
    56
   102
   128
    36
    40
    95
    38
    44
   114
    10
     0
     7
     7
     0
     7
    38
   176
   401
    84
    63
    44
    99
    54
    37
    43
    38
    30
    55
    51
   125
    61
    47
    24
     0
     1
     0
     0
     6
     2
   156
   126
   210
   186
    16
    42
    59
    88
   180
   185
    58
    61
    35
    52
    98
    50
    87
    54
     4
     8
     6
     3
     1
     7
   122
   312
   275
   193
    40
    54
    92
    74
    78
    42
    96
   105
   113
   433
    91
   138
   102
    84
     7
     0
     0
     0
     0
     0
    25
   129
   117
    74
    50
    51
   109
   112
    50
    46
   144
    37
   139
    69
    99
   149
    65
    51
     4
     0
     0
     0
     8
     0
    92
    83
   273
   146
    33
    70
    64
    50
    49
    86
    97
    59
    60
   180
   311
   339
    41
    74
     2
     0
     0
     3
     2
     0
    69
   249
   399
   174
   190
    66
    98
    35
    93
    34
    66
    89
    16
    82
   326
    33
    66
   109
     0
     3
     2
    10
     2
     0
    32
    74
   180
   255
    53
    80
    77
    56
    52
    80
    60
    69
   196
    79
   212
   132
   109
    40
     0
     6
     0
     4
     0
     0
    38
   183
   135
   172
    34
    91
   102
    50
    54
    30
    52
    44
    83
    60
   269
    90
    48
    52
     0
     3
     0
    13
     5
     2
    60
   175
   367
    84
    71
   100
    66
    84
   221
   111
    36
    41
   327
   231
   141
    28
    91
    97
     0
    28
     0
    10
     4
     2
    97
   314
   404
   151
    33
    61
    66
    81
    82
    78
    86
    55
   127
   196
   103
    91
    55
   128
     0
     0
     0
     6
     6
     0
    62
   201
   162
   241
    49
    82
    54
    48
    28
   263
    46
   155
    75
    79
   188
   118
   110
    88
     0
     4
     3
     0
     0
     2
    26
   140
   219
   204
    73
    43
   125
    65
    18
    43
    99
   119
    51
   112
   238
    91
    35
   217
     0
    11
     6
     0
     0
     2
    54
   107
   386
   323
    97
    79
   123
   205
   102
    72
    24
    70
    64
    38
   116
    93
    98
    70
     6
     0
     0
     3
     0
     5
    65
   106
   139
   141
    35
   139
    74
    48
    72
    66
    44
    89
   110
   274
    77
   116
    94
    37
     0
     5
     0
     3
     0
     0
    41
   138
   285
   177
    61
    53
   103
    95
    47
    89
    67
   143
    86
    52
    85
    57
    67
    48
     0
     0
     4
    10
     8
     0
    65
   268
   340
   184
    89
   171
    58
    41
    61
    76
   168
    39
    46
    68
   142
   163
    48
    78
     6
     8
     0
     5
     0
     2
   104
   221
   162
   127
    81
    96
   115
   127
    81
    28
    50
    24
    89
   119
   328
    92
    80
    46
     1
     6
     8
     5
     0
    10
    80
   192
   437
   202
    80
    86
    42
    60
    29
    58
    82
    45
   120
    47
   130
    91
    85
    55
    15
     6
     0
     2
     0
     7
    85
   191
   210
   252
    42
    58
    35
    41
    45
    80
   208
    33
    39
    64
   501
    71
   111
    28
     9
     0
     9
     2
     0
     7
    97
   139
   271
   161
    60
    41
    62
    66
    94
    50
    78
    68
   171
    74
    34
   232
    83
    36
     0
     6
    12
     0
     0
     4
    87
   183
   228
    69
    77
    46
   123
    42
    38
    70
    47
   121
    79
    46
   104
    98
    83
   114
     4
     5
    13
     0
     0
    12
    68
   213
   251
   279
   117
    59
   106
    56
    60
   108
    26
    54
    70
    74
    51
    59
    33
    75
     0
     0
     0
     0
     5
     7
   104
   205
   337
   229
   121
    31
   225
    48
    89
    45
    68
    89
    81
    42
   210
   173
    96
    59
     0
     5
     7
     2
     4
    18
   169
   215
   357
   141
    67
    70
   160
    66
    87
    95
    57
    54
    35
    86
   107
   219
    92
    65
     6
     0
     0
     1
     0
     0
    37
    67
   183
   163
    93
   140
    27
    84
    33
   110
    60
    72
    97
   249
   329
   186
    50
    34
     4
     8
     0
     0
    13
     0
    92
   203
   406
   231
    48
    41
   120
    49
    96
   211
    95
    90
    51
    57
   165
    43
    80
   163
     0
     7
     0
     5
     0
     0
    25
   307
    73
   127
    66
    46
    61
    33
   105
   174
    82
   133
    72
   117
   110
   268
    71
    34
     0
     2
     0
     3
     0
     0
    47
   173
   254
    86
    48
    42
    47
    56
   174
   169
    27
   196
    54
   162
   265
   123
    37
    46
     0
     8
     9
     5
     0
     0
   103
    77
   262
   204
   105
    69
    72
    69
    80
   114
    33
    36
    26
   225
    39
    98
    59
    24
     7
     0
     0
     0
     4
     0
    66
   208
   224
   243
    59
    90
   102
    76
   108
    23
    87
   118
    61
    72
   354
   186
   181
    81
     5
     9
    11
     7
     0
    13
    53
   284
   238
   100
    82
    95
   147
    46
   107
    84
    69
    29
    36
    46
   391
   137
    87
    87
     0
     9
     6
     4
     0
     6
    45
   124
    78
   158
    80
    54
    49
    72
    53
    67
    50
    44
    84
    86
   155
   116
    80
    42
     0
     3
     8
     6
     9
     3
    55
   199
   189
   145
    60
    63
   113
    77
    55
   175
    75
    45
    57
    53
   293
   246
    93
    71
    10
     5
     7
     2
     2
     0
    55
   155
   248
   297
    77
    40
    61
    46
    51
    12
    37
    61
   200
    45
   236
   131
    60
    30
     2
     0
     0
     6
     0
     4
   135
   201
   217
   118
   195
    77
   110
    80
    32
    81
    56
    93
    60
    61
    68
    89
    57
    32
     0
     7
     0
     1
     3
     0
   124
   235
   240
   179
    26
    36
    61
    67
    70
    76
   111
   195
    55
    31
   168
   195
    27
    40
    12
     8
     3
     7
     0
     3
    86
    65
   243
   206
    53
    57
   145
    55
   122
   188
    42
    85
   114
   143
   106
    59
    31
   128
     1
     5
     5
     0
     1
     0
   119
    68
   321
   218
   108
    88
    98
    87
    62
    83
   118
    48
   100
    64
   103
   235
    74
   111
     0
     4
     9
    14
     1
     0
    68
   165
   230
   286
    16
    49
   110
    66
    31
    67
    43
   153
   176
    37
   103
    25
    63
    43
     5
     0
     9
    11
     0
     0
    18
    86
   238
   171
    70
    17
    61
    74
   102
    63
   192
    27
   329
    56
   179
    42
   102
    30
     2
    12
     0
    12
     0
     6
    50
   162
   211
   299
    46
    51
    50
   244
    40
    56
    50
    47
    44
    80
   123
   424
    44
    52
     7
     3
     0
     0
     0
     0
    94
   111
   294
   130
    46
    40
    19
   104
    60
    64
    59
    60
    45
    51
   224
   106
    81
    95
     3
     0
     7
     0
     7
    15
    47
    94
   393
   213
    58
   103
    11
    58
    38
    63
    59
    98
   102
    53
   139
   112
    93
   180
     6
     6
     0
     0
     0
     1
    55
   167
   170
   215
    87
    48
    41
   102
    48
    60
    76
   122
    67
   127
   105
   283
    23
    58
     0
     0
     6
    10
     5
     0
   112
   277
   259
   145
   124
    48
    55
    55
    87
    47
    45
   195
    66
    46
   398
   125
   102
    98
     0
     0
     0
     0
     0
     4
   104
   131
   203
   108
    81
    50
    51
   100
    81
    56
    77
    24
    35
    60
   112
   133
    72
    43
     0
     0
     4
     0
     0
     0
   128
   124
    77
   282
    47
    68
   103
    63
    64
    77
    82
   174
    81
    87
   193
    94
    43
    88
     0
     0
     7
    13
    22
     2
    82
   128
   155
   135
   103
    92
    36
    47
    96
    36
   195
    52
    46
    68
   164
    90
    38
    81
     8
     0
     6
     0
     0
     0
    73
   196
   287
   175
    32
    72
    75
    65
    44
    94
    47
    44
    46
   113
   337
    68
    16
    43
     9
     0
     3
     3
     0
     8
   175
   127
   262
    91
    41
    59
   128
   100
    44
    60
    47
    68
    52
   230
   187
   190
    44
    55
     6
     6
     0
     7
     0
     5
    53
   188
   280
   207
   264
    54
   190
    36
    74
    53
    84
   138
   126
   281
   102
   115
   103
    25
     0
     5
     2
     6
     3
    77
   209
   243
   135
    56
   101
    53
    98
    84
    40
    39
    78
    56
    91
    77
   417
   101
    59
     2
     0
     0
     0
     0
     4
    33
   135
   291
   161
    43
    45
    42
    35
   326
    33
    77
    75
   174
    54
   145
    87
    65
    39
    10
     7
     6
     4
    17
     5
    68
   140
   303
   261
    52
    48
    55
    84
   141
    72
    33
    22
    33
    82
   348
    97
   123
    46
     3
     0
     0
     1
     1
     0
    60
   136
   185
   239
    57
    24
   216
    41
    76
   198
    71
    52
   100
   116
   315
   167
   232
   103
    13
     1
     1
     0
     0
     0
    54
   216
   271
   179
   134
    51
    59
    96
    71
   107
    41
    51
    32
    72
   132
   192
    33
    65
     9
     4
     0
     0
    11
     0
    53
   287
   325
   107
    37
    54
    59
    70
    45
    65
    48
    69
   105
    86
   262
   117
    45
    75
     4
     0
     0
     0
     0
     0
    31
   168
   295
   307
    76
    65
   113
   120
    48
    81
    66
   103
    38
    97
    85
   111
    65
   108
     0
     3
     0
     0
     0
     0
   145
   233
   427
   187
    99
    99
    61
    85
   121
    55
    79
    38
    69
    82
   106
    74
    49
    60
     0
     3
     3
     0
     0
     7
    62
   202
   243
   158
    88
    36
    68
    49
    60
    45
    64
    45
    33
    78
    11
   110
   106
    70
     0
     3
     1
    16
     0
     0
    83
    88
   273
   196
    79
   121
    88
    40
    35
   116
    57
    45
    38
    76
    99
   196
   129
    48
     2
     0
    10
     0
     3
     6
    68
   172
   165
   187
    46
    50
    55
    74
   108
    57
    60
    43
    88
    63
    93
   130
    63
    71
     0
    11
     0
     4
     2
     2
   154
   125
   116
   211
    88
    99
   116
    58
   190
    76
    42
    33
    54
    47
    66
    47
    59
    30
     1
     0
     0
     0
     7
     0
    38
   146
   181
   259
    25
    62
    34
    21
   179
    96
    54
   128
    40
    46
    77
   230
    56
    78
    10
     0
     0
     0
     3
     8
    83
   131
   157
    84
    85
   101
    76
    92
    96
    78
    51
    58
    86
   125
   148
   105
    88
    40
     0
     6
     2
     4
     0
     6
    95
   122
   324
   194
   100
    43
   265
    58
    40
    90
    48
   110
   111
    46
   262
   214
    50
    41
     0
     0
     4
     0
     0
     0
    72
   223
   341
   125
    68
    53
    25
    25
    53
    24
   173
    40
    58
    47
    71
   120
    41
    48
     0
     0
     3
     1
     0
     0
    67
   209
   310
   110
    35
    69
    81
   103
    18
    42
    45
    35
    59
    37
   121
   113
    28
    52
    18
     0
    11
     6
     6
     6
   114
   126
   132
   165
    37
    62
   193
   221
    55
    59
   100
    31
    18
    99
   147
    69
    69
    85
     8
     6
     0
     4
     0
     3
   115
   208
   345
   188
    64
   136
    83
    33
    42
   171
    66
   199
    23
   198
    65
    25
   195
    75
     4
     6
     0
     3
    16
     4
   131
    79
   445
   145
    76
    83
   113
    52
    58
    71
    79
    32
    69
    81
    80
   119
    74
    91
     6
    10
     0
     0
     9
     0
    93
   389
   461
   172
    69
    57
    96
    57
    45
    94
    68
    56
    30
    67
   272
    94
    34
    73
     8
     0
     6
     5
     0
     7
   100
   262
   324
   237
    75
    44
    69
    62
    64
   254
    66
    54
    81
   260
   305
    91
    84
    87
     4
    11
     0
     0
     0
     7
   160
   171
   391
   215
    24
    83
    45
    56
    79
    72
    48
    65
    42
    88
    43
    40
   117
    53
    11
     0
     0
     0
    10
     7
    58
   229
   197
   229
    48
    50
   172
    54
    36
    40
   222
    80
    82
   109
   207
    66
    14
    63
    11
     0
     0
     6
     0
     0
    31
   190
   224
   173
    57
    49
    56
    52
    35
    62
    28
    28
   228
    76
   202
   121
    38
    78
     1
     0
     4
     0
     0
     5
    90
    88
   123
   134
    81
    43
    85
    39
    57
    31
    80
    56
    33
   159
    73
    94
    80
   147
     0
     8
     2
     3
     8
     0
    81
   137
   243
   262
    33
    59
   159
    40
    29
    45
    99
    57
    47
   116
    42
    69
    56
    96
     0
     0
     0
     3
     6
     5
    27
   322
   291
   134
    29
    70
   109
    56
    87
   137
    51
    70
    59
    33
   145
    46
    74
    81
     0
     0
     0
     5
     4
     0
    85
   144
   345
   153
    86
    64
   103
   201
   212
    83
    76
    70
    35
   201
    74
   222
    91
    98
     2
     2
     4
     3
     8
     5
    28
    96
   114
    77
    81
    65
    59
    84
    22
   262
   115
    49
    30
   223
   146
   107
    54
    32
     7
     0
     7
     6
     1
     0
    33
   197
   374
    26
    35
    43
    45
    41
    61
   163
    39
    52
    49
    23
   159
   113
    90
    53
     6
     0
     4
     0
     0
     0
    69
   248
   270
    81
    22
    68
    41
    49
   151
    70
    67
    46
    54
   164
   154
   211
    31
    49
     6
     1
     0
     0
     9
     2
    74
   165
   325
   154
    39
    92
    30
    25
    50
    65
    55
    31
    61
   121
   213
   139
    50
    40
    11
     0
     0
     7
     6
     0
    40
    85
   202
   107
    74
    61
    25
    72
    38
    61
    17
    56
    14
    85
   159
    59
    63
    82
     3
     0
     9
     6
     0
    13
   112
    53
   371
   209
    52
    75
    78
    85
   141
    58
   100
    61
    66
    47
    44
    81
    51
    57
     7
     6
     0
     1
     0
     0
   119
   177
   260
   143
    53
    64
    85
    86
    57
    88
   127
   145
    39
   113
   265
   256
    72
   176
     0
     0
     0
     7
     3
     0
    89
    78
   256
   189
    60
    44
    50
    56
    24
    20
    38
    54
    32
    34
    86
   226
    69
   128
     0
     1
     0
     3
     3
     0
    35
    96
   271
   144
    42
    24
    84
    39
    31
    63
    43
    38
    35
   250
   199
   235
    61
   118
     1
     8
     7
     0
     0
     0
    49
   230
   117
   101
    56
    30
    24
    52
    64
    82
    79
   106
    78
    26
   214
    75
   246
    47
     3
     1
     2
     0
     0
     4
    45
    74
   198
    90
   108
    85
    47
    79
    33
    59
    68
    24
    74
    48
   185
    68
    94
    36
     4
     5
     5
     0
     0
     0
    34
   200
   129
   123
    81
    44
    70
    41
    41
    20
    78
    62
    64
   190
   223
   201
    36
   157
     0
     0
     4
     9
     3
     8
    93
   200
   368
   410
    76
    33
    63
    22
   110
    31
   190
   127
    70
    83
    94
   147
   107
    66
     3
     5
     0
     6
     4
     0
    57
   243
   416
   243
   122
    41
    64
    58
   123
    84
    55
    58
    42
    25
    94
    84
    53
    71
     0
     0
     3
     0
     5
     0
    49
   162
   214
   111
    45
    38
    41
    42
    46
    18
    48
    63
   100
   184
   174
   142
    37
    89
     2
     0
     1
     0
     0
     0
    51
   140
   144
   115
   168
    29
    31
    42
    97
    51
    13
    86
    39
    19
   208
   175
    45
    42
     0
     1
     0
     0
     7
     0
   186
   134
   236
   103
    45
    32
    66
    78
    51
    65
    79
    73
    41
   135
    25
   159
    31
    45
     0
     0
     7
     0
     5
     0
    26
   237
   304
    71
    15
    49
   133
    36
    35
    57
    61
   116
    38
   104
   310
   115
    59
    58
     3
    13
     0
     8
     0
     0
    35
   105
   159
   266
    47
    91
    57
    74
    56
    27
    26
    49
    44
    25
    33
    96
    48
    70
     9
    12
     0
     2
     1
     3
   137
   187
   390
    94
    87
    39
    91
    43
    83
    53
    62
    57
   130
    41
    64
   134
    56
    89
     4
     0
     0
     5
     0
     1
    38
   215
   163
   199
    44
    83
    79
    72
    61
    44
    89
    94
    88
    49
    95
   173
   155
    86
     0
    14
     1
     0
    15
     0
    45
   256
   193
    35
    51
    46
    32
    64
    68
    27
    48
    31
    38
   119
    37
    37
    20
    36
    11
     0
     0
    12
     2
     3
    35
   124
   148
    86
    48
    42
    83
    55
    25
    56
    45
   137
   109
    26
   198
   204
   103
    41
     0
     7
    14
     0
     4
     4
   138
   118
   203
    90
    35
    69
    33
    51
    33
    35
    31
   196
    40
   278
   102
   114
    95
    55
     0
     0
     0
     7
     2
     2
    76
   104
   186
    55
    35
   217
    56
    53
    52
    38
    26
    71
    65
    50
   137
    71
    51
    22
     5
     3
     0
     0
     9
     4
   112
   169
   267
   175
    52
    48
    33
   146
    32
    42
    41
    38
    44
    46
   356
    65
    83
    94
     2
     9
     0
     0
     4
    19
    67
    43
   110
   167
    52
    53
    55
   236
    49
    44
   234
   111
    57
    45
   106
    50
    40
    87
     0
     0
     0
     4
     7
     2
    59
   114
   432
   123
    63
   109
    41
    41
    50
    35
    41
    37
    68
   171
    33
   232
    48
    42
     0
     0
     3
     1
     0
     2
    50
   112
   135
   160
   218
    34
    41
    53
    25
    43
    45
    84
    34
    63
   342
    35
    89
    24
     0
    14
     1
     0
     0
     0
    37
   240
   101
   190
    32
    37
    35
    41
    73
    39
   214
    37
    53
    52
   155
   112
    73
    40
     2
     0
     0
     0
     0
     6
   100
   192
   249
   263
   101
    36
   104
    33
   162
    47
    16
    52
    32
    72
   156
    27
    56
    70
     0
     4
    20
     0
     0
    17
    66
   131
    82
    73
    51
    50
    30
    85
    55
    39
    73
    57
    37
    52
    56
    41
    43
    76
     2
     0
     1
     0
     0
     9
    35
   163
   135
   148
    57
    24
    26
    53
    60
    24
    63
    86
   137
   233
   130
   212
    23
    96
     0
     4
     0
     3
    14
     1
    94
    68
   567
    92
    83
    45
    99
   316
   153
    31
    50
    68
    81
   176
    71
   100
   100
    52
     6
     0
     0
     0
     6
    10
    30
   211
   340
   165
    56
    55
   140
    81
    44
    50
    41
   106
   197
   184
   129
   382
   144
    57
     1
     0
     0
     3
     1
     4
   116
   220
   395
    96
    29
    25
    51
   113
    25
   100
    55
    32
    41
    48
    38
    42
    51
    26
     0
     0
     1
     0
     1
     9
    94
    81
   117
   233
    49
    43
    37
    60
    22
   102
    40
    27
    40
    92
   289
   198
    73
    35
     0
     0
     7
     0
     0
     3
    40
    86
   305
   135
    93
    41
    44
   116
   252
    46
   223
   113
    13
   336
    63
   258
    85
    60
    10
     1
     2
     0
     0
     1
    53
   144
   267
   235
    58
    48
    39
    32
    19
   103
   207
    48
   162
   175
   220
    47
   183
   192
     0
     0
     0
     0
     0
    10
    81
   160
   169
   202
    39
    30
    50
    47
    57
    33
    35
    50
   110
    72
   217
    18
    56
    41
     5
     2
     0
     5
     0
     6
    76
   262
   170
   175
    47
    62
    44
   115
    49
    56
    90
    78
    55
    61
    94
   108
    69
    57
     5
     5
     9
     0
     4
     2
   124
   169
   569
   144
   122
    50
    67
    62
    52
    82
    41
   103
    43
   108
    52
   166
    77
    51
     3
     1
     0
     8
     0
     1
    21
   225
   115
   117
   105
    80
    85
    89
    60
    20
    57
    62
    44
   152
   155
    81
    92
    39
     2
     0
     0
     0
     0
     3
    60
   153
   132
   169
    51
    39
    36
    28
    69
    19
    76
    58
    38
    67
    73
   177
    38
    64
     8
     0
     9
     0
     3
     0
    56
    94
   167
   251
    79
    95
    39
    57
    38
    11
   211
    35
    36
   110
    55
    35
    22
    61
     0
     0
    10
     0
     2
     0
    63
   113
   325
   159
    55
    28
    46
    50
    19
    64
    64
    42
    52
    34
   158
    68
    72
    92
     4
     0
     7
     5
     9
     3
    66
   162
   239
   160
    73
    58
    22
    83
    23
   135
    14
    29
    77
   179
   192
    68
    30
    53
    15
     0
     0
     2
     0
     0
    23
   212
   329
   251
    77
   109
   113
   184
    31
   201
    39
    31
    44
    86
   246
    10
    95
   136
     8
     7
     0
     4
     0
     0
    30
   237
   204
   244
   135
    82
    93
    41
   177
    26
    57
   193
    63
    71
   258
   108
    80
    71
     7
     8
     0
    10
     0
     0
    76
   230
   182
   112
    47
    41
    39
    36
    39
    86
    42
    49
    56
    17
    77
   134
    35
   108
     1
     0
     8
     0
     0
    10
    50
   109
   153
   106
    60
    26
    29
    43
    52
    77
   173
    89
    30
    34
   175
    94
    50
    44
     0
     4
    13
     6
     0
    10
    71
   167
   112
    88
    29
    30
    61
    28
    25
    71
    72
    90
    94
    77
    95
    44
    97
    82
     0
     0
     0
     0
     1
     0
    35
    98
   168
   154
    70
    46
    26
   164
    65
    90
    26
   186
    57
    44
   131
   118
   185
    49
     0
     0
     0
     0
     0
     8
    80
   159
   148
    76
    62
    57
    81
    80
    47
    30
    50
    40
    38
    35
    99
    74
    94
    67
     0
     0
     3
     0
     1
     2
    53
   170
   457
   131
   190
    95
    67
    45
   103
    39
   126
    42
    49
    72
   154
   152
   118
    68
     2
     6
     7
     0
    11
     4
    74
   345
   189
   132
    69
    80
    92
    64
   191
    56
   180
    56
    32
    41
    81
   139
    92
    55
     7
     1
     0
     7
     0
     2
    92
    97
   283
    77
    64
    53
   164
   187
    17
    58
    37
    40
    19
    50
   236
    93
    27
    21
     0
     3
     0
     0
     3
     0
   143
    50
   147
   277
    41
    80
    48
    62
   136
    63
    31
    53
    49
    40
   105
    99
    38
    46
     0
     0
     6
     0
     2
     0
   181
    21
   261
    91
    39
    35
    22
    17
    52
    31
    60
    79
    41
    58
   253
   121
    43
    24
     5
     3
     2
     0
     4
     0
   146
   230
   270
   125
   117
    84
    67
    48
    10
    51
    49
    50
    29
    56
    32
    87
    52
    27
     0
     0
     1
     0
     0
     8
   116
   259
   171
   192
    25
    60
    55
    41
    46
    43
    62
    41
    49
    25
   119
   173
    63
    27
     0
     8
     0
     8
     0
     3
    60
    30
   239
   158
    71
    41
    70
    37
    75
    60
    33
    73
    55
    63
    20
    81
    59
    81
     0
     1
     2
     5
     7
     0
    34
   285
    93
   154
    34
    40
   203
    84
    35
    66
    45
   135
   103
    25
    45
    93
    60
    39
     9
     0
     8
     0
     0
     0
   107
    40
   278
   120
    53
    72
   194
    97
    22
    92
    67
    62
    73
    27
    45
   144
    32
    48
     5
     2
     0
    12
     0
     0
    23
   109
    92
   126
    48
    28
    86
    16
    55
   124
    80
    27
    31
   172
    74
    30
    40
    67
     0
     2
     0
     0
     0
     0
    75
    73
   191
   380
    78
   100
     5
    39
    62
   174
    62
    80
     8
    97
   168
   243
    37
    88
     0
     0
    10
     0
     1
     0
    38
   115
   106
   139
    45
    72
    25
    40
    41
    83
    40
    59
    34
    77
   152
   115
    20
    48
     0
     8
     6
     0
     0
     1
    52
   180
   173
   148
    54
    27
    30
    65
    66
    34
    75
    52
    57
    54
    71
    54
    51
    55
     0
     0
     1
     3
     0
     8
    78
   125
   248
    94
    29
    89
    46
    42
    57
    66
    78
    47
    57
    48
   272
    95
    31
    83
    11
     9
     8
     0
     3
     4
   106
   144
   114
   176
    53
   173
    28
    25
    51
    72
    51
    67
   118
   236
   296
   221
    93
    75
     0
     0
    10
     0
     3
     3
    33
   176
   166
    87
    36
    97
    17
    33
    24
    76
    27
    49
    13
    55
   112
    66
    66
    58
     0
     2
     1
     2
     0
     0
    74
   200
   251
   199
    41
    28
    53
    79
    36
   132
   173
    36
    37
    29
    47
   143
    49
    20
     0
    12
     3
     0
     0
     7
    64
   173
   149
    63
    35
    55
    93
   121
   183
   202
    66
    37
    30
   186
   107
   199
    86
    69
     3
     0
     7
     4
     7
     0
    42
   147
   178
    94
    48
    12
    57
   107
    27
    99
    12
    37
   187
   163
    25
   104
    36
    49
     3
     2
     0
     0
     2
     0
    50
   165
   243
   143
    32
    68
    30
    90
    35
    39
   120
    24
    71
    68
    37
   119
    40
    31
     0
     0
     0
     7
     0
     6
   140
   154
   161
    64
    63
   114
    50
   125
    90
    53
    64
    41
    31
    45
   195
    63
    60
    34
     0
     0
     0
     1
     0
     0
    87
   138
   307
   148
    42
    54
    98
    99
    56
   208
    54
    69
    79
    39
   279
   108
    73
    47
     3
     9
     0
     8
    12
     3
   112
    76
   286
   167
    93
    38
    63
    84
   174
    54
    41
    12
    32
   189
   249
    71
    70
    56
     5
     0
     4
     0
     0
     0
    37
    50
   235
   103
   126
   143
    51
    50
    39
    84
    70
    64
    57
    44
   148
   165
    46
    51
     0
    25
     9
    12
     3
     0
   103
    86
   171
    82
    93
    93
    79
   105
    35
    71
    37
    87
    83
   191
    97
    82
    29
    41
     0
     6
     1
     0
     0
     9
    24
    67
    69
    40
    64
    62
    26
    62
    65
    92
    79
   102
   176
    78
    34
   114
    88
   137
     0
     0
     0
     0
    11
     6
    80
    83
   199
   178
    36
    89
    45
    38
    37
    72
    39
    83
   102
    16
    96
   114
    56
    48
     2
     0
     7
     6
     0
     0
    31
   137
   248
    87
    83
    26
    44
    52
   122
    81
    57
    39
    66
    58
   230
   102
    34
    69
     7
     2
     6
     0
     6
     0
   101
   151
    60
   271
    61
    97
    84
    67
    91
    32
   100
    41
    53
   104
   114
    81
    43
    43
     0
     8
     9
     0
     0
     0
    51
   157
   291
    88
    43
    51
    74
    32
    35
   196
    34
    82
    61
    38
   112
    84
    26
   141
     2
     0
     9
    13
     0
     6
    25
    98
   314
   297
    28
    89
    49
    30
    37
    65
    60
    39
   172
    68
   203
   239
    33
    85
     7
     5
     1
    14
     9
     6
    49
   177
   152
   140
    71
    52
    49
    43
    45
    27
    33
    84
    40
    85
   148
    38
    45
    27
     2
     3
     5
     9
     0
    17
    38
   156
   147
    70
    62
    90
    30
    68
    42
    33
    16
    22
    68
   170
   102
   115
    87
    38
     1
     0
     0
     3
     0
     0
    48
   115
   395
   211
    43
    23
    74
    93
    54
    41
    50
    78
   229
    36
   118
    41
    45
    43
     0
     0
     4
     0
     2
     4
    72
   233
   505
    93
    41
    98
    82
   107
    33
    34
   124
    80
    45
    95
   108
   181
    81
    78
     0
     4
     3
     0
     1
     6
   105
   130
   233
   128
    96
   296
    40
   117
    25
    75
    40
    73
    95
   102
   201
    52
   176
    88
     0
     7
     0
     0
     0
     0
    59
   228
   133
    83
    34
    97
    43
    50
    26
    23
    71
    73
    68
   189
    93
   235
    76
    79
     0
     0
     8
     4
     7
     0
    56
    56
   162
    84
    41
   211
   280
    14
    70
    15
    19
   133
    33
    42
    87
   128
    60
   132
     0
     6
     0
     0
     3
     0
    40
   135
   191
   130
    62
    24
    36
    20
    77
    18
   120
    35
    70
    29
    34
    79
    56
    32
     1
     0
     0
     0
     0
    12
    31
   331
   318
    97
    38
    28
    32
    58
    50
    40
   171
    15
    23
    53
   120
    80
    45
    41
     0
     0
     2
     0
     1
    10
    27
    90
   237
   205
    87
    29
    36
    71
    25
   196
    70
    33
    96
    35
   129
    94
    60
    58
    18
     1
     2
     0
    12
     4
    87
   193
   393
    90
    98
    40
   102
   122
    30
    80
    80
    63
    34
    36
    61
    91
    55
    74
     5
     5
     0
     8
    11
     2
    71
   107
   221
   136
    39
    48
    75
    98
    29
    71
   189
    59
    44
    97
   420
   194
    61
    58
     0
     0
     4
     3
     5
     2
    45
   128
   137
    88
    32
    55
    67
    23
    61
    95
    52
    49
    26
    39
    12
    79
    50
    52
     0
     0
     0
     6
     0
     0
    98
   118
   178
   309
    30
    57
    56
    42
   198
    64
    11
    32
    23
   108
   364
    79
    34
    51
     0
     0
     2
     0
     0
     0
    26
   132
   104
    85
    86
    37
    75
    24
    95
    35
    30
    85
    51
    56
   116
   157
    55
    53
     0
     0
     0
     5
     1
     3
    37
   117
   155
   117
    19
    43
    56
    44
    23
    52
    71
    70
    35
    35
    87
   300
    26
    55
     2
     0
     0
     4
     7
     0
    26
   224
    70
   244
    44
    56
    40
    10
    51
    26
    25
    57
    16
    74
    74
    37
    40
    53
    17
     0
     0
     0
     3
     7
    62
   166
   381
    64
    39
    88
    44
    49
    92
    69
    45
    77
    49
   102
   353
   108
    86
    58
     0
     0
     6
     0
     0
     0
   126
   308
   249
    96
    26
    72
   200
    29
   179
    83
    63
    56
   257
   113
   311
   209
    89
    49
     8
     0
     0
     1
     4
     0
    33
   104
   223
   161
    66
    18
    76
    55
    61
    38
   158
    55
    80
    79
   148
   108
    29
   160
     0
     2
     1
     0
     0
     9
    61
   196
   201
   121
    56
    32
    43
    34
    20
    94
    36
    38
    40
   106
   216
    90
    45
    33
     4
     0
    10
     0
     2
     0
    65
   264
   122
   203
    26
   159
    59
   119
    21
    36
    10
   127
    66
    48
   103
    69
    56
    40
     0
     0
     1
     2
     6
     0
   104
   115
   205
   114
    39
    26
   112
    41
    82
    49
    52
    41
     6
    22
    45
    37
   101
   111
     2
     4
     0
     6
     1
     0
    44
    83
   197
   131
    81
    45
    55
   128
   172
    19
    42
    31
    34
    34
    93
    84
    41
    51
     0
     0
     0
     0
     9
     0
   126
   112
   276
   201
    56
    88
   181
    99
    25
   235
   170
    52
   127
    99
   212
   254
    83
    66
     0
     0
     0
     0
     0
     0
    85
   245
   313
   102
    40
    42
    56
    81
    63
   134
    49
    50
   115
   181
    73
   203
    74
    55
     3
     2
    16
     0
     6
     5
    29
   135
   175
    88
    48
    35
   117
    61
    29
    44
   114
    60
    40
    79
   116
    34
    46
    22
     0
     7
     0
     5
     0
     0
   160
   125
   256
   321
    23
    35
    58
    38
    50
   196
    72
    68
    65
    69
    73
    56
    64
    53
     0
     6
     0
     0
    15
     3
    38
   152
   290
    98
   162
    56
    79
    65
    20
    50
    75
    61
    64
    67
    90
    68
   120
    31
     2
     0
     0
     5
     6
    12
    44
   190
   168
   155
    28
    21
    47
    58
    35
    34
    29
    54
    38
    50
   163
   115
    99
    43
     4
     0
     0
     5
     0
     1
    50
    89
   206
   114
    60
    28
    39
    28
    82
    40
   240
    77
    39
    33
   401
    90
    35
    36
     0
     0
     0
     4
     7
     0
    81
   162
   288
    98
    84
    35
    38
    75
    58
    50
    51
   222
    41
   121
    74
    48
    48
    21
     0
     3
     0
     4
     6
     0
    63
   107
   318
   125
    53
    51
    44
    57
    69
    68
    91
    92
   113
    58
    58
   121
    72
    38
    11
     5
    11
     7
     4
     3
    51
   129
   224
    87
    54
    28
    78
    44
    43
    75
    55
   116
    76
   250
   295
    50
    71
    55
     0
     0
     0
     0
     0
     0
    72
   199
   301
   155
    75
    66
    36
   172
    47
    40
    35
    40
    40
    31
    67
   463
    39
    80
     0
     0
     3
     0
     0
     0
    50
   155
   202
   267
    58
    24
    36
    75
    51
    40
    23
    15
    54
    31
    32
   125
   181
    40
     0
    11
     6
     9
     0
     0
    39
   236
    92
   298
    31
    19
    60
    88
    34
   204
    85
    53
    26
    17
    63
   172
    39
    36
     0
     0
     5
     0
     8
     2
   142
    68
   269
   168
    15
   113
   122
    37
    47
    78
    17
    73
    52
    77
   127
    45
    35
    33
     0
     7
     2
     0
     0
     0
    75
   215
   237
    14
    60
   152
    33
   291
    36
    47
    88
    45
    40
   193
   159
    81
    82
    32
     0
    12
     0
     0
     0
     0
    35
   104
   331
   150
    98
    67
    32
    70
    36
    98
    46
    95
    49
    54
    37
   122
    42
    12
     1
     9
     0
     0
     0
     0
    55
   173
   163
   112
    37
    48
    39
    84
    39
   112
    47
    64
    60
    52
   252
    84
    23
    68
     0
     8
     0
     0
     0
     9
    41
   150
   111
    75
   109
    55
    49
    38
    52
    87
   122
    35
    51
    51
   223
    47
    45
    47
     4
     3
     1
     7
     3
     0
   112
    68
   115
    64
    30
    63
    42
    57
    55
    69
    52
    18
   199
   107
   118
   306
    77
    78
     6
     1
     0
     3
     0
     0
    66
   184
   195
   116
    19
    31
    46
    92
    62
    88
    81
   106
    49
    39
    77
    61
    37
   113
     0
     8
     0
     6
     2
     0
    80
   170
   205
    73
    39
   103
   116
    33
    75
    57
    49
    37
    40
    71
    51
    48
    39
    22
     1
     0
     0
     0
     0
     5
    26
   159
   419
   222
    82
    50
    91
    79
    14
    59
    67
    81
    43
    96
   160
   124
    38
    36
     0
     0
     5
     1
     0
     0
    65
   178
   440
   199
    55
    61
    57
    68
    64
    68
    41
    63
    94
   248
   246
   121
    95
    64
     4
    11
     1
    11
     0
     0
   116
    97
   193
   108
    90
    21
    41
    48
   139
   100
    68
    58
    39
   321
    64
   173
    51
    48
     0
     1
     2
     7
     4
     9
    49
   185
   169
   196
    73
    57
    64
    13
    43
    11
    30
     8
    57
   209
   320
    30
    62
    36
     0
     5
     5
     0
     0
     5
   122
   182
   115
   136
    30
    39
    36
   193
    81
    37
    39
    58
    37
    26
    23
   155
    50
    39
     0
     5
     0
     1
     1
     5
    59
    89
   231
    88
    94
     5
    68
    54
    39
    46
    13
    62
    16
    18
    75
    76
    79
    41
     0
     0
     7
     0
     0
     3
    50
    70
   125
    78
   211
    32
   103
    86
    55
    46
    52
    35
    79
   248
    92
    48
    93
    37
     0
    15
     0
     0
     9
     0
    55
    69
   367
   182
    40
    50
    46
    67
    66
   111
    20
    72
    47
   331
   221
    89
   113
    66
     0
    15
    17
     5
     0
     0
    28
   226
   310
   121
    64
    50
    67
    85
    37
   102
    30
    52
    89
   179
   246
   124
   144
    30
     0
     0
     0
     0
     5
     4
    54
   156
   277
   249
    19
    59
    60
    19
    44
    35
    36
    38
    85
    88
    62
   200
    35
    47
     0
     6
     6
     2
     1
     0
    78
   172
   267
    76
    52
    58
    67
    51
    41
    51
    32
    62
    22
    38
   104
    60
    43
    69
     0
     0
     3
     0
     0
     0
    94
    34
    66
   206
    61
    25
    64
    44
    67
    19
    77
    43
    30
    76
   240
    86
    54
    53
     5
     1
     6
     6
     0
     0
   115
    84
   166
    70
    52
   222
    38
    34
    61
    20
    48
    77
    11
   185
    61
    80
    35
   138
     0
     0
     0
     0
     7
     7
    35
   141
   266
    92
    87
    65
    75
   208
    35
    60
    26
    48
    66
    70
   200
   113
    26
    33
     0
     0
     5
     0
     0
     8
    93
   192
   246
   216
    17
    25
    84
    51
    60
    32
    72
    63
    50
    90
   102
   148
    58
    73
     1
     2
     5
    10
    14
     0
    37
   194
   421
   412
    69
    66
    47
   229
    76
   118
    64
   197
   125
    64
   203
    92
    99
    53
     0
     9
     0
     7
     0
     6
    23
   130
   189
   103
    55
    77
    66
    67
    41
    26
    46
    49
    27
    91
   199
    43
    42
    48
     0
     4
     0
     0
     0
     5
    42
    34
   194
   141
    62
    35
    43
   172
    62
    92
    43
    99
    41
    46
   278
    30
    59
    47
     0
     5
     1
     0
     1
     8
    50
   234
   255
   101
    58
    39
    52
    37
   104
    35
    81
    60
    40
   180
   221
    72
    46
    47
     2
     0
     0
     0
    13
     0
    35
   155
   123
   103
   141
    42
   185
    79
   219
    87
    41
    35
    43
    79
   233
    32
    61
    39
     0
     0
     0
     5
     0
     0
    82
    50
   410
   118
    23
    34
    54
    68
    44
    35
    87
    31
    32
    56
    95
    84
    23
    38
     0
     0
     0
     6
     7
     8
    60
   148
   232
   154
    31
   100
    67
   162
    63
    73
   254
    80
   206
    41
   208
    58
    82
    54
     0
     5
     2
     0
     0
     3
    77
   181
   376
   121
   105
    38
    47
    96
    96
    34
    52
    42
    78
    48
   178
    71
    36
    43
     0
     6
    10
     8
     0
     0
    40
   127
   312
   223
    67
   152
    84
    76
    54
    36
    26
    61
    62
    27
    76
   182
    40
    37
     4
     0
     0
     5
     0
     0
    23
   227
   136
    20
    47
    96
    41
    35
    65
    87
    37
    64
   182
    46
    52
   320
    99
    26
     1
     0
     6
     0
    17
     9
    45
    78
   169
   214
    40
    21
   245
    53
   152
    51
    64
    83
    80
    83
   243
   102
    34
   178
     7
     6
     1
     0
     8
     6
    37
    96
   148
   181
    58
    76
    40
    71
    84
    95
    57
    35
    59
    23
    99
   222
    71
    52
     4
    21
     2
     2
     0
     4
    48
   139
   177
   126
    37
    84
    61
    43
    57
    55
    73
    62
    37
    38
   158
    83
    36
    41
     0
     5
     4
     0
    11
     2
   117
   157
   229
   112
    45
    51
    83
    34
    72
    23
    84
    43
    47
    81
    97
   102
    85
    22
     8
     1
     0
    10
     0
     4
    68
    85
   283
   309
    51
    47
    61
    51
   193
    47
    89
    50
    34
    71
   369
   109
   119
    39
     4
     0
    10
     7
     0
     0
    94
    56
   253
   147
    30
    35
    29
   157
   104
    43
    65
    53
   188
    18
   162
   216
    25
    89
     9
     0
     8
     0
     0
     0
    56
   191
   170
   129
   172
    59
    56
    80
    57
    53
   216
    78
    31
    48
   102
    74
    53
    59
     9
     0
     0
     1
     8
     1
    57
    87
   144
    92
    54
    40
    35
    50
    57
   167
    55
    16
   105
   249
    85
    53
    82
   132
     3
     2
     5
     0
     8
     5
    92
    64
   290
   137
    61
    31
    24
    66
    34
    92
    80
    21
    38
    50
    45
   288
    42
    22
     0
     0
     3
     5
     0
     5
    24
   173
   238
    30
    86
    78
   129
    54
    69
    48
    46
    58
    26
    67
   230
   202
    56
    30
     7
     9
     0
     3
     0
     0
    71
   137
   407
   272
   115
    62
    89
    52
    80
    50
    40
    35
    57
   276
    83
   193
    44
    59
     3
     5
    12
    13
     9
     0
    46
   177
   374
   149
    53
    72
    30
    44
    38
   104
    51
    31
    40
    62
    28
   141
    46
    65
     2
     1
     1
     6
     2
     8
   191
   146
   166
   233
    37
    52
    92
   149
    52
    40
    88
    74
    68
   294
   175
    19
    22
    99
     0
     0
     4
     0
     0
     0
    31
   158
   412
   122
    56
    47
    89
    26
   100
    74
    36
    38
    82
    51
    86
    31
    53
    46
     7
     0
     0
     0
     0
     0
    83
   201
   136
    91
    35
    90
    34
    31
    42
    62
    35
    70
    40
    68
   140
    54
    74
    52
     0
     0
     4
     9
     0
     0
    52
   203
   238
   125
    44
    50
    56
    73
   169
    41
    54
    34
    68
    76
    51
    74
    87
    57
     1
     0
     0
     2
    11
     5
    72
   124
   284
   134
    90
   159
    38
    28
    41
    21
    34
    32
    75
   165
   333
   142
    49
    40
     3
    12
     0
    10
     1
     5
    41
   134
   237
   271
    59
    73
    60
    62
    41
    72
   121
    23
    53
    93
   161
    64
    72
    21
     0
     0
     0
     5
     0
     7
   113
   157
   215
    99
    52
    48
    32
    75
    58
   117
    40
    57
   322
    38
   101
   144
    39
    87
     7
     6
     0
     4
     0
     0
    20
   109
   124
   105
    22
    54
    22
    46
    25
    54
    47
    39
    29
   171
    63
    86
    58
    68
     0
     5
     0
     8
     6
     0
    84
    58
    97
   196
    11
    78
    86
    31
    75
    63
    37
    56
    73
    39
    72
    68
    65
    77
     7
     4
    12
     0
     9
     0
    29
   332
   295
   304
   102
    20
    60
    76
    35
    57
    71
    45
    40
    86
   128
    63
    36
    50
     0
     0
     0
     1
     4
    15
    20
   253
   229
   196
    48
    58
    52
   169
    56
    72
    34
   196
    33
    48
    46
   214
    51
    28
     0
     4
    10
     0
     0
     2
    79
   121
   128
    85
    72
    68
    33
    66
    42
    67
    75
    34
    30
    33
   192
    48
    86
    82
    11
     0
     4
     0
     6
     0
    95
   183
   372
   353
    56
    49
    63
    60
    71
    83
   172
    51
    86
   130
   130
   175
    60
    79
     8
     1
     5
     0
     5
     6
    39
    82
   198
   214
    69
   155
   113
   218
    44
   180
    76
    65
    72
    86
   203
   116
    70
    76
     0
     2
     0
     5
     0
     3
    74
   227
   168
   175
    45
   186
    50
    32
    88
    43
   132
    23
    32
   113
    26
    60
    62
    53
    16
     0
     0
     0
     0
     4
    54
   309
   155
   290
    92
    33
    43
    42
    96
   100
    98
    44
    38
    42
   255
   128
    23
   116
     0
     0
     0
     0
     0
     0
    79
   164
   174
   272
    59
    26
   100
    59
    38
    46
    22
   102
    95
    49
   140
   122
    92
    34
     8
     0
     3
     0
     3
     4
     4
   115
   271
   164
   125
    55
    45
    28
    58
    70
    41
    50
    27
    48
    80
    71
    33
    55
    76
    19
     3
     0
     4
     0
     0
    35
    62
   111
    94
    46
    61
    26
   109
    71
    28
    70
   235
    92
    46
   173
    92
    40
   109
     0
     0
     0
     0
     0
     0
   153
   207
   275
   331
   112
   105
    15
    81
    58
   157
    64
    79
    44
    54
   196
   154
    55
    76
     1
    18
     0
     0
     2
     8
    39
   142
   222
   247
    49
   278
    81
    58
    47
   163
    74
    58
    64
   209
   109
    86
    41
    49
     0
     3
     0
     0
     0
     0
    17
   272
   118
    98
   149
    45
    54
    86
    30
    51
    53
    78
    31
    36
    79
   133
    30
    31
     0
     4
     8
     5
     0
     9
    99
   286
   177
   155
    36
    85
    30
    29
    38
   220
    94
   165
   109
    65
   131
   161
    88
    67
     4
     0
     3
     3
     8
     1
    57
   212
   254
   124
    32
    99
   139
    49
    61
    51
    23
    60
    72
    45
    84
    36
    12
    37
     0
    15
     0
     0
     3
     0
    33
   234
   164
   114
    75
    60
    51
    98
    41
   102
    45
    45
    80
    51
   157
   363
    67
    71
     7
     8
     7
     0
     0
     0
    39
    96
   205
    26
   178
   199
    27
    54
    96
    82
    41
    51
    47
    90
   111
    43
    46
    91
     0
     4
     4
     0
     0
     0
    42
   138
   334
    92
    65
    87
   111
    22
    83
    85
    68
    58
    54
    82
   201
   265
    48
    43
    11
    12
     0
     1
     0
     0
    89
   186
   209
   266
    27
   181
    27
   159
    84
    31
    83
   159
    53
   191
   202
    36
    52
    65
     0
     0
     0
     0
     6
     0
    53
   118
   276
    60
   106
    56
   100
    90
    48
    49
    38
    30
   196
    30
   127
   189
    28
    53
     0
     1
     5
     0
     0
     1
    84
    75
   146
    87
    30
    79
    30
    38
    27
   116
    26
    21
    32
    56
   145
   141
    51
    52
    12
     8
     4
     7
     0
     0
    37
    87
    63
   117
    82
   230
    41
   188
    63
    27
    12
    31
    41
   145
    79
   112
    55
    41
     0
     0
     0
    13
     0
     3
    50
    98
   197
   158
    78
    53
   127
    69
    69
    52
    70
   124
    25
    90
   257
   123
    35
    93
     0
     6
    11
     4
     0
     0
    74
   148
   346
   267
    48
   107
    25
    32
    74
    73
   197
    96
    45
   228
    93
    81
    30
    53
     0
     8
     5
     8
     0
     0
   108
   183
   261
   190
    53
    39
    61
    31
   380
   109
    48
    94
    73
   186
   288
   126
    93
    49
     0
     0
    10
     0
    12
    13
    80
    72
   140
   185
    36
    44
    65
    94
    55
   138
    40
   210
    48
    62
   249
   155
    90
    43
     0
     7
     0
     0
     0
     1
    89
   124
   114
   137
    51
    18
    82
   115
    38
    24
    39
    43
   140
   121
    42
    38
    32
    33
     0
     1
     8
     0
     9
     0
    57
   139
   269
   149
    32
    25
    29
   207
    84
    36
    83
    50
    87
   264
   190
   108
    62
    47
     6
     0
     8
     0
     0
     1
    48
   181
   205
   140
    51
    37
    28
   118
    70
    20
    51
    61
    37
   166
   150
    76
    56
    48
    11
     2
     2
     3
     0
     0
   131
   170
   229
    25
   103
    46
    52
   146
    16
    92
   190
    65
    51
    47
   133
   147
   224
    48
     4
    16
     0
     0
     1
     0
    49
    94
   392
    76
    69
    39
    66
    58
    82
    52
    30
    53
    71
   182
   125
    33
   100
    44
     0
     2
     0
     0
     0
     4
    39
   201
   335
   149
    57
    80
    68
    64
    71
    44
    45
    40
   170
    99
   127
    83
    90
    23
     1
     6
    11
     7
     0
     0
   109
   290
   198
   188
   199
    43
    99
    56
    74
    34
   100
    59
    55
    51
   116
    97
    88
   103
     9
     7
     0
     1
     1
     0
    42
   160
    92
   173
    38
    65
    37
    30
    46
    41
    35
   102
    81
    55
   142
   147
    54
    50
     0
     5
     0
     4
     0
     5
   128
    79
   331
   187
    60
    28
    90
    81
    41
    78
   105
   184
    48
    28
   178
    55
   115
    74
     2
     5
     3
     0
     8
     0
    46
   164
   156
   158
    39
    44
    39
    56
    42
   220
    30
    23
    30
    44
   410
    63
    62
    73
     6
     7
     0
     0
     0
    11
    11
   142
   141
   204
    38
    86
    51
    44
    81
    27
    45
    45
    21
   160
   110
    93
    67
    81
     0
     0
     0
     0
     2
     0
    41
   129
   214
   182
    79
    47
    35
    66
   342
    72
    21
   198
    14
    59
    96
   390
    56
    42
     0
     0
     0
     0
     8
     1
    59
    20
   162
    58
    61
    42
    38
   118
    70
   228
    56
    51
    80
    71
    39
    86
    42
    74
     0
     0
     5
     0
     5
     1
    65
   170
   350
   301
    93
    86
    37
    95
   124
    83
    54
   207
   113
   288
    57
   311
    20
   160
     0
    12
     3
     0
     0
     9
    48
   136
    52
   114
    58
    58
    41
    82
   187
    37
    70
    73
    79
    77
    37
   166
    84
    37
     7
     7
     2
     0
     4
     4
    67
   156
   126
   206
    27
    16
    53
    47
    42
    30
     4
    40
    59
    57
    25
    40
   139
    57
     2
     8
     0
     0
     1
    11
    18
   305
   259
   109
    64
    67
    48
    74
    34
    62
    55
    44
    76
    49
   139
   112
    57
    17
     0
     0
     0
     7
     0
     0
    86
   212
   353
   186
    51
    50
    43
   101
    60
    49
   193
    23
    67
   123
   129
    81
    21
    28
     0
     0
     2
     0
     0
     0
   152
   201
   306
   297
    46
   122
    60
    59
    77
    47
    92
   111
    47
    48
   264
   157
    39
   109
     2
     0
    11
     0
     0
     0
    54
   138
   202
   122
    81
    64
    95
    78
    46
    90
    86
    62
    68
    44
   236
   147
    81
    82
     0
     1
     9
     0
     7
     5
    56
   138
   330
   212
    53
    71
    52
    75
    52
    99
    64
    73
    86
   243
   304
   111
    35
    67
     3
     0
     1
     0
    10
     1
    19
   135
   349
   180
    42
    77
    50
    57
   213
    39
    61
    41
    38
    92
   105
    64
    49
    86
     0
    24
     8
     0
     0
     2
    74
   130
   210
   128
    12
    40
    45
    91
   326
    54
    28
    87
    45
    57
   119
    81
    52
   193
     1
     0
     0
     0
     9
     6
    26
   160
   259
   263
    64
    81
    39
    62
    85
    15
    51
    64
   157
    70
    82
   250
    89
    53
     0
     0
     0
     6
     2
     1
    46
   231
   153
    73
    70
   152
    45
    45
    72
    77
    23
    40
   170
    43
    52
   125
    43
    17
     9
     4
     0
     0
     0
     0
    58
   139
   250
   219
    85
    70
    42
    66
   228
    39
    71
   159
    54
    44
   116
   108
    31
   130
     7
     0
     3
     2
     3
     0
    72
   172
   377
    84
    36
   114
    63
    60
   111
    63
    72
    64
    51
   131
    49
   154
    83
    53
     3
     0
     4
     0
     1
     0
   127
   337
   250
   222
   107
    65
    92
    46
    37
    52
    78
   141
    57
   189
   326
   120
    39
    56
     3
    14
     0
     0
    12
     0
   148
   203
   103
   104
    29
    28
    58
    59
    45
    71
    44
    62
    81
    49
   129
    70
    72
    54
     0
     0
    12
     0
     0
     0
    40
   137
   133
   259
    90
    58
    92
    54
    53
    51
    55
    31
    23
    53
     9
   101
    53
    41
     0
     0
     0
     4
     0
     0
    85
    74
   203
   141
    45
   163
   190
    37
    49
    41
    66
   168
    71
    71
   336
   109
   105
    73
     0
     0
     1
     0
     5
     7
    15
    66
   370
   152
    47
    99
    89
    84
   102
   121
    43
    40
    43
    39
   121
    99
    43
    66
     8
     4
     0
     0
     0
     0
    27
   138
   297
   167
    22
   101
    34
    38
    95
    63
    52
    69
    44
   177
   171
   114
    72
    41
     0
     0
     6
    13
     0
     6
   188
   171
   381
    89
    55
    49
   136
    31
    58
    60
   321
    83
   178
    86
   165
   137
    69
    58
     0
     1
     0
     0
     6
     0
    88
   202
   218
   271
    86
   107
    37
   114
   112
    69
   282
   203
    72
   127
   234
    50
    60
    63
     7
     0
     5
    11
     0
     0
   169
    34
   315
   125
    78
   234
    76
    45
   202
   101
    57
    20
   161
    26
   315
    72
    35
    45
     0
     8
     0
     3
     0
     8
   111
    89
   443
   273
    29
    62
    53
    32
    34
    48
    83
    92
    72
    42
    71
    20
    67
    25
     5
     2
     0
     0
     0
     9
   131
   160
   222
   273
    74
   192
    69
    91
    48
    49
   104
   197
   106
    48
   106
   124
   150
    82
     4
     0
     0
     0
     5
     3
    91
   138
   195
    52
    55
    52
    94
    94
    49
    55
    45
   113
    51
    29
   232
   272
    42
    60
     8
     0
     0
     7
     0
     6
    85
   161
   228
    66
    45
   147
    72
    38
    55
    69
    43
    53
    27
   179
   141
    76
    57
    48
     2
     0
     5
     0
    12
     1
    89
   210
   473
   280
    69
   142
    42
    60
    31
    67
   218
    50
    49
   106
    38
    82
    42
    40
     2
     0
    10
     0
     2
     0
    76
   189
   204
   140
    52
    76
   103
   111
    65
   114
    93
   103
    53
   105
   169
   178
   210
    66
    15
     0
     4
     0
     0
     3
    65
   154
   250
   116
    55
    72
    18
   174
    57
    63
    78
    51
    39
   230
    92
   191
    34
     0
     0
