    43
     4
     0
     0
     8
    22
    63
   104
    78
    67
    37
    63
    22
    23
    35
    30
    41
    14
    38
    39
    19
    30
   154
     0
     0
     0
     4
     0
     2
    66
    69
    49
   160
    18
    12
    11
   164
    19
    41
    36
    19
    83
    24
    74
   192
    23
    29
     0
     3
     0
    18
     0
     3
    33
   252
   139
   119
    42
    56
    38
    24
    44
    14
    91
   148
   155
    39
   255
   160
    28
    84
     0
     0
     6
     0
     0
     0
    41
    56
    67
    74
    34
    62
    24
    82
    68
    67
    16
    54
    77
   210
    16
    92
    37
    44
     0
     2
     3
     1
     0
     0
    38
    15
   161
    83
    55
    23
    35
    30
    54
    39
    83
    18
   192
    72
    57
    71
    26
    64
     4
     2
     0
     2
     0
     3
   109
   163
   330
   128
   109
    68
    38
   155
   103
    64
    66
    39
    32
   176
   150
    37
    41
    27
     0
     1
     4
     6
     0
     0
   135
   195
   183
   157
    70
    29
    46
    43
    33
    38
   142
    76
    36
    43
   133
    57
    30
    84
     7
     0
     4
     0
     0
     0
    67
    58
    36
   110
    38
    98
    16
    19
    48
    40
   159
    64
    36
    33
   106
   275
   103
    25
     5
     2
     7
     0
     2
     0
    43
    41
   141
   111
    35
    38
     4
    18
    39
    67
    49
    73
    64
    60
   194
   201
    25
    14
     1
     3
     2
     0
     0
     2
    54
   106
   132
   148
    28
    53
    48
   122
    23
    16
    84
    61
    41
    71
    96
   114
    17
    29
     2
     0
     0
     5
     3
     0
    51
   124
   205
    69
    18
    52
    41
    57
    57
    27
    77
    27
    39
    42
   118
    16
    38
    34
     0
     0
     3
     0
     3
     0
    27
   184
   115
   119
    16
    20
    32
    38
    45
    96
    51
    18
    42
   173
    25
    87
    36
    22
     1
     3
    12
     0
     1
     0
    90
   161
   213
    80
    33
    65
    29
    81
    27
    83
    77
    57
    50
   224
   357
   221
    49
    25
     6
     0
     4
     1
     0
     6
    34
   185
   189
    60
    47
   127
    49
    70
    33
    55
    34
    18
    76
    84
   117
   131
    45
    29
     0
     3
     5
     0
     0
     4
    85
    90
   198
   183
    28
    43
    45
    76
    38
    40
    47
    35
   142
    25
   239
   116
    38
    58
     5
     0
     0
     1
     2
     6
    37
   220
   273
   152
    28
    38
    54
    44
    13
    22
    49
    25
    40
    29
    81
    21
    20
    36
     0
     0
     0
     2
    10
     0
    38
    89
    78
    78
    50
    38
    69
    84
    46
    51
    37
    46
    50
    54
    20
    42
    37
    27
     0
     5
     5
     0
     0
     0
    61
    97
   133
    75
   158
    46
    16
    65
    61
    22
    38
    26
    76
    50
    34
    27
    30
    38
     0
     0
     0
    12
     3
     0
    39
   169
   226
   115
    36
    50
    49
    15
    61
    40
    81
    55
    27
    34
    72
   252
    68
    28
    11
     0
     0
     0
     0
     1
    53
   165
   194
   165
    81
    75
    62
    43
    31
    52
    79
    33
    38
   116
   178
    98
    78
    64
     0
     1
     0
     0
     0
     2
   140
   195
    86
   221
    55
    63
    65
    64
    52
    32
    65
    17
    65
    29
   324
    81
    51
    83
     0
     4
     0
     3
     0
     0
    17
   112
   245
   164
    74
   165
    42
    62
    38
    73
    65
     1
    21
   193
    96
    88
    16
    61
     5
     3
     0
     0
     0
     2
    13
    92
   188
   227
    67
    70
    63
    88
    15
    28
    65
    65
    52
   127
   223
   125
    21
    26
     1
     5
     0
     0
     0
     0
    38
   164
   112
   158
     9
    74
    34
    38
    53
    11
    48
    42
    86
    46
   321
    44
    91
    48
     0
     1
     9
    13
     3
     0
    31
   166
   151
   102
    93
    20
   103
    73
    69
    30
    33
    30
    19
    84
    22
    53
    56
    39
     7
     0
     0
     7
     0
     0
    80
    62
   189
   127
    41
    34
    34
    51
   161
    16
    36
    23
    62
    74
    78
   240
    34
    30
     3
     0
     4
     0
     9
     6
    48
   153
    91
    71
    42
    35
    35
    46
    39
    24
   172
    55
    45
    25
    32
   152
    89
    32
     0
     5
     0
     7
     0
     1
   106
   124
   201
   372
    46
    45
    88
    48
    30
    52
    77
    17
    39
    41
   123
    44
    57
    55
     1
     0
     2
     0
     0
     2
    14
   177
   148
    35
    70
    43
    63
    31
    51
    41
    63
    46
    45
   100
    25
   150
    34
    19
     2
     1
     2
     0
     0
     0
    37
    17
   149
    84
    34
    98
    34
   106
    21
   169
   108
    25
    23
    64
    56
    18
    22
    65
     0
     2
     0
     0
     0
     0
    43
   119
   262
    54
   148
    37
    46
    28
    27
    40
    53
    60
   156
    31
   186
   263
    26
    19
     7
     2
     0
     0
     0
     6
    22
   174
   117
   186
    47
    29
    21
    27
    50
    21
    31
   194
    14
    24
   185
    86
    76
    26
     7
     0
     4
     0
     0
     0
    38
   151
    57
   108
    29
    19
    26
    38
    60
    69
    68
    86
    33
    40
    66
    67
    33
    75
     5
     0
     0
     7
     6
     3
    34
   155
   147
    88
    34
    61
   137
    39
    36
    48
    26
    51
    45
    68
   185
   272
    37
    37
     0
     2
     3
     6
     0
     0
    22
   105
   178
   139
    30
    79
    38
    83
    22
    37
    14
    31
    65
    41
    39
    61
    37
    51
     3
     6
     0
     0
     0
     0
    33
   167
   141
   163
    46
    15
    41
    75
    56
    72
    65
   204
   101
    28
   145
    36
    35
    17
     8
     0
     8
     8
     0
     0
    69
   166
   214
   146
    47
    37
    24
    29
    66
   114
    59
    45
    22
    65
    33
   136
    54
    33
     1
     4
     0
     0
     0
     0
    22
   154
   271
    97
    27
    44
    38
    35
    47
    93
    39
    18
    34
    42
   156
    95
    45
    64
     0
     6
     0
     4
     3
     0
    45
   125
    84
    70
    44
    56
    27
    20
    39
    25
    87
    62
    42
    29
   115
    62
    30
    84
     6
     0
    10
     0
     0
     0
    27
   161
   273
    97
    51
    22
    34
    35
    87
    66
    44
   164
    36
    59
   237
    31
    41
    33
     0
     0
     3
     0
     6
     0
    42
   145
   253
    73
    61
    39
    70
    43
    60
   100
    89
    52
    60
    46
   137
   173
    40
    35
     2
     6
    19
     3
     0
     0
    76
    76
   108
   240
    51
    44
   103
    40
    46
   156
    43
    89
    20
    64
    54
    62
    45
    39
     0
    12
     8
     0
     0
    12
    28
   153
   205
   211
    36
   174
   183
    70
    51
    63
    50
    18
    45
    66
    27
    55
    23
    16
     0
     0
    14
     0
     0
     1
    85
    90
    24
    70
    64
    27
   133
    34
    29
    19
    28
    49
    42
    22
   210
   175
    36
    21
     0
     0
     3
     0
     2
     0
    32
   162
   154
    61
    49
    41
    34
    56
    39
    62
    62
    48
    39
    63
   214
    54
    26
    27
     7
     0
     0
     1
     4
     5
    43
   142
   209
   249
    70
    20
    26
    36
    98
    22
    26
    62
    31
    34
    85
   249
    49
    36
     0
     2
     2
     9
     0
    12
    43
    38
   303
    35
    41
    36
    16
    38
    99
     3
    41
    18
    24
    29
   309
    61
    70
   116
     0
     0
     4
     0
     0
     0
    70
    79
   224
   234
    32
    24
   183
    36
   172
    82
    95
    97
   125
    32
   232
   180
    39
    75
     0
     0
     4
     7
    10
     0
    83
   130
   253
   107
    52
    38
    36
    50
    23
    27
    84
    76
   187
   184
   124
    81
    38
    29
     0
     0
    14
     0
     1
     0
    68
   138
    96
    31
    76
   115
    72
    62
    43
    38
    30
    40
    58
    37
   176
    84
    40
    22
     0
     0
    10
     0
     0
     5
    67
   100
   200
    33
    21
     7
    31
    30
   116
    46
    52
    18
     4
    39
   144
   266
   173
    29
     2
     0
     0
     0
     0
     0
    55
   129
   157
   117
    40
    13
   118
    25
    43
    26
    34
    51
    48
    46
   118
   251
    55
   192
     6
     0
     5
     7
     0
     0
    74
   101
   150
    27
    65
    20
    20
    17
    54
    27
   177
    21
    64
    15
   125
    30
    38
    38
     1
     0
     7
     8
     0
     0
    96
   255
   115
   206
    36
    28
    36
    25
    95
    38
     8
    74
   176
    58
    87
    87
    29
    45
     6
     0
     0
    11
     2
     2
    64
   118
   219
   104
    55
   173
    77
    72
   184
    31
   206
    30
    41
    58
    93
   222
    48
    53
     0
     4
     0
    18
     0
    11
    20
   321
   191
    90
    50
    55
    99
    77
   135
    44
    30
    55
    33
   100
   157
   270
    57
    49
     0
     6
     9
     0
     0
     0
    95
   153
   371
   135
    28
    42
    36
    72
    41
   112
    24
    76
    29
    54
    91
    75
    26
   123
     0
     0
     7
    12
     6
     0
    24
   110
   309
    94
    51
    53
    30
    36
    31
    32
    35
    37
    87
    21
    48
   133
    25
    63
     5
     5
     0
     0
     9
     2
    49
   224
   154
    50
    59
    92
    35
    56
    37
    34
    31
    51
    25
    91
    61
    27
    12
    79
     0
     0
     8
     0
     7
     0
    80
   106
   278
   125
    30
    79
    49
    13
    35
    32
    27
    49
    34
    55
   265
    78
    30
    35
     0
     0
     0
     0
     0
     4
    27
    33
   180
   148
    15
    78
    35
    73
   175
    70
     4
    44
    41
    65
   189
   304
    21
    27
     0
     0
     2
     3
     0
     0
   120
   132
    75
    74
    43
   153
   180
    75
    53
   186
    86
    40
    53
    56
    47
   174
    66
    31
     1
     0
     0
     0
     7
     0
   125
   164
   190
   135
    82
    33
   103
    73
    29
   107
    81
    58
    83
    39
    75
    84
    52
    90
     0
     0
     0
     0
     0
     5
    38
    84
   165
   131
    26
    53
    49
    32
    38
    19
    13
   203
    31
    79
   246
    77
    27
    25
     0
     7
     0
     0
     2
     0
    16
    85
   194
    14
    37
    36
    39
    34
    24
    29
    28
    15
    59
    27
   105
   150
    53
    42
     5
     8
     0
     0
     0
     0
    39
   139
   213
    65
   111
    47
    53
    41
    25
     9
    42
    27
   179
    59
    72
    77
   160
    81
     0
     0
     1
     4
     0
     3
    65
    32
   109
    71
    54
    18
    55
    31
    13
    27
    41
    41
    33
    29
    34
    71
    86
    25
     0
     0
     0
     0
     0
     0
   102
    63
   271
    66
    31
    26
    41
    18
    48
    32
    24
    11
    35
    26
   246
   222
    48
    27
     0
     0
    12
     1
     2
     6
    48
    88
   155
   192
    38
    60
    32
    35
    28
    95
    44
    20
    55
    90
   176
   301
    46
    41
     0
     0
     0
     0
     0
    11
    69
   124
   167
   137
    64
    77
    31
    51
    32
    67
    45
    50
    50
    89
    34
   146
    48
    90
     0
     0
     0
     0
     5
     3
    23
   138
   271
    18
    25
    46
    32
    30
    73
    12
    49
   144
    36
   192
    73
    26
    48
    42
     0
     0
     2
     6
     6
     6
    36
    26
   153
   156
    36
    46
    35
    25
    40
    97
    38
    21
    67
    41
    44
    18
    21
    64
    12
     0
     0
     0
     0
     0
    35
   183
   281
   159
    25
    43
   454
    41
    37
    64
    71
    21
     9
    65
    70
   254
    46
    30
     0
     0
     8
     1
    13
     9
    99
    93
    95
   116
    27
    40
    41
    45
    72
    15
    28
    28
     2
    28
    83
    23
    31
    25
     2
     0
     0
     0
     9
     1
    37
    82
   157
   153
    32
    50
   109
    39
    33
    55
    25
    56
    50
   167
    82
   153
    26
    38
     0
     7
     0
     0
     0
     7
   152
   229
   262
    60
    78
   145
    68
    35
    75
    34
    48
   121
    66
    45
   227
    77
    49
    57
     0
     2
     0
     0
     0
     6
    30
   178
   250
   149
    93
   102
    38
    58
    37
   167
    53
    46
    52
    27
   171
    49
    83
    19
     1
     0
     0
     3
     0
     0
    32
   182
    60
    76
   102
    34
    11
    35
    41
    36
    55
    48
     2
    30
    64
   114
    34
    27
     0
     5
     0
     0
     3
     3
    53
   142
   151
   134
    23
    34
    54
    35
    54
    69
    15
    42
    47
    31
   151
   163
    63
    37
     6
     0
     9
     0
     0
     1
    72
   199
   132
    86
    69
    37
    43
    73
    58
    40
    38
    25
    36
    21
    70
    45
    28
    59
     0
     0
     7
     1
     0
    10
    48
    78
   124
    76
   182
   133
    85
    18
    22
    25
    71
    35
    20
   125
    27
    43
    37
    48
     0
     3
     0
     8
     0
     0
    64
    28
   296
    81
    17
     8
    35
    41
    79
    46
    81
   220
    43
    59
    32
    43
    50
    61
     7
     0
     0
    10
     9
     0
   123
   283
   156
   156
    48
    49
    57
    32
    21
   110
    16
    28
   106
    84
   304
   144
    42
    32
    12
     0
     9
     7
     0
     0
    47
    78
   237
   168
    55
   115
    73
    67
    45
    45
    64
    33
    30
    23
    44
   116
    26
    85
     6
     0
     0
     2
     0
     0
    54
   136
   136
   141
    24
    34
    28
    39
    43
    15
    76
   127
    14
    16
    51
   257
    18
    35
     0
     0
     6
     0
    16
     0
    87
   130
   153
   174
    70
    35
    69
    53
    49
    75
    68
    40
    30
    43
    76
    84
    30
    73
     0
     0
     6
     2
     0
     3
    59
    45
   198
   210
    50
   179
    10
    12
   240
   183
    64
    21
    15
    45
   241
   106
    14
    14
     0
     1
     0
     6
     3
     0
    96
   150
   155
   268
    46
    29
    33
    60
    11
    27
    23
    28
    23
   138
    69
   134
    36
    31
     0
     0
    22
     0
     0
     0
    27
   202
   273
   190
    36
    23
    30
    58
    37
    34
    37
    44
    49
    28
   113
    65
    28
    15
     0
     2
    10
     0
    11
     0
    40
   213
   254
   104
    47
    44
   210
    30
   163
    64
    23
    33
    39
    98
    82
    36
    36
    52
     0
     5
     8
     7
     0
    70
   111
   180
   236
    27
    61
    32
    55
    23
    49
    29
    73
    77
    40
   113
    19
    57
    30
     6
     0
     0
     0
     0
     0
    62
   139
   112
    27
    33
   102
    49
   168
    90
    65
    71
     5
    31
    30
    81
    40
    30
    74
     7
     0
     0
     0
     0
     0
    41
   130
   236
    67
    28
    47
    83
    82
    39
   111
    56
    34
    84
    63
    95
   114
     5
    56
     0
     0
     6
     0
     0
     0
    22
    55
   123
   164
    41
    24
    33
    32
    25
    23
    52
    39
    29
    37
   122
    35
    25
    39
     0
     1
     0
     0
     3
     5
    62
   100
   112
    26
    56
    36
    40
    37
    24
    41
    31
    25
    32
    40
    83
    72
    27
    60
     0
     5
     0
     0
     2
     0
    26
   134
   202
    71
    32
    19
    40
    26
    45
    25
    66
    12
    65
   184
   272
    52
    50
    28
     4
     0
     7
     0
     0
     0
    43
   116
   184
    79
    52
    27
    36
    33
    30
    25
    56
    53
    79
    93
    93
    75
    85
    41
     0
     0
     3
     0
     0
     1
    80
   158
   119
   115
    35
    64
    36
    46
    43
    65
    36
    61
   192
    49
   205
    86
    94
    94
     8
     0
     0
    13
     0
     7
    30
   169
    56
   149
    22
    44
    64
    38
    31
    55
    24
   202
    69
    24
    68
    13
    78
    37
     9
     0
     0
     0
     4
     0
    10
   106
    78
    61
    31
    47
    34
    85
    80
    29
    38
    23
    63
   254
    74
   147
    46
    36
     8
     6
     0
     3
     7
     9
    19
    28
   158
   168
    90
    32
    52
    29
    72
    94
    29
    32
    63
    63
   100
    72
    55
    33
     0
     5
     4
     3
     0
     4
    56
   211
   188
   161
    47
    30
    51
    51
   111
    34
    16
   151
    55
    13
    37
    62
    75
    65
     0
     0
     0
     0
     6
     1
    51
    30
   190
    30
    31
    58
     7
    36
    28
   202
    36
     8
    93
    35
   210
   197
    26
    54
     1
     9
     5
     2
     3
     0
    47
   174
   213
   149
    21
   110
    72
    34
    78
    30
    36
    63
    89
    57
   122
   108
    64
    24
     4
     9
     0
     6
     0
     1
    19
   128
   340
   135
    76
    92
    81
    45
    54
    67
    47
    66
    73
    52
   143
    81
    44
    55
     0
     0
     0
     3
     0
     3
    45
    92
   210
   116
    51
   169
    25
    35
    81
    46
    74
    46
    26
    22
   101
    46
    30
    34
     0
     0
     0
     2
     0
     6
    25
    66
    98
    87
    31
    60
    18
    69
    26
    22
    72
    38
    31
    39
   155
    90
    23
    22
     0
     0
     0
     0
     3
     3
    24
    60
   112
   155
    54
    51
    35
    47
    33
    91
    24
   163
    36
    38
   105
    42
    22
    72
     0
     2
     1
     0
     0
     9
    37
    98
   201
   140
    27
    67
    86
   128
    57
    33
   174
    67
    19
   325
    19
   234
    53
   184
     0
     2
     0
     6
     0
     0
    53
   106
   226
   223
    21
    68
    15
    32
    75
    50
    61
    27
    29
    21
    34
    10
    19
    27
     0
     0
     0
     0
     0
     0
    57
    88
   391
   121
    66
    32
    31
    18
   183
    57
    21
    87
    44
    50
   220
   104
    88
    41
     0
     0
    10
     0
     0
     0
   104
    20
   260
   104
    12
    31
    37
    50
    29
    72
    50
    29
    22
   101
   110
    19
    22
    76
     5
    10
     0
     2
     0
     0
    42
   207
   156
    78
    31
    41
    76
    32
    32
    46
    22
    80
    27
   117
    21
    71
   157
   154
     0
     6
     0
     0
     0
     0
    15
   156
   207
   182
    46
    45
    34
    43
    38
    88
    61
    27
    33
    37
   186
   100
    50
    35
    10
     1
     9
     2
    10
     0
    45
   122
   168
   103
    28
    15
    49
    43
    45
   105
    89
    36
   156
    37
    41
    78
    97
    28
     7
     0
     0
     0
     0
     0
   138
    73
    84
   153
    51
    14
    33
    80
    46
    38
    80
    37
    79
    28
    57
    71
    48
    48
     7
     0
     5
     0
     0
     9
    74
   161
   151
   190
    59
    35
    45
    14
    52
    29
    58
    37
   209
    47
   232
    75
    42
    67
     0
     4
     2
     5
     1
     0
    25
    65
   269
    90
    33
    12
    64
    23
   106
    89
    39
    72
    55
    65
    82
    65
    73
    11
     0
     0
    10
    10
     8
     0
    89
   133
   119
    54
    53
    49
    32
    31
    29
    35
    85
    53
   212
    34
   290
   136
    88
   201
     0
     0
     0
     0
     3
     0
    15
    64
   221
   284
    40
    22
    53
    20
    25
    43
    20
    34
    76
    46
   155
   136
    46
    26
     0
     0
     0
     0
     6
     1
    61
    76
   142
   160
    17
    34
    25
    29
    38
    17
    20
    43
    25
    45
    18
    81
    19
    25
     0
     8
     1
     1
     0
     2
    62
   237
   273
    87
    25
    37
   163
    44
    47
    22
    30
    48
    46
   153
   152
    98
    28
    25
     0
     0
    10
     0
     0
     0
    58
    62
   183
    71
    49
    73
    18
    42
    21
    36
    21
    42
    35
    56
   283
    53
    83
    39
     2
     1
     0
    10
     3
     0
    49
   108
    51
   163
    74
    17
    42
    45
    30
    27
    32
    51
    43
    65
   192
   108
    12
    79
     1
     0
    10
     1
     0
     0
    19
   116
   120
    21
    65
    33
    78
    64
    35
    41
    19
    48
    24
    81
   186
   111
    27
    66
     0
     4
     0
     0
     0
     0
    80
   282
   238
   120
    18
    27
    29
    69
    25
   164
    32
    40
    29
    52
    83
    65
    42
    48
     0
     0
     1
     0
     0
     6
    14
   171
   105
   107
    17
    17
    61
    86
    55
    27
    67
    55
    40
    68
   263
   115
    78
    89
     0
     0
     5
     0
     0
     0
    15
   150
   104
   118
    31
    39
    31
    43
    20
    33
    46
    39
    39
    49
    18
    72
    72
    37
     0
     1
     0
     0
     3
     0
    13
   144
   174
   231
    12
    42
    53
    16
    40
    20
    29
    63
    71
    31
   184
   126
    46
    68
     3
     3
     7
     8
     0
    11
    37
    22
   317
    18
    23
    14
   152
    46
    69
    27
   105
    24
   170
    46
   112
   112
    42
    36
     5
     0
     0
     1
     0
     1
    47
    55
   103
   102
    74
    14
    45
    20
    17
    49
    51
    29
   120
   141
   142
    55
    89
    46
     0
     9
     0
     3
     0
     0
    19
   158
   189
    71
    75
    28
    40
    27
    35
    33
    66
     6
    63
    67
    89
    70
    34
    44
     1
     0
     9
     0
     0
     0
   113
   170
   181
   193
    55
    28
    39
    25
    37
    28
   162
    27
    39
    70
    28
    34
    68
    36
     3
     0
     2
     0
     7
     7
    32
    99
   116
   146
    24
    84
    10
    17
    53
    20
    97
    26
    13
    32
    70
   335
    34
    60
     0
     0
     3
     0
     3
    11
    62
    99
    27
   120
    23
    87
    12
    26
    48
    35
    24
    23
    14
    62
    99
   169
    72
    35
     0
     0
     8
     0
     4
     4
    37
   223
   227
    23
    24
    60
    54
    26
    38
    26
    17
    28
    41
    38
    28
    53
    22
    53
     0
     0
     0
     2
     0
     6
    74
    47
   126
   155
   152
    22
    81
     6
    45
    21
    53
    29
    14
    30
    31
    45
    19
    22
     1
     8
     0
     9
     0
     0
    59
    78
   253
   281
    29
    63
    22
    34
    34
   158
    28
    18
    35
    17
    79
    30
    37
   111
     8
     0
     6
     0
     2
     7
   130
   146
   299
   172
    54
    80
    27
   197
    57
    51
    14
    51
    41
    98
    49
    60
    47
   148
     0
    19
     5
     3
     4
     0
    35
    97
   172
   150
    38
    29
    76
   216
    17
    15
    99
    38
    28
    99
   191
   218
    40
    41
     0
     8
     0
     0
     0
     2
    66
   124
   135
    31
    50
    49
    55
    34
    33
   178
    41
     8
    44
    32
   106
    38
    64
    18
     0
     0
     0
     0
     4
     0
    87
   163
   129
    14
    63
    36
    13
    16
    49
    19
    50
    34
    41
    68
   138
    13
    47
    13
     0
     0
     3
     0
     1
     0
    86
   107
   209
   112
    37
    95
    39
    48
    70
    38
    81
   148
    45
    70
   222
    83
    19
    29
     0
     0
     0
     0
     8
     0
    18
    39
   268
   187
    56
    79
    49
    21
    69
    49
    43
    41
    42
    16
    23
    60
    33
    41
     0
     0
     0
     9
     7
     0
    23
   146
   121
   230
    32
   108
    31
    74
   105
    38
    86
    39
    69
   142
    47
    19
    33
    26
     0
     0
     8
     7
     0
     2
    72
   154
   227
   130
    25
    92
    53
    41
    42
   118
    60
    25
    15
    33
    64
    57
    49
    27
     0
     3
     1
     2
     0
     0
    40
    86
   164
    89
    22
    28
    45
    39
    36
    13
   105
    51
     8
    19
    30
   230
    94
    73
     0
     0
     0
     7
     0
     0
    32
    97
   158
    82
    31
    21
    64
    35
    57
    33
    65
    41
    19
    33
   114
   113
    61
    30
     4
     7
     0
     0
     0
     3
    62
    59
   144
    57
    50
    28
    38
    10
    39
    16
    68
    31
    19
    44
     8
    54
    32
    69
     0
     0
     0
     0
     0
     1
    48
   186
   110
   100
    54
    35
    52
    31
     6
    34
    22
    78
    86
    19
    70
    79
    20
    74
     0
     0
     4
     8
     0
     1
    69
    33
   170
    60
    21
    23
    20
    18
    41
    45
    18
    22
   160
    15
   169
    66
    38
    42
     0
     0
     0
    12
     2
     4
    22
    59
   139
   165
    47
    36
    43
    45
    25
    83
    14
    30
    31
    15
    22
    64
    35
    20
     0
     0
     0
     0
     0
     0
    36
   116
   281
   122
   183
    39
    62
    85
    76
    15
    19
    48
    46
    45
   147
   110
    30
    51
     0
     3
     5
     2
     0
     0
    59
   120
   185
    86
     9
    49
    38
    11
   161
    24
    41
    35
    29
    15
   124
    70
    29
    44
     1
    15
     0
     7
     0
     0
    38
    44
   144
   105
    11
    25
    33
   156
    10
    33
    32
    16
    24
   195
    69
    95
    44
    37
     9
     7
     6
     0
     9
     0
    29
   126
   282
    74
    48
    30
    89
    58
    51
    32
    50
    23
    70
    15
   190
    79
    29
    40
     0
     0
     2
     0
     1
     0
    47
    52
   316
    52
    21
    40
    21
    67
    62
    34
    43
    24
    25
    12
    68
    91
    35
    35
     5
     6
     0
     0
     0
     0
    44
    42
   110
    32
    49
    33
    84
    47
    13
    35
    19
    32
    37
    63
    70
   102
    17
    50
    14
     4
     8
     2
     0
     0
    17
    53
   144
    84
    40
    25
    26
    25
    31
    54
    41
    27
    29
    34
    41
    63
    21
    39
     0
     0
     0
     0
     0
     4
    27
   289
   193
    68
    24
    43
    28
    58
    45
    40
    76
    42
    28
    43
    62
    63
    80
    70
     7
     0
     0
     0
     0
     0
    36
   114
   363
   186
    63
    16
    43
    17
    35
    44
    63
    20
    55
   167
   407
   117
    29
    45
     1
     0
     0
     1
     4
     0
    45
    95
   208
    67
    54
    16
    22
    37
    14
    18
    18
    30
    34
    23
    87
    72
    28
    45
     6
     5
     4
     3
     0
     0
    54
    73
   119
    31
    17
    60
    75
    30
   183
    56
    29
    44
    50
    84
   324
    72
    31
    57
     0
     0
     0
     5
     0
     0
    84
   101
   194
    67
    24
    19
    30
    27
    27
    46
    18
    31
    26
    49
    64
    10
    19
    36
     6
    17
     8
     0
     1
     4
    53
    66
   141
   101
    46
    89
    26
    17
    33
    45
    33
    28
    29
   214
    28
    88
    13
    51
     2
     5
     0
     0
     0
     0
    95
    41
   155
    38
    28
    43
    25
    68
    31
    20
    24
    38
    59
    29
   147
   114
    32
    28
     0
     3
     0
    17
     7
     0
    39
    67
   320
   120
    45
    25
    53
    40
    65
   115
    52
    40
    97
    78
   108
    19
    45
    62
     0
     0
     0
     0
     5
     6
    70
   116
   129
   120
    20
    93
    48
    43
    28
    34
    39
    42
    21
    81
    51
   126
    46
    64
     0
     0
     5
     0
    13
     0
    59
    93
   179
   142
    25
    26
    13
    65
    19
    33
    27
    37
    34
    19
    28
    57
    25
    27
     0
     0
     0
     0
     0
     1
    16
   111
   143
   117
    28
    64
    26
   213
    31
    39
    77
    25
    70
    42
    44
    53
    40
    34
     8
     7
     0
     1
     0
     6
    35
    65
   130
    39
    21
    53
    17
    61
    21
    30
    24
    26
    27
    23
   118
    42
    23
    28
     0
     0
     7
     0
     3
     0
    38
    23
   237
   127
    67
    15
    24
    59
    28
    16
   208
    22
    34
    29
    41
    29
    66
    33
     0
     0
     0
     2
     0
     0
    71
   101
   140
    87
    24
    38
    48
     3
    29
    24
    10
    17
    46
    67
    86
    72
    50
    22
    10
     0
    10
     0
     0
     6
    59
    83
   131
   125
    41
    21
    88
    13
    49
    54
    41
    75
    28
    31
    97
    72
    43
    21
     0
     0
     5
     0
     0
     0
   155
    93
   248
   151
    54
    32
    12
    79
    29
    30
    39
    21
    47
    38
    50
    32
    23
    35
     0
     0
     7
     0
     0
     0
    38
   126
    24
    29
    12
     4
    12
    12
    41
    52
    26
    68
    37
    21
     9
    83
    38
    45
     0
     0
     0
     0
     0
     0
    37
   131
   146
   160
    53
    33
    43
    52
    25
    24
    14
    67
    32
    26
    66
    28
    28
    74
     1
     0
     0
     0
     0
     1
    28
   113
    67
    85
    62
     9
    40
    23
    56
    25
    62
    92
    24
   203
    20
    53
    37
    35
     9
     0
     0
     4
     0
    13
    36
    64
   126
   142
    46
    20
    47
     7
    23
    31
    57
    10
    54
     7
   177
   110
    16
    45
     0
     1
     2
     0
     3
     0
    37
   119
   199
    32
    15
    17
    40
    27
    16
    16
    21
    29
    25
    36
    78
   138
    53
    55
     0
     0
     0
     0
     6
     0
    51
    90
   117
    99
    45
    40
    62
    46
    50
    43
    91
    84
    34
    48
   103
    72
    33
    37
     2
     0
     0
     5
     0
     0
    49
   127
   267
    64
    41
    29
    26
    47
    31
    43
   163
    27
   106
    29
   247
   123
    41
    80
     0
     0
     5
     0
     1
     6
     5
   105
   102
    68
    27
    15
    51
    34
    15
    12
    22
    82
    64
    93
    64
    69
    31
    50
     0
     0
     0
     0
     7
     7
    31
    92
   146
   153
    12
    40
    27
   186
    43
    24
    47
    44
     9
   191
   251
    28
    61
    28
     9
    17
     0
     2
     3
     0
    60
   115
   105
    24
    68
    13
    24
    21
    28
    40
    72
    43
   122
   207
   107
   218
    28
    42
     4
     0
     0
     0
     0
     0
    38
    84
    61
    63
    23
    29
    22
    33
    17
    53
    18
    61
    90
    76
    98
    15
    84
    60
     0
     5
     6
     0
     6
     0
    24
   114
   281
   112
     6
    31
    63
    37
    31
    39
    34
    52
    20
    25
    46
   207
    34
    25
     0
     3
     7
     0
     0
     1
    37
   114
    98
    15
    43
    80
    23
    18
    50
    70
    41
    46
   162
    34
    66
    39
    40
    27
     0
     0
     0
     7
     1
     0
    86
     9
   305
    25
    47
    74
    49
    70
    22
    52
    57
    37
    69
    82
    29
   211
    43
    41
     0
     7
     6
     0
     0
    13
    30
    98
    35
    33
     8
    18
    25
    42
    28
    36
    29
    77
    41
    12
    29
   152
    15
    50
     3
     0
     0
    13
     0
     2
    35
    61
   115
   100
    53
     7
    84
     7
    24
    31
    42
    27
    16
    77
    73
    34
    31
    37
     0
     0
     0
     3
     0
    16
    34
    39
   102
    55
    35
    31
    20
    17
    22
    39
    36
    10
    52
    75
    34
    71
    17
    47
    16
     5
     2
     0
     7
     0
    32
    96
   105
   136
    25
    59
    35
    34
    74
    22
    31
    12
     9
    28
    44
    59
    49
    41
     0
     0
     0
     5
     0
     3
    11
    89
    67
    29
    10
    19
    16
    34
    28
    18
    47
    45
    85
    25
    29
    75
    16
    29
     0
     2
     2
     0
    10
     0
   127
   300
   213
   296
    40
    35
    71
    48
    28
    66
    40
    43
    68
    53
   145
   120
    48
    65
     4
     0
     0
     0
     0
     8
    52
   257
   201
    71
    38
    15
    22
    41
    37
    97
    17
    23
    20
    31
   201
    64
    37
    72
     6
     0
     6
     0
     0
     0
    62
   182
   171
    71
    49
     4
    27
    57
    39
    23
    35
    27
    33
    19
   215
    54
    54
    28
     0
     8
     5
     0
     6
     0
   106
    73
   160
   111
    34
    12
    56
    39
    32
    30
    26
    34
    31
    40
   183
   135
    48
    19
     0
     0
     0
     0
     0
     3
    66
   110
   142
   118
    31
    66
    17
    39
    23
    59
    53
    31
    45
    32
    24
    45
    17
    36
     0
     0
     9
     0
     0
     9
    59
    91
    58
    31
    34
    22
    41
    35
    43
    70
    15
    31
    67
    72
    17
    52
    24
    18
     0
     0
     0
     0
     0
     4
    62
   104
    73
    17
    25
    31
    23
    29
    33
    10
    24
    79
    48
    30
   108
    11
    33
    68
     0
     3
     2
     2
     9
     1
    14
    68
   240
    73
    67
    11
    27
    24
    15
    70
    12
    65
   173
    30
    82
    98
    21
    27
     1
     6
     0
     0
     0
     3
    83
   152
   195
   111
    25
   172
    78
    39
    67
    34
    32
   111
   110
    42
   198
   159
    34
    20
     0
     0
     7
     6
     0
     0
    79
   102
   119
    77
    20
    33
    14
    28
    24
    37
    41
    12
    43
    35
   157
   103
    39
    35
     0
     3
     0
     0
     3
     0
    34
    37
   216
   103
    47
    21
    54
    68
    38
    33
     7
    48
    66
    59
    81
    72
    17
    31
     0
     0
     0
     1
     7
     0
    82
    77
    50
    59
    28
    17
    66
    20
     9
    18
    23
    34
    52
   108
    50
    95
    16
    34
     4
     0
     5
     0
     0
     1
    10
    87
   155
   111
   121
    18
    28
    54
   164
    15
   158
    61
    40
    80
    14
    20
    25
    34
     2
     1
     0
     0
     2
     5
    41
   137
    89
    24
    33
     9
    19
    14
    18
   105
    46
    35
    52
    19
   114
    22
    32
    23
    10
     0
     0
     5
     0
     0
    23
    79
    54
   126
    13
    37
    43
    17
    44
    29
    61
    68
    86
    59
    30
    94
    67
    38
     7
    13
     5
    10
     0
     3
   128
    74
   142
    62
    36
    30
    70
    68
    45
   113
    36
    62
    24
    22
    25
   180
    60
    51
     0
     0
     0
     0
     0
     1
    35
    33
   147
   219
    24
    30
    33
    13
    35
    24
    22
   180
    92
    96
   156
    35
    26
    40
     0
     0
     0
     0
     0
     0
    74
    83
    92
   113
     8
    52
    34
    27
   166
    30
    56
    25
    25
    42
    36
    53
    65
    36
     0
     9
     0
     0
     9
     0
    32
   103
    84
    31
    27
    64
    44
    53
    73
    47
    37
   217
    52
    29
    70
    65
    31
    80
     1
     9
     0
     0
     1
     5
    81
    63
   196
   162
    26
    31
    16
    56
    34
   168
    33
    45
    35
    15
   243
    72
    49
   181
     0
     0
     3
     0
     0
     1
    20
     6
    73
    39
    41
    22
    33
    82
    21
    53
    20
    31
    16
   116
    88
    21
    30
    29
     0
     1
     0
     0
     3
     0
    53
   233
   262
   116
    72
    32
    19
    31
    43
    42
    67
    37
    47
    27
   173
   119
    48
    21
     0
     0
     0
     5
     0
     8
    21
   152
   125
   183
    26
    46
    39
    50
    86
    85
   197
    43
    62
    55
    70
    46
    28
   107
     0
     0
     6
     5
     0
     6
    41
   191
   222
   105
    33
    30
    64
    79
    19
    50
    25
    39
    65
    29
   131
    30
    21
    51
     2
     3
     5
     0
     3
     0
    23
   118
    41
    79
    19
    30
    14
    18
    42
    60
    27
    34
    65
   168
    64
    48
    18
    75
     0
     0
     0
     0
     8
     0
    14
   108
   258
   123
    35
    15
    28
    32
    76
    77
    15
    20
    20
   167
   245
    85
    34
     8
     3
     0
     0
     0
     0
     0
    34
    54
   201
   117
    19
    41
    19
    11
    93
    30
    17
    38
    47
    70
    62
    32
    50
    24
    15
     0
     0
     0
     0
     0
   102
    95
   231
    60
    23
    64
    87
    17
    21
    40
    18
    75
    44
    10
    64
    24
    27
    25
     0
     8
     2
     0
     2
     0
    57
   130
   160
    46
    80
    28
    52
   107
    41
    84
   114
   108
    60
    52
   222
    99
    18
    31
     0
     0
     0
     0
     0
     6
    40
    83
   109
   155
    35
    29
    39
    40
    26
    42
    51
    28
    18
    69
    19
    27
    95
    25
     7
     0
     0
     0
     0
     3
    91
    60
    84
   126
    37
    31
    30
    27
    17
    43
    23
    37
    76
    30
    15
    37
    34
    43
     0
     0
     0
     0
     2
     0
    19
   148
   151
    24
    32
    53
    47
   166
    23
    17
    33
    55
    35
    59
    50
    60
    41
    79
     7
     0
     1
     0
     0
     0
    50
   178
   115
   179
    23
    36
    21
    79
    73
    19
    27
    23
    17
    13
    49
   124
    36
    69
     1
     0
    13
     0
     0
     0
    52
    81
   172
    16
    31
    69
    17
    30
   180
    17
    11
    12
     7
    38
    36
     7
    20
    47
     0
     8
     3
     0
     7
     3
    51
   104
   130
    68
    28
    27
    39
    39
    65
    55
    32
    29
    68
    21
   120
   172
    42
     4
     0
     7
     0
     0
     4
     0
    56
   160
   154
   110
    45
    77
    42
    69
    46
    54
    47
    16
   147
    59
   196
   110
    58
    39
     0
     5
     0
     0
     0
     0
    68
   145
   173
    36
    34
    56
    37
   156
    73
    55
    73
    77
    22
    49
   221
    38
    50
    77
     9
     0
     0
     2
     0
     2
    47
   205
    52
    56
    22
    11
    23
    18
   147
    88
    50
    39
    31
   102
    69
    36
    38
    24
     0
     4
     0
     0
     0
     0
    11
    55
   197
    96
    38
    19
    38
    70
    33
    31
    26
    27
   155
   150
    63
    17
    44
    16
     3
     0
     0
     9
     0
     2
    23
    13
   147
   153
    15
    30
     7
    42
    46
    20
    14
    86
    25
    41
   115
    32
    23
    33
     3
     0
     0
     0
     0
     5
    68
   100
   116
    37
    28
    34
    22
   192
    33
    10
    23
    74
    27
    41
    55
    73
    11
    26
     0
     0
     0
     0
     0
    10
    29
    37
   185
   135
    27
    67
    86
    15
    74
    14
    23
    22
    74
     4
   109
    58
    24
    45
     0
     0
     9
     0
    15
     0
    45
    91
   119
   160
    85
    23
    28
    37
    59
    47
    32
    34
    62
    23
   143
   118
    39
    44
     0
     2
     0
    12
     0
     6
    70
    72
   102
   206
    41
    63
    17
    20
    64
    30
    49
    15
    31
    44
   150
    33
    36
    27
     0
     0
     7
     1
     5
     8
    20
   202
   222
    47
    26
    30
    20
    48
    23
    72
    40
    44
    39
    22
    84
    26
    30
    28
     8
     5
     0
     0
     0
     0
    67
    67
   195
    31
    29
    26
    45
     5
    38
    68
    27
    75
    75
    46
   236
    71
    25
    10
     0
     1
     7
     4
     0
     0
    28
   116
    55
    77
    29
    72
    15
    14
    39
    26
   160
    57
    23
    22
    98
   138
    12
    28
    11
     0
     0
     7
     0
     0
    39
   110
   181
   114
     5
    31
     7
    41
    30
    34
    69
    30
    17
    51
   226
   120
    28
    99
     0
     2
     0
     0
     0
     2
    28
   122
   177
   137
    17
    30
     9
    33
    19
    10
    27
    38
    20
    36
    25
   130
    68
    74
     3
     5
    15
     0
     0
     7
    80
   151
    78
   182
    33
    53
    40
    28
    56
    26
    13
    18
    72
   159
    13
    22
    83
    25
     0
     0
     0
     2
     0
     0
    36
    70
   110
    54
    55
    17
    69
    30
    27
    34
    36
    74
   209
   191
    54
   149
    36
    33
     6
     9
     5
     0
     8
     0
    56
    58
   213
    13
   128
    42
    13
    23
    17
    34
    35
    27
     9
    31
    25
    89
    39
    65
     0
     0
     1
     0
     0
     0
   141
   168
   271
   111
    76
    32
    35
    43
    29
    49
     9
    21
    35
    39
    96
   171
    63
    19
     7
     6
     0
     0
     0
     0
    33
    74
   143
    77
    28
    21
    62
    47
    30
    89
    42
    30
    22
    32
    65
   184
    15
    59
     0
     0
     0
     5
     2
     1
    74
    67
   123
   101
    26
    23
    16
    53
    69
    53
    33
    71
    28
    29
    45
    25
     3
    53
     0
     0
     0
     0
     0
     0
    48
    22
    29
   105
    81
    34
    57
    77
    20
    20
    37
   156
    19
    11
    39
    61
    22
    54
     0
     0
     4
     8
     0
     0
    39
   101
   252
   228
    37
    81
    18
   158
    23
    16
    42
    37
    23
    96
    83
    59
    79
    30
     0
     1
     0
     0
     0
     6
    32
    32
   274
    77
    57
    84
    44
   127
    38
    63
    38
    26
   161
    33
    82
   116
    26
    26
     3
     0
     0
     0
     0
     0
    71
    22
   112
   161
    10
    30
    31
    34
    28
    24
    27
    29
    18
   105
    85
   112
    58
    99
     0
     0
     0
     2
     0
     2
    19
   110
   131
   118
    21
    26
    33
    22
    58
    24
    20
    60
    24
    38
   192
   110
     6
    10
     0
     5
     0
     0
     0
     0
    23
    97
   165
    96
     7
    95
    32
    29
    39
    54
    56
    42
    38
    42
   205
   114
   210
    30
     0
     6
     0
     0
     0
     1
    89
    15
   241
   170
    24
    63
    13
    16
    19
    71
    57
    23
    13
    35
    24
   182
     6
    35
     4
     0
     0
     0
     0
    10
    16
    90
   209
   123
    12
    20
    41
    25
    25
    22
    20
    26
    27
    39
    48
   154
    59
    58
     0
     0
    12
     0
     0
     5
    70
   227
    43
   126
    39
    15
    35
    67
     9
    37
    37
    48
    78
   104
    58
    52
    37
    37
     0
     0
     1
     0
     2
     0
    25
    51
    89
   118
    71
    28
    57
   201
    45
    24
    32
    30
    41
    39
   392
    42
   104
    50
     0
     0
     7
     0
     4
     0
    33
    23
   104
   193
    24
    25
    34
    17
   162
     8
    47
    61
   183
    25
    89
    72
    34
    57
     0
     8
     3
     1
     0
     0
    74
   113
   126
    83
    32
    26
    28
    40
    55
    21
    55
    49
    16
    53
    52
   106
    70
    66
     0
     0
     0
     0
     6
     0
    28
    99
   185
   151
   124
    29
     9
    25
    39
    12
    36
    29
    27
    80
    47
    57
    94
    29
    19
     0
     0
     3
     0
     0
    46
    87
   283
    95
    24
    40
    44
    37
    69
    39
    43
    41
    71
    21
    26
    57
     5
    37
     0
     0
     0
     0
     3
     0
    31
    56
    72
    74
    28
    24
    30
    21
   218
    35
    24
    19
    77
    24
    66
    45
    43
    30
     0
     0
     1
     3
     0
     0
    63
   166
    65
    79
    37
    29
    34
    36
    29
    14
    30
   101
    94
   209
    50
   150
    13
   100
    12
     0
     0
     5
     8
     0
    39
   143
   144
   102
    27
   130
    30
    33
    51
    68
    29
    19
    83
    43
    38
    43
    14
    89
     0
     0
     0
     0
     0
     0
    67
   183
   215
    75
    55
    31
    30
   166
    39
    43
    19
    27
    24
    85
    60
   121
    20
    58
     2
     0
     0
     0
     4
     0
    19
   106
   136
    48
    54
    34
    60
    27
    81
    23
    13
    60
    67
    55
    30
   105
    25
    36
     4
     0
     6
     6
     0
     0
    30
    38
    92
    57
    44
    30
    25
    46
    22
    23
    81
    23
    36
    29
    50
    62
    28
    18
     7
     4
     0
     0
     0
     8
    59
   160
   142
    67
    25
    29
    18
   109
    17
    16
    42
    22
    10
    37
   219
    70
    44
    29
     0
     0
     0
     0
     4
     0
    61
   206
   145
    66
    16
    28
    22
    74
    26
    17
    73
    20
    37
    22
    95
    42
    19
    30
     0
     5
     0
     0
    15
     0
    43
    74
   125
   188
    28
    45
    71
    33
    32
    42
    28
   166
    23
   168
    74
    47
    80
    23
     0
     0
     0
     0
     3
     0
    31
    73
   205
    70
    91
    39
    35
   118
    12
    30
    38
    32
    38
    75
    30
    66
    46
    56
    10
     6
     8
     0
     0
     0
    19
   110
   115
    43
    19
   197
    26
    38
    33
    28
    29
    47
    29
    34
    77
    73
    46
    15
     0
     0
     0
     0
     0
     0
    99
    24
   114
   111
    17
    16
    43
    30
    30
    46
    53
    18
    25
    21
    58
    26
    41
    26
     0
     9
     0
     1
     0
     0
    47
   132
   315
    80
    31
    22
    50
    34
    75
    34
    27
    17
    27
    53
    94
    70
    22
    27
     0
     8
     4
     0
     0
     0
     9
   197
   105
    63
    41
    75
    23
    86
    31
     6
    21
    72
    28
    65
   153
    96
   106
    16
     0
     0
     0
     0
     1
     5
    17
    25
   158
    45
    42
    33
    15
    42
    13
    65
    27
    49
    35
    40
   216
   111
    34
    31
     2
     4
     1
     0
     0
     0
    40
    64
   250
    74
    33
   158
    16
    14
    39
    16
    65
    34
   100
    94
   109
   225
    26
    65
     0
     0
     0
     0
     2
     0
    61
   135
   197
   114
    75
    78
    10
    57
    47
    73
    52
    23
    38
    32
   262
    68
    53
    30
     0
     7
     2
     0
     0
    11
    20
   116
    87
    86
    18
    56
    33
    52
    75
    25
    26
    32
    45
    51
   218
   102
    39
    26
     0
     0
     0
     0
     0
     3
    50
   110
    62
    72
    23
    28
    16
    24
    35
    43
    29
    28
    26
   147
    58
    19
     9
    40
     0
     0
     0
     0
     6
     0
    10
    70
    77
    72
    82
    55
    33
    89
    29
    22
    14
    17
    15
    28
    76
    13
    61
    13
     8
     6
     0
     3
     8
     0
    30
    63
    91
    97
    79
    34
    14
    45
    75
   119
    34
    42
     8
    18
    32
   124
    24
    46
     4
     0
    16
     3
     0
     0
    55
   143
   113
   194
    22
   174
   147
    24
    14
    64
   177
    28
    52
    14
    13
   110
    30
    22
     0
     9
     1
     0
     0
     0
    45
   120
   266
    74
    22
    40
    52
    53
    76
    77
    20
    15
    63
    54
   500
    20
    51
    39
     5
     0
     0
     2
     0
     5
    87
   181
   172
   141
   198
    66
    31
    60
    16
   213
    38
    44
    45
    33
   254
    61
    38
    19
     0
     0
     0
     0
     0
     0
    30
   111
   111
   113
    67
    51
    28
    45
    32
   116
    84
    10
    15
    66
    61
    37
    69
    43
     7
     0
     0
     0
     0
     2
    17
   206
   105
    73
    25
    46
    28
   103
    46
    32
    90
    30
    28
    27
   156
    31
     9
    15
     0
    11
     0
     0
     0
     0
    26
    47
   176
   112
    43
    41
    71
    32
    18
    28
    25
   173
    28
    39
    25
    99
    24
    25
     2
     0
     0
     0
     0
     0
    66
   296
    71
   160
    10
    15
    21
    36
    25
    82
    63
     6
    30
    55
   155
    74
    34
    27
     0
     0
     0
     2
     0
     4
    59
    10
    83
    79
    34
    32
    42
    51
    20
    61
    47
    29
    39
    25
   114
    49
     9
    33
     2
     7
     0
     0
     6
     0
    23
   148
   133
    75
    56
    33
    43
    37
    65
   110
    31
    43
    35
    18
   109
   159
    72
    42
     2
     0
     5
     0
     0
     5
    35
    85
   114
   120
    15
    31
    65
    55
    49
   174
    79
    16
    92
   189
    82
    91
   205
    34
     0
    12
     5
     0
     0
     0
    38
   113
   141
   168
    44
    27
    53
    35
     5
    20
    45
    52
     8
    37
    32
    92
    20
    27
     0
     0
     0
     0
     2
     0
   127
   108
    68
   102
    66
    24
    30
    11
    29
    29
    71
   171
    29
    30
   110
   229
    41
    19
     0
     0
     0
     4
     7
     0
    74
    96
    83
   127
    33
    94
    60
    77
   158
    38
    38
    83
    29
    40
    91
    69
    49
    36
     0
     3
     0
     9
     0
     0
    20
   191
   202
    94
    27
    24
    33
    90
    48
     8
    71
    71
    23
    18
    78
    85
    80
    22
     3
     7
     1
     0
     8
     0
    16
   103
    47
   154
    22
    22
    35
    42
    25
    33
    72
    46
    62
    50
    29
   127
    35
   166
     0
     2
    10
     0
     4
     0
    50
   151
   139
    86
   226
    61
    17
    46
    95
    80
    36
    23
    52
    45
    25
    33
    66
    37
    24
     0
     7
     3
     0
     0
    31
    68
   204
    80
    94
    44
    69
    98
    27
    55
    55
    98
   104
    42
    44
    93
    87
    44
     0
     2
     6
     0
     3
     0
   148
   138
   172
    80
    48
    26
    83
    44
    29
    40
   149
    37
    43
   185
    56
    41
    11
    53
     0
     0
     0
     0
    17
     1
    32
    95
    63
    49
    80
    18
    38
    92
    25
   166
    17
    33
    46
    63
   103
    65
    19
    65
     0
     9
     2
     0
    15
    15
    73
   102
   232
   190
   115
    35
    28
    18
   195
   165
    16
    63
    35
    13
    47
    25
    59
    38
     0
     0
    10
     5
     0
     0
     0
   124
    67
   248
   149
    48
    49
    35
   216
    91
    21
    29
    52
    33
    30
    79
    56
    51
    15
     0
     1
     0
     4
     0
     2
    22
    43
   137
    50
    21
    54
    18
    62
    24
    47
    34
    52
    64
    32
    16
   170
    74
    72
     0
     0
     0
     0
     0
     0
    80
   202
   230
   101
    87
    29
    73
    43
    75
    45
    35
    48
    28
   167
   132
   230
    57
    53
     3
     0
     0
     0
     5
     0
    38
    61
   225
    82
    31
    39
    31
    31
    25
    21
    39
    87
    62
    67
    90
   123
    43
    61
     5
     6
     0
     0
     0
    10
    32
    65
   232
    71
    25
   188
    24
    10
    48
     9
    22
    35
    62
    38
    38
    32
    41
    39
     1
     7
     6
     0
     0
     5
    30
    89
   155
   195
    28
    67
    27
    66
    99
    67
    21
    33
   169
    20
   176
    64
    73
    12
     0
     0
     0
     0
     1
     0
    56
    49
   172
   167
    41
    25
    36
    42
    43
    31
    47
    33
    69
    44
    58
   301
    28
    45
     2
     0
     3
     0
     0
     4
    16
   100
   194
    89
    42
    47
    45
    49
    25
    43
    43
    11
    20
    80
    21
    26
    42
    23
     0
     0
     8
     0
     0
     0
    26
   136
   107
    57
    47
    28
    21
    25
     9
    37
    39
    42
   187
    19
   153
   101
    30
    47
     3
    13
     0
     2
     0
     0
    76
   130
   308
    88
    22
   235
    83
    38
    29
     4
    22
    14
    76
    34
   199
    61
    41
    29
     5
     4
     0
     0
     1
     0
    29
   151
   180
   143
    26
    35
    37
    56
   197
    60
    24
    33
    98
    83
    86
    19
    22
    61
     0
     0
     0
     0
     0
     0
    41
   200
   170
    40
    43
    41
    18
    70
    39
    54
    81
    86
    38
    32
    44
    64
    62
    11
     0
    12
     0
     9
     0
     0
    73
   126
   116
   149
    23
    78
    13
   103
    18
    74
    42
    59
    57
    92
    94
    67
    27
    32
     0
     0
     7
     0
     4
     2
    73
   194
   242
   195
    22
   139
    24
    37
    26
    38
    63
    38
    36
    42
   121
    39
    69
    23
     1
     0
     8
     0
     0
     6
    27
    72
    33
    86
    49
    34
    28
    32
    65
    65
    38
    73
    17
    39
   217
   188
    47
    18
     0
     0
     0
     0
     0
     6
    59
    93
   111
   121
    26
    28
    28
    38
    23
    67
    16
    75
     9
    66
   152
    57
    61
    33
     2
     1
     7
     7
     0
     3
    77
   188
   198
    96
    45
    38
    51
    86
    47
    37
    32
    36
    30
    25
   135
   100
    62
    45
     0
     0
     0
     0
     5
     0
   105
   145
   217
   243
    30
    44
    41
    82
    38
    64
   172
    49
    47
    46
    66
   125
    21
    27
     0
     0
     7
     9
     9
     0
    25
   101
    97
    75
    40
    21
    80
     5
    28
    32
    76
    62
    21
    17
   216
   163
    22
    38
     2
     0
     2
     4
     0
     1
    40
   141
   241
    48
    91
    40
    39
    96
    12
    20
    35
    28
    61
    35
    60
   127
    44
    39
     0
     0
     0
    12
     0
     0
    18
   140
   131
    75
    45
   155
    23
   111
    34
    22
    25
    30
    31
    52
    30
    60
    73
    21
     5
     2
     1
     6
     0
     0
    20
   196
   223
   114
    68
    64
    28
    40
    31
    33
    41
    43
    82
    32
    54
    55
    37
    58
     0
     0
     6
     1
    14
     7
    51
   117
   173
    98
    42
    29
    89
    34
    26
    61
    63
    20
    27
    29
    36
    40
    14
    38
     0
     2
     0
     8
     0
     0
    41
   204
    61
   215
    73
   193
    82
    18
   116
    25
    54
    29
    45
    72
   165
    55
    26
    96
     0
     0
     2
     3
     0
     9
    90
   122
    72
    66
    28
    38
    57
    94
    62
    33
    64
    44
   175
   215
    52
   120
    38
    88
     0
     1
     0
     9
     0
     0
    19
   156
   180
   160
    32
   172
    70
    37
    17
    53
    26
    34
    13
    65
    92
    41
    13
    32
     0
     0
     0
     7
     1
     8
    54
    77
    81
    61
    36
    17
    32
    34
    35
    43
    37
    35
    21
   111
   171
   122
    64
    67
     2
     0
     4
     0
    10
     3
   113
    49
   205
   106
    66
    42
    57
    31
    10
     8
   181
    86
    31
    50
    79
    70
    18
    34
     6
     1
     0
     0
     0
     1
    61
   128
   223
   111
    87
    37
    62
    58
    23
    59
    31
    26
    28
     8
    54
    89
    40
   135
     3
     0
     7
     2
     0
     4
    22
   121
   154
   110
    27
    35
    27
    28
    74
    46
    41
    36
    32
    53
    24
    22
   100
    28
     0
     0
     6
     0
     0
     4
    29
   122
   221
    67
    50
    79
    47
    43
    37
    28
    37
    45
    57
    63
    94
   102
    60
    75
    16
     1
     3
     4
     0
     6
    45
   173
   246
   158
    28
    31
    28
   240
    31
    55
    35
   179
    72
   148
    43
    38
    84
    22
     0
     2
     0
     0
     0
     6
    32
   121
   279
   250
   111
   166
    37
    82
    37
    29
    30
   116
    27
    35
   160
   212
    34
    57
     0
     0
     1
     4
     0
     0
    25
    41
   105
    23
    36
    37
    47
    81
    64
    16
    45
    12
    18
    60
    72
   156
    42
    66
     1
     7
     0
     0
     0
     5
    29
   120
   189
    89
    18
    40
    28
    44
    28
    46
    67
    34
    75
   191
    65
    60
    52
    79
     0
     0
     2
     6
     2
     0
    33
    66
   171
    96
    16
    18
    35
    29
    26
    74
    22
    44
    21
    39
    79
   247
    33
    25
     0
     1
    10
     0
     0
     0
    40
   223
   305
    20
    19
    47
    32
    34
    14
   106
    31
    10
   160
    61
    51
    72
    21
    41
     4
     2
     0
     0
     0
     4
    46
    54
   201
   135
    53
   100
    44
    54
    60
    13
    27
    14
   154
    54
   175
    12
    84
    19
     1
     4
     4
     0
     0
     2
   111
    97
   207
   230
    47
    92
    35
    14
    32
    34
    69
    72
   163
    32
   118
   211
    37
    55
     4
     0
     0
     1
    11
     0
    51
   114
   120
    42
    39
    73
    72
    17
    50
    32
    41
    43
   104
    32
   124
    96
    50
    30
    11
     0
     0
     0
     5
    10
    32
   145
   237
   161
   106
    31
     6
    20
    75
    34
    48
    21
    54
    19
   186
   109
    16
    35
     2
     0
     0
     3
     0
     0
    27
   152
   128
   161
    71
    42
    29
    60
    48
    35
    59
    71
    35
    31
    84
   120
    33
    24
     1
     9
     0
    11
    10
     0
    57
   112
   154
   113
    31
    67
    32
    71
    58
    24
    24
    43
    46
    39
    49
    86
    32
    41
     0
     0
     0
     5
     0
     0
   125
   133
    74
    85
     7
    19
   183
    21
    60
   150
    40
     8
    23
    33
   138
    75
    82
    47
    10
     2
     0
     0
     0
     0
   146
   126
   288
   119
    66
    50
    18
    99
    31
    62
    41
    56
    59
    39
   126
   247
    41
    61
     6
     0
     0
     0
     1
     0
    76
   135
   304
    80
    47
     7
    38
    96
    76
    51
    34
   169
    88
    66
   280
    95
   255
    30
     2
     0
     0
     0
     6
     6
    78
    60
   195
   119
    41
    22
    37
    30
   182
    58
    20
    11
    78
   302
    15
    73
    16
    45
     4
     7
     0
     2
     3
     1
    13
    27
   161
    67
    35
    39
    77
    51
    25
    31
    27
   130
    11
    39
    77
    88
    17
    19
     0
     0
     2
     0
     0
     0
    77
   186
    69
   144
    58
    49
    27
    36
     8
    19
    11
    26
   160
   162
    69
    25
    26
    30
     6
     0
     5
     0
     0
     0
    80
    79
   160
    64
    67
    77
    12
    28
   186
    39
    33
    41
    28
    33
   246
   107
    33
    41
    13
     9
     0
     0
     6
     0
    26
    85
   188
    89
    41
    72
    54
    24
    78
    58
    23
    48
    55
    39
    32
    78
    22
    62
     0
     1
     0
     0
     0
     8
    70
    18
    59
   179
    26
    68
    71
    49
    19
   321
    41
   197
    82
    43
   201
    66
    55
    46
    18
     0
     0
     1
     0
     0
    32
    21
   173
    23
    35
    40
    73
    25
    45
    39
   117
   170
    38
    37
   222
    46
    12
    67
     9
     0
     0
     0
     0
     1
    57
   202
   321
     8
    33
    26
    34
    57
   162
    53
    23
    23
    36
    25
    55
    88
    98
     9
     0
    14
     8
     8
    15
     5
    30
    90
   123
    68
    55
    97
    57
    45
    36
    34
    42
    44
   169
    26
   281
    18
   106
    35
     7
     0
     0
     1
     0
     5
    26
   110
   102
    38
    41
    58
    87
    74
    31
    58
    30
    84
    25
    70
    52
   169
    33
    76
     4
     0
     0
     5
     0
     0
    56
   107
   171
   236
    24
    24
    25
    25
    35
    62
    68
    69
    49
    72
    17
   105
    31
    22
    15
     2
     1
     7
     0
     0
    47
    99
    88
    80
    32
    55
    19
    35
   203
    61
    83
    33
    32
   115
    64
   122
    31
    18
     0
     3
     0
     1
     5
     0
    26
   147
   332
    83
    41
    44
    35
    38
    31
    83
    31
    18
   131
    22
    53
   137
    19
    58
     7
     0
     0
     6
     7
     0
    82
   123
   340
   272
    37
    61
    13
    19
    54
    46
    80
    50
    35
    64
    96
    34
    59
    47
     4
     0
     0
     0
     2
    10
    59
   161
   112
   199
    90
    33
    55
    41
    28
    54
   324
    44
   170
    29
    73
   131
    26
     0
     0
