    97
     2
     0
     0
    18
   171
   135
   323
   123
    99
    51
    40
    50
    33
    83
   103
    87
    38
    28
   213
    57
   138
    44
     2
     4
     3
     0
     0
     0
   133
    98
   229
    83
    84
    41
    46
    99
    75
   127
    44
    80
    69
    78
   278
    85
    63
    50
     1
     5
     2
     4
    21
     0
   109
   145
   274
   140
   130
    58
   116
    82
    71
    67
    59
    95
    78
   114
    70
   295
   100
   100
     6
     0
     6
     1
     0
     6
    84
   207
   511
    69
    67
   142
    98
    62
    74
    52
    65
   102
   100
    44
   290
   110
   111
    99
     0
     0
     0
     0
    17
     0
    55
   220
   469
   256
   147
    55
    98
    53
    80
    45
    94
   103
   116
    69
    96
   268
    68
    94
     6
     0
     0
     0
     6
     0
    52
   354
   549
   279
    70
   131
   109
    52
    74
    54
    91
   137
    72
    77
   359
   164
   188
    79
    24
     9
     3
     8
     8
     0
   144
   232
   419
   221
    73
   108
   239
   277
    65
    87
    80
    89
    39
   214
   122
    83
   104
   104
     1
    14
     0
     0
    13
     0
    92
   109
   346
   117
   222
   223
    53
    29
    74
    37
    76
    40
    67
    52
    93
   157
    59
    76
     0
     0
     5
     0
     5
    10
   176
   239
   363
   129
    54
    17
   118
    26
    53
    85
   130
    71
   126
    59
   186
   194
    54
   173
     7
     2
     0
     3
     4
     0
   128
   203
   230
   397
    95
    51
    42
   169
    68
    42
    55
   124
    84
   160
   145
   139
    75
    73
     2
     9
     6
     0
     2
     5
   124
   141
   404
   250
    99
    65
    30
   120
    50
    91
    71
   230
    60
    95
   194
   126
    75
    88
     0
     0
     6
     0
     9
     0
    63
   171
   331
   209
    55
   142
    63
   163
    27
   184
    71
    42
    26
    81
   204
   134
    92
    90
     0
     2
     0
     2
     4
     5
   108
   198
   431
   291
    51
   207
   124
    72
    52
   119
   104
    51
    71
    80
   295
   332
    53
    71
     6
     3
     5
     0
     3
     0
    64
   290
   551
   264
    92
   121
   115
   152
   130
   216
    85
   248
   111
   243
   441
   345
    74
   223
     4
     0
     5
     1
     4
     0
   103
   260
   439
   274
    52
    95
    66
    69
    65
   143
    86
    99
   163
    86
   159
   147
    80
    92
     3
     0
     6
     0
     0
     5
    69
   192
   269
   153
    87
   116
   120
   208
    43
    89
   109
    82
    59
   192
    95
    92
    40
   142
     7
     6
     3
     0
     1
    11
    81
   179
   318
   296
    71
    56
    83
    70
   144
    48
    85
    65
    61
    57
   197
   263
    93
    98
     0
     0
     2
     6
     3
     0
   107
   214
   257
   169
    50
   169
    63
   107
   102
   239
    42
    62
    38
   170
    87
   259
   231
   159
     1
     0
    16
     9
     0
     0
    81
   290
   348
   124
    55
    64
    91
   115
    83
    64
   140
    49
    78
    46
   140
   119
    70
    92
     9
     4
     0
     7
    13
    13
   145
   391
   749
   251
    62
    61
    93
    38
    79
   176
   119
   106
    90
   199
   130
   244
   118
    59
     0
     5
    11
     0
     0
     0
    66
   114
   326
   292
    85
   119
    87
    87
    84
   114
    96
    69
    95
   188
   183
   193
   137
   104
     3
     3
     4
     3
     3
     0
    96
   132
   239
   121
    31
    67
    58
   113
    91
    96
   106
    66
   164
    62
    86
   152
    58
    91
     3
     1
     6
     0
     0
     0
    60
   211
   355
   259
    78
    67
    75
    66
    93
   243
   217
    85
    77
   192
   128
   106
    92
   120
     8
     0
     7
     0
    10
     0
   118
   102
   293
   249
    91
    50
    84
   120
   103
   118
    34
    69
   116
   100
   244
   100
   166
    53
     2
     7
     2
     0
     6
    20
   138
   265
   320
   170
    47
    83
    59
    79
    74
    88
   117
    42
    34
   249
   106
   161
    67
    50
     0
     0
     0
     4
     1
     8
   254
   120
   437
   135
   108
    72
    86
    36
    39
   149
   107
   114
    91
   179
   182
   260
    81
   101
     1
     7
    10
     9
     0
    10
    64
   216
   421
   137
   144
    92
    94
    28
    81
    87
    66
   273
   223
   118
   286
    93
    89
    53
     8
     4
     5
    11
    11
     0
    51
   241
   305
   222
    65
    67
    72
    90
    69
   148
    91
    75
    96
   228
   296
   487
   111
    61
     7
     0
     3
     4
     5
     0
   162
   241
   155
   167
   120
    56
    74
    32
   135
   229
    62
   270
    57
   163
   223
    78
    40
    75
     6
     7
     6
     0
    12
    13
    62
   173
   313
   147
   120
    30
    57
   229
    45
   117
    90
    65
    92
    46
   133
   125
    50
    34
     8
     0
    12
     3
     5
     6
   123
   245
   384
   255
    85
    74
    52
    53
    36
    65
   144
    67
   288
    58
   134
   216
    54
   120
     0
     0
     4
     0
     4
     6
    72
   103
   242
   223
    63
    68
    65
    48
    78
   116
    75
    53
    79
   173
   310
   305
    94
   172
     2
     0
     4
     0
    15
     0
    53
   290
   215
   317
    69
    56
   103
    53
    62
    56
    67
   120
    78
    72
    89
   127
   108
    87
     6
     0
     4
     2
     0
     0
    51
   347
   490
   228
   103
    72
    78
   130
    97
   128
   102
   112
   245
   195
   235
   199
    36
    51
     4
     3
     2
     0
     6
     0
   123
   140
   359
   198
   252
   221
   102
    53
    76
   160
   191
   108
   140
   102
   418
   141
    97
   135
     3
     3
     0
     0
    18
     0
    99
   194
   498
   145
   173
   209
   103
    76
    65
    86
   130
   112
    71
    75
   138
   189
   156
    79
     0
     4
     1
     0
     9
     5
    98
   334
   191
   141
    81
    63
    40
    49
    70
   171
   229
    61
   150
   236
    91
   258
   168
    64
     1
     6
     0
     0
     1
     0
   114
   120
   218
   168
    73
   137
    44
    54
   106
    53
    45
    47
   119
   242
   127
   219
    84
    78
     0
     0
     6
    10
     0
     0
   203
   277
   361
    82
    72
   120
    49
    60
   128
    58
    86
   119
   110
   377
   139
   106
    58
    64
     2
    10
     6
     5
     0
     0
    75
    53
   327
   200
    61
   160
   135
    53
    66
    25
    95
    39
    60
    60
   305
    97
    35
    62
     4
    19
     1
     4
     4
     7
    66
   418
   227
   226
    74
    52
   165
   128
    71
   103
    67
    50
   176
   105
   274
   239
    93
   118
     5
     0
     0
     1
     0
     0
    62
   229
   507
   303
   168
    65
    59
   222
   148
    79
   264
   125
    97
    65
   375
    72
    60
   186
     8
     3
     5
     5
    10
     3
    79
   218
   315
   171
   102
    72
   121
    93
   104
    64
   118
    44
   175
   265
   226
   181
   116
   108
     1
     0
     0
     2
     8
     0
    99
   194
   390
   208
   102
    36
   143
    92
    82
    62
    39
    91
   113
    78
   229
   148
    45
    52
     0
     7
     2
     5
     1
     2
    58
   292
   144
   144
    68
    91
    76
    94
   102
    39
    63
    98
   119
   293
   130
   135
    65
   128
     9
    17
     0
    10
     0
     0
   117
   123
   291
   410
    49
   196
    65
   133
    60
    37
   245
   102
   121
   195
   272
   198
   102
    29
     4
     0
    13
     0
     9
     7
    77
   172
   460
   313
    69
    58
    65
   100
   135
   131
    61
    87
    65
   147
   170
   294
    97
   107
     2
     0
     0
     7
     8
     0
   126
   222
   203
   386
   171
    99
   130
   119
    80
    88
    29
   133
   129
   123
    61
   321
    71
    76
     0
     7
     0
     2
     5
     1
    79
   153
   422
   135
   141
    83
   166
   109
   208
   104
    65
    47
   103
    72
   273
   300
   122
    99
     0
     3
     0
     0
     1
    18
    58
    57
   403
   318
    42
    77
    95
    63
    58
    75
   130
    52
    31
   215
    69
   161
    99
   132
     6
     0
     9
     5
     0
     0
   119
   159
   341
   437
   125
   108
   179
    83
    94
   285
   106
    24
    62
    89
   181
   298
   113
    45
    29
     7
     0
     0
     2
    12
   162
   166
   372
   176
   131
    62
    90
    26
   242
   116
    59
    37
    60
   196
   135
   199
    84
    52
     3
     0
     5
     3
     0
     4
    61
   113
   326
   233
    47
    77
    83
    94
    63
   212
   137
    60
    93
   209
   132
    85
    67
   126
     4
     0
     1
     0
     0
    16
    82
   271
   528
   289
    51
    80
    90
   245
   100
   234
    74
    53
    42
   249
   154
    80
    64
    62
     1
     5
     9
     0
     3
     6
   166
   128
   472
   236
    72
    50
   104
   258
   135
   170
   194
   189
    99
   231
   182
   222
    57
    67
     4
     3
     5
     9
     0
     1
   175
   142
   314
   181
    93
    61
   166
    48
    95
    65
    63
   254
    71
   179
    66
   107
    90
    76
     0
     0
     0
     5
     0
     1
    72
   263
   365
    90
   117
    64
    87
    63
    42
   136
    54
   280
    47
   241
    43
    62
    44
   125
     2
     7
     4
     0
     2
     0
    92
   226
   186
   220
   279
    80
   226
    44
   139
   115
    95
   186
    71
    85
   407
   129
   125
    53
     0
     2
     0
     4
     6
     0
   130
   245
   146
    93
    88
   130
   104
   121
   119
   144
   258
    71
    84
    64
   246
   251
   142
    97
     0
     9
     8
     0
     0
     0
    50
   176
   242
   265
    44
   119
    53
    53
   230
    76
    47
   125
    60
   197
   307
   181
    55
    73
     6
     3
     8
     0
     9
    13
   107
   214
   310
   182
   129
    89
   116
    81
    89
    93
    54
   217
    67
    64
   260
   101
    80
   108
     0
     6
     5
     9
     0
     0
   225
   324
   320
   302
    77
    87
   124
    17
    84
   103
   112
    74
    68
   113
   170
   203
   242
    66
     3
     0
     0
    12
     2
    11
   172
   301
   493
   188
   120
   126
    70
   130
    65
    70
    49
    64
    71
   107
   130
   156
    50
   103
     1
    12
     1
    10
     6
     6
    91
   281
   311
   240
    77
    66
   110
    87
   137
    70
    75
   131
    48
   110
   175
   345
    63
    62
    11
    16
    18
     0
     0
     0
    97
   326
   335
   218
   111
    97
    60
   106
    40
    84
    42
    47
    75
    76
   108
   322
    47
    32
     0
     6
    17
     0
     0
    18
   149
   196
   442
   387
    84
   174
    85
    52
    57
    94
    59
    69
   103
    78
   439
   297
    32
   133
     0
    10
     3
     8
     1
     8
    54
   376
   169
   267
   124
   127
    59
    94
    44
    46
   225
    35
   249
    97
   239
    88
    80
    57
     3
    11
     5
     0
     8
     1
   136
    67
   381
   380
    54
    68
    89
    70
    37
    76
   189
   159
    95
   112
   229
   297
   106
    49
    16
    13
     0
    12
     0
     6
   166
   152
   392
   101
    56
   112
    81
    71
    57
   121
   197
   112
   145
   305
    60
   154
    89
   137
     3
     7
     4
     3
     0
     9
   191
   291
   301
   275
   152
   173
    85
   203
    44
    76
   231
   282
    80
   143
   426
   349
    48
    88
     1
    16
     0
     0
     5
     9
    98
   212
   220
   149
    73
   165
    59
   158
    90
   194
   148
    74
   132
   104
   362
    69
    64
   120
     0
     0
    18
     5
    19
     7
    60
   125
   412
   231
    58
    68
   137
   186
    62
    89
    84
    92
    63
   156
   157
   283
    49
    58
     6
     8
     0
     0
     0
     0
   116
   137
   363
   151
    50
    80
    45
    50
   119
   107
    53
   119
    84
   239
   160
   150
    89
    70
     7
     1
     0
     0
    13
    11
   115
   200
   272
   127
    88
    44
   100
   139
    61
    88
    84
    32
    58
   128
   215
   309
    59
    69
     7
     0
     0
     6
     0
     0
    43
   126
   312
   369
   195
    68
    80
    69
    66
   243
   112
    42
    72
    88
   336
   131
    52
   107
     0
     6
    11
     2
     0
     8
   123
   262
   355
   170
   104
    95
    80
   199
   175
    83
    55
    85
   107
   276
   164
   230
    70
    72
     2
     1
     0
     6
    13
     0
   140
   285
   348
   218
    90
   109
    75
   128
    43
    65
   185
    62
   124
    96
    71
   176
    64
   140
     3
     1
     0
     0
     3
     0
    47
   282
   265
   170
    96
    73
    41
   108
    47
   241
    63
   130
    97
   102
    83
   229
    89
    61
     8
     1
    12
     0
     0
    14
    71
   196
   386
   259
    85
   104
    81
    42
    77
   339
    85
   101
    56
    30
   101
    61
    60
    73
     0
    19
     5
     0
    10
     0
    54
   218
   312
    98
    74
    80
   153
    82
    50
    68
    60
    87
    63
   191
    68
    69
    61
    82
     8
     7
     6
     2
     0
     9
    87
   262
   166
   243
    38
   108
   106
    38
    90
    69
    41
    87
    77
    41
   173
   170
   116
    38
     0
     0
     0
     5
     0
     0
    69
   172
   260
   153
    71
   128
    54
    31
    55
    72
    66
    70
    91
   101
   289
   113
    58
    74
     0
     0
     1
     5
     0
     9
    92
   423
   383
   185
    69
   104
   126
   102
    65
   169
   255
    70
   171
   100
   166
   272
    81
    82
     8
     5
    11
     5
     0
     0
   175
   397
   344
   238
   110
    67
    98
    88
   108
   188
    62
   234
    96
   103
   333
   118
    89
   215
     7
    18
     0
     0
     0
     5
    49
   164
   341
    71
    45
    70
    57
    65
    83
   113
    43
    60
    65
   111
   334
    89
   102
    80
     4
     8
    10
     4
     0
    12
    47
   178
   299
   353
   133
   102
   109
    68
    56
   107
    95
    83
   110
   180
   137
   127
    59
    59
     5
     0
     0
     3
     5
     0
   138
   198
   220
   252
   120
   256
    44
   121
   103
    95
   124
    41
    85
   219
    73
   157
    71
   132
     0
     0
     5
     0
     1
     0
    67
   171
   363
   307
    73
    30
    81
    36
    55
   108
    88
    99
    44
    60
    37
   470
    47
    27
    15
     0
     0
     0
     2
     2
    92
   153
   258
    82
    93
    58
   102
   198
   102
   135
    49
    68
   109
    69
   234
   158
    33
   131
     0
     8
     0
     2
     0
     2
   155
   199
   440
   315
   192
    88
    94
    31
    54
    92
    69
    87
    46
   102
   469
   215
   127
    84
     3
     0
     9
     4
     4
    91
   193
   429
   286
    98
   207
   229
    81
   157
   182
   127
    97
    80
   241
   360
    68
   165
   114
     2
     6
     0
     1
     3
     1
   120
   200
   396
   259
    91
   102
   101
    39
    39
    94
   174
    98
    46
    61
   170
    40
    53
    67
    11
     0
     0
     0
     7
     3
   138
   178
   161
   198
    37
    82
    79
    62
    25
    72
   122
   115
    55
    73
   247
   111
   105
    93
    13
     8
    19
     2
     5
     0
   113
   132
   270
   205
    84
   115
   112
   133
    99
    80
    44
    81
    59
   185
    75
   107
    41
   109
    13
     5
     0
     0
     1
     1
   141
   187
   172
   150
    59
    78
   214
   108
   167
    52
    62
    35
    70
   134
   223
   385
    54
   103
     3
     0
     7
     3
     0
     0
   183
   186
   464
   157
   105
   133
   153
    77
    65
    35
   103
    68
    53
    71
   114
    62
   107
   129
     3
     0
     2
     3
     0
     2
    99
   206
   257
   345
   118
   132
    96
   125
   108
   140
    60
    89
    90
   189
   196
    67
   194
    68
     7
    10
     1
     9
     4
    13
    78
   350
   255
   217
    95
   112
   113
   125
    65
    89
    42
   215
   139
   154
   425
   287
   121
   141
     2
     3
    13
     7
     6
     7
    93
   236
   351
    87
    53
   130
    57
   139
    49
   102
   117
    78
    59
    38
   119
   232
    72
    46
     1
     0
    17
     2
     0
     0
    60
   312
   338
   183
   117
    61
   146
    51
   138
   111
    70
   148
   100
   125
   207
   132
    56
    62
     0
     6
     0
     2
     5
     5
    97
   302
   378
   170
    74
    45
    42
    97
    96
   172
    65
    59
   118
   135
   224
    54
   132
    47
     2
     8
     4
     0
    10
     3
    54
   125
   452
   187
    78
    61
   259
    89
    80
   118
    74
   156
   189
    79
   115
    67
    46
   112
     0
     0
     5
     0
    16
     0
    61
   181
   314
   327
   144
    62
    62
   136
    76
   114
   231
    43
    65
   304
   262
   178
    67
   106
     0
     1
     0
     7
     0
    15
   135
   186
   230
   234
    43
   112
   124
    93
   261
    69
    77
   144
    50
    65
   146
   155
   172
    98
     0
    15
    11
     0
     0
     0
   148
   331
   279
   184
    71
   109
    89
    70
    87
    80
    67
    71
    73
   127
   284
   106
    81
    75
     3
     2
     0
     0
    12
     8
   101
   269
   344
   210
    43
    70
    45
    43
    66
   102
    81
    47
   128
   116
   208
   147
    91
    86
     0
     5
     5
     8
     0
     0
    42
   301
   128
   243
    47
    94
    48
    93
    42
    68
    85
    97
    56
   212
   347
   156
    65
    91
    10
     6
     0
     0
     0
     0
    36
   186
   382
   291
    48
    93
    85
   181
    63
    91
   148
   189
    91
    70
   199
   160
    95
    64
     3
     0
     0
     0
     5
     0
    80
   178
   230
   211
    71
   269
    57
    92
    55
    73
    47
    87
    59
    80
   241
   114
    71
   102
     7
     4
     0
     0
    10
    22
    49
   252
   308
   341
    37
   142
   211
    49
   148
    53
   120
    29
    68
    52
   201
   357
    52
    75
     7
     8
     3
     9
     0
     3
   162
   357
   250
   305
    95
   249
    75
   168
   110
    51
   109
   144
   139
   213
   149
   225
   109
    90
     8
     3
     0
    10
     7
     0
   134
   116
   464
   225
    80
    73
    49
   102
   225
    54
   282
   126
    53
    97
   161
   127
    78
   124
     3
     0
     0
     0
     8
     0
    29
   253
   288
   351
   175
    93
    33
   238
   160
    59
    94
    41
   101
   177
   286
   212
   102
   108
     7
    10
    12
     0
    13
    10
    77
   143
   207
   150
    50
    31
    74
    89
    77
   166
    75
   106
   117
    86
    98
   161
    66
    90
     8
     7
     2
     8
     3
     4
    96
   146
   249
   182
    51
    54
    56
    47
    60
   176
    75
   100
    66
    57
   151
    50
    79
    51
     2
     2
     1
     0
     6
     0
    43
   282
   406
   108
    56
    76
    71
    69
    43
    50
    57
    70
    97
   146
   180
    82
    52
    66
     2
     4
    16
     2
     0
     0
    56
   139
   380
   158
   119
    63
    81
    72
    79
    65
    45
    60
    57
    32
   325
   125
    36
    86
     0
     4
     3
     4
     2
     3
   162
   229
   693
   166
   193
   164
    28
    39
   151
    63
   109
    38
    60
   217
   356
   257
   189
    76
     0
     6
     1
     0
     4
     1
   128
   199
   201
   233
   141
    50
    57
    39
    71
    51
    87
   111
   123
    68
   182
    78
   271
    49
     0
     2
     0
     1
     4
     7
    90
   183
   242
   340
   101
   155
   110
   103
   249
    71
    99
    46
   182
   102
   332
   326
    95
    66
     0
     1
     0
     2
     9
     1
    53
   122
   312
   221
    99
   102
    89
    64
    83
   100
    77
    70
    47
   232
   116
   167
   158
    54
     0
     0
     0
     0
     0
     7
   149
   298
   302
   103
   234
    32
    80
   104
    77
    29
    21
   106
    59
   137
   362
   355
    78
   108
     7
     0
    14
     2
    11
     0
    89
   228
   333
   226
    39
   114
   103
    71
    62
   114
    30
    75
    71
    92
   228
   132
    37
   138
     1
     2
     0
     0
     2
     0
   106
    43
   102
   155
    70
    79
    26
    51
   245
   122
    64
   110
    46
   118
   216
   247
    89
   205
     7
     2
     4
     2
     7
     0
   108
   207
   373
   171
   138
    33
    93
   125
    70
    70
   280
   126
    53
    94
    67
   149
    87
    65
     2
     0
     5
     0
     0
     1
   111
   216
   248
   219
    52
   105
   155
   128
   187
    72
    69
   134
    51
    67
   436
   114
   119
    66
     6
     1
     3
     2
     0
     9
   171
   264
   203
   211
   189
    49
    65
    79
    73
   180
    80
    99
    76
   211
    41
   251
    55
    52
     0
     2
     2
     9
    10
     0
   140
    26
   277
   224
   110
    92
    34
    99
    76
    63
    30
    82
    84
    98
   165
   234
    39
    91
     3
     0
     8
     7
     5
    12
   135
   350
   397
   206
    43
   121
    41
    64
    46
    42
   226
    61
    55
    69
   139
    79
   108
    33
     0
     5
     0
     7
     0
    12
    59
   230
   327
   200
    84
    56
   101
    75
    79
    47
    76
    77
    73
    35
    62
   172
    87
    67
     6
    10
     1
     2
     9
     0
   154
   288
   269
   147
    69
    82
   103
    33
    98
    98
   101
    51
    27
   100
    96
    30
    63
    62
     8
     0
     2
     7
     0
     7
   114
   168
   596
   176
   212
    73
    45
    57
    55
   171
   147
    73
   171
   182
   202
   368
    96
    73
     2
     9
     5
     5
     1
    12
    80
   416
   183
   170
    80
    22
    62
    90
   258
    55
   127
    46
    40
    80
   217
   143
   102
    56
     2
     0
     1
     0
     5
    15
    47
   171
   260
    90
    55
   122
   177
   111
    44
   238
    93
   335
    98
   277
   264
   203
    88
    94
     6
     4
     2
     0
     6
    13
    57
   192
   185
   116
    63
    73
    51
    45
   102
    52
   200
    83
   140
   142
    94
   107
   227
   154
     0
     3
     0
     1
     1
    12
   113
   320
   167
    68
    57
    75
    79
    94
    90
    44
    38
    59
    83
    54
   319
   153
    58
    36
     5
     0
    13
     8
     4
     6
    59
   144
   273
   120
    33
   107
   194
   124
   151
   230
    46
    56
    66
    78
   207
   249
    67
    48
     1
     8
     9
     7
     2
     2
    25
   165
   312
   266
   139
    79
    73
   127
    62
   225
   127
    39
    21
   153
   522
   100
   133
    54
     3
     6
     5
     0
     3
     4
    79
   294
   355
   169
   106
   117
   209
   120
   159
   163
    67
   111
   110
   159
   219
   224
   105
    69
     7
     6
     3
     1
     0
     9
    61
   239
   454
   105
   128
    59
   110
    78
   125
    68
    62
   109
   224
    65
    58
   183
    58
   103
     0
     0
     0
     6
     0
    12
   168
   109
   282
   169
    48
    49
    95
    92
    95
    53
    61
    68
    92
   105
    52
   218
    63
    53
     7
    13
     0
     0
     0
     3
    87
   221
   277
    85
    83
    95
    74
    76
   110
    43
    70
    43
    69
    96
   152
   139
   114
   220
     5
     1
     0
     1
    11
     0
    65
   164
   337
   240
    95
   197
    76
    63
   107
    38
    54
    91
    48
    43
   250
    75
    84
    60
     0
     8
    10
     5
     2
     0
    82
   123
   217
   185
    62
   185
    85
    49
    92
    72
    57
    98
    52
   133
    46
    96
    83
    67
     0
     0
     0
     4
     3
     1
    73
   209
   305
   207
    30
   196
    79
    94
    82
    97
    54
    86
   100
    55
   161
   102
    97
   105
     0
     0
     1
     3
     5
     8
   118
   205
   234
   235
    82
    85
    36
   143
   106
   124
   120
   120
    84
   185
   263
   172
    98
    97
     0
     9
     0
    10
     1
     5
   160
   264
   354
   182
    98
    73
    95
    55
   115
    45
    81
   170
   134
   220
    78
    43
   156
    56
     7
     0
     5
     5
     9
     1
    79
   151
   356
   132
    36
    74
    76
    66
    46
    69
   104
    98
   105
    67
    83
   106
    62
    43
     3
    10
     9
     0
     0
     7
   128
   354
   215
   177
    63
    34
    50
    67
    52
    60
    49
    57
   109
    99
    91
   110
    74
    46
     6
     7
     0
    16
     7
     0
   176
   171
   361
   176
    61
    76
    98
    61
    59
    63
    67
   107
   243
    86
   105
   163
    72
    56
     6
     0
    10
     8
     0
     4
    50
   191
   198
    88
    66
    32
    32
    55
    47
    95
   118
    93
    51
   112
   105
   220
    68
    89
     0
    15
    17
     0
     4
     1
   127
   172
   227
   123
   120
    64
    70
   233
    43
    90
   236
    44
    71
    87
   240
   167
    74
    40
     5
     6
     4
     2
     0
     5
    71
   121
   153
   307
    62
   155
   102
    79
    54
    38
   252
    73
   124
   103
    88
   496
    67
    80
     5
     0
    10
     4
     4
     0
   107
   136
   284
   143
    65
    87
    60
    78
    51
   204
   205
   165
    48
   107
   166
   311
    82
    78
     0
     0
     2
     0
     0
     0
    93
   108
   178
   295
    77
    80
    64
    96
    51
    59
   134
    71
    54
   100
   183
   307
   107
    87
     0
     3
     0
     0
     3
     6
    50
   138
   243
   291
   147
    40
    68
    74
    37
    53
    67
    89
    33
    65
   206
   170
    41
    33
     9
     8
     9
     0
     2
     4
    69
   334
   165
   247
    54
   100
    87
    55
    47
    54
    71
   130
   248
   229
   267
   139
    90
    29
    13
     9
     0
     0
     2
     0
    67
   216
   228
   180
    72
    55
    60
    64
    37
    47
    89
    69
   227
   186
    93
   284
    78
    82
     0
     4
    10
     9
     0
     0
    25
    75
   223
   132
    43
   172
    71
    52
    68
    55
    71
    95
    59
   227
    86
   122
    81
   146
     3
     7
     0
     0
     0
     0
   154
   179
   282
   114
    79
    98
    86
    70
    96
    77
    91
   200
   246
   197
   166
   171
   132
    86
     2
     0
    14
     5
    19
    10
    77
   113
   401
   339
    46
    64
    64
   111
    74
    91
    98
   125
   124
    91
   411
    28
   104
   131
     6
     0
     0
     0
     0
     1
    63
   264
   190
   147
   261
    88
    48
    57
    49
    45
    59
    92
    71
   138
   101
   148
    39
    66
     3
     0
     3
     1
     0
    13
    87
   227
   330
    82
    91
    76
    71
    52
   121
    51
   200
    85
    71
    53
    86
    91
    61
   271
     0
     9
    10
     0
     6
     0
    53
   231
   221
    59
    31
   165
    72
    66
    86
   165
    53
    21
   327
   183
   146
    82
    82
    78
     3
     0
     0
     1
     4
     0
    84
   239
   231
   111
    52
   130
    48
    87
   173
    74
    47
   185
    69
    78
   164
   108
    46
    79
     0
     0
     7
     6
     0
     0
   160
   119
   185
   236
    48
    88
    78
    37
    52
    52
    54
    94
    74
   123
   211
   103
   120
    30
     9
    16
     7
    11
     5
     0
    37
   229
   209
   213
   101
    49
    62
    76
    58
    81
    81
    62
   236
   204
   196
   167
    35
    78
     8
     0
     5
     5
     7
     1
   117
   183
   566
   223
   109
    62
   107
    74
   190
   113
   230
    84
   139
    34
   381
    79
    53
   123
     1
     6
     0
     0
     5
     3
    43
    90
   171
   124
   186
    62
   117
    58
    63
    27
    73
    59
    32
    63
   264
    54
    72
   175
     0
     0
     0
     8
     0
     0
    85
   100
   325
   184
    85
   243
   109
    79
    35
   123
    45
    83
    70
   119
   131
   151
   107
    54
     1
     4
     5
     7
     0
     0
    80
   204
   416
   129
    66
    43
    59
    51
   136
    99
    68
   189
    62
    77
   232
    93
    55
    58
     8
     0
     7
     0
     7
     2
    74
   150
   250
   125
    23
   106
    71
    95
    65
    48
   264
   110
   166
    85
    86
    59
    84
    58
     0
     0
     0
     3
     0
     0
    48
   139
   210
   120
    57
   111
   198
    30
    49
    88
    52
   121
    29
    26
   276
    61
    92
    62
    12
     0
     9
     1
     7
     0
   117
   184
   236
   126
    64
    45
   168
   109
   264
   166
    71
    66
   234
    86
   253
   147
    56
   105
     0
     0
     3
    19
     8
     0
    80
   305
   433
   147
    76
    94
   105
    45
   115
    59
    79
    80
    58
    71
   382
   317
    50
    63
     5
     5
     0
    11
     7
     0
   128
   203
   230
   226
    99
    42
   178
    94
    42
   120
    32
   124
    35
   270
   208
    98
    82
   110
     0
     0
     5
     0
     0
     4
   102
   205
   224
   116
    86
    88
   110
    48
    81
    46
   179
   106
    48
    99
    93
    77
    62
   111
     0
     0
     1
     0
    16
     0
    44
   292
   132
   114
   115
    61
    64
    44
   123
    78
    56
    61
    53
   202
   117
   105
    22
    55
    14
     0
     8
     4
    17
     0
    71
   201
   267
   114
    35
    71
    93
   254
    97
    41
    93
    54
    46
    47
   571
   151
    44
    73
     0
    19
     0
     0
     0
    11
   131
   235
   247
   156
    62
   182
    40
    80
   197
    66
    93
   121
    56
    63
   165
   339
    46
   155
     4
     0
     0
    11
     1
     1
    37
   251
   398
   383
    70
    39
    45
    66
    52
    42
    73
    83
    77
    84
    99
   159
    81
    92
     2
     0
     0
     0
    12
     5
    97
   201
   303
   228
    87
    72
   227
   107
    91
    84
    39
    38
   109
   109
   124
    49
    43
    46
     0
     5
     2
    10
     0
     2
   103
   105
   345
   293
    42
    54
   140
    64
    99
    65
    33
   190
   139
    61
   158
   208
    84
   201
    10
     4
     6
     0
     8
     7
    64
   171
   293
   131
   127
    64
   109
    32
   244
   206
    52
   209
    37
    83
    56
    21
    84
    51
     0
     2
    18
     4
     0
     0
   133
   149
   153
   240
    60
    87
    31
    95
    39
    53
   108
   164
   128
    43
   153
   199
    25
    42
     9
     1
     0
     0
     0
     0
    74
   104
   466
   120
    96
   207
    78
    71
    58
    36
    74
    87
    93
    92
   262
    93
    42
    64
     0
     0
     0
     0
     1
     0
   171
   132
   256
   169
    77
   182
    73
    69
    65
    65
    98
   103
    42
   265
   179
   120
    38
    41
     3
     1
     7
     2
     0
     2
   129
   253
   312
   110
    91
    56
    44
    62
    92
    52
    80
   103
    98
    94
   195
   284
    49
   111
     1
     9
    12
     7
     0
     2
    69
   187
   313
   239
   174
    88
    74
    64
   150
   167
    93
    37
    91
    38
   423
   263
   131
   106
     4
     4
     6
     8
     0
    14
    73
   237
   256
   158
    58
    60
    84
    73
    89
    83
    84
    91
    66
   106
    94
   401
    81
    58
     0
     4
     3
     9
     6
     0
    62
   117
   154
    65
    39
   136
    59
    45
    33
    75
   122
    67
    86
    42
    77
   118
    43
    67
    10
     7
    20
     3
     0
     7
    91
   212
   437
   131
    73
   143
    95
   116
   101
    24
    43
    51
    57
    67
   185
   225
   109
    85
     1
     0
     0
     0
     0
     0
    62
   110
   333
   215
    40
    53
   119
    68
    75
    65
    67
    55
    63
    74
    79
    71
    47
    68
    17
     9
     0
     6
     0
     4
    90
   146
   243
   177
    51
    75
    50
    54
    51
    89
   100
    87
    37
    67
   124
   117
    37
    33
    16
     1
     3
     9
     4
     0
   104
   339
   252
   233
    92
   108
   100
   103
    43
    82
    72
    93
    65
    53
   172
   348
   106
    58
     0
    14
     5
     0
    16
     0
    68
   163
   469
   157
    47
   104
   114
    53
    66
   224
    56
    89
   105
    82
   145
   303
   234
   242
     4
     0
     2
     0
     2
     5
    98
   164
   265
   129
   233
   164
   125
    33
    48
    42
    64
    36
    63
   185
   154
    76
    74
    76
     0
     0
     8
     1
     1
    15
   106
   252
   339
   123
    84
    76
    66
    50
    73
    92
    84
    95
    56
   161
   346
   152
    38
   128
     7
     0
    12
     1
     1
     2
   106
   192
   361
   248
    59
    71
    41
    47
    90
    51
    87
    60
   185
    75
   254
   180
    75
    95
     6
    10
     1
     0
     1
     0
    40
   249
    99
   260
    59
   135
    30
   124
    87
    97
    50
   104
    58
    66
   192
   251
    37
    38
     0
     0
     1
     3
     6
     0
    74
   145
   255
    50
    75
    84
    69
    84
    50
   111
    69
    69
   114
   104
   227
   145
   132
   107
     0
     0
     4
    10
     5
     0
   124
   211
   401
   221
    88
    54
    35
    97
   131
    23
    88
    34
   115
    56
   242
   105
    93
   111
     0
     0
    12
     0
     0
     0
    76
   121
   293
   253
    93
   103
   118
    65
   163
    56
   112
    51
    41
   211
   150
   102
    68
    92
     0
     1
     0
     7
     9
     8
    72
   234
   267
   139
    58
   106
    51
    46
   182
    41
    87
    82
    40
    55
   121
   203
    37
    89
    12
     0
     0
     3
     2
     0
    95
   250
   336
   168
    74
   125
    52
   143
    61
   209
    71
   162
    38
    71
    35
   103
   177
    72
     0
     0
     5
     5
     0
     0
    41
   145
   229
   112
   111
    55
    84
    71
    45
    97
    89
    56
   105
    74
   122
    34
   213
    46
     0
     0
     0
     0
     0
     2
    95
   304
   318
   150
    63
    81
   201
    51
    67
   205
    37
    81
   125
    71
   146
   100
    82
    62
     0
     0
     1
     0
     2
    18
    75
   136
   286
    47
    52
    33
    68
   115
   110
    51
    43
    43
    43
    43
   131
   134
    57
    47
     0
     0
     1
    10
     2
     2
    94
   504
   324
   260
    97
    66
   109
    71
   120
    67
   105
   124
    79
   144
   248
   293
    51
    55
     2
    10
    10
     6
     0
    15
    50
    66
   212
   325
   150
    96
   119
    58
   259
   195
    64
    47
    96
   203
    73
   207
   103
    58
    11
    11
     0
     5
     7
     0
    50
   157
   292
   144
    47
    57
    52
    61
    45
    53
    45
   119
    65
   113
   253
   280
    64
    92
     1
     0
     7
     0
     0
     4
    97
   196
   375
   178
    89
    85
    28
   128
    83
    62
    44
    33
    57
    67
    47
    41
    53
   150
     6
     7
     0
     2
     8
     2
    37
   148
   167
    77
    49
   242
    32
    88
   101
    70
    49
    48
    56
   122
    54
    56
    91
    77
     0
     0
     0
     0
     2
     5
    42
    85
   269
    40
    58
    84
   101
   101
    50
    42
    74
    81
    88
   187
    75
   219
   203
    82
     0
     0
    11
    11
     1
     0
    51
   173
   246
   207
   128
    96
    30
   102
    74
    44
    96
    93
    47
   160
    83
   351
    61
    56
    19
     0
     1
     0
     0
     2
    47
   239
   138
   207
    89
   119
   190
   106
    58
   115
   104
    46
   103
   102
    80
    34
    86
    73
     0
     2
     8
     0
     7
     5
    52
   128
   648
   380
   106
    48
   122
    78
    66
   181
    62
    43
    67
    92
   124
   206
    59
    89
     6
    10
    12
    12
    14
    12
    54
   301
   190
   148
    75
    87
    62
    60
    65
    89
    49
    90
    82
   250
   127
   185
    60
    83
     0
     0
     0
    12
     0
     0
    75
    62
   275
   135
    48
    95
    39
    74
    43
   264
    28
    63
    48
   275
   218
   100
    21
    75
    12
     0
    13
     7
     0
     7
    68
   134
   167
   279
    53
    71
    80
    62
    70
   399
    49
    69
    50
    63
    41
   140
    90
   133
     0
     1
     5
     4
     6
     0
   142
   281
   203
    88
    78
    73
    82
   120
    92
    46
   193
    37
    72
    72
   108
   169
    85
    31
     1
     0
     3
     3
    10
     5
    40
   196
    89
   128
    61
    43
    80
    35
    32
    42
    44
    33
    33
    52
    64
   126
    66
    59
     5
     0
     0
     6
     4
     8
   149
   306
   420
   317
   208
    73
   111
   129
    75
   207
   102
    82
    62
    52
   129
   252
    21
    87
     7
    12
     3
     0
     4
     0
    91
   151
   234
   167
   106
    79
   199
   203
   210
    37
    75
   104
    50
    65
   160
   238
    53
    50
     7
     0
     0
     0
     0
     5
   111
   120
   302
   215
    41
    37
    77
    53
    87
    85
    43
    50
    36
    43
    37
   139
    70
    49
     0
     0
     0
     0
     0
     8
    87
    81
   390
   248
   201
   103
    73
    62
   101
    47
    63
    90
    59
   169
   143
   243
    59
    53
     2
     0
     0
     6
    14
     3
    46
    74
   435
   166
    59
    22
    70
   114
    81
    70
    62
   123
   251
    57
   108
   105
   108
    54
    17
     9
     6
     0
    11
     0
    88
   254
   327
    99
    17
    64
    10
    44
    61
    80
   107
    57
    44
   125
   267
   234
    77
    60
     0
     6
     6
     7
     0
     1
    34
   106
   324
   155
    31
    47
    45
    99
    70
    91
    59
    55
    67
   105
   171
    64
   139
    52
     0
     0
     0
     0
     0
     4
   157
   190
   383
   319
    51
    88
    94
    70
    25
    89
    90
   116
   136
   180
   144
    64
    68
    50
     0
     0
     0
     2
     0
     0
    61
   358
   334
   237
    94
   132
   107
    93
   107
    92
    82
   217
    42
    64
   134
   196
   107
    86
     0
     0
     0
    15
     0
     3
   141
   188
   262
   226
    80
   101
    52
    69
    69
    76
    60
    67
   202
    33
   153
   120
    80
   159
     8
     4
     0
     0
     0
     2
    79
   167
   179
   151
   247
   196
    74
   108
    42
    82
    58
    29
    72
    43
    67
   210
    46
   105
     0
     1
     0
     6
     6
    13
   236
   106
   263
   206
    68
    57
    53
    50
    66
    57
    57
   152
   128
   199
   173
    56
   106
   117
     0
     0
     0
     3
     0
     1
   141
   216
   375
   170
    55
    45
    70
    48
    70
    41
    44
    55
    49
    52
   293
   264
    39
    75
     0
    16
     6
     0
     5
     6
    51
   263
   260
   269
    47
    52
   200
    61
    50
    43
    56
    75
   111
    51
   100
    84
    38
   274
     4
     0
     1
     0
     0
     7
    98
   333
   549
   166
    35
   138
    68
    61
   101
   112
    40
    76
   120
    95
   275
    37
    83
   139
     0
     4
     5
     1
     4
     5
    98
   184
   515
   174
    92
    80
   181
    66
   112
    77
    72
    54
    51
    71
   262
   133
    90
   125
     4
     6
    15
     0
    10
     0
    97
   203
   175
    76
    53
    55
    45
    54
    53
    71
    54
    39
    75
   123
    77
   199
    92
    32
     0
     0
     0
     0
     3
     4
    81
   177
   117
   120
    44
    26
    85
    34
    78
    53
    23
    35
    66
   142
   241
   197
    56
   125
     0
     4
     0
     7
    10
     9
    67
   210
   220
    52
    53
    48
    64
   128
    36
   119
    58
    38
    60
    75
   369
   304
    58
    36
     0
     1
     0
     5
     7
     7
    41
   166
   197
   297
    99
   109
   123
   141
    33
    91
   227
    45
    55
   239
   100
   123
    92
    36
     0
     0
     1
    11
     8
     7
   141
   274
   209
   245
    78
    47
   236
    80
    73
    40
    28
   114
    31
    55
   222
   107
    58
    25
     0
     2
     9
     6
     0
     7
   142
   175
   301
   176
   131
    59
   115
   108
    44
   205
    84
    87
    90
    82
   176
    69
    93
   229
    12
     0
     6
     0
     0
     5
   105
   103
   271
   365
    62
    78
   128
   104
    63
   100
    94
    29
   154
   269
   116
   296
   105
    93
     0
     0
     0
     0
     1
    16
   106
   130
   286
    87
   102
    59
    70
   184
    44
   122
    39
    40
    58
   175
   118
    92
    45
    45
     0
     6
     8
     1
     0
     0
    99
   335
   279
   349
    63
    67
    48
    80
    50
   182
    41
    49
    72
   115
   122
    90
    71
    53
     2
     6
     3
     0
     1
    11
   174
   246
   135
   108
    52
    60
    61
    54
    47
   201
    28
    89
    66
   115
   148
    76
    40
    85
     0
    10
     0
     0
     4
     0
    69
   238
   405
   125
    41
    48
    98
    50
    62
    77
    58
    76
    56
    45
   124
   102
    50
    79
     0
     0
     5
     5
     0
     0
    84
   133
   365
    77
    55
    80
    27
    35
   185
    74
   184
    41
   111
    48
    58
   157
   140
   112
     0
     0
     4
     3
     0
     2
   121
   252
   282
   122
    89
    61
   127
    40
    99
   103
   101
   113
    50
   108
   112
   100
    43
   188
     0
     0
     0
     9
     6
     0
    77
   150
   322
   193
    51
    57
    58
    81
    55
    77
    40
    50
   256
   206
   132
   149
    79
    53
     1
    13
     7
     2
     0
     0
    39
   312
   343
   248
    35
    59
    79
    63
    76
    69
    77
    92
    39
   111
   198
   132
    19
   101
     0
     4
     0
     8
     0
     0
   148
    83
   180
   248
   101
    47
   153
   137
    57
   110
    67
    42
   100
    91
   176
   306
    28
    69
    15
     9
     2
     6
     0
     0
   177
   163
   176
   173
    87
    83
    55
   312
   139
   275
    58
    94
    33
   200
   231
   133
    78
   140
     6
    13
     0
     0
     7
     9
    81
   179
   100
    64
   122
   154
    50
   209
    43
    73
   109
   196
   189
    90
   361
   151
    96
    61
     0
     0
     0
     0
     2
     8
    88
   277
   181
   224
    62
    47
   119
    56
    39
    58
    60
    56
   106
    41
   263
   146
    62
    80
     0
     5
     7
     0
     0
     0
    91
   187
   381
   361
    72
    96
   202
    73
   239
    66
   117
    66
   165
    38
    85
   108
    67
   188
     9
     4
     0
     1
     4
     2
   119
   329
   359
   317
    85
    83
    60
    55
    68
   171
    44
   218
    46
   245
   338
   231
    97
   112
     0
     0
     0
     9
     4
     0
    70
   258
   293
   444
    96
    35
    43
    41
    39
   127
    67
    57
    86
   224
    93
   187
    13
    92
     6
     7
     0
     0
     0
    16
    63
   151
   323
   293
    71
    57
    23
   257
    55
   108
    66
    42
    56
    69
    88
    95
    53
    89
     2
     3
     0
    12
     3
     0
    72
   310
   295
   104
    34
    72
    54
    23
    57
    36
   180
    44
   220
    51
   213
    60
    73
    49
     0
     0
     0
     1
     7
     8
   130
   257
   294
   188
    45
    20
    52
    62
    39
    74
    52
    64
    66
    73
   339
   102
    32
    99
     0
     0
     0
     0
     0
     0
    57
   121
   235
   120
    55
    46
    80
    54
    71
    61
   114
   193
    63
   185
   234
   108
    94
    51
     7
    13
     4
     3
     7
     1
   102
   190
   435
   219
    47
   108
    60
   116
    62
    39
    68
   168
    93
    68
    92
   177
   109
    60
     0
     8
    12
     9
     0
     1
    63
   184
   214
   127
   149
   104
   130
    49
   238
    47
   102
    69
   176
    58
   331
   294
    59
   112
     3
     0
     0
     1
     0
     5
   108
   218
   418
   254
   178
    55
   102
    41
    56
    90
    40
    97
    42
   105
   425
    52
    55
    28
     3
     7
     8
     3
     0
     5
   201
   155
   294
   184
    46
    16
    86
    32
    78
    58
   146
   196
    28
    36
   103
    57
    38
    95
     0
     8
    15
     0
     0
     0
   127
   321
   128
   198
    58
    50
    68
    64
    69
    48
    56
    55
    35
    84
   157
   424
   105
   120
     5
     1
     6
     0
     6
     2
    45
   281
   379
    63
   133
    70
   103
   107
    58
    59
    34
    78
   111
    85
   175
   150
    97
    61
     0
     0
     0
     6
     3
    10
    79
   202
   343
   218
    92
    34
    26
    43
    59
   123
    34
    64
    36
   101
    40
   129
    69
   211
     1
     4
     8
     0
    13
     0
    89
   389
   281
   168
    84
    65
    40
    71
    96
    45
    67
    88
   125
   147
   113
   120
   129
    97
     2
     1
     4
     0
     0
     6
    69
    99
   216
   173
    69
    61
   136
    61
   213
   208
    69
    99
    41
    65
   277
   162
   126
    71
     8
     0
     0
     2
    14
     0
   130
   138
   269
   179
    35
    59
    71
    41
    70
    55
    59
   199
    13
    79
   125
   164
    35
    60
    12
     0
     2
     2
     7
     0
    64
   106
   204
   149
   173
   137
    70
    32
    94
   196
    56
    27
    68
    71
   164
    92
    72
    48
     5
    10
     4
     0
     9
     5
    93
   193
   289
   256
    81
    42
    33
    82
    40
    51
    60
    66
    72
    79
   133
    96
   209
    90
     4
     8
     7
     5
     0
     5
   107
   175
   248
   309
    68
   107
   163
   150
    32
    83
    40
    73
    88
    86
    91
    86
    90
    92
     0
     0
     0
     0
     0
    14
   140
   220
   242
   190
    25
    96
    47
    51
   201
   105
    61
    55
    72
    58
    53
   102
    90
    98
     0
    11
     3
     0
     0
    15
   198
   182
   505
   293
    84
    65
    54
    96
    47
    70
   110
   116
   176
    10
   184
   167
    75
    55
     0
     5
     0
     3
     7
     5
   127
   241
   166
   326
    83
    95
   236
    54
    71
    64
    37
    90
    63
   223
   307
   190
    65
   102
     1
     7
    21
     0
     0
     5
   185
    71
   219
   202
   145
    77
    80
    28
   187
    73
    95
    38
    29
   179
   256
   121
   106
    47
    12
     9
     5
     0
     0
     2
   185
    24
   166
   163
    41
   227
    45
   233
    60
    99
   149
    47
    76
    67
    82
   100
    89
    61
     3
     3
    11
    15
     3
     2
    51
    71
   183
   169
    78
    87
    60
    87
   183
    74
   149
    46
    96
   122
   116
    95
    80
    97
     8
     0
     0
     0
     3
     0
   102
    44
   216
   128
    46
    70
    74
   241
    53
    79
   114
    95
    76
    55
   322
   111
   208
    67
     0
     0
     0
     7
     2
     6
   104
   311
   232
    85
    32
    72
    92
    56
    29
    65
    45
    36
    37
   351
    47
   111
   134
    61
     8
     4
    15
    12
     0
     2
    58
   214
   346
   416
   108
   156
    97
    91
    82
    88
    78
    84
    75
   152
   243
   107
    86
    41
     3
    10
     0
     1
     6
     0
   191
   182
   265
   209
    86
    61
   145
   125
    85
    63
    59
    60
    82
    94
   211
   212
   261
   119
     0
    18
     9
    12
     0
     9
    91
   143
   248
   136
    96
   109
   106
    42
    33
    61
    79
   122
    45
   354
   345
   198
   119
    93
     0
     8
     3
     0
     4
     0
   164
   213
   194
   318
    67
   177
   154
    52
    77
    94
    51
    74
    53
    52
   177
    46
    87
   105
     0
    10
    10
     5
     4
     0
    59
   135
   209
   190
    77
    68
    58
    32
    70
   215
    58
   213
    35
   228
   121
   283
   166
   149
     0
     4
    12
    10
     0
     4
    83
   204
   289
   330
   111
    68
    75
    51
    34
    39
    90
    43
    62
    50
   107
    80
   102
    27
     0
     0
     4
     0
     0
     2
   115
   222
   322
   126
   114
    68
    59
    24
    73
    27
   109
   149
    19
    56
    50
   125
    27
    57
     0
     4
     3
     7
    17
     3
   131
   210
   317
   192
    44
   176
   142
   106
   101
    94
   123
    68
    59
   125
   151
   150
    70
   117
     1
    18
     0
     4
     7
     9
   154
   219
   236
    97
   105
    75
   152
    47
    67
    90
    77
    91
    44
   240
   315
   230
   168
    64
     0
     0
     2
     0
     2
     2
   103
   206
   401
    99
   100
    70
    77
    65
    93
    48
    92
    61
   102
   207
    94
   172
    44
    57
     4
    13
     0
     0
     2
     6
    78
   161
   297
   245
    85
    76
   122
   160
    46
    87
    69
   215
    65
    54
    96
   402
    20
   128
     3
    11
     5
     7
     4
     2
    64
    93
   310
   103
    22
    51
    43
    55
    80
    90
   161
    89
   100
    48
   190
   174
    53
    55
    10
     0
     0
     0
     1
    18
    36
   294
   381
    79
    69
    26
   193
   110
   116
    49
    52
    55
    70
    71
   205
   120
   107
    88
     0
     0
     0
     0
     0
     0
    81
   226
   226
    39
    35
   127
   228
    34
    64
    83
    97
    97
    81
   132
   142
   115
    36
    44
     2
    19
     9
     7
     5
     0
   139
    85
   204
   267
    61
    77
    64
    44
    56
    63
   219
    48
    46
   110
   186
    83
    46
   106
     7
     6
     2
     5
     1
     9
   126
   181
   533
   263
   132
   100
   111
   123
   138
    95
    99
   120
    61
   141
   273
    32
    88
    78
     0
     6
     6
     5
     7
     1
   101
   197
   362
   326
    65
    77
    99
    49
    63
   103
   236
   132
    58
    59
   286
   167
   116
    75
     1
     0
     0
     7
     3
     0
    47
   231
   378
   216
   197
    46
    32
   162
    75
    34
    44
   136
    60
   100
   130
   109
    35
    39
     0
     0
     4
     0
     0
     7
   114
    61
   205
   182
    72
    46
    76
    60
   104
    48
    97
    66
    94
    43
   196
   148
   208
    96
     0
     6
     0
    10
    15
     0
     4
    52
    83
   188
    35
   104
   206
    46
    86
   104
    59
    69
    61
   117
    92
   274
   254
    59
    95
     0
     2
     1
     1
     7
     2
    50
   336
   242
   226
    63
   237
    94
    67
    90
   102
    73
    29
    63
   379
   263
   106
    97
   109
     6
     4
     0
    14
     0
    10
    60
   225
   350
   295
    57
   103
   211
    24
    48
   104
    69
   362
   130
   122
   110
   158
    69
    84
     0
    13
     4
     4
     0
     8
   103
   294
   131
   219
   104
    95
   148
    57
    59
   102
    75
   404
    66
   147
   199
   208
    94
    79
    23
     0
     4
     5
     8
    15
    69
   155
    58
   279
    48
    43
   166
    44
   101
    75
    45
    53
   127
   280
   122
   284
    62
    60
     4
     0
     5
     3
     4
     5
    71
   186
   438
    97
   127
    87
    67
   166
    64
    48
   237
    88
   101
    60
   108
    65
    95
    77
     0
     0
     6
     3
     3
     7
    48
   178
   395
    91
   108
    36
    95
   337
    54
    87
    89
   308
   203
    49
   319
   172
    70
   115
     1
     0
     0
     9
     3
    10
    89
    90
   241
   148
    47
    26
    73
    71
    95
    67
   211
    71
    97
    54
   176
    77
    75
   111
     0
     7
    10
     0
     0
     6
   160
   104
   263
   203
    67
   104
    55
    94
   112
    55
    71
    59
    51
   178
   165
    97
    60
    82
     2
     0
     8
     2
    16
    11
    63
   248
   311
   295
   201
   108
    76
   175
    63
    42
    70
   164
    67
   103
   267
   154
    98
   115
     0
     8
     3
     1
     1
     4
    72
   212
   270
   101
    54
   126
    44
   120
    42
   127
   117
    84
   107
    74
    86
   244
    68
    60
     0
     2
     0
     0
     0
     2
    67
   128
   223
   150
   191
   233
    93
   104
    27
    67
   116
    42
    46
    41
   285
    92
    49
    32
     5
     1
     0
     0
     0
     2
    63
   184
   349
   165
    73
    59
    74
    48
    70
    78
   208
    57
    89
   204
   399
   303
   128
   175
     0
     0
     2
     8
     0
     1
   123
   167
   312
   146
    60
    30
    55
    55
    89
   121
    57
   106
    49
    76
   121
   108
   141
    77
    13
     0
    10
     5
     7
     3
   104
   167
   373
   205
    71
    47
    81
    81
    26
   212
   205
   148
    43
    44
   178
    77
    76
   113
     0
     0
     0
     0
     0
    11
    87
   168
   224
   131
    48
    34
    43
    92
    53
    71
    53
    69
    63
    87
    98
   187
    69
   127
     2
    13
     7
     0
     9
    13
    63
   219
   457
   389
    29
    37
    95
   101
    91
    75
    93
    82
   116
    55
   111
   287
   116
    98
    12
     3
    15
     2
     0
     0
   163
   220
   429
   258
    79
    67
   109
   127
    77
   228
   200
   112
    90
   180
   143
   135
   130
    81
     7
     9
     0
     0
     0
     3
    95
   268
   165
   320
    37
   105
    35
    32
   137
   111
    99
   100
   113
    46
   197
   133
    83
   104
    15
     7
     0
     5
     3
     2
    86
   126
    96
   149
   111
    84
    72
    77
    61
    28
    72
    64
    75
   120
   295
    74
    71
    48
     0
     3
     0
     4
     0
     0
    59
   145
   153
    94
    47
   103
    71
    27
    84
    43
    70
   121
   206
   449
    53
   144
   141
    52
     6
    16
     6
     9
     6
     0
    53
   112
   309
   238
    90
   143
    24
    52
    79
   206
   103
    54
    54
   430
    88
   116
    89
   113
     9
     2
     0
     0
     9
     2
   121
   125
   150
   198
    61
    89
   183
    78
   210
    46
    87
    92
   197
    30
   211
   226
    45
    68
     9
     3
     0
     1
     1
     3
    94
   273
   210
   260
    90
   126
    98
   114
    68
   137
   206
    96
    55
    62
   149
   257
    99
    52
     0
     0
     6
     9
     5
     0
    70
   206
   323
   203
   240
   101
    88
   220
    51
   248
    43
   136
   142
    41
   279
   237
    84
   118
     2
     0
     7
     0
    11
    11
   116
   250
   407
   147
    53
    58
    81
    92
    88
   100
    34
   144
    55
   107
   237
   185
    39
   101
     6
     0
     0
     0
    10
     0
    35
   354
   325
   193
   217
    66
    28
    59
    53
   110
    86
    56
    55
   126
   205
   206
   133
   170
     7
     0
     7
     4
     0
     0
   115
   180
   426
   245
   102
    42
   123
    42
    69
    83
   117
   239
   158
    95
    83
   109
    56
    73
     7
     0
     1
     0
     0
     0
   145
    95
   358
   207
   241
    85
    61
   101
    75
    66
    53
    43
   105
   278
   289
   218
    54
    82
    10
     3
     6
    10
     5
     8
   115
    38
   220
   156
    68
    67
    67
   119
    73
   108
    46
   126
    57
    62
   160
   152
    44
    55
     6
     3
     2
     5
     9
     9
   103
   278
   207
   219
    52
   217
    54
    21
    97
   220
    63
    76
   107
   401
    88
   159
   218
   180
     0
     0
     1
     0
     0
    11
    69
   109
   372
   446
    77
    93
    51
   103
    81
    84
    88
    45
   293
    54
   324
   378
    97
    81
     0
     0
     0
     0
     0
     2
    47
   129
   338
   168
    69
    87
   118
   114
    62
   135
   222
   101
    73
    50
   157
    78
   233
   146
     0
    14
     0
     7
     7
     5
    87
   365
   204
   136
    54
    34
    99
    73
    71
    84
    61
    93
   142
    48
   380
   162
   203
    83
    10
     0
     2
     0
     4
     0
    86
   211
   131
   366
    47
    89
    71
    52
    53
    62
    62
    90
   235
    63
   133
    61
    94
   103
     2
     0
     6
     0
     0
     1
   141
   342
   188
   381
    50
    76
   153
   124
    44
   123
    60
    71
    95
    46
   166
   166
    53
    89
     0
     8
     0
     2
     0
     5
   126
   267
   188
    96
    32
    17
    66
    76
    73
    27
    73
    45
   102
   266
    96
   131
    75
   199
     3
    10
     7
     0
     0
     1
   133
   434
   338
   203
    70
    80
    89
   203
    68
   100
   175
   130
    75
   122
   115
   153
    99
    95
     0
     8
     2
     0
     9
     0
   171
   238
   201
   123
    34
    64
    84
    88
    75
    79
    88
   176
   115
   143
   107
   127
    57
    47
     7
     0
     0
     2
    12
     0
   165
   133
   314
   171
   160
   104
    50
    52
    55
    51
   255
   194
   132
    26
   153
    88
    55
    55
     4
     6
     0
     0
     0
     0
    97
   252
   458
   230
    59
   163
    61
    53
    98
   145
   117
    81
    54
   156
    85
   154
    61
    46
     9
     9
     0
    10
     0
     6
    55
   197
   272
   274
   129
    88
    86
   124
   144
    42
   106
    51
   320
    73
    89
    93
   103
    77
     0
     7
     0
     7
     2
     0
   127
   210
   256
   355
   102
   106
   237
    48
   101
   121
    76
   107
   231
   107
    99
   171
    65
    56
     5
     1
     0
    14
     8
     0
    65
    76
   222
   147
    76
    60
   261
   115
   186
    72
   394
    34
   249
    60
   294
    83
    96
   133
     0
     7
    12
     0
     7
     8
    73
   276
   485
   161
    54
    58
    67
    81
    56
   253
    59
    66
    60
   222
   153
   135
    61
    85
     0
     9
     1
     1
    10
     0
   110
   148
   366
   255
   103
   126
    89
   120
   119
   126
    54
   152
   136
   164
   211
   161
    73
   210
     0
     0
     1
     0
     0
    10
   145
   180
   216
   291
   144
   102
    42
   120
   224
    68
    30
   103
    68
   123
    92
   208
    49
    52
     5
    15
     0
     5
     2
     8
   137
   304
   153
    90
    82
    37
   193
    94
    76
    97
    47
   136
     9
    83
   134
   108
   141
    49
    15
     0
     5
     9
     1
     1
   145
   100
   271
   327
    56
    77
    90
    83
    79
    84
    50
    59
    22
   239
   279
   154
   124
    28
     8
     0
    11
     0
     6
    13
    35
   193
   228
   136
    72
    40
   107
    92
     9
    58
    64
    78
   207
   103
   166
   192
    71
    93
     4
     0
     4
     0
     0
     0
    72
   270
   220
   145
    57
   115
    57
   107
    61
    90
    42
   380
    48
    52
   135
   100
   127
    72
     3
     2
     4
     0
     4
     0
   134
   207
   328
   310
    48
    93
   116
    81
   123
    51
   118
    49
   271
    44
   348
    70
    87
    72
     2
     9
     0
     2
     6
    19
   165
   359
   189
   217
   125
    86
    90
    36
   287
   158
   126
   125
   138
    95
   379
    82
    64
    60
     0
     5
     0
     3
     3
     0
   116
   132
   336
   313
    86
    73
    81
   177
    51
    32
   100
   127
   123
   141
   138
   121
   117
   138
     3
     3
     5
     9
     0
     6
   146
   206
   327
   303
    54
    66
    40
   127
   114
    55
    79
   197
   182
    65
   214
   146
   113
    47
    13
     0
    11
     0
     1
     1
   171
   133
   335
   232
   109
   194
    51
    80
    71
    96
    43
    83
   135
   256
   175
   156
    45
    50
     0
     9
     3
     0
     6
     0
    96
   144
   280
   147
   120
    64
   110
   106
    70
   354
   241
    46
    52
    97
   140
   165
    97
    89
     9
    10
     0
    13
     0
     5
    83
   142
   147
   185
    53
    50
   109
    69
   158
    80
    50
   229
    79
   334
   156
   165
    78
    92
     2
     0
    12
     3
     5
     5
    61
   176
   390
   164
    78
    45
    55
    47
   186
    95
    62
   229
    99
   123
   235
   136
    99
    72
     5
     0
     5
     7
     9
     1
    99
   383
   326
   283
   260
    54
    70
   146
    47
   186
   171
   116
   141
   208
   142
   210
    75
    61
     4
     0
     0
     0
     9
     1
   135
   128
   325
   172
    74
   110
    54
   238
   157
    69
    62
    71
    86
    95
   134
    86
    91
     0
     0
