    89
     9
    10
     7
    10
   119
   255
   217
   111
    81
   111
    89
   136
   149
    39
   103
   104
    63
    79
   306
   201
    86
   218
     0
     0
     3
    22
     9
     5
   207
   193
   336
   406
    87
   323
    45
   135
   152
    92
   143
   110
    99
   112
   473
   205
   108
    93
     9
     2
     1
     6
     0
     5
   153
   329
   563
   335
    74
    89
   132
   206
   154
   134
    99
    78
    81
   102
   388
   123
    96
    86
     3
     5
     0
     8
     1
     9
   171
   171
   373
   498
    84
   127
   120
   402
   305
   175
   101
   136
   110
   418
   371
   193
   113
   105
     1
     3
     7
    11
     5
     7
    90
   417
   428
   224
    74
   223
   107
   136
    74
   164
   281
    78
   121
   326
   691
   430
   166
    68
     2
     0
     7
     0
    12
     6
   211
   346
   521
   333
   154
   183
   132
    76
   125
   173
   107
   137
   146
   190
   273
   214
    89
    81
     4
     0
     6
     2
    12
     7
   188
   422
   509
   379
   164
   217
   161
   123
   223
   139
   131
   142
   173
   127
   471
   342
   134
    94
     9
     1
     1
    11
     0
    10
    57
   404
   483
   451
   226
   167
   118
   263
   151
   126
    44
   144
   164
    89
   254
   188
   131
    46
     2
     4
     0
     0
    14
     0
   131
   248
   514
   200
    78
   111
    73
   169
   307
   212
    83
   132
    88
   344
   485
   402
   156
   109
     5
     9
    11
     9
    12
     5
   100
   333
   273
   405
   148
    68
    82
   147
   151
   108
   124
   172
   159
   256
   221
   164
   129
    96
    10
     5
    10
     3
     0
     3
   132
   452
   429
   368
   138
   161
   126
   132
   388
    92
   100
   105
   108
    63
   427
   174
   294
   114
    18
     9
    15
    10
     0
     8
   239
   246
   320
   443
   268
    82
   181
   243
   180
   138
    95
    83
    83
   161
   326
   192
    99
   173
     3
     0
     5
     8
    13
     2
   145
   523
   445
   344
   177
   160
   311
   253
   104
   104
   153
   311
   185
   271
   372
   218
   143
   341
     5
    20
     4
     0
     2
     0
   154
   388
   438
   221
   209
    79
   190
   149
   230
   154
   177
   407
   203
   115
   398
   554
   213
   135
    19
     0
     4
     0
     6
     0
   126
   372
   586
   273
   155
   125
   175
   112
   223
   274
    90
   286
    95
   131
   312
   249
   108
   103
     3
     0
    13
     0
     7
     6
   199
   155
   492
   427
   116
   172
   117
    99
   101
   117
   163
   104
   192
   322
   194
   198
   139
   163
     0
     5
    13
    19
     4
     2
    89
   322
   248
   204
   136
    54
   107
   173
   202
   162
   228
   270
   149
   156
   124
   243
   108
   127
     2
    10
     3
    24
     0
    11
    66
   235
   245
   368
    63
   190
   185
    79
    79
   269
   101
    69
    51
   181
   216
   285
    93
    58
     0
     4
     0
     7
     6
     5
   195
   284
   525
   288
    84
   151
   295
   221
   236
   131
    89
   107
   124
   146
   173
   292
   213
   226
    10
     0
     0
     4
    17
     5
   146
   442
   514
   236
   198
   115
    98
   139
   301
   132
   142
    95
   153
   202
   169
    78
   187
   161
     0
     9
    16
     0
     0
     6
   202
   279
   642
   350
   133
   163
   186
   132
   261
   104
   146
   306
    95
   108
   327
   420
   127
   141
    10
     0
    12
    13
     9
    19
   146
   165
   351
   303
   167
    71
    84
    87
    51
   266
   279
    81
   125
   137
   176
   319
   116
   116
     1
     0
     0
     9
     2
     0
    92
   377
   339
   225
   116
   131
    68
    51
    93
   127
   178
    76
    99
   138
   184
   556
    80
    67
    12
     8
     2
     4
     0
     0
   172
   329
   467
   352
   132
   156
   166
   236
    84
   139
   159
    76
    96
   512
   173
   242
    68
   147
     0
     4
    10
    14
     0
     9
   141
   329
   347
   296
   119
    95
   116
    63
   114
    73
   133
    82
   139
    68
   426
   269
    47
   159
     0
     0
     0
     1
     4
     1
   199
   508
   416
   307
   183
    88
   142
   114
   184
    78
   142
   165
    98
   117
    93
   249
   122
    46
     4
    12
    10
     0
    20
     0
   143
   281
   774
   279
   143
   157
   244
   122
   158
   184
   423
   162
   149
   179
   234
   177
   121
    79
     0
     7
    12
    13
     0
     7
   102
   457
   770
   659
   124
   374
    99
    85
   131
   109
   141
   288
   329
   293
   477
   304
   227
   134
     1
     8
     3
    14
     2
     8
    89
   441
   561
   220
    93
    70
   120
    98
    68
   159
    98
   316
   230
    82
   229
   162
   133
   339
     7
     0
     8
     2
    12
     3
   138
   343
   671
   349
   150
   228
    88
   125
   126
    58
    91
    42
   143
   246
   175
   578
   186
   142
    15
     0
     2
     9
     9
     2
    71
   312
   421
   128
   127
   105
    96
    64
   136
    76
    95
    96
   245
   208
   434
   115
    97
   144
     1
     3
     3
     3
    11
     1
    59
   192
   276
   320
    54
   231
   128
    81
   221
    98
   100
    98
   343
    74
   514
    97
    98
   117
     0
    19
     6
     0
     6
     0
   131
   182
   235
   256
   126
    71
    42
   307
   187
   139
    57
    99
   106
   257
   362
   360
    81
   127
     0
    19
     2
     0
     0
     9
    97
   292
   675
   486
   136
   193
   190
   115
   162
   181
   236
   199
    93
   133
   207
   207
   238
   127
     2
     0
    11
    19
     0
     7
   173
   301
   756
   310
   165
   239
   133
   118
   162
   156
   169
   129
   142
   250
   441
   522
   271
   120
     8
     0
     1
     0
     3
     2
    96
   245
   410
   382
   104
   374
   112
   154
    69
   111
   142
   102
   181
   273
   162
   223
    40
   132
     5
     3
    12
     9
     7
    11
   157
   208
   569
   259
    76
   122
    71
   102
   117
   163
   142
   154
   182
   122
   238
   367
    88
    85
     4
    11
    15
    10
    30
     0
   112
   246
   504
   259
    91
   149
   152
    88
    95
   110
   238
   110
   140
    83
   364
   111
   208
   142
    13
    16
     2
    19
     0
     2
    89
   399
   320
   422
   130
   155
    88
    71
    96
    83
   236
   324
    87
   298
   332
   294
   139
    83
     5
    15
    12
     0
     7
     1
   196
   387
   512
   230
   165
   141
   279
    85
   241
   225
    81
   109
   142
   231
   256
   386
   160
   113
     6
     2
    15
     5
     7
     7
   249
   309
   249
   267
   142
   161
   130
   118
    93
   145
   157
    98
   138
   283
   529
   235
   130
   114
     9
    11
     0
     2
    15
     5
   111
   335
   625
   255
   311
   201
   355
   147
   102
   101
    73
    99
   312
   314
   453
   442
   108
   162
     0
     0
    12
    14
     0
     4
   124
   184
   449
   398
    86
   119
   126
   195
   108
   114
   113
   132
   338
   416
   218
   243
    82
    87
    10
     0
     8
     1
     0
    10
   178
   288
   294
   196
   125
   183
   105
   119
    69
   216
    83
   141
   148
   254
   398
   367
    80
    88
     9
     5
     2
    22
     2
     3
   156
   196
   211
   189
    71
   160
   157
    53
    63
    68
   347
   101
   170
   154
   304
   306
   184
    90
     9
     4
     0
     7
    15
     0
   163
   332
   336
   368
   122
    81
   101
   222
    88
   206
   145
    80
    67
    61
   321
   315
   160
   199
    13
     7
     8
    10
     0
     6
   163
   349
   460
   318
    66
   179
    62
   171
   197
    76
   190
    76
   133
   262
   300
   128
   205
   116
     7
     9
    18
     1
     4
    10
   107
   330
   515
   291
   156
   194
   215
   143
   226
   118
   154
   313
   116
   333
   272
   161
    84
   115
    12
     0
     1
     7
     5
    26
   231
   222
   563
   413
   170
   242
   214
   175
   140
   129
   124
    49
   194
   228
   465
   228
   252
   217
     1
     0
    11
    13
     6
    10
   140
   270
   219
   385
   100
   128
   253
   132
   268
   114
    94
    77
   163
   211
   476
   240
   124
   112
     2
     2
     0
    12
     7
    21
   128
   409
   393
   177
   169
    83
    48
   152
   164
   113
   133
   150
   248
    84
   133
   154
   127
   201
     8
     1
     9
     8
     2
     1
   193
   357
   588
   312
   109
   103
   112
   104
   187
    97
   275
   167
   140
   165
   476
   206
   116
   147
     0
     6
     4
     3
     4
     5
   124
   346
   521
   168
   203
   133
   105
    79
   124
    91
   102
   292
   124
   127
   316
   102
   195
   180
     0
     5
     5
     0
     7
    14
   103
   336
   325
   347
   119
   146
   145
    83
   124
   114
   200
    89
   147
    78
   526
   252
   140
   159
     5
     6
     8
    10
    14
    11
   205
   530
   487
   427
   179
   132
    75
   183
   182
   337
   130
   102
   148
   144
   370
   199
   135
   122
     8
     7
     1
    13
     5
     0
   148
   515
   440
   484
   144
   134
   228
   252
   172
   287
   125
   204
   126
   143
   393
   366
   174
   132
     7
     3
     0
     3
     3
     3
   124
   464
   354
   169
   128
   129
   172
   121
   108
   131
   165
   248
   169
   102
   519
   254
   408
    75
     0
     0
     6
     4
     0
     6
    88
   234
   702
   330
   134
   151
   100
    75
    68
   170
   111
    84
    95
   118
   325
   124
   119
   127
    15
     9
     2
     0
     5
     5
    48
   113
   274
   284
   137
   109
    98
    93
    64
   143
    82
   167
   106
   130
   245
   316
    83
   164
    11
     4
     8
     0
    19
     8
    98
   286
   577
   259
   103
   119
   103
    56
   134
   154
   101
    85
    78
   168
   421
   298
   131
   127
     9
     3
    19
     8
     0
     9
   125
   319
   622
   296
   151
   228
   127
   143
    97
   108
    86
    79
    94
   324
   382
   235
   165
    87
     0
     4
    12
     9
     0
    21
   124
   355
   540
   363
   174
   101
   132
   379
   173
   309
   111
   174
   184
   165
   286
   427
   138
   167
     0
     5
     8
     3
     1
     2
    70
   477
   567
   360
   160
   189
    73
   103
   131
   176
   148
    53
   272
   247
   666
   400
    90
   159
     0
     0
     1
    20
     0
    10
   144
   180
   622
   222
   221
   165
   120
   220
   227
   427
   187
    92
   104
    47
   444
    77
   122
   133
     4
    10
     9
     2
     0
     4
    43
   395
   213
   231
   120
    85
   105
    86
   144
    87
   151
   229
    86
   160
   258
   212
   136
   120
     3
     3
     4
     9
    13
    10
   206
   359
   413
   287
   171
   172
   134
   125
   137
   191
   151
   117
   113
    92
   355
   373
    67
   103
     0
    13
     0
     0
     0
     0
   154
   178
   531
   290
   123
    87
   171
    98
   215
   240
   122
   171
   109
   161
   241
   315
   158
   118
     1
    15
     0
    14
     0
     0
   136
   195
   383
   275
   115
    57
   125
   185
   265
    99
   130
    98
   130
   130
    72
   296
   135
   132
     2
     2
    10
     8
     1
     6
    61
   328
   548
   430
   121
   149
   142
   131
    76
   349
   156
   146
   216
   187
   178
   508
   133
   155
     0
     2
    21
    29
     2
    10
   165
   425
   505
   444
    85
   132
   121
   177
   189
   163
   134
   124
   203
   122
   262
   137
   145
   195
     5
     2
     6
     7
    10
     0
   239
   308
   542
   193
    84
    82
    81
   104
    80
   295
   113
   202
    91
   118
   209
   271
   103
   119
     5
    12
     5
     9
     3
     1
   123
   599
   584
   349
    89
    69
   125
   106
   108
   155
   151
   140
   130
   236
   507
   433
   127
    81
     9
     2
     0
    12
     2
     0
   115
   154
   274
   329
   141
   155
   183
   140
    91
    80
    99
   161
   108
   135
   313
   177
   117
   105
     6
     0
     5
     8
    10
     1
   211
   353
   529
   144
    67
   105
   101
   128
   131
    87
   147
   289
   271
    87
   176
   181
   196
    88
     9
    13
     5
     0
     4
     0
   219
   227
   437
   393
    91
   110
   138
    88
   107
   129
   213
   127
   124
   224
   110
   174
    83
    61
    18
     4
     4
    12
     2
     0
   203
   404
   531
   403
   151
   190
    93
   172
   289
   125
   126
   103
   228
   469
   223
   458
   125
    94
     3
     5
     0
     0
     5
     0
   211
   350
   573
   524
   103
   241
   154
   107
   302
    89
   129
    91
   102
   188
   626
   433
   100
   265
     3
     0
     5
     0
     0
     5
   239
   324
   307
   489
   167
   135
   187
   193
   163
   367
    85
    86
   113
   133
   412
   304
    96
    64
     7
     9
     6
     6
     3
     2
   100
   365
   428
   353
   120
    79
   226
   153
    83
   170
    79
   169
   233
   287
   123
   141
   229
   126
    17
     3
    19
     0
     0
     8
   155
   321
   354
   411
   169
   127
   101
   240
   114
    84
    54
   159
    68
   213
   258
   238
   122
   109
    15
    11
     0
    23
     2
     0
    95
   263
   347
   253
   204
    71
   148
   265
   255
   114
   246
   137
   150
   158
   374
   179
   250
    70
     0
     7
     7
     0
     0
    14
   181
   235
   568
   384
    89
    96
   221
   141
   152
    95
    74
   147
   144
   121
   552
   310
   110
    53
     6
     4
     5
     1
     0
     2
   220
   416
   493
   209
   134
   219
   111
   117
   244
   170
   130
   134
   102
   140
   336
   330
   124
   148
     2
     0
    15
    15
     1
    17
   229
   541
   216
   562
   104
   165
   121
   152
    92
   156
   279
   281
   109
   119
   199
   210
   134
   105
     1
     0
     0
     1
     9
     8
   127
   337
   266
   250
   220
    57
   142
   207
   149
   200
    52
   193
   161
   170
   431
    82
   145
   109
     5
     3
     1
     6
    12
     0
   101
   308
   530
   197
   111
   110
   129
   119
   272
    77
   109
    98
    67
    86
   224
    95
    89
   126
     0
     8
     9
     8
     7
     0
   174
   387
   690
   148
   119
   104
    74
   125
    86
   164
    94
   157
   151
   192
   123
   238
    85
    83
     0
    10
     0
     4
     3
     0
    54
   347
   611
   321
    74
   119
    93
    43
   136
   183
   143
   128
   101
   141
   180
   312
   114
    90
     2
     7
     5
    12
     9
     0
   153
   429
   413
   285
    72
   154
   136
    96
   238
   165
   112
   240
   100
   130
   299
   291
   123
    77
    10
     0
     5
     0
     4
    17
   147
   314
   539
   478
   145
   129
   160
   139
   261
   300
   118
    82
   318
   222
   422
    99
   146
    99
     3
    28
     8
     9
     3
   179
   432
   464
   474
   117
    95
   188
   103
    88
   129
   169
   122
   116
   155
   304
   161
   117
   222
    22
    10
     8
     7
     7
     7
   167
   181
   456
   343
    82
    82
    77
    97
    73
   240
   108
   102
    74
    81
   217
   243
   188
    98
     7
     8
     0
     7
     5
    11
    56
   422
   369
   339
    74
    78
    83
   120
    89
   114
   263
   264
    76
   284
   170
   223
    94
   113
    10
     4
     0
     6
     3
     2
   169
   259
   382
   264
    81
   175
   125
   226
    90
   229
    90
   133
   326
   117
    89
   299
    65
   159
     0
     0
     2
     3
     0
    19
   188
   317
   488
   341
    85
   119
    63
   118
   135
    79
   115
    77
    96
   145
   331
   153
   231
    93
     0
     8
     4
     9
     0
    12
   107
   378
   453
   202
    90
   163
    78
   195
    77
    68
   101
   108
   229
   167
   173
   388
   136
   122
     5
     5
    14
     8
    13
     0
    67
   510
   379
   339
    85
   256
   375
   156
   142
   218
    86
   235
   392
   100
   505
   224
   145
   102
     7
    24
     3
    15
    11
     3
   190
   473
   419
   357
   236
   232
   106
   235
   110
    80
   170
   100
    91
   118
   657
   192
    53
   262
     3
    10
    11
     6
    10
     2
   191
   403
   376
   298
   177
    79
   104
   228
    99
    82
   149
    63
    79
   222
   336
   432
    84
    89
     0
    13
     2
     0
     0
     1
    78
   415
   340
   379
    89
   149
   239
    91
   168
   134
    56
   242
   151
   107
   396
   151
   107
   103
     7
    14
    15
    10
     3
     9
   150
   330
   664
   111
   160
   122
   170
   147
    90
   250
    71
   215
    76
    79
   590
   309
   248
   126
     0
     1
     0
    13
     1
     9
   130
   379
   380
   179
    78
   120
    71
   140
    41
    67
   202
    97
   125
    76
   180
    81
    61
   126
    26
     7
     0
     8
     0
     4
   140
   216
   379
   139
   194
   122
    75
    87
   113
    71
    88
    89
   142
   130
   174
   230
    98
   106
    13
     0
     0
     5
    10
     6
   240
   384
   617
   248
   187
   103
   208
   188
    80
    95
   132
   102
   155
   314
   445
   473
   100
   193
     8
     0
     7
    19
    13
     0
   146
   274
   467
   214
   165
   151
   264
    95
   176
   152
   135
   250
   123
   192
   333
   127
   206
   115
    16
     8
     3
     2
     0
     6
   243
   215
   449
   290
    55
   100
   103
   128
   136
   135
   363
   133
   100
   158
   151
    89
   131
   112
     0
     9
     0
     4
     2
     0
   231
   204
   244
   176
   156
   129
   117
   103
    91
    77
   317
   143
    55
   220
   391
    78
   151
    98
     6
    14
     2
     8
     0
    12
    80
   262
   291
   306
    86
   199
    82
   146
   162
   348
   231
    82
   124
   259
   280
   279
    89
   127
    14
     6
    21
     6
     7
     3
   104
   475
   529
   191
   147
    85
   119
    96
   120
    56
   196
    77
    79
   138
   376
   245
    97
   108
     5
     0
     2
     0
     6
     9
   175
   558
   475
   219
    71
    91
   109
    97
    90
   135
    65
   166
   236
   394
   237
   217
   108
   226
     0
     8
    10
    29
     8
     0
   215
   185
   553
   370
   175
   251
   165
   112
   103
    65
   277
    69
   105
   268
   287
   411
   113
   201
     0
     0
    21
     7
     7
     8
    86
   263
   729
   447
    51
   204
   175
   166
    78
   109
    70
   143
   239
   202
   791
   213
   177
   112
     8
     3
     0
     2
     1
    11
   163
   258
   247
   192
    65
    50
   111
   102
    48
   134
   142
   182
   230
   407
   135
   255
    86
   197
     5
     7
     5
     0
     0
     8
   139
   340
   365
   321
   125
   171
   115
   181
   105
    52
    93
   113
   150
   172
   281
   206
   145
    42
     0
     1
     0
    12
    10
     0
   127
   335
   258
   206
   112
    89
   136
   160
   103
   173
    70
    84
   151
   115
   232
   257
   106
    75
     0
     0
     2
     2
    23
    13
   113
   363
   508
   273
   100
   141
    65
    83
   110
   150
   170
    75
   143
   229
   171
   321
    95
    83
     9
     2
     0
     4
     0
    10
   108
   222
   328
   245
    73
    89
    54
   226
   292
   128
   113
    90
   176
   217
   280
   149
   123
   134
     7
     1
     5
     1
    16
     4
   172
   391
   455
   208
   124
   163
   131
   130
   276
   199
   240
   113
    76
   102
   248
   328
   152
   137
     0
     9
    10
     9
     3
     0
   253
   305
   380
   348
   130
    72
   102
   189
   158
   124
   220
    83
   126
   205
   174
   210
   163
   149
     0
     0
     0
     0
     9
     5
   118
   208
   325
   181
   107
   107
   106
   177
   186
   135
   334
   123
   215
   334
   199
   170
   114
   108
     9
     1
     6
     4
     6
     0
    83
   333
   445
   241
    81
   115
    74
   105
    85
    70
   102
    88
    68
    82
   186
   145
   138
   117
     8
     9
     3
     9
    14
    10
    67
   259
   435
   244
    88
   227
   125
    78
   220
    90
   140
   128
    88
   258
   254
   332
    67
    63
     7
     0
     6
     3
     1
     6
   131
   260
   272
   273
    45
   172
   147
    93
    51
    77
    75
    91
   147
   202
   464
   107
    97
    60
     7
     7
     8
     5
    11
     0
   173
   320
   239
   192
    53
    69
   101
   129
   112
   134
    73
    91
   398
   128
   317
   330
   169
    90
    15
     5
     0
     1
     3
     0
   148
   438
   533
   403
    98
   171
    91
    89
   201
   154
   109
   209
   123
   128
   313
   231
   186
    65
    11
     4
     8
    20
     9
     0
   206
   421
   400
   189
   210
   208
    98
   123
    80
   135
   183
   101
    86
   345
   250
   256
   121
   138
     2
     0
    10
     0
     1
     0
   201
   302
   520
   152
   143
   146
   298
    63
    87
   103
    85
   105
   204
   334
   175
   565
    91
   123
     9
     3
     0
     0
     2
     2
    73
   197
   387
   371
   134
   128
    81
    93
   114
   214
    47
   100
   205
    57
   325
   326
   156
   119
     2
     0
    12
     4
     1
     6
   139
   257
   294
   174
    62
    79
   174
   162
   121
   112
    55
    96
    93
   150
   122
   150
    81
    58
     9
    16
     6
     0
     0
     0
    68
   185
   451
   364
    98
    70
    52
   266
   128
   261
   172
   211
   105
    95
   237
   154
   128
    73
    14
     7
     8
     5
     0
     3
   140
   337
   538
   128
    84
    96
    84
   152
   101
   134
    64
   145
    92
   251
   188
   141
   170
    89
    12
     0
    17
    10
    10
     6
   104
   411
   504
   213
   139
    70
   192
   188
   115
   257
   196
   143
   106
   397
   322
   206
   109
   124
     4
     7
     6
    20
    25
     9
   148
   200
   396
   291
   124
    96
   153
   180
   158
   247
    89
    81
    82
   138
   302
   202
   105
    76
     5
    16
     0
     9
     0
    10
    92
   180
   463
   532
   152
    73
   124
   127
   113
    99
   145
   306
   208
   147
   107
   140
   139
    89
     1
    24
     3
     6
     6
     8
   204
   224
   379
   461
    89
    80
    84
    74
    71
   227
    38
   143
    96
   148
   226
   101
    60
    61
     6
     8
    15
     0
     8
     0
    95
   118
   530
   112
   100
   109
    73
   374
    66
    63
    65
    96
   181
   259
   413
   177
    79
   116
     1
     3
     0
     3
    15
     7
   209
   281
   352
   334
   106
    65
   246
   146
   112
   117
   135
   243
    30
   135
   330
   220
   104
   101
     0
    22
    19
    10
     3
     8
   146
   292
   289
   103
   122
    36
    80
    71
   210
   103
    50
   147
   135
    96
   305
   302
   121
   134
     0
    13
     0
     5
     8
     0
   141
   219
   610
   550
   107
   174
   219
   118
   408
   218
   124
   126
   142
   176
   331
   318
   197
   140
    27
     7
     0
     2
     0
     9
   102
   423
   325
   456
   178
    67
   197
    68
   217
   159
   123
   127
   186
   193
   179
   249
   109
   162
     2
     9
     9
     0
     8
    16
    51
   398
   315
   321
   119
   113
   135
   111
    57
    64
    98
    40
    95
   122
   286
   306
    72
   128
     6
     7
     5
    10
     0
    14
   222
   249
   246
   244
   115
   162
   136
   101
   266
    65
    54
   113
    67
    97
   308
   178
    66
    90
     0
     6
     0
     5
     7
     0
    98
   323
   420
   368
   129
    54
   170
    60
   196
    99
    98
   145
    76
   246
   392
    85
    49
   123
    14
     0
     0
     3
     5
     3
    72
   170
   347
   444
    74
   208
    80
   100
    79
    48
   109
    65
    67
   107
   171
   166
   140
   132
     0
     0
    21
     0
     7
     0
   111
   232
   426
   244
   102
   119
   187
    99
    67
    64
    78
   148
    66
   253
   361
   136
   119
    63
     7
    13
     6
     7
    11
     0
   146
   285
   452
   392
    58
   160
   111
    64
   173
   235
   223
   192
   276
   172
   182
   242
   159
    75
     3
     0
     7
     1
     8
     0
   193
   288
   444
   285
   276
   117
   142
   233
   173
   105
   170
   123
   279
   158
   103
   455
    68
   105
     8
     7
     0
     1
    12
     3
   125
   312
   264
   167
    91
    76
    73
    72
    87
   139
    81
   139
    95
   150
   131
   188
    72
   100
     8
     2
     1
     4
     6
     5
    69
   317
   157
   136
   107
   125
   241
    98
    69
    73
    64
   243
   125
   253
   327
   127
   167
    93
     8
    16
     0
     3
     1
     0
   160
   326
   306
   120
   257
   245
   253
    91
    78
   126
   233
    96
   111
   100
    39
   258
   183
   106
     0
     2
    20
     0
     1
     0
    66
   295
   371
   262
   119
    49
   138
   111
   117
   198
    55
   145
   100
   154
    87
   250
    93
   131
     1
     0
     8
     0
     0
     0
    97
   313
   484
   437
    79
    65
    95
   111
   173
    80
    32
   144
   105
   199
   372
   120
    51
   108
     7
     5
     1
     9
     4
     4
   126
   338
   424
   434
   142
   210
   128
    90
   106
   214
   130
    94
   236
   168
   280
   341
   210
    93
     3
     6
     4
    20
     0
     9
    80
   283
   303
   381
    75
   182
    86
    73
    93
   108
   106
    74
   117
   158
   315
   254
   106
    98
     4
    20
     5
     0
    13
     1
   119
   216
   353
   265
    66
    91
    43
   134
    79
   104
   270
    59
    86
   116
   169
   139
    67
    93
     0
     3
     0
     5
     4
     0
   128
   388
   442
   398
    87
   108
   206
   161
   106
   109
   220
   283
    76
   144
   473
   349
    80
    96
     6
     3
    15
     8
     3
    12
    68
   332
   348
   222
   131
    89
    92
    82
   160
   147
   125
    55
    70
    97
   241
   336
    66
    36
     2
     4
     6
     9
    10
     6
   196
   257
   316
   247
   218
    93
   145
    71
   184
    66
    84
    85
    65
    74
   239
   440
    90
   356
     8
     0
     6
     0
     5
     0
    76
   223
   502
   173
    44
    83
   136
    89
   198
    93
   208
   128
    86
    91
   269
   304
    96
    58
    24
    16
     8
     4
     3
     7
   176
   142
   444
   614
   138
   156
   223
   141
    76
   294
   444
   186
    88
    87
   212
   306
   126
    93
     6
     7
     0
     0
    10
    11
   119
   210
   306
   265
    93
   111
    73
   114
   204
   144
   194
   452
   142
   162
   293
   254
    92
   129
     5
     3
    10
     9
     8
     1
   213
   477
   417
   142
   199
    55
   174
   111
   184
   203
   218
    75
   106
   159
   202
   122
   107
   210
    19
     0
     0
     0
    11
     5
   148
   249
   572
   181
    60
   213
   211
   211
   110
    56
   149
    48
   154
    64
   132
   286
    48
   128
     8
     0
    10
     9
     3
    13
   141
   316
   228
   162
   136
   114
   181
   143
   109
   116
    86
   128
   146
    60
   183
   311
   118
    59
     3
    20
     6
     0
     0
     0
   121
   235
   380
   201
    58
   121
    75
    93
   129
   126
   105
    86
   127
    85
   218
   391
   112
    87
    14
     4
     0
     0
     9
     0
    55
   185
   414
   212
   150
   107
    62
    80
    87
    67
   163
   145
    97
   163
   186
   114
   128
   138
     2
    11
     4
     2
    10
     5
   122
   324
   251
   269
   130
   139
    81
    91
   214
   113
    84
   162
   106
   206
   369
   672
   111
    83
     1
    10
    15
     4
     8
     1
   166
   378
   602
   325
    99
   179
   170
   157
    98
   102
   144
    75
   242
   266
   345
    98
   141
   101
    10
     7
     0
    11
     0
    18
   216
   201
   461
   339
    69
    96
   103
   222
   161
   125
   275
   104
    67
   102
   224
   351
    68
    65
     2
     8
    11
    16
     0
     0
   186
   313
   116
   348
   120
    74
   258
    97
   137
   106
    55
   106
    67
   140
   121
   136
   107
    82
     0
     9
     9
     3
    22
     0
    91
   180
   382
   153
   117
    70
    83
    80
   135
   210
   146
   284
   248
   245
   233
   142
   111
    78
     0
     1
     0
     1
     4
     4
    89
   192
   340
   140
    79
    67
    77
    78
   273
   112
   110
   122
   206
    96
   290
   180
    68
    87
     5
    18
    12
     3
    11
     8
   139
   233
   344
   177
   113
   108
    81
   392
   149
   101
   140
    58
    96
    97
    93
   144
   139
    56
     5
     8
     5
     5
     0
     9
   178
   547
   261
   361
   106
    96
   362
    73
    87
    77
    47
    27
   132
   210
   263
   454
   150
   150
     0
    10
    21
     1
     8
     8
   186
   423
   413
   271
   242
    76
   136
    75
    66
   154
    80
    75
   130
   115
   124
   200
   158
   164
    13
     0
     5
     0
     0
     9
   122
   309
   291
   238
   123
    74
   127
    80
    94
    97
   250
    52
    58
   325
   204
   154
    77
    80
    15
     2
     0
    11
     7
     0
    76
   416
   420
   163
   122
   137
   105
    73
    67
    68
   239
    50
    58
   233
   528
   269
    86
    91
     0
     7
     0
     0
     8
     2
    68
   259
   534
   365
    90
    65
   101
   110
    88
   142
   194
   104
   109
    44
   237
   124
    96
   100
     5
     5
     7
     0
    16
     3
    76
   238
   360
   156
    99
    68
    63
    78
    86
   211
    92
   104
    62
   101
   313
   375
    84
   148
     2
     0
     8
     6
     2
     5
   183
   273
   260
    97
    77
   119
    76
   138
   148
   111
   145
   131
    84
   161
   257
   183
    65
    67
    25
     0
    13
     6
    11
     0
   137
   281
   259
   229
    78
    69
   175
    97
   112
   133
    84
    69
    95
    89
   267
   142
    65
   157
     4
     6
     6
     3
    11
    12
   118
   295
   465
   214
   130
    72
    71
    92
   271
   140
   255
   175
   106
   129
   163
   234
   103
   107
     3
     0
     7
     4
     9
     8
    86
   384
   376
    88
    45
    75
   102
   107
   121
   281
   113
   103
   114
    92
   449
   152
    88
   100
     3
     8
    18
     0
     5
     6
   127
   300
   165
   184
    83
   101
    76
   264
   162
    65
   190
    99
   236
   192
   265
   378
    97
   109
    17
     0
     0
     6
     6
     7
    46
   391
   399
   185
   140
    74
    80
    87
   126
    45
    40
   216
   107
    94
    80
   304
    68
   160
     0
     4
     0
     6
     3
     0
    63
   131
   692
   445
    44
   258
    68
   154
    70
    91
   142
   215
   101
   146
   281
   151
    94
   152
    11
     0
     8
     0
    10
     0
    62
   101
   434
   257
   103
   105
    69
   150
    73
    63
    84
    76
   113
   110
   168
   330
    62
    64
     3
    19
     2
     7
     7
     6
    99
   220
   584
   307
   167
   110
   107
   270
    78
    95
   272
   233
    93
    67
   405
   152
   190
    81
     0
     0
     4
     9
     6
    12
   101
   302
   803
   364
   177
    95
    83
   120
    76
   122
    90
    87
   113
   232
   144
   197
   105
   287
     3
    10
    23
    11
     0
     0
    94
   279
   533
   242
   123
   294
   163
   188
    47
   143
    63
   106
    98
   416
   220
   185
    87
    96
     0
     0
     0
     9
    11
     0
    70
   302
   496
   345
    98
   157
   119
   124
   147
    90
   119
   123
   116
    97
   260
   120
   100
    69
     1
    10
    10
     2
     8
     1
    92
   269
   304
   252
    65
    85
    94
   176
    74
    90
    59
   134
   115
    83
   261
   381
    79
    93
     5
     6
     1
     3
     4
     6
   117
   265
   276
   222
    53
    94
   269
   163
    54
   140
    46
   146
   103
    87
   431
   359
   152
    82
     8
     1
    13
     8
     5
     1
    95
   171
   246
   119
    35
    59
   251
    92
   156
    92
   131
    70
   106
   138
   205
   210
    81
   131
     0
     4
     9
     0
     2
     0
   116
   474
   604
   178
    99
   124
   289
   101
   147
   146
    80
   150
   133
   181
   104
   308
   128
   124
    10
     0
    14
     5
    10
     0
   149
   210
   781
   276
   101
   108
   147
    73
   161
   231
   308
   293
   142
    89
   229
   449
    89
    90
     5
     9
     6
     3
     2
     3
   103
   245
   314
   274
   337
   132
   109
   118
    60
    34
   278
   164
   265
   118
   143
   136
    80
   135
     0
     6
     9
    10
     0
     2
    81
   193
   419
   131
    69
    77
   124
   103
    33
    70
    86
    84
   255
    90
   143
   144
    64
    77
     4
     3
     0
     0
     0
     0
    78
   256
   521
   316
    52
   175
    59
   110
   109
   110
    56
    61
    96
   148
   119
   200
   105
    78
     6
     0
     5
     0
     6
     2
   125
   153
   436
    84
    69
    83
   135
   116
    45
   193
   168
   191
    83
   101
   158
   417
    88
   135
    11
     7
    15
     1
     2
     1
   170
    88
   418
    84
    64
   118
   219
    68
   321
   209
    51
   211
    50
    86
   109
   121
    52
    60
    13
     0
     4
     3
     8
    11
   136
   207
   345
   497
    61
    41
   113
   112
   126
    94
   279
   108
   189
   157
   181
   207
   119
   129
     8
     7
     2
    18
     2
     1
   110
   231
   109
   277
   102
   123
    79
   273
   128
   126
   363
   132
   125
   252
   221
   345
   230
    41
     0
     7
    12
     9
    12
    11
    65
   305
   242
   362
    87
    43
   129
   156
   125
    63
   152
    62
    54
    99
   151
   150
   103
   128
     2
     2
     5
     0
     4
     8
    91
   191
   412
   495
    65
   129
    82
    81
    70
    92
   137
    62
    59
   110
   419
   425
   124
   108
     0
     9
     0
     9
     0
     0
   214
   222
   333
   233
    56
    53
   125
    77
    48
    78
    92
   109
   176
    95
   104
   304
    83
    95
     9
     2
    12
     3
     3
     8
   145
   167
   235
   296
    68
    31
    85
    68
   259
    59
   161
    71
    88
    54
   230
   188
    91
   244
    14
     9
     5
     6
     3
     1
   105
   169
   310
   241
   108
    92
    52
    64
    77
   187
    63
   213
    59
   118
   222
   242
   191
   116
    13
    22
     5
     8
     5
    10
   164
   386
   364
   193
   128
   107
   121
    68
   188
    33
   248
   156
   127
   122
   320
   216
   178
    91
     3
     1
     9
    13
     0
     0
   143
   381
   347
   386
   118
    63
   129
   104
   406
   150
   154
   156
   145
    58
   344
   170
   127
   332
     1
     7
     2
     1
     4
     1
   110
   414
   584
   183
    93
    73
   105
   130
    45
    76
    89
    83
   175
   120
   150
   145
    83
    89
     5
     0
    19
     3
    10
     6
    69
   252
   362
   218
    34
   138
    70
   206
    65
   257
   106
    81
    94
    71
   247
   224
   125
   142
    22
     0
     0
    10
    11
     7
   165
   283
   377
   308
    43
   112
    58
    95
   394
   232
   134
   157
   114
    74
   223
   254
   169
   107
     0
     0
     4
    13
    11
     1
    79
   101
   165
   217
   118
   171
   148
    35
   222
   119
   121
    89
    84
    81
   122
   165
   108
    53
     2
     1
    16
     9
     0
     7
    75
    44
   255
    62
   261
    62
    75
   139
   145
    93
    40
   122
    62
   390
   299
    57
   106
    95
     0
     0
     0
     0
     5
     6
    71
   276
   611
   213
    84
   476
   102
   138
   337
   179
   174
   161
   167
   107
   375
   228
    94
   117
     6
     0
    14
    10
     0
    16
    82
   288
   661
   183
   141
   167
   152
   170
    79
   274
    59
   108
    66
    89
   116
   210
   144
    70
     0
     2
     5
     0
     3
     7
    83
   337
   334
   266
    71
    95
    87
    68
   195
   130
    98
    98
    98
    87
   174
   164
   103
   168
    10
     2
    14
     0
     0
     9
   129
   228
   367
   267
   280
    85
    82
    97
    97
   124
   132
    54
    67
   199
   220
   284
    78
    75
     2
     6
     9
     0
     3
     6
   127
   131
   384
   453
   133
    89
    83
    72
   100
    84
   145
   252
    91
   112
   156
   110
    67
   190
     6
     5
     0
     6
     1
     4
   148
   283
   354
   366
    51
    49
   157
   166
   152
    51
   207
    57
    56
   203
   119
   300
   158
    90
     0
    10
     0
     1
     9
     6
   146
   441
   261
   405
    71
    82
    84
    65
    48
    78
    79
    95
   142
   132
   127
   233
   138
    53
     8
     0
     6
     0
     2
     2
    79
   266
   371
   184
    88
    77
    85
    98
   197
   109
   233
    99
    85
    81
   419
   176
   140
    58
     0
    16
     9
    12
     4
     4
   104
   250
   571
   376
   106
    89
    61
    81
    67
   355
   255
   113
    87
   144
   579
    79
   128
   169
    14
    11
     0
     7
    15
     6
   120
   274
   462
   339
    91
    95
   114
    89
    94
   176
    86
    29
   243
   293
   225
   242
   196
    52
     2
     3
    22
     0
    12
     7
    56
   343
   398
   318
   158
    96
   214
    88
   304
   167
   110
    86
    80
   143
   180
    92
    74
   124
     0
     0
     6
     0
     0
     2
    89
   303
   192
   278
   102
   224
    95
   122
    78
    73
   112
    75
   316
    66
   206
   229
   113
   112
    10
     8
     0
     8
     2
     6
   146
   378
   497
   145
    63
    58
   128
    80
    50
   177
   130
    83
   113
   299
   478
   268
    57
    85
     0
     5
     5
     4
     0
     1
   128
   267
   280
   227
    79
   118
   121
   123
   108
   163
    79
   118
    65
   116
    42
   248
   137
    62
    24
     4
     6
     0
     5
    14
    89
   485
   460
   550
    97
   136
    85
   125
    93
    76
   187
    93
   163
   188
   203
   148
   244
   133
     0
     0
     4
     7
     0
     6
   146
   340
   450
   414
   115
   120
    79
    81
   121
   104
   192
    77
   107
   160
   251
   242
   319
   112
     0
     1
     4
    19
     2
     9
   164
   337
   330
   184
   145
   159
    71
   121
    85
   112
   103
   154
   195
    98
   337
   151
   101
   116
     1
     3
     5
    16
    13
    11
   119
   491
   466
   109
    68
    65
   192
    85
    84
   125
    58
    78
    71
   123
   203
   318
    82
   198
     3
     1
     3
     9
     0
     2
    68
   410
   313
   357
   124
   126
   167
    70
   161
   132
    96
    73
   226
   117
   278
   160
   195
    87
     0
     4
     6
    14
     2
     2
   110
   199
   285
   332
   104
   108
    81
   109
    82
   121
   105
    72
    87
    72
   102
   181
    77
    91
     0
     6
    13
     7
    17
     7
   116
   285
   320
   208
   256
    58
    88
   209
    91
   122
    70
   148
   129
   214
   118
   140
    82
    61
    13
     7
     0
     0
     0
     7
   107
   219
   410
   189
   116
    83
    79
    70
   129
    94
   189
   109
   126
   137
   175
   146
    71
   120
     0
     0
    20
     0
     6
     1
   170
   336
   224
   215
   138
   130
   237
    71
   103
   231
    72
   142
   179
   147
   292
   224
    78
   117
     9
     0
     2
     6
     5
     9
   112
   268
   520
    75
    59
   129
    99
    87
    75
    70
    82
   141
    39
    93
   202
   174
   103
   122
     0
     0
    10
     5
    10
     5
    92
   110
   317
   230
   121
   280
    75
   119
   188
    83
    59
    93
   130
    63
   150
   300
    59
    87
     3
     8
     0
     2
     9
    18
   106
   446
   282
   240
   135
    25
   131
    78
   121
    89
    94
    88
    47
   197
    59
   174
   122
    96
     1
    16
     4
    16
     0
    17
    86
   336
   270
   254
   101
    67
   151
   130
    91
    78
    89
    80
    85
   208
   157
    56
    71
    47
     3
     0
     3
    10
     3
    12
   130
   120
   579
   272
   180
    96
   112
   106
    92
   111
   182
   137
    97
    97
    83
   205
   101
   117
     2
     7
    12
     6
     0
     0
   231
    93
   435
   416
   106
   217
   119
   126
   101
    90
   100
   106
   122
   271
   375
   177
   214
   106
     9
     2
     8
     7
    12
    12
   109
   346
   454
   298
    84
   143
    65
   127
   143
    91
   218
   138
   254
   389
   313
   239
   130
   154
     9
     0
     3
     5
     0
     6
   101
   318
   547
   164
    88
    61
   256
   117
   219
    75
   116
   103
    98
   154
   131
   195
    76
    76
    18
    13
     7
     7
    12
     3
    66
   235
   299
   279
    96
   158
    81
    82
    68
    82
   196
    71
    82
   146
   220
    89
    57
    93
     2
     4
     3
     8
     4
     0
   133
   384
   511
   195
   240
    96
   165
   178
    78
    68
   188
    88
    92
   116
   113
   237
   126
   136
    22
     0
    10
     5
    13
    12
    64
   234
   494
   348
    57
   106
    57
   104
    87
   152
    98
   110
   152
    91
   129
    90
   136
    90
     5
     1
    13
    12
    16
     6
    73
   272
   414
   228
    66
    91
   194
    44
    51
   110
    99
    66
   120
   103
   237
   259
    56
    49
     0
     2
     1
    12
     6
     0
   134
   437
   424
   429
   138
   109
   239
   119
   154
   162
   253
    78
   344
   150
   421
   285
   114
   300
     8
     2
    20
     3
     0
     6
    82
    94
   383
   222
    97
   228
   230
    68
   377
    51
   152
   149
   152
   149
   254
   333
   101
   183
     8
     0
     4
     9
    12
    13
   121
   189
   290
   133
   184
    67
   118
   106
   108
    91
    64
    93
    88
   115
   112
   239
   114
    93
    20
     0
     0
     0
     4
     0
   157
   156
   269
   176
    98
    71
   106
    62
    96
    61
    81
    59
    52
   116
   137
   157
   258
    98
     5
     0
    12
    16
     1
     0
   173
   344
   233
   182
   233
   128
   134
   259
    91
   115
    71
   116
   238
   130
   173
   293
    94
   104
     7
     9
     0
     7
     1
     2
   148
   234
   395
   365
   113
   217
    93
    66
   203
    72
    87
   371
   115
   491
   147
   188
   100
    90
     0
     0
     0
    11
     5
     4
   204
    68
   133
   118
    57
   122
   310
   144
    55
   203
    56
    63
    75
   379
   132
   218
   145
   197
     0
     2
     5
     1
     5
     5
   139
   316
   393
   425
   167
    89
   196
    85
   187
   108
    72
   224
   108
   151
   212
   136
   242
   100
    12
    10
     8
     4
     3
     0
   162
   260
   447
   132
    78
   102
    71
    56
    49
    98
   180
   171
   116
   357
   317
   342
    98
    84
     4
     0
     9
     9
     0
    10
   174
   106
   249
   131
   150
   119
   149
    58
    92
   129
   176
   112
    73
    91
   108
   331
    80
    81
     2
     9
    11
     1
    11
     0
   203
   202
   755
   191
   122
   103
    68
    53
   109
    84
    69
   114
    56
   122
   632
   152
    86
    28
    15
     1
     9
     7
     0
     0
   136
   130
   182
   310
    95
   102
   128
   144
   119
   126
    58
   124
   175
   223
   127
   374
    91
    97
     6
     0
     1
     9
     7
     6
   131
   312
   455
   179
    51
   104
    54
    89
   107
    60
    44
   117
   278
   103
   540
   128
   101
    90
     2
     0
     0
     5
    11
     3
   101
   204
   423
   235
    82
   101
    70
    78
   200
    43
    97
   147
    73
    58
   351
   191
   167
   232
     5
    12
     2
     0
     0
     9
   121
   370
   601
   259
   125
   109
   387
   125
   121
   126
   224
    87
   275
   403
   259
   289
    89
    86
     6
     9
    10
     9
     0
    14
   211
   283
   387
   268
   140
   131
   117
    47
   228
    91
    61
   190
   123
   165
   262
   155
   103
   108
     0
     5
     0
     0
     0
     0
   142
   354
   456
    67
    76
    60
   104
   118
    85
   106
    73
   102
    43
   185
   128
   207
   124
   117
     0
     9
     0
     2
    10
     1
   199
   321
   504
    88
   209
    86
   181
    31
    95
   137
   103
   114
   130
   360
   242
   276
   184
   105
    10
     0
     0
     1
     0
     0
   211
   254
   468
   373
   198
    60
    69
   214
    72
    69
   148
    53
    81
   106
   171
   149
   170
    51
     8
     0
     0
     0
     0
     2
    76
   276
   280
   219
   131
    98
   117
   234
    55
    58
   134
    50
   157
    98
   117
   116
   108
    66
     9
     5
     0
     3
     0
     0
    77
   257
   492
   232
    81
   262
   127
    90
   137
   186
   204
    55
    78
   114
   159
   313
   110
    91
     1
    10
     0
     0
     4
     0
   128
   246
   493
   279
   197
   118
   109
   104
   120
   193
   114
    99
   106
   170
   214
   213
   100
   144
    14
     0
     5
     0
     6
    12
    96
   122
   409
   401
    40
    88
   285
   120
   190
   178
   166
   275
   106
   455
   531
   320
   111
   170
     7
    13
     5
    10
     2
     5
   185
   342
   657
   179
    68
    66
    97
   223
   126
   153
   126
    93
    86
   134
   263
    84
    83
    47
     1
     0
     0
     0
     2
    10
    70
   406
   404
   300
   104
   112
    48
   173
   294
   191
   134
    70
    63
   129
    67
   112
    76
    79
    11
     3
     0
     0
    16
    14
    93
   265
   361
   182
    69
   182
   108
   108
    61
   109
   173
    55
    89
   160
   449
   153
   101
    92
    13
     1
     0
     6
    10
     4
    54
   153
   504
   190
    74
   101
    99
    45
   120
   127
   111
   118
   109
   261
    85
   145
    66
    86
    10
     7
     0
    15
     4
    15
    67
   315
   191
   234
   176
    66
   120
    74
    82
   123
   148
   233
   252
   366
   276
   334
    86
   113
     0
     8
     9
     5
     5
     8
   194
   413
   373
   290
    90
   146
   124
   132
   104
   101
    68
   106
   128
   122
   203
   362
   183
   131
     6
     0
    10
     5
    10
     0
   157
   241
   575
   350
   276
   119
   137
   162
    86
   324
   218
   166
   133
   313
   164
   309
   130
   102
    18
     4
     0
     0
     4
     3
    73
   302
   518
   307
   171
   118
    54
   131
   129
    90
   130
    98
   136
    71
   375
   166
   110
   129
     6
    10
     2
    14
     0
    12
    69
   187
   410
   458
   141
   100
   106
    84
    49
    80
    28
    80
    93
    74
   342
   477
    96
    64
     3
     5
     5
     0
    10
     8
   149
   317
   499
   255
    75
   251
    51
    61
   224
    74
   100
    90
   100
    75
   122
   351
   127
   122
     0
    13
     0
     8
     0
    10
   140
   273
   422
   298
    95
   124
    91
   143
   123
    70
    84
   143
   103
   506
   401
   216
   127
    78
     0
     3
     0
     8
     2
     4
   142
   279
   501
   193
   129
    99
    89
   117
   227
   123
    70
    90
    86
   216
   341
   158
    70
    83
     9
     8
    10
    11
     2
     7
   166
   352
   392
   310
   114
   150
    98
   173
    92
   164
   126
   100
   109
   215
   221
   281
   183
   101
     5
    13
    10
    10
     2
     0
   133
   223
   494
   416
   106
   184
   201
   155
   118
   148
   102
   163
   132
   273
   253
   247
   165
   143
    14
    13
     0
     2
     0
     4
   119
   363
   487
   416
   124
    68
    83
    96
    89
    69
   105
   126
    93
   115
   366
   258
    74
   110
    11
     6
     5
     0
     2
     4
   112
   190
   403
   356
   140
    99
   148
   205
    69
    65
    87
    83
   105
    80
   162
   206
    96
   130
     7
     1
     9
    10
     8
     4
   102
   180
   258
   221
   127
   121
   132
   136
    63
    43
   207
   134
   241
    85
   134
   152
    75
   109
     1
     6
     0
    11
     4
    13
   163
   243
   312
   360
   183
   219
   113
    84
    64
   106
    57
    59
   271
   140
    89
   265
   100
    99
     4
    10
    12
     7
    13
     0
   115
   380
   332
   413
   104
    91
    62
   128
    92
    64
    89
   157
   150
    65
   423
   142
    90
   113
     9
     0
     3
     0
     2
     4
   116
   266
   565
   370
    99
    99
    98
    86
    88
    48
    69
   130
   163
   377
   389
   260
   141
   109
     6
     8
     7
     0
    20
     1
   185
   129
   415
   267
    60
    69
   110
    66
    65
   289
   135
    64
   222
   163
   111
   206
   139
   134
     9
    13
     0
     7
    11
     0
    79
   360
   726
    96
   120
   255
    70
   112
    92
    31
    84
   107
    76
   130
   235
   233
    95
    73
     3
     2
     8
    16
     0
     6
   254
   282
   209
   377
    55
   165
   282
   212
   119
   277
   125
    98
    67
   452
   151
   119
    69
    78
     7
     0
     1
     3
     9
     8
   129
   347
   352
   181
    47
   269
   113
   155
   150
   159
   100
   149
   219
   112
   442
   186
   224
   160
     0
     0
     8
     0
     0
     0
   182
   240
   398
   364
   115
    87
   167
   142
   148
   106
   107
    61
    82
   298
   191
   234
   121
    78
     0
     7
     8
    10
     6
     6
    86
   287
   389
   244
    66
    84
    58
    58
    67
    72
   122
    74
   117
   102
   155
   262
    91
   111
     3
     5
     0
     5
     5
     4
   145
   433
   426
   209
   135
   128
    96
   215
    67
    84
   117
   325
   155
   143
   212
   394
   108
   139
     0
     2
     2
    10
    12
     4
   131
   330
   389
   306
   173
   164
   130
   107
   121
   175
   119
   135
   177
   129
   377
   278
   133
    76
     0
    11
     0
     2
     0
     0
   110
   132
   424
   339
   107
    61
    52
    66
    90
   106
    74
   119
   139
   253
   415
   146
    54
   105
     0
     0
     6
     4
     2
     0
    91
   282
   333
   319
    78
   101
    78
   106
   167
   191
    63
    65
    97
   224
   110
   167
   101
   105
     7
    14
     2
     2
     0
     8
    57
   322
   425
   218
    79
   129
   156
    50
    83
    84
   167
   111
   122
   123
   125
    71
    67
   103
    10
     3
     9
     1
     6
     0
     0
   103
   299
   538
   443
   110
   149
    79
   276
   217
    64
   105
   114
   133
   160
   708
   160
    95
    69
    11
     1
     0
     3
     9
     5
   111
   293
   466
    86
   125
   294
   114
    72
   123
   118
    96
   207
   145
   122
   370
   319
   175
    72
     2
     5
     0
     4
    13
     1
   187
   140
   346
   406
    70
   146
   410
    74
   140
   418
   304
   291
    96
   110
   459
   144
    95
   197
     5
     0
    21
     0
     9
    13
   197
   141
   597
   327
    63
    84
   130
   103
    29
   138
   146
   205
    48
   128
   445
   234
   113
   119
    16
    16
     0
    17
     2
    24
   171
   164
   355
   190
    78
    57
   298
    77
    88
   238
    66
   122
    79
   123
   168
   255
   113
   192
     0
    11
     5
     0
     1
     4
   181
   429
   554
   168
   155
   140
   113
   117
   147
   174
    72
   131
   141
   100
   219
   232
   131
    79
     0
     5
     7
     3
     0
     0
   174
   456
   247
   255
   166
    82
   247
    82
    92
   129
    70
    65
   111
    72
   292
   386
    86
   100
     0
     6
     1
     0
     2
     9
   128
   309
   294
   227
    90
   126
    83
    75
    76
   138
    64
    61
    80
   274
   135
   233
    87
   136
     8
     0
     0
     2
     4
     8
   107
   346
   257
   207
    68
   111
   163
    73
    94
   114
   130
   268
    59
   210
   476
   253
   109
    97
     0
     5
    13
    18
     8
     9
   155
   274
   491
   482
   136
   143
   112
   164
    89
   135
   131
    76
   112
   265
   171
   180
   250
   113
    11
     2
     3
     8
    17
     7
   191
   361
   615
   258
   101
   130
   333
   147
   158
    72
    59
   121
   166
   242
   205
   301
   148
   110
     4
     5
     5
     2
     0
     0
   202
   219
   385
   182
    82
   108
   172
   128
    73
    83
   215
    98
   114
   172
   104
   351
   118
   136
     0
     7
     4
     0
    11
    12
   100
   421
   346
   264
    97
   137
   147
   214
    89
   105
    75
   272
    86
   275
   380
   119
   273
   135
    23
     5
    10
     0
    14
     4
   165
   268
   595
   293
   298
    84
    85
    86
    87
   220
   118
    76
    59
   277
   118
   184
    64
   110
     0
     1
    10
     4
    12
     4
   173
   293
   374
   200
   141
   149
   153
   121
    85
   123
   190
   170
   204
   161
   203
   189
    82
   129
     6
     0
     7
     4
    14
     4
   101
   277
   528
   136
   139
   196
   128
    92
   166
    54
    83
   113
   215
   232
   232
    77
   141
    95
     8
    18
     0
     0
     3
    13
   166
   237
   455
   303
   165
   175
   126
   102
   110
   127
   120
   148
   157
   134
   367
   229
   145
   100
    12
    13
    10
     1
     0
     6
   118
   221
   530
   355
   139
   238
    91
   223
   168
   138
   150
   184
    85
   286
   299
   257
   118
   141
    14
     0
     0
     9
    17
     5
    69
   185
   657
   229
   104
   126
   169
   104
    87
    71
    68
   120
    64
   275
   100
   159
   134
    90
     5
     0
     8
    19
     1
     6
   130
   331
   194
   211
    83
    89
    88
   101
    83
    60
   134
   181
    99
   368
   129
   112
    82
    73
     0
     9
     7
     4
     0
     6
   141
   120
   456
   251
   145
    58
    84
   204
    79
   288
    86
   127
   213
   141
   150
   203
    76
    75
     9
    10
     3
     2
     7
    10
   141
   322
   224
   229
   156
    91
   213
    94
   257
   129
   104
   106
   105
   370
    99
   146
   121
    59
     2
     4
     0
    11
     1
     2
   154
   254
   198
   168
   220
   137
   139
    94
   110
   117
   138
   143
   197
   125
   249
   227
   203
    74
     8
     4
     0
     0
     9
     9
   121
   359
   515
   404
    92
   211
   184
   236
   110
   289
   165
   135
   153
   140
   191
   251
    90
   129
     0
     9
     9
     9
     0
     9
   167
   339
   356
   483
   115
    90
   199
   142
   159
   130
   162
   133
    72
   148
   246
   174
   191
    92
     6
     1
     5
     6
     0
     1
   139
   270
   373
   263
   103
   137
    67
   305
   211
   170
   127
    71
   289
   104
   210
   172
   117
   226
     4
     1
     0
     0
    10
     0
   147
   359
   264
   374
    68
   260
   158
   113
   113
    98
   219
    70
    70
   180
   394
    92
   102
    84
     8
     2
     3
    10
    10
     1
   169
   158
   264
   343
   134
    81
   165
   183
   106
    87
   118
   208
   134
   233
   244
   117
    64
    79
    18
    12
    17
    16
     0
     0
   140
   400
   470
   502
    73
   137
   102
   130
    80
   192
   118
   164
   129
   343
   223
   343
    71
   187
     0
     0
     0
     6
     0
     8
   158
   378
   246
   200
   118
    83
   254
    78
    85
    97
    77
    99
    73
    88
   425
   105
    42
    49
     0
    13
     1
     4
     7
     8
    92
   386
   529
   459
    91
   305
   112
    83
    94
   117
    67
   204
    86
   137
   213
   145
   147
   150
     2
     0
    13
     2
    35
    10
   176
   344
   539
   466
   127
   134
   147
   137
   144
   160
    72
   138
   274
   144
   343
   210
   108
   278
     4
     0
    10
     4
     0
     0
   143
   347
   437
   315
   154
    46
    75
    77
    63
   280
    95
   111
   144
   105
   266
   113
   155
   226
     0
     1
    13
     0
     7
     0
   137
   381
   501
   294
   168
   202
   130
    85
    67
   131
   247
    87
   123
   234
   550
   553
   117
   150
     4
     3
    11
     3
    13
     0
   168
   469
   300
   291
   118
    63
   106
   117
    86
   148
   175
   130
    69
   101
   161
   479
   155
    59
     2
     0
     0
     0
     0
     1
   101
   238
   295
   249
   109
    57
   189
   118
   119
   125
   136
    61
    95
    85
   273
   164
   248
    88
    11
    11
     7
     1
     1
     1
   118
   282
   343
   484
   120
    67
    75
   186
    76
    99
   106
   118
    81
    55
   303
   269
    94
   250
     4
     2
     1
     5
     0
     0
   198
   267
   644
   274
   206
   137
   194
   192
    91
   127
   212
   124
   176
   286
   318
   215
   108
   125
     4
     3
     6
    12
     9
    17
    95
   465
   343
   254
   219
   108
   160
    99
    66
   162
   260
   211
    75
   222
   220
   239
   105
   117
     1
     5
    16
     5
     0
     0
   117
   328
   533
   338
   171
    83
   273
   137
   111
   222
   150
   136
   223
   202
   170
   170
   127
   132
     6
    13
     8
     0
     0
     5
   104
   309
   348
   371
    84
    91
   137
   124
    76
    94
   122
   114
   137
   335
   160
   199
   134
    82
     0
     4
     1
     0
     8
     0
   106
   230
   330
   346
    89
   257
   103
   116
   101
   114
   115
   106
   120
    99
   164
   143
   255
   103
     2
    13
     6
    20
     0
     0
   144
   181
   517
   313
   101
   110
    93
   108
   137
    74
   142
   140
   237
    79
   269
   207
   151
   135
    11
     0
     6
     1
     0
     3
    39
   224
   400
   345
   190
    91
    94
    84
    78
   125
   126
   146
   113
   139
   119
   163
   160
    75
     3
     4
     3
     0
     8
     9
   213
   333
   536
   335
    60
    49
    80
   140
    71
   121
   151
   141
   111
   138
   341
   391
   136
    92
     7
     0
    19
     6
     5
     8
   106
   242
   440
   324
    88
   127
   239
   170
   129
   253
   128
   171
   261
   303
   141
   242
   140
   107
     0
     8
     0
     9
     1
    10
   164
   396
   486
   277
   134
   153
    60
   304
   236
    42
    61
    85
    77
   345
   146
   147
    71
    88
     1
     8
     0
     0
     0
     1
   104
   411
   498
   196
    86
   228
   117
    96
    77
    71
   113
    60
   151
   163
   256
   255
   106
   129
    10
     3
     0
     4
     1
     0
    76
   451
   606
   159
   118
   144
   130
   127
   218
   236
   136
   358
   119
   117
   158
   359
    65
   142
     6
     8
     2
     9
     0
     0
   139
   235
   456
   282
   111
   221
   189
    94
   103
   100
   293
    91
   251
    98
   395
   183
   296
   178
    14
     7
     6
     5
    10
    15
   129
   415
   436
   236
    81
    64
    84
   120
   105
   115
    96
   109
    57
    62
   223
    95
   130
   156
     0
     5
     6
     0
     3
     0
   123
   268
   402
   358
   154
   171
   105
   245
   390
   154
   163
   176
   114
   227
   369
   265
   123
    72
     9
     2
     8
     0
     0
     2
   121
   383
   511
   378
   148
    95
   148
    72
   191
   349
    98
   255
    93
   449
   206
   419
   304
   168
     1
     8
     3
     3
    14
     3
   272
   340
   579
   353
    96
   220
   149
    84
   106
    81
   181
    88
   103
   129
   327
   179
   242
   133
     0
     0
    11
    16
     3
     2
   131
   253
   330
   385
   179
   156
   122
    76
   152
    80
   139
    44
    89
    67
   179
    80
   108
   139
     0
    14
     4
     3
     0
    16
    88
   285
   352
   589
   119
   127
   129
    64
    86
   148
   131
   170
   155
   131
   265
   291
   110
    75
     7
     7
     2
    11
     5
     3
   161
   331
   267
   177
   138
   109
   293
   118
    95
   103
    60
    98
    66
   154
   290
   336
    62
    97
     8
     5
     9
     0
     0
     9
   214
   349
   430
   337
    58
   155
   118
   129
    72
    94
   129
    51
   114
   171
   311
   163
   169
   126
     6
     3
     2
     9
     3
     0
   191
   472
   542
   271
   127
   155
   154
   114
   249
    59
   171
   170
   135
   154
   473
   252
   126
   132
     3
    16
     0
    16
    14
     8
    97
   458
   478
   358
    83
   155
   136
   159
   120
   137
    88
    87
   152
   153
   370
   158
   209
   107
     5
     4
     7
     9
    14
     9
   157
   361
   321
   396
    47
    93
   338
    64
   130
   135
   129
   215
   239
   119
   185
   217
   165
     0
     0
