    16
     0
     0
     0
     0
    71
    49
   142
    80
    10
    18
    27
     0
     6
    44
     6
    19
     3
    21
   163
    76
    25
    50
     0
     0
     0
     0
     2
     0
    26
    28
   134
   110
    15
    49
    18
    16
     9
   105
    19
    16
    51
     2
   240
    55
    10
    27
     0
     0
     9
     0
     4
     0
    35
    17
    24
    16
    31
    37
    34
    29
     0
     5
    12
    24
    34
    20
    72
    72
    25
    27
     0
     7
     3
     6
     0
     0
   124
    19
   140
    70
    13
    91
    41
    28
    25
    14
     3
    24
    26
    19
    63
    14
    16
    17
     0
     3
     0
     0
     0
     6
     2
   225
   122
    55
    21
     9
    20
    24
    13
    35
    27
    19
    21
   107
    54
    55
    26
    14
     0
     0
     0
     0
     2
     6
    24
   125
   112
    67
    38
     5
    15
    43
    36
    32
    18
    34
    69
    36
    76
    60
    18
    15
     0
    15
     5
     7
     1
     0
    34
    32
   192
   171
    25
    18
    50
    42
    15
    42
    56
     8
     3
    12
    19
    14
    42
    38
     0
     8
     2
     3
     7
     0
     9
   107
   129
    50
    33
    32
    51
    59
    21
    43
    44
    40
     8
    16
    66
    65
    13
    17
     0
     6
     0
     4
     0
     0
    28
    57
   158
    61
    35
    28
    58
    32
    58
     2
    24
    32
    34
    60
    52
    90
    12
     1
     0
     7
     0
     0
     0
     4
    12
    92
   129
    39
    35
     6
    24
    63
    24
    25
    22
    30
    27
    68
   150
    30
    52
    49
     0
     0
     4
     0
     0
     5
    22
    59
   143
    95
    12
    36
    28
    26
    13
    41
    23
   159
    21
    11
    13
     4
    16
    18
     0
     0
     0
     0
     0
     8
    26
   109
   266
    60
     6
    26
    37
    36
    30
     8
    31
    34
    42
    10
    15
     8
    19
    15
     0
     1
     0
     5
     4
     7
    14
   108
   110
   138
    46
    42
    38
     6
    68
    37
    26
    45
     7
    29
   118
    73
    38
    21
     0
     0
     3
     0
     0
     2
    70
    51
    58
   191
    46
    52
    28
    13
    20
    20
    26
    55
    62
    23
   114
    71
    68
    46
     0
     0
     0
     0
     0
     0
    37
     7
    84
    58
     7
    29
    13
     5
    23
    33
    38
    29
    57
    35
    24
    61
    10
    23
     0
     0
     0
     0
     0
     0
    66
    44
    92
    45
    59
    16
    31
    20
    23
    18
    11
    63
    15
   107
    90
    23
    12
    44
     0
     0
     3
    10
     0
     4
    26
   132
   107
    52
    16
    25
    29
    62
     9
    33
     9
    61
    23
    25
    17
    51
    24
    15
     0
     0
     0
     0
     0
     0
    10
   105
    17
    16
    24
    19
    23
    28
    36
    33
    14
    33
    22
    23
   148
    37
    15
    15
     0
     0
     0
     0
     0
     0
    22
   136
    99
    26
    34
    11
    23
    25
    11
    13
    56
    45
    22
    21
    78
    19
     6
     6
     0
     0
     0
     0
     0
     8
    28
   147
   103
    39
    31
    34
    19
    46
     8
    28
    43
    65
    22
    22
    30
   194
    19
     5
     9
     0
     0
     0
     5
     0
    19
    20
   157
   202
    15
    52
    38
    17
    23
    14
    34
    26
    67
    16
    29
    71
    34
    19
     0
     0
     0
     4
     0
     6
    62
     8
   141
    15
    20
    36
    20
    12
    77
    26
    29
    32
     5
    70
    66
   145
    55
    14
     0
     0
     0
     2
     2
     0
   113
   147
   110
    25
    42
     9
     7
   158
    30
     7
   177
   166
     4
     9
   106
    11
    16
    17
     0
     0
     0
     0
     0
     1
    10
    47
   103
    49
    66
    14
    24
    35
    61
    23
    15
    37
    11
    12
    11
    21
    23
    25
     9
     0
     0
     0
     0
     0
    13
   131
   140
    49
    41
     2
    27
    50
    62
    16
    22
    39
    56
    61
    29
    15
    25
    15
     0
     0
     0
     0
     0
    10
    32
    71
    87
    92
    10
    26
    10
    46
    26
    10
    17
   105
   150
    11
    75
    45
    54
    58
     0
     0
     8
     0
     0
     0
    26
    57
   137
    48
    61
    13
    20
    24
    30
   151
    32
   161
    37
   210
   132
    72
    28
    32
     0
     0
     0
     0
     0
     0
    47
    60
   150
    11
    25
    18
     6
    55
    32
    22
    34
    76
    27
    11
    36
    30
    45
    35
     0
     0
     0
     0
     5
     0
    40
    35
   188
   154
    22
    54
    65
    28
    15
    46
     6
    32
    34
    31
    79
   108
    20
    20
     0
     0
     0
     0
     0
     0
    67
    66
    96
    13
    26
    18
    25
    22
     6
    14
     1
    32
    13
    11
   249
   178
    30
    18
     0
     0
     0
     2
     0
     0
    51
    92
   104
    96
    55
    16
    31
    47
    75
     6
    25
    40
    27
    10
    65
    59
     5
     6
     0
     0
     0
     8
     5
     7
    31
     6
    87
    65
     9
    21
    20
    24
    15
    28
     4
    21
    33
    13
    44
    65
    25
    72
     0
     0
     0
     0
     0
     0
     9
    76
    59
   110
    23
    41
    37
    56
    11
    12
    13
    15
    16
    31
     2
    29
    25
    31
     0
     6
     9
     0
     3
     1
    38
    61
    54
   103
    18
    33
    44
    13
    19
    45
    33
     6
    64
    27
    16
     3
    33
    19
     0
     0
     0
     0
    12
     1
    24
    37
    67
    29
    33
    13
    24
    30
    32
    78
    65
    85
    25
    19
   218
   107
    38
    16
     9
     0
     0
     0
     0
     6
    29
    23
   140
   166
    11
    18
    27
    14
    30
    19
    22
    15
    26
   120
    51
    23
    20
    22
     3
     0
    14
     0
     0
     0
    46
    65
   135
   114
    27
    16
     7
    32
    33
   112
    22
    28
    20
    53
    19
   103
    23
    38
     0
     2
     0
     0
     0
     0
     6
     9
   141
   112
    24
    50
    34
    26
   170
     5
    55
    16
    31
    39
    20
    22
    31
    20
     0
     0
     4
     0
     0
     1
    53
    32
    96
    18
    14
    70
    27
    29
    25
    59
    74
     7
    24
    39
    90
    64
     8
    24
     4
     0
     2
     0
     0
     0
    40
    45
    71
   209
     4
    40
    33
    26
    39
    51
    59
    12
    34
    35
    51
    81
    56
    18
     0
     0
     0
     0
     1
     0
    42
   139
   125
    66
    20
    25
    32
    23
    29
    46
    14
    17
    32
    56
    43
   108
    35
    48
     0
     8
     0
     3
     0
     3
    17
    73
    78
   140
    22
    38
    33
    40
    33
    14
    38
    28
    13
    34
   190
    42
    20
    42
     0
     0
     0
     0
     0
     0
    16
    31
   102
     7
    74
    30
    47
    18
    19
    42
     5
    33
     7
    21
    67
    23
    16
    31
     0
     0
     1
     9
     1
     0
     8
    20
   144
    93
    63
    25
    12
    26
    22
    18
    16
    26
    71
    35
    27
   164
    24
    28
     6
     0
     0
     1
     0
     0
    55
    50
   113
   114
    12
    19
     9
    17
    15
    15
    19
    11
    13
    17
    17
    18
    21
    52
     0
     3
     0
     0
     1
     0
    22
    11
    88
    84
    29
    32
    71
    62
    22
    24
    64
    21
    64
    60
    77
    61
    10
    24
     7
     0
     0
     2
     0
     8
    36
    69
    12
    69
    27
    33
    19
    33
    35
    29
    11
    21
    13
     3
    38
    18
    25
    27
     0
     0
     5
     0
     1
     5
    13
    22
   112
   261
    46
    14
    10
    32
    57
    58
    35
    30
    14
   157
   172
   136
   250
    42
     0
     0
     2
     0
    10
     2
    72
    65
   221
    81
    21
    29
    59
    10
   188
    15
    35
    22
    24
    34
   248
   100
    20
    19
     0
     1
     0
     0
     0
     0
    25
    17
   108
    14
    23
     9
     3
    28
    27
    27
    32
    21
    16
    61
    61
    58
    19
    10
     0
     6
     0
     0
     0
     0
    14
    51
    23
    76
    15
    10
    23
    45
    25
    23
    58
    28
    18
    53
    29
    28
    29
    48
     0
     0
     6
     0
     0
     4
    90
    65
    96
    26
    83
    30
    11
    10
    24
    31
    15
    17
    17
   106
    57
    35
    25
     9
     0
     4
     0
     0
     6
     5
    11
    21
   272
    61
    38
    17
    30
    11
    45
    17
    38
    14
    24
    46
    68
    12
    18
    51
     0
     6
     0
     6
     0
     0
    13
    95
   107
   126
     7
    47
     7
    21
    36
    17
    23
    19
    12
    47
   155
     7
    22
    39
     0
     0
     0
     0
     0
     0
    19
   167
    68
    86
    45
    30
    47
   162
    58
    20
    21
    53
    19
     5
    17
   100
    40
    24
     0
     0
     0
     1
     0
     0
    28
   122
   154
   121
    17
    26
    49
    30
    30
    24
   205
    17
    19
    20
    64
   185
    42
    53
     0
     0
     3
     4
     0
     0
    86
    67
   180
    51
    66
    21
    49
    22
   163
    18
    31
    26
    10
   165
   102
    20
    17
    17
     0
     3
     0
     1
     0
     0
     0
    93
    28
    62
    25
    48
    83
    36
    26
     3
    58
    19
     7
    25
    10
    63
    12
    28
     0
     0
     3
     0
     8
     0
    51
    49
    28
    56
    16
    18
    34
    23
     6
     1
    57
    91
     9
     9
    62
    68
    10
    17
     0
     6
     0
     8
     0
     7
    24
    72
    51
    50
    25
    50
    74
     8
    18
    25
    27
     9
    33
    65
    20
   164
    59
    88
     0
     8
     4
     0
     0
     2
     5
    49
   277
   142
    62
     3
    15
    22
    10
   103
    37
    33
    73
    37
    51
    61
    10
    33
     0
     0
     0
     0
     0
     2
    52
   151
   189
    26
    20
    27
   158
    31
   149
    22
    14
    45
    67
    35
    54
    12
    31
    12
     2
     4
     0
     0
     6
     0
    69
    64
   116
    77
    12
    29
    25
    27
    22
    48
    81
    62
    21
    16
    16
    63
    19
    27
     0
     0
     0
     0
     0
     0
    17
    25
    57
    10
    23
    16
    25
    37
    10
    19
    48
    13
    16
    34
   107
    68
    58
    70
     6
     0
     0
     0
     4
     9
     5
    59
   183
   110
    27
    22
     6
    29
    67
    38
    59
    23
    23
    24
    26
    52
    45
     4
     2
     0
     6
     5
     4
     0
    25
    48
   203
    24
    10
    77
    45
    18
     6
    20
    26
    32
    21
    25
    36
    47
    12
    17
     0
     0
     0
    10
     2
     0
    14
    56
   119
   104
     5
    19
    34
    21
    25
    49
    62
    16
    11
     8
   186
    28
    22
    31
     4
     0
     0
     0
     0
     1
    17
    69
   110
    37
    40
    13
    25
    20
    14
    13
    19
    19
    35
    14
   162
   108
    12
    17
     0
     0
     0
     0
     0
     0
    58
    85
   214
    49
    66
    95
     7
    25
    10
    31
    83
    61
     5
    35
   108
    16
    89
    26
     0
     4
     0
     0
     0
     0
    12
    61
   222
   139
    55
    25
    16
    11
    35
    22
    29
    31
    15
    10
    25
    96
    18
    37
     4
     0
     0
     7
     0
     5
    39
    72
   190
   126
     6
    33
    37
    12
    19
    28
    26
    28
    51
    31
   422
     1
    34
    31
     9
     4
     1
     0
     0
     0
    23
    70
    68
   133
    61
    24
   156
    29
    38
    25
     8
   152
    61
    30
   111
    57
    10
    54
     0
     0
     0
     0
     0
     7
   109
    54
    88
   141
    19
    51
    32
    25
    24
    11
     4
    52
   172
    27
    51
    13
    15
     8
     4
     0
     2
     0
     0
     0
    23
    55
   106
   209
    18
    20
    55
    52
    30
    16
    16
    65
    28
    22
    27
    20
    14
    23
     0
     0
     0
     2
     6
     0
    84
    12
    33
   102
    27
    28
    10
    75
    10
     0
    24
    25
     6
    14
    53
    51
    69
    16
     0
     0
    10
     4
     7
     7
    64
    17
    54
    17
    14
    39
    42
    24
    27
    70
    25
    30
    11
   172
    41
    34
    27
    13
     0
     0
     0
     2
     0
     0
    15
    40
   137
    64
     7
    29
    22
    57
    50
     9
    50
    16
    37
    23
    23
    40
    74
    42
     0
     0
     8
     0
     0
     0
    44
    93
   129
    68
    15
    48
    14
    55
     9
    18
   169
    32
    23
    49
    84
    88
    33
    11
     7
     0
     0
     0
     5
     0
    29
    66
    69
   105
    54
     9
    12
     8
    16
    22
    31
    26
    23
    25
    11
    21
    12
    44
     2
     8
     1
     0
     0
     0
    22
    59
   231
    25
    21
    12
    21
    26
   173
    36
    10
    64
     7
    17
   106
    14
    13
    23
     3
     5
     5
     0
     7
     7
    63
    91
    13
    98
    17
    14
    12
    15
    64
    61
    20
   151
    56
    34
    54
    44
     4
    27
     2
     4
    10
     2
     0
     0
    33
    66
    84
    92
    10
    84
    59
    26
    27
    16
    25
    13
    41
    16
    25
    63
    51
    28
     0
     0
     0
    10
     0
     1
    61
    74
   205
    57
    15
    22
    18
    21
    17
    29
    81
    24
    25
    33
     8
    17
    30
    37
     3
     0
     0
     1
     4
     0
    57
    94
   232
   103
    28
    44
    44
    41
    69
    47
    14
    20
     9
    74
   108
   423
    58
    20
     6
     0
     0
     3
    12
     0
     8
    91
   222
   100
    17
    33
    19
    32
    26
    64
    23
    31
    32
   197
    80
    30
    25
    35
     7
     0
     0
     0
     0
     0
    56
    51
   158
   111
    21
    23
    31
    21
    25
    23
    35
    21
    22
    21
    29
    19
    22
    21
     5
     0
     0
     0
     0
     0
    57
   146
    54
    44
    41
    33
    12
    23
    44
    38
    47
    15
    58
    97
    58
    63
    16
    40
     0
     0
     0
    12
     0
     0
    20
    80
   272
   150
    13
    11
    30
    27
    63
    68
   139
    65
    21
   145
    66
    14
     6
    55
     1
     0
     0
     6
     0
     0
     9
   127
   151
    17
    25
    15
    56
   173
    34
    12
    29
    29
    22
    26
   178
     2
    23
     9
     8
     1
     0
     0
     4
    13
     9
    71
    95
   109
    27
    34
     3
   158
    22
    13
    53
    27
    72
    71
    41
    82
    86
    34
     1
     0
     0
    13
     0
    91
    29
   141
    28
    47
    25
    47
    34
    63
     3
    31
    41
    18
    20
    66
    64
    67
    10
     1
     0
     0
     0
     0
     0
    22
    29
    11
   135
    19
    20
    33
    25
    12
    22
    30
   152
    60
    65
   103
    27
    14
    17
    11
     0
     0
     8
     0
     6
    21
    63
   142
     7
    13
    30
    11
    22
    13
     7
     9
    67
    27
    64
   107
    25
    32
    21
     0
     0
     4
     0
     0
     5
    16
    50
   178
    60
    21
    10
    72
    17
    23
    60
    18
     6
    27
    12
    76
    52
    21
    18
     0
    11
     0
     2
     5
     0
    31
    89
   106
    74
    43
    13
    13
    12
    64
    31
    22
    34
    27
    27
    17
    44
    27
    66
     2
     3
     0
     6
     0
     6
    52
    19
   104
    40
     6
    21
    15
    19
     3
    14
     8
    17
    17
    40
   184
    10
    40
     7
     2
     0
     0
     4
     0
     0
    16
   109
   112
    47
     9
    39
    24
    16
     5
    13
    18
    20
    29
   208
    25
    71
    27
     9
     0
     3
     0
     0
     0
     9
    99
    61
   197
    12
    11
    15
     5
    21
    24
    70
    36
    22
    27
    64
    25
    16
    14
    18
     0
     7
     0
     0
     0
     4
    17
    39
    86
   197
    25
    21
    10
    17
    13
    18
    18
     8
    14
   164
    40
    54
     9
    21
     0
     0
     5
     4
     0
     0
    24
   191
    62
    14
     2
    16
    35
    14
    10
    22
    26
   166
    32
     7
    14
    18
     4
    19
     7
     0
     0
     0
     0
     2
    50
    63
   101
   140
    30
    20
    22
     2
    32
     5
    78
    36
    19
    16
    11
    23
    54
    40
     0
     0
     0
     0
     0
     0
    59
   196
    62
    21
    21
    93
    17
    31
    59
    22
    18
    16
    18
    30
    22
    60
    10
    12
     0
     0
     0
     1
     0
     0
    26
   116
    56
    51
    32
    18
    14
    20
    71
    14
    17
    54
     6
   171
    66
    13
    11
    18
     0
     0
     2
     4
     0
     0
    20
   168
    99
    92
    33
    26
    20
    26
   103
    30
    32
    20
     5
    14
   155
   105
   104
   103
     0
     0
     0
     0
     0
     0
    33
    56
    61
    20
     7
    31
   154
    26
     7
    41
    29
    24
    24
    28
    38
     7
    28
    86
     4
     0
     0
     0
     2
     0
    23
    23
   175
    89
    15
     9
    12
    14
    22
    21
    34
    40
    43
    48
    16
    25
    89
     8
     0
     0
     0
     4
     0
     7
    20
    90
    23
   132
     4
    10
     8
    13
    26
     8
    71
    74
    14
    15
    29
    21
    13
   105
     0
     0
     0
     0
     0
     0
    22
    51
    85
    72
    11
    10
    28
    12
    37
    20
    29
     6
     5
    22
    21
    25
    13
    11
     6
     0
     2
     1
     0
     8
    20
    74
   127
    25
    21
    15
    69
    19
    31
    31
    10
    24
    16
    30
    56
    20
    53
    13
     0
     0
     0
     0
     0
     0
    30
    45
    60
    15
    11
     9
    40
   120
    62
    16
   163
    61
    20
    61
    46
    99
    21
    57
     0
     0
     5
     0
     0
     0
    30
   100
    14
    30
    44
    14
     7
    51
    65
    42
    30
    14
    16
    29
   235
    56
    82
    64
     4
     7
     0
     0
     9
     0
    21
    68
   194
    18
    28
    21
    18
    19
    55
    30
    27
    64
    26
    23
    58
    63
    34
    25
     0
     0
     5
     0
     8
     0
    27
    63
   126
    61
     9
    59
    17
    16
    15
     0
    15
    31
    65
    37
    43
    21
    67
    35
     0
     0
     0
     1
     0
     1
     9
    48
    93
   132
     9
    21
    36
    18
    99
    16
    19
   154
    38
    50
    66
    28
     8
    23
     0
     0
     4
     0
     0
     0
    16
   105
    51
     7
     9
    19
    57
    21
    35
    23
     9
     5
    67
    68
   198
    86
    35
    17
     0
     6
     0
     0
     0
     0
     6
   166
   124
    56
    57
    26
    16
    20
    25
    25
   145
    29
     5
    50
    70
   178
     7
    10
     0
     0
     7
     0
     0
     0
     0
     5
    77
    25
    12
    19
    19
    13
    20
    15
    21
    14
     7
    26
     9
    29
    19
    11
     0
     6
     0
     1
     2
     0
    25
    71
   111
    57
    44
    13
    31
    40
    37
    20
    56
    17
   153
    16
    13
   103
    58
    38
     0
     0
     0
     0
     0
     4
    32
    66
    94
    15
    33
    27
     4
    62
    19
   168
    16
    26
    11
    61
    36
    48
    24
    96
     0
     0
     0
     0
     0
     0
    24
   129
    89
    26
    11
    23
    17
    17
    21
    18
    24
    20
    34
   177
    29
    22
    12
    14
     0
     0
     6
     0
     2
     0
    60
    16
   125
   211
    32
    13
    11
   154
    22
    23
    15
     9
   192
    60
    20
    38
   153
    17
     0
     7
     0
     2
     0
     0
    14
    60
   180
    24
   151
    29
    10
    30
    36
    69
    17
     8
    11
   167
     9
    80
    30
    56
     2
     0
     0
     0
     0
     2
    16
   103
    98
    82
    65
    14
    44
    51
   146
    64
    70
    26
    29
    14
    69
    37
    61
    31
     0
     0
     0
     0
     0
     0
     1
   113
   134
    38
    20
    28
     3
    13
     4
    11
    17
    41
    19
    30
    19
     2
    10
    11
     3
     2
     0
     0
     1
     5
     4
    61
   257
   137
    60
     8
    41
    12
    16
    19
   158
    23
    15
     9
    50
     7
    20
    19
     1
     4
     3
     0
     4
     0
    38
    91
   118
   107
    19
    19
    30
    18
    35
    27
    26
    16
    10
    14
    54
    55
     4
    27
     0
     0
     0
     0
     6
     0
    47
    79
    69
    79
    13
    29
    53
    37
    58
    33
    10
    17
    16
    19
    63
    22
    61
    30
     0
     6
     4
     0
     0
     0
    24
   135
   141
    55
    19
    10
    14
    23
   185
    14
     9
    71
     9
    93
    36
    72
    45
    10
     0
     0
     0
     0
     0
     1
    18
   135
   113
   103
    26
    18
    30
    27
    56
    23
    31
    16
    27
    12
    16
    37
    13
    40
     0
     2
     0
     0
     0
     0
    39
    70
    93
     3
     8
    25
    10
    29
    42
    52
    22
    21
    22
   160
    89
   140
    49
    28
     0
     0
     0
     4
     6
     0
    17
     7
   158
   147
    50
    12
    17
    23
     7
    30
    17
    39
    34
   200
    71
    26
    33
    57
     9
     4
     0
     7
     0
     0
    32
   271
    25
    56
    74
    30
    19
    14
    27
    59
    17
   159
    39
    18
    58
    29
    28
     6
     0
     0
     0
     6
     0
     0
    25
    93
   143
    57
    20
     9
    35
    47
    18
    23
    30
    42
   120
   116
   115
    55
    31
    51
     3
     0
     0
     0
     0
     2
     8
     2
     7
    50
    21
    18
    25
    42
    15
    16
   103
    14
    14
    11
    69
    12
    75
     5
     0
     2
     2
     0
     0
     3
    17
    18
   200
    86
     3
    20
    40
    60
     6
     8
    22
    33
    19
    14
    43
    45
    17
     5
     0
     0
     0
     0
     6
     0
    25
    58
    86
    52
    20
    51
     0
    10
    58
    46
    23
    29
    22
     6
    46
   205
    63
    33
     0
     0
     0
     3
     0
     0
     7
   104
    77
    21
    13
    20
    31
     5
    24
    11
    32
    25
    26
    44
    20
   168
     6
     8
     0
     0
     0
     7
     0
     0
     6
    52
   252
    50
    30
    10
    53
    16
    43
    24
    16
    33
    28
    24
     8
   141
    24
    19
     0
     0
     0
     0
     0
     2
    24
    90
    53
     6
    17
    65
    23
    21
    11
    20
    18
    19
    58
    26
    53
    16
    24
    50
     0
     1
     0
     1
     0
     0
    94
   152
   120
   144
    30
    35
    41
    23
    11
    35
    27
    22
     7
    37
    64
    74
    31
    21
     1
     0
     0
     0
    12
     0
    22
    25
    47
    93
    22
     6
    26
    74
     8
    32
   150
    24
    29
    25
    14
    18
    75
    28
     4
     0
     0
     8
     0
     0
     7
    18
    73
    21
     9
    33
    19
    53
    35
    18
    12
    13
    35
    45
   164
   120
    38
    13
     0
     0
     0
     0
     2
     3
    23
   146
    92
   119
    17
    25
    17
    17
    21
    30
    10
    16
    23
    21
   162
    27
    30
    53
     0
     0
     0
     0
     0
     0
    32
    59
   100
    41
    18
     9
     4
    49
    25
    25
    55
    17
    28
    59
    11
    34
    10
    14
     0
     0
     0
     0
     0
     5
    11
    49
    72
    10
    42
     8
    92
     4
    78
    18
    28
     4
     8
    44
    51
    42
   158
    27
     0
     6
     0
     2
    11
     3
     2
    50
    71
    53
    27
    29
    31
    22
    17
    13
    42
    15
    13
    54
    26
    65
    14
    33
     0
     6
     0
     0
     0
     0
    69
   182
    68
   111
    16
    24
    28
    58
     5
    31
    14
    37
    21
    16
    19
    28
    31
    20
     0
     0
     0
     0
     3
     0
    33
   101
   132
    56
     6
     7
    10
    23
    63
    19
    24
    16
    14
    20
    66
    37
   157
    37
     3
     0
     0
     0
     0
     1
     8
    17
   108
    32
     0
    24
    27
    19
    48
     6
    15
    32
    23
    40
     8
    18
    12
    25
     0
     0
     0
     0
     0
     0
    27
    11
    75
    60
     4
     7
    25
     8
    12
     3
    42
    11
    22
    26
     9
   135
    31
    23
     0
     0
     0
     0
     0
     0
    22
    91
    84
     9
    49
    22
    20
    12
    16
    20
    56
    10
    33
    12
    37
    63
    22
    14
     0
     0
     0
     0
     0
     0
    12
    22
    12
    54
    14
    29
    21
     9
     9
    70
   143
    19
     8
    20
    54
   134
    94
    22
     0
     0
     6
     0
     4
     0
    11
    63
    74
    18
    28
    25
     7
     8
    11
    18
    21
    29
    22
    34
   196
    28
    61
    36
     0
     0
     0
     5
     5
     2
    13
    65
   177
   101
    18
    36
    14
    29
    59
    28
    15
    29
    67
   166
    63
    15
    25
    66
     0
     0
     5
     1
    12
     0
    59
    45
    61
    44
     9
    15
    31
    16
    16
     9
    29
    21
    12
    22
    24
    36
    22
    24
     2
     2
     0
     0
     9
     0
    15
     1
    98
    64
    11
    13
    38
    96
    22
    20
    23
    23
     0
    10
    28
    33
    35
    11
     0
     0
     0
     0
     0
     0
    30
   140
   170
   131
    28
    24
    13
    45
     6
    20
    40
    22
    10
    32
    23
    37
    13
    25
     2
     5
     0
     0
     4
     0
    15
    54
    77
    97
    25
    15
    55
     4
    29
   159
    46
    27
    24
    13
    41
    98
    13
     7
     2
     0
     0
     0
     0
     0
    19
    47
    51
    86
    28
    27
    57
    21
    21
    17
    26
    25
    14
     4
    16
    55
    26
    27
     0
     0
     1
     0
     5
     0
    45
    62
   183
   148
    46
    15
    20
    10
    24
    22
   162
    51
    28
    66
    75
    92
    12
    32
     0
     0
     0
     6
     4
     0
     8
   113
    17
    64
    25
     9
    19
    14
    26
    12
    38
    20
    29
    11
   203
   198
    26
     7
     0
     0
     6
     0
     0
     0
    25
   134
    71
    19
    27
    12
    39
    41
    27
    57
    25
    39
    85
    57
   149
    17
    10
    19
     2
     0
    11
     0
     0
     9
    13
    24
    58
   101
    19
    12
    17
     7
    24
    26
     5
     7
    11
    32
    28
     6
    11
    38
     0
     0
     4
     0
     0
     0
    20
    57
   108
    99
    17
    63
    22
    30
    33
    19
    21
    13
    20
    25
    19
    79
    26
    34
     6
     0
     0
     0
     0
     7
     6
    40
    65
   108
    21
    41
     8
    18
    66
     8
     8
    15
    24
    12
   200
    35
     5
    10
     5
     0
     6
     0
     0
     0
    66
    17
    16
    19
    19
    15
    25
    72
    26
    66
    17
    51
    35
    15
    46
    27
     3
    27
     0
     1
     0
     0
     0
     0
    26
    99
     9
    10
    51
    61
    27
     3
    14
    33
    28
    12
    14
    19
   108
    14
    53
    55
     5
     2
     0
     7
     2
     0
    64
    49
   199
    86
     5
     3
    41
    27
    50
    15
    35
     7
    25
   162
    16
    54
    42
    32
     0
     0
     0
     0
     0
     0
    28
   102
    87
    50
    24
    20
     3
    23
    56
     3
    17
     8
    24
    17
     1
    60
     3
    12
     0
     0
     2
     2
     0
     0
    33
    17
    72
    93
    21
    32
    26
    10
    13
    53
    24
    15
    12
    20
     9
    38
    18
    53
     7
     0
     0
     0
     0
     0
    19
    94
   100
    51
    62
     6
    59
    20
    26
    20
    17
    17
    13
    29
    12
    54
     4
   153
     0
     0
     0
     0
     0
     7
     0
     2
    12
    59
    18
    24
     6
    25
    30
    28
    23
    40
   177
    27
    25
    67
    13
    28
     0
     0
     7
     0
     0
     0
    17
    20
    59
    81
    20
    11
    16
    12
    13
    20
    22
    20
    14
    35
    66
    77
    21
   187
     0
     0
     0
     0
     0
     0
    31
    97
   178
    33
    30
    30
    33
    17
   299
    43
    12
    32
    15
     7
    63
    22
    81
    20
     0
     7
     0
     0
     0
     0
    49
    77
    13
    59
     3
    25
    65
    34
    16
    28
    24
    38
    18
    51
    16
    21
     9
     6
     0
     0
     0
     0
     0
     4
    29
    16
   109
   104
    19
     6
    11
    45
    15
    35
    24
    15
    22
   175
    38
    25
    14
    22
     0
     0
     0
     0
     0
     0
    74
   102
    41
    17
    21
    71
     3
    28
    21
     8
    21
    12
    10
   161
   105
    28
    32
    28
     1
     6
     0
     5
     0
     0
    24
    57
   127
    72
     9
     8
    28
    22
    14
    10
    12
    13
    28
    13
    64
    59
    29
     9
     0
     0
     0
     0
     0
     7
    30
     3
    52
    66
    18
    45
    20
     4
     9
    41
    40
    39
    34
    21
    14
   111
     2
    20
     0
     1
     7
     0
     0
     0
     4
    85
   137
    23
     1
     1
    18
    26
    15
    11
    31
    22
    29
     5
     8
    46
    40
    28
     0
     3
    12
     0
     6
     0
    13
   139
    28
    68
    26
    11
    30
    25
    13
    27
    18
    21
    40
    79
   202
    33
    17
    45
     1
     0
     0
     0
     0
     0
    61
   152
   346
    61
    25
     4
    27
    21
     5
     9
    10
    73
    34
    24
    99
    11
    24
    14
     0
     0
     0
     2
     0
     0
     7
     3
    51
    16
    18
    56
    52
    54
    22
   151
    12
     2
    63
   160
    31
   111
    31
    32
     0
     0
     5
     0
     0
     0
    22
   135
   144
    84
     0
     2
    20
    24
    64
     8
    29
    37
    14
   157
    25
    16
    13
     9
     0
     6
     2
     0
     0
     2
    15
    58
    21
   135
     5
    20
    16
    23
    59
    14
     6
     7
    13
    13
    16
    13
     4
    14
     0
     0
     0
     0
     2
     3
    46
    60
    63
     2
    13
     1
    40
    16
    41
     9
    14
    68
    38
     6
   150
    27
    15
    15
     0
     0
     0
     3
     0
     0
    85
    31
   159
    63
    15
    20
    57
    11
    21
    23
    29
    12
    32
    49
     6
    88
    11
    31
     0
     7
     0
     6
     0
     1
    24
    65
    82
    12
    26
     7
    11
     3
    61
     3
    34
    17
   138
     4
     7
    71
    36
    28
     0
     0
     2
     0
     0
     0
    64
    47
    57
    75
    39
    12
    57
    30
    45
     8
     7
     9
    32
    16
    17
    87
    29
    29
     0
     0
     0
     0
     0
     9
    43
    10
   108
   100
    10
    19
    21
   107
    18
   140
     6
     5
    65
     2
   169
    19
     8
    42
     0
     0
     0
     0
     3
     3
    24
    45
    22
    88
    12
    23
    12
     8
    21
    25
     6
    27
    13
    48
   166
    39
    65
    16
     0
     0
     0
     0
     1
     0
    25
    83
   170
   105
    14
    19
     5
    22
    68
    21
    20
    32
     4
    12
    61
     1
    12
    16
     0
     7
     2
     0
    10
     0
    14
    33
   109
   223
     2
    66
    21
    22
    14
    17
    23
    58
    13
    12
    68
    18
    59
     9
     1
     0
     0
     0
     0
     0
     8
    78
   101
     7
     2
    23
    24
    17
    34
     7
     0
    10
    15
    15
    43
    29
    34
     5
     6
     0
     0
     0
     2
     6
    27
   135
   133
   155
    36
    27
    22
     9
    35
    21
    57
    19
    18
    15
     5
     6
    56
    10
     0
     0
     0
     7
     0
     0
    20
    93
    97
   142
    16
    36
    41
   207
    33
    21
    27
    76
    22
    11
    14
    38
    42
   180
     0
     0
     0
     0
     0
     0
     1
    13
   114
    23
    14
    17
    27
    12
    12
    62
    35
    15
    13
    14
    12
    14
    14
    13
     0
     0
     0
     0
     0
     2
    10
    56
     4
    90
    21
    13
    17
     7
    15
    16
    49
     4
    34
     3
    48
    63
     7
    74
     5
     0
     0
     0
     0
     5
     3
   105
    47
     0
    20
    15
    15
    64
    64
    70
    48
    31
    19
   162
     5
    35
    53
    53
     5
     0
     0
     0
     4
     0
     8
    66
    17
    12
    20
    24
    22
    58
    60
     9
    32
    10
    43
    20
    10
    50
    18
    16
     0
     0
     0
     2
     0
     7
    30
    31
    54
    96
    24
     4
     7
    31
    57
    22
    13
    59
     0
    31
    27
    24
     4
     9
     0
     0
     0
     7
     6
     0
    26
   114
   239
   126
    22
    35
     5
    29
    16
    20
    30
    54
    19
   164
    20
    48
     3
    37
     0
     8
     0
     0
     0
     0
    60
   133
   171
     8
    29
    63
    34
     7
    57
    38
    39
    17
    23
    63
    27
    18
    47
    19
     0
     0
     0
     0
     0
     0
    12
    58
   185
    37
    19
     6
    21
    63
    16
     6
    69
    76
    22
    19
    13
    84
    17
    63
     0
     0
     0
     7
     0
     0
    17
    95
    60
    11
    62
    25
    12
    18
    16
    16
    16
    13
    20
    12
   367
   110
    31
    14
     4
     0
     1
    10
     0
     0
    64
    53
    63
    53
     7
    18
    16
    25
     6
    11
    16
    21
    69
    55
    16
    21
    21
    17
     1
     0
     5
     0
     0
     2
    31
   110
   216
    29
    19
    67
    22
     1
    14
    12
     4
    14
    18
    56
    52
     8
    10
    34
     0
     0
     0
     0
     0
     0
    11
    60
    59
   100
    25
    25
    16
     2
    22
    12
    15
    15
    19
     9
     9
    51
    23
    23
     0
     1
     0
     3
     1
     1
    60
   133
    39
    56
    63
    54
    14
    10
    14
    32
    31
    86
     9
    32
   163
    61
    50
    27
     0
     0
     8
     0
     0
     0
    35
   117
    63
    75
    32
    16
    36
    33
     4
     3
    68
    26
     3
    28
    75
    27
    58
    11
     0
     0
     3
     0
     0
     0
    17
   107
    71
     1
     9
    11
    15
    26
     0
   150
    13
    11
    74
    35
    93
    54
    49
    14
     0
     2
     5
     0
     0
     0
    14
    89
    72
    12
    11
    57
    11
    18
    12
    26
    32
     6
     9
    20
     7
    21
    19
    39
     6
     0
    12
     0
     0
    10
   122
    57
    60
    23
    20
    18
    24
    75
    31
    38
    16
    15
    13
    16
    37
    13
    10
    50
     0
     0
     1
     0
     0
     8
    12
    64
   113
   119
    23
    21
     5
    18
    11
    28
     5
    64
    26
    15
    53
    13
    21
    69
     0
     8
     0
     0
     8
     0
    24
    23
    90
   127
     9
    32
    13
    48
     6
    18
    21
    23
     9
    16
     8
    44
    15
     2
     6
     1
     0
     0
     0
     0
    20
    12
    93
    78
    67
     5
    54
    24
     9
     7
     9
    29
    46
    55
    53
    27
    17
    27
     6
     4
     0
     3
     0
     0
    32
    54
   214
   139
    26
    35
    40
    22
    25
     7
    44
     5
   161
     7
   221
   166
    68
    73
     0
     3
     0
     0
     0
     0
    20
    55
     6
    13
    40
    55
    63
     4
    13
     1
    20
   155
     3
    19
     3
   112
     2
    17
     0
     0
     0
     0
     0
     0
    15
    22
    45
    69
    30
     9
    27
    28
     5
    14
    81
    17
    22
    27
    23
    22
    52
    14
     0
     0
     0
     0
     0
     0
    15
    13
    47
   107
    18
    30
     7
   155
    17
    15
    10
    13
    44
    15
   110
     7
    15
    24
     0
     0
     0
     2
     0
     0
    68
    28
    53
    21
    13
    11
    12
     2
    16
    54
    42
    11
    18
    11
    77
     2
    23
     3
     0
     0
     8
     0
     0
     0
     9
   111
    87
    90
    19
     8
    26
    26
     9
     9
    20
    52
    21
    24
    13
    19
    23
    11
     0
     0
     0
     5
     0
     6
    39
   123
    63
    32
   158
    29
    38
    83
    64
    28
    48
    29
    12
    24
   316
   200
    15
    43
     0
     5
     8
     0
     1
     0
    29
    52
    51
   155
    12
    15
    55
    23
    26
     1
   204
     2
    72
     5
   159
    27
    10
    21
     0
     0
     0
     5
     0
     0
    70
    67
     7
    76
    39
    46
    16
    23
     5
    20
     3
    55
    39
    21
    58
    19
   107
     7
     0
     7
     3
     0
     8
     0
    53
    73
    55
    85
     5
    37
     1
    27
    16
    16
    16
    23
    22
    60
   103
    68
     7
    30
     0
     0
     0
     0
     0
     1
    15
    70
    96
    92
    33
    24
    20
     4
    15
    57
    17
    28
    12
    24
    16
    21
    45
    21
     0
     0
     0
     0
     0
     4
     4
    52
    19
    34
     6
    40
   145
    25
    23
    23
    26
    26
    21
    54
    63
     5
    26
    11
     0
     7
     0
     0
     0
     2
    58
    49
    62
    61
    29
    23
   145
     7
    59
    16
    35
    34
    24
    53
    17
    19
     5
    46
     0
     7
     6
     0
     0
     0
     8
    19
   112
    73
    18
    17
    22
    22
    21
    31
    79
    12
    15
    69
    94
   134
    15
    10
     2
     0
    10
     0
     0
     0
    19
   176
    21
    56
    13
    36
    15
    17
    23
    33
    25
    32
   102
    46
    42
    38
    20
    14
     0
     0
     0
     0
     0
     0
    15
    44
    83
   105
    14
    28
    37
    33
    16
    28
    21
    12
    20
    28
     8
    18
    13
    17
     0
     0
     0
     0
     0
     0
    15
   142
    54
    69
    23
   166
    41
     5
    13
     3
     4
    14
    20
    32
    53
    73
    24
    13
     2
     0
     0
     0
     1
     0
    23
    90
   129
    24
    19
    13
    63
    10
    45
     0
    42
    14
    24
    15
    17
    56
    14
    12
     0
     0
     7
     0
     7
     5
    10
    81
    11
    34
     8
     0
    19
    13
   150
    28
    36
    25
    14
    29
    23
   147
    25
    23
     2
     0
     6
     0
     0
     0
    61
   161
   146
   107
    10
     3
    19
    23
    22
    41
   153
     7
    64
    28
    64
   177
    53
    10
     0
     0
     0
     0
     0
     0
    59
    58
    27
    98
    19
    14
    17
    15
    20
     7
    37
    10
    32
    12
   118
    23
   148
    59
     0
    12
     7
     0
     1
     5
    97
    76
    89
    82
    48
    42
    17
     6
    15
     8
    11
    15
     8
    19
    37
    55
    34
     4
     0
     1
     0
     0
     2
     0
    21
    22
   127
    17
    23
    12
    28
    23
    21
    32
    12
    18
    14
   200
     5
     5
     1
    18
     3
     0
     0
     0
     0
     0
    20
    23
   148
    60
    25
    41
    16
    43
     4
    19
    14
     9
    20
    10
     8
    16
    34
    37
     0
     0
     4
     8
     0
     2
     7
    97
    98
    47
    11
     9
    21
    10
    11
   140
    25
    74
   153
    27
     8
    56
    26
    17
     0
     0
     0
     0
     0
     0
    30
    64
   126
    68
     8
    18
    15
    33
    16
    15
    10
    43
   152
    16
    68
    54
    19
    23
     5
     2
     0
     0
     8
     0
    32
   130
    80
    12
   162
    18
    23
     9
    22
    11
    12
    10
    27
     0
    55
    15
    32
    16
    11
     0
     2
     2
     0
     0
    31
    60
   138
    34
    37
    34
    29
    36
    14
    25
    40
    38
    16
    34
    13
    48
    34
    16
     5
     7
     0
     2
     0
     1
    49
   134
    27
   107
    16
    19
    48
    14
     8
    13
    20
    62
     6
    47
    42
    46
    21
    21
     0
     0
     1
     0
     0
     0
   101
    49
    48
   126
    13
    34
    11
     6
    20
     7
    10
    15
    37
    37
    15
    16
     8
    14
     0
     0
     0
     5
     0
     0
    23
    48
   114
    87
    12
    59
    19
    19
     3
    11
    22
     0
    66
     9
    58
    23
   147
     9
     2
     0
     0
     0
     0
     5
    39
   100
    69
    18
    21
     8
    70
    13
    11
    16
    42
    53
    21
    28
    26
    53
    10
    56
     0
     0
     0
     0
     1
     2
    15
    87
   150
    53
    41
    31
    21
    46
    53
    21
    15
    26
    64
    13
   247
    45
    22
     7
     9
     0
     2
    12
     0
     0
    25
    59
    89
   122
    20
    10
    27
    35
    28
     6
    12
    16
    23
     0
    11
    45
    19
    15
     0
     0
     0
     0
     0
     0
    55
    88
    73
    26
     9
    11
     1
    27
    17
    23
    12
    40
    29
    22
    63
    40
    29
    13
     4
     6
     0
     0
     0
     3
    18
    69
    90
     9
    22
    10
    29
    40
    30
    17
    21
    16
    22
    37
     9
   156
    15
     6
     0
     0
     0
     9
     0
     0
    12
    66
    12
   181
    19
    28
    22
    14
    33
    11
    59
    11
    30
    18
   198
     8
    24
     9
     0
     0
     0
     0
     0
     0
    59
    24
    29
    58
    21
    17
    30
    15
    20
    64
    14
    25
    29
    24
   199
    46
    35
    10
     0
     0
     0
     0
     0
     7
    69
   102
    18
    34
     8
    20
    17
    33
     7
     2
     6
    23
     7
    61
    60
    21
    65
    48
     0
     0
     0
     0
     0
     0
    22
     8
   157
    14
    13
    18
    18
    18
    10
     7
    30
    12
    25
    35
     9
    43
    47
    13
     0
     0
     2
     0
     0
     0
    33
    92
    60
    66
     0
    22
    20
    61
    17
    13
   154
    18
    15
    11
    19
    59
    28
    12
     0
     0
     0
     0
     0
     0
    24
    19
    46
    92
     4
    24
    20
    20
    17
    22
    19
    30
    23
    45
    67
   146
    25
    15
     0
     6
     0
     0
     0
     0
    55
    55
    46
    51
    35
   156
    18
    18
    18
    15
     8
    12
    26
    16
    61
    87
    34
    23
     0
     0
     0
     0
     0
     0
    25
   131
    39
    67
    12
     5
    25
    15
    17
    12
    17
    12
    17
     5
    30
    31
    14
    65
    10
     0
     0
     0
     5
     6
    69
   105
    97
   117
    14
    38
     7
    13
    15
    18
    25
    10
    13
    23
    28
    23
    13
    25
     4
     8
     0
     0
     0
     0
    32
   119
   178
    56
    14
    17
    11
    34
    25
    13
    52
    27
    33
    23
    45
    54
    19
     8
     2
     0
     0
     0
     0
     0
     4
     8
    19
    10
    12
    27
    19
    30
    31
    15
    17
    14
     3
    18
    21
    12
    30
    21
     8
     0
     0
     0
     0
     0
    10
   107
    82
    37
    10
    17
    17
    31
    18
    15
     9
    20
    32
     7
     7
    15
     9
    32
     8
     0
     3
     5
     4
     0
    12
   128
    62
   101
    10
    73
    27
    13
     9
    45
    15
    13
    41
    64
    66
    65
    27
    57
     0
     0
     0
     0
     0
     0
    31
    65
   153
    80
    10
    51
    16
    16
    13
    45
    26
    22
    25
   141
    29
    57
    21
   105
     0
     0
     0
     1
     0
     0
    27
    21
   164
    59
    32
    12
    28
     6
    17
    21
     7
    10
    16
     8
    17
    57
    30
    24
     8
     0
     2
     0
     7
     0
    93
    16
    15
    50
    14
    62
    24
    47
    27
    15
    63
    78
    10
    62
    25
    55
    48
     3
     0
     8
     0
     0
     0
     4
    29
    42
   150
    61
    35
    51
    24
    52
     6
    18
   148
    16
    20
    25
     5
    99
    21
    46
     0
     0
     0
     0
     0
     8
    44
    10
   142
    22
    37
    23
    31
    13
    21
    11
    15
     5
    11
    47
     3
    56
     9
    31
     0
     8
     6
     0
     1
     0
     5
    68
    87
    60
    13
    18
    21
     2
    27
    17
     2
    31
    21
    21
    33
     9
    20
    17
     0
     0
     0
     0
     0
     0
    35
   215
   104
    89
    17
    77
    58
     8
    14
    43
    70
    11
    19
   196
   198
     2
     9
    34
     0
     0
     0
     1
     0
     0
    26
    88
    58
    42
    15
   158
    33
   120
    12
    18
    21
    64
    12
    44
   200
    54
    30
    49
     0
     5
     0
     2
     7
     0
    80
    18
    12
    12
    16
     4
     8
    10
    21
   160
    84
    15
     8
     5
    18
   206
    57
     2
     0
     6
     0
     0
     0
     0
    23
    22
    88
    40
    13
    62
     9
    47
     5
     5
    21
    31
    33
    16
    27
    18
    50
    18
     0
     0
     6
     0
     0
     0
    46
   117
   100
    23
    19
    14
    55
    47
    12
    22
    24
     8
    11
   158
    25
    75
    26
    11
     0
    10
     0
     5
     0
     7
    33
   101
    95
    52
    65
   198
    34
    27
    12
    46
    16
    16
    14
    35
    11
    52
    26
     6
     0
     0
     0
     0
     0
     8
    26
   102
    21
    26
    17
    21
    27
    25
    24
    23
    26
     6
    21
    38
    14
    56
    23
    61
     0
     0
     0
     0
     1
     0
    56
    89
    60
   165
    21
    12
    20
    15
    16
    49
     4
    26
     6
     9
    73
   101
    68
    32
     0
     0
     0
     0
     0
     0
    70
    84
   172
    68
    17
    60
    31
    20
    12
    41
     0
    15
    27
    90
    56
    28
    11
    20
     0
     0
     0
     0
     0
     0
    21
    57
   105
    22
     9
    12
    33
    22
     9
    14
    29
    44
     8
    16
   115
    59
    39
    63
     0
     0
     2
     0
     8
     0
    11
   121
   140
    87
    26
    32
    25
    28
    18
    10
    38
    20
    18
    60
    16
    60
    11
    31
     6
     0
     0
     0
     0
     2
    14
    77
   131
    53
     6
    69
    38
    19
    19
     6
    27
    21
    54
    13
    69
    62
     1
    19
     0
     0
     5
     0
     0
     0
    27
   135
    17
    64
     3
    14
    39
     8
    32
    40
     9
    13
    15
    44
    34
    22
     6
    10
     0
     4
     0
     0
     0
     0
    60
   169
   139
     7
    14
    35
    15
    50
    18
    20
    14
    14
    31
   203
    28
    41
    18
    12
     4
     0
     0
     0
     0
     0
    30
     7
   106
    15
    20
    16
    17
    27
    44
    61
    26
    21
    14
    62
    62
    73
    31
     8
     0
     1
     0
     0
     0
     0
    42
    62
    35
   163
    63
    10
   194
    32
     7
    22
    38
    26
    19
    71
    23
    23
    65
    33
     5
     0
     0
     0
     0
     0
    24
    55
    12
    94
    15
    32
    20
    27
    12
    33
    99
    59
    21
    26
    74
    70
    11
    18
     0
     7
     0
     6
     0
     0
    38
   149
   107
    73
     6
    12
   171
    12
    18
    22
     9
    10
    30
    14
    76
    71
    21
    88
     3
     0
     0
     0
     0
     0
     5
   120
   160
    28
    19
    26
    98
    49
    48
    11
    25
    16
   152
    44
    55
    31
    53
    16
     0
     0
     0
     0
     0
     0
     8
    52
    62
   104
    31
    32
     8
    11
    48
     6
    13
     7
    27
   169
    40
    50
    22
    45
     0
     0
     0
     0
     0
     7
    14
    45
    51
    90
    36
    22
    35
    55
     4
    34
    13
     4
    13
    22
    18
    55
    14
    36
     0
     2
     4
     1
     0
     1
    27
    59
    21
    88
    35
    16
    17
     8
    42
    22
    27
    17
    22
    76
   164
   106
    11
     6
     6
     0
     9
     0
     0
     0
    79
    18
   148
    76
    29
    37
    61
    28
    26
    55
   152
    23
    63
    12
    37
    74
     5
    36
     0
     0
     9
     0
     0
     0
    14
    37
    74
   109
    31
    19
    18
    12
    17
    14
    10
    13
    17
    43
    28
    17
   150
     7
     4
     0
     6
     4
     0
     0
    15
   193
    10
    47
    27
    18
    24
    27
    11
    16
    25
    39
   165
    18
    49
    61
    20
    39
     0
     0
     0
     0
     0
     2
    12
   104
   136
    93
    21
    11
    67
    30
    20
    12
    15
    13
    24
    26
    59
    21
    14
    14
     0
     2
     0
     0
     0
     0
    11
    40
   130
   139
    13
    12
    43
    22
     5
    19
    27
    13
    24
     1
    26
   102
    44
    16
     0
     4
     2
     0
     1
     2
    30
    28
   125
    52
    11
    23
    22
     7
    14
    15
    16
     6
     9
    31
    31
    34
    22
    17
     7
     2
    12
     2
     0
     0
    55
    24
    65
    70
    10
    38
    53
    15
    32
    32
    30
    64
    27
   311
    34
    19
    31
    82
     0
     0
     0
     0
     5
     0
    33
    11
    87
    67
    31
    19
    35
    12
    22
    20
    18
    34
    21
    37
     8
    24
    31
    30
     0
     3
     0
     0
     0
     0
    32
     9
    14
   186
    18
    38
    24
    29
    25
    16
    47
    23
    16
   109
    64
     8
    33
     0
     0
     0
     0
     0
     0
     0
    94
    52
    43
   110
    32
    21
    23
    42
    14
    19
    11
     3
    31
    75
    12
    37
    16
    14
     0
     0
     0
     0
     0
     0
    63
    25
   114
   129
     5
    37
    66
    30
    23
     7
    21
    31
    18
     9
    29
     6
    30
    45
     0
     0
     0
     0
     0
     4
     6
    12
    15
   133
    24
    21
    21
    46
    11
   157
    41
    34
    24
    14
    18
    31
    99
    80
    31
     0
     0
     6
     0
     0
     0
    37
    78
   148
   101
     8
    15
    35
    26
    54
    20
    27
    20
     6
     8
     9
    17
    38
    34
     0
     8
     3
     0
     0
     0
    25
    37
    60
    96
    12
    41
    67
    31
    24
    12
    15
    12
    23
    17
   204
   106
    22
     6
     9
     0
     0
     0
     0
     0
    25
    59
   180
    94
    77
    20
    72
    26
   188
    11
    26
    18
    39
     1
    48
   203
     9
    19
     0
     0
     0
     0
     0
     0
    25
    61
    87
    56
    12
    60
    14
   150
    23
    10
    23
    31
    84
    27
   121
    92
     4
     9
     0
     0
     0
     0
     0
     0
     7
    31
   186
   143
     7
    65
   163
    12
    14
   190
    54
    11
    38
    23
    29
    26
    15
    11
    16
     0
     6
     0
     0
     0
    55
    71
    15
    46
    34
    10
    25
     9
    29
    47
   171
    56
    10
    16
    25
    15
    16
    33
     1
     3
     6
     0
     2
     0
    20
    66
   166
    62
    15
    30
    10
    14
    18
     6
    11
    26
    14
   152
    17
    35
    10
    25
     1
     0
     0
     8
     0
     2
    72
    12
    89
    65
     5
    49
    53
    65
    25
    42
     1
     6
    32
    63
   216
    92
    21
    10
     0
     0
     9
     0
     0
     6
    36
    59
   165
   155
    19
     2
    11
    22
     7
    41
     0
    60
    22
    19
    10
    56
     9
     8
     6
     8
     0
     0
     0
     6
    37
    81
   186
    88
    61
    50
    41
    13
    15
    24
    31
    52
    53
    31
    46
   171
    21
    43
     0
     0
     0
     0
     8
     0
    10
    13
    51
    39
    31
    42
     8
    15
    17
    29
    30
    14
    10
    58
    99
    43
    48
     6
     0
     0
     0
     0
     0
     1
    33
    65
    58
    50
    20
   169
    11
    28
    38
    10
    16
     9
    10
    19
   156
    19
    10
    27
     0
     0
     1
     0
     0
     0
    48
    32
   120
    64
    21
    25
    34
    58
    13
    19
    24
    23
    43
    26
   140
    42
    15
    14
     0
     0
     0
     0
     0
     0
   105
    71
    67
    55
    60
    21
    32
    69
    28
    53
    50
     1
    25
     8
    69
    58
    15
    23
     0
     0
     0
     0
     0
     7
    22
    99
   135
    37
    13
    17
    23
   295
    68
    12
    26
    62
    14
    23
    18
    99
    15
    48
     7
     0
     0
     3
     0
     0
    44
    22
   113
    23
    13
    13
    16
    28
    21
    18
     6
    65
    17
    35
    12
    54
    55
    54
     0
     0
     0
     5
     0
     0
    22
    61
   170
    71
    59
    20
    16
    33
    31
    22
    36
    31
    35
   158
    37
   162
    17
    56
     0
     0
     0
     0
     0
     8
    21
    22
   119
    50
    10
    16
    14
    19
     5
    10
   151
    15
    76
     1
    18
     9
    16
    20
     0
     1
     2
     3
     0
     1
    20
    34
   121
   121
    20
    21
    15
    28
    12
    27
    39
     8
    18
    68
    70
    10
    38
     5
     0
     0
     1
     0
     0
     0
    22
    48
    66
    65
    33
    20
    18
    42
    17
    21
    50
     5
    19
    28
    25
    33
    16
    41
     0
     0
     5
     0
     0
     0
    22
    61
    87
    21
    52
    42
    31
    13
   149
    20
    14
    21
     9
    42
    46
    30
    13
    21
     0
     0
     0
     1
     0
     0
    86
    14
    65
    69
    31
    16
    23
     9
    12
     4
    22
     4
     9
    64
     0
   215
    19
    17
     9
     7
     0
     0
     0
     0
    22
    76
   107
   112
   116
    61
    53
    22
    13
    73
    60
    57
    49
    61
    19
   100
    21
    10
     0
     0
     0
     6
     0
     0
     8
    59
   229
   107
    23
    15
    29
    19
    33
   159
     9
    15
    44
    21
   152
   146
    24
    36
     0
     0
     4
     0
     2
     0
    65
    90
   107
    83
    15
    23
    50
    18
     6
    41
     6
     8
    12
    75
    50
    48
    10
    14
     1
     7
     0
     0
     4
     1
     8
     8
    58
    66
    25
    61
    29
    33
    22
    35
    15
    61
    12
    24
    73
    50
    15
    33
     0
     0
     6
     0
     0
     0
    62
    52
    42
    23
     9
    41
    57
     3
    52
    33
    39
     8
    24
    15
   208
    21
    28
    47
     0
    10
     0
     0
     0
     0
    54
    97
    48
    21
    21
    50
    58
   145
    16
     8
    19
    41
     2
   152
   127
    52
    12
     9
     2
     0
     0
     5
     0
     0
    24
    13
    59
    56
     8
    67
    51
    25
    18
    28
    14
    55
    27
    43
    28
    59
    14
    39
     2
     0
     1
     0
     6
     8
    15
    26
    75
   157
    22
    67
    50
    16
    55
    60
    83
    13
    16
    31
   122
    77
    39
    89
     0
     0
     0
    10
     0
     0
    13
     8
   157
    76
    30
    21
    48
    32
    34
    20
    16
    23
    73
    74
    19
    26
     8
    26
     0
     0
     0
     0
     1
     0
     5
    62
    57
    41
     3
    25
    48
    24
     7
    13
    17
    16
     5
    23
   148
    14
     8
    13
     0
     0
     0
     0
     3
     0
    20
    27
    75
   102
    17
    13
    93
     7
     9
     6
    13
    14
    44
    63
    76
   146
    26
    24
     3
     0
     0
     6
     0
     0
     5
   195
   129
    51
    14
    16
    16
    29
     9
    15
     6
    21
    15
    36
    52
    10
    19
    24
     5
     0
     0
     0
     0
     0
    53
    14
    10
    69
    16
    49
     6
    19
    10
    13
    20
    13
    47
     8
   103
    25
    50
    42
     0
     3
     0
     0
     0
     3
    26
   108
    54
    18
     8
    39
    88
   101
    32
     8
    20
    23
    11
    28
    41
    59
    19
    60
     0
     0
     0
     0
     0
     1
    31
    37
   100
    77
    39
    33
    17
    37
    11
    15
    38
    14
    21
    17
    24
    61
    89
    25
     1
     0
     0
     0
     4
     0
    25
   146
    37
   119
    26
    62
    20
    16
    68
    17
    67
    42
     9
    15
    31
    25
   167
    29
     0
    10
     0
     5
     6
     0
    11
    62
    54
    11
    14
    27
    20
     0
    61
     7
    19
     7
    27
    75
    44
    18
    60
     8
     3
     0
    12
     0
     0
     0
    37
    66
    60
    82
    46
    59
    25
     5
    14
    28
    72
    56
     9
    23
    92
    13
    14
    55
     0
     0
     3
     2
     0
     0
    55
    33
   112
   115
    39
    49
    84
    89
    48
    19
    78
     9
    30
    10
    26
    85
    15
    12
     0
     0
     0
    13
     0
     0
    35
    12
   100
    64
    79
    22
    42
    21
    11
     2
    52
     8
    10
    20
   289
   101
    22
    17
     0
     0
     3
     0
     4
     0
    54
   135
   170
    29
     0
    51
    18
    31
     6
    41
     9
    16
    26
   150
    14
    21
    18
    25
     0
     0
     0
     6
     3
     0
     9
    23
    26
    20
    72
    56
    58
    23
    15
    17
    20
    12
    62
    21
    86
    25
    74
    12
     0
     0
     5
     4
     4
     0
    94
    96
   213
    93
    34
    15
   158
     9
    21
    29
    61
    15
    15
    19
    12
    21
    37
    42
     0
     0
     0
     0
     0
     0
    64
    85
    19
   199
    14
    52
    21
    28
    18
    24
    12
    35
    24
     0
    24
   112
    17
    17
    11
     0
     4
     0
     0
     0
     8
    48
   138
    53
    21
    32
    79
    32
    27
    25
    20
    27
    14
    42
    20
    91
    16
    20
    15
     0
     3
     0
     6
     0
    26
    92
    55
    52
    26
    14
    67
    49
    10
    13
     8
     0
    19
    62
    18
    21
     7
    42
     0
     2
     3
     0
     0
     0
     5
   169
   106
    57
    17
    28
    14
    41
    66
    50
    18
    48
    12
    15
    96
    96
    40
    27
     0
     0
     0
     0
     0
     0
    20
    49
   154
    39
    15
    16
    24
    23
    16
    45
    31
    29
    25
    39
    26
    90
    42
    12
     0
     0
     0
     0
     0
     2
    18
   139
    81
   304
    22
    27
    12
    67
    56
    53
     9
    55
    19
    26
    89
   110
    20
    31
     4
     0
     0
     0
     0
     0
    67
    55
   158
   126
    41
    37
    11
   172
    16
    27
    10
    14
    36
    30
    27
    14
    42
    27
     0
     0
     0
     7
     0
     2
    19
    15
    58
    33
    93
    18
    34
    44
    24
    13
    35
    20
    78
    30
   170
    50
    56
    16
     3
     0
     7
     0
     0
     0
    28
    76
    62
   171
    37
    41
    10
    46
    27
     3
    31
    16
    41
    59
    36
   136
    28
    43
     0
     7
     0
     0
     1
     0
    31
    13
   111
    67
    11
    29
    23
    41
    13
    39
   195
    17
    15
    24
    58
    14
    17
    32
     0
     0
     8
     7
     0
     0
    23
   103
   106
    23
    11
    37
   192
    16
    27
     9
    42
    19
     9
    13
    58
    21
    16
    22
     0
     0
     0
     8
     0
     0
    27
    36
    79
   135
    30
    15
    28
    35
    21
     5
    64
    27
    25
    24
   115
    79
    15
    23
     0
     0
     0
     7
     0
     0
    87
    58
   147
    64
    16
    25
    13
    42
    26
    20
    73
    60
    63
    27
    19
    28
     4
    23
     0
     0
     5
     1
     5
     0
    41
   100
    33
    12
    15
    29
     7
    20
    93
    51
    42
    12
    20
    20
    53
    56
    24
    13
     4
     0
     0
     0
     0
     0
    21
    91
   216
   108
    31
     9
    10
    31
    13
    10
    25
    29
    23
    21
    25
     1
    22
     0
     0
