    18
     3
     0
     3
     0
    13
   162
   151
   105
    25
    28
    30
    31
    21
    32
    34
    19
    28
    34
   212
    22
    18
    29
     2
     0
     5
     0
     0
     0
    65
   117
    77
    12
    57
    39
    17
    14
    36
   159
    32
    26
    41
    21
    47
    10
    33
    10
     0
     2
     0
     3
     0
     0
    30
    77
   105
    10
    37
     9
    15
    42
    39
    26
   114
    34
    29
    24
    57
   138
    31
    66
     0
     1
     0
     0
     2
     6
    60
   199
   141
    29
    48
    30
    70
     5
    56
    64
    35
    32
    24
    25
    49
    60
    69
    30
     0
     0
     0
     0
     7
     4
    31
   207
   123
   119
    36
    17
    24
    29
    19
    30
    17
    24
    54
    73
    19
    19
    56
    64
     0
     0
     3
     0
     6
     0
    58
   204
   140
   126
    15
    18
    29
    33
    66
    99
    45
    19
    67
    33
    61
    82
    27
    17
     0
     4
     0
     0
     6
     0
    79
    14
   172
   121
    26
    28
    54
    10
    51
    34
    27
    53
   144
    62
    24
    72
    78
    29
     6
     0
     0
     0
     0
     0
    45
    23
   134
    24
    47
    29
    48
    23
    22
    71
     9
     9
    90
    26
    64
    67
    21
    10
     0
     0
     0
     1
     8
     3
    36
    86
   217
    57
    66
    27
    32
    30
    48
    30
    27
    37
    54
   170
    66
    20
    36
    33
     8
     0
     8
     3
     1
     0
    64
   161
   179
   111
    15
    26
    21
   162
    15
    21
    12
    37
    61
    79
    56
   148
    19
    83
     0
     7
     0
     0
     0
     0
    75
    95
   186
   103
    47
    48
    68
    33
    24
    24
    21
    57
    23
    24
    37
    34
    30
    17
     1
     1
     6
     2
     0
     2
    62
    54
    73
    80
    25
    63
    41
    40
    25
    19
    40
   115
    20
    61
   213
     7
    73
    39
     0
     0
     0
     1
     0
     0
    67
   117
   190
   153
    33
    40
    44
   162
    40
    28
    26
    20
    22
    45
    39
   319
   229
    27
     0
     0
     4
     0
     1
     3
    32
    97
   201
   191
    22
    20
    66
    21
    29
    57
    32
    94
    95
    22
    40
    40
    54
    27
     0
     0
     0
     1
     0
     2
    26
    46
   123
   105
    36
    25
    43
    38
    84
    31
    28
    42
    26
    29
    38
    38
    15
    31
     0
     3
     0
     9
     0
     3
    70
    57
   130
   145
    26
    74
    39
    29
    37
    66
    32
    12
   172
    28
    27
   115
    65
    60
     0
     1
     0
     0
    11
     0
    20
   130
   166
    62
     3
    15
    29
    23
    17
    53
    30
    35
    27
    36
   246
    25
    26
    28
     0
     1
     0
     0
     0
     0
    55
   101
   219
   132
    26
    40
     9
    12
    16
    23
    23
    62
    15
    31
    23
    55
    46
    35
     0
     0
     0
     0
    14
     2
    58
    92
   226
   137
    41
    11
    16
    44
    53
    40
    27
    27
    23
   112
   102
    52
    40
    74
     0
     0
     4
     6
     9
     0
   114
   109
   133
   147
    43
    85
    18
    72
    63
    50
    52
    32
    39
    40
    67
    43
    26
    41
     0
     1
     0
     0
     0
     0
    47
    71
   146
    78
   167
    33
    30
    54
    52
    24
    30
    79
    20
   116
    80
    19
    90
    75
     0
     3
     0
     2
     9
     0
    26
    53
   100
    88
    25
    37
    19
    23
   161
    36
    27
    93
    41
    54
   193
   152
     9
    32
     8
     0
     1
     0
     0
     0
    58
   146
   110
    67
    29
    42
    26
     5
    27
    51
    36
    28
    17
    20
    56
    77
    23
    79
     3
     3
     2
     1
     8
     0
    22
    30
     8
    24
    85
    52
    25
   196
     7
    38
    25
    15
    46
    17
   177
   216
   185
   108
     0
     0
     0
     8
     2
     9
    84
   146
    76
   235
    58
    45
    24
    95
    39
    32
    25
    27
   174
    70
   110
    55
    47
    61
     0
     0
     0
     0
     0
     0
    65
   116
   153
    85
    80
    61
    10
    37
    79
    17
    28
    26
    37
    23
   209
    25
    33
    42
     4
     5
     0
     0
     0
     0
    40
    59
    84
   127
    60
    58
    33
    28
    46
   178
    39
    23
    27
    85
   178
    55
   127
    53
     2
     0
     0
     1
     0
     7
    43
   129
   215
    78
    30
    10
    52
    39
    32
    29
    50
    31
    52
    61
    97
   245
    29
    31
     1
     0
     0
     0
     0
     0
    37
    60
   145
   112
    21
    12
   170
    14
    44
    49
    42
    90
    47
    62
    75
    12
    74
    18
     0
     0
     0
     0
     7
     0
    79
   105
   196
    71
   186
    46
    13
    38
    44
    29
    42
    11
    17
    30
    63
    35
    90
    33
     0
     0
     0
     0
     0
     0
    32
    64
    50
   169
    29
    80
    34
    70
    22
    15
    28
    50
    13
    35
    55
   110
    25
    21
    11
     3
     0
     0
     7
     0
    81
    81
   190
   108
    20
    99
    28
   212
    33
    28
    32
    34
    52
    40
    81
    62
    27
    29
     0
     3
     1
     0
     4
     0
   110
   182
   239
    25
    32
    28
    46
    18
    66
    18
    54
    43
    13
   155
    25
    65
    56
    20
     2
     1
     4
     4
     2
     0
    21
   201
   188
    89
    33
    23
   192
    24
    27
    37
    54
    29
    73
    32
    45
    30
    40
    79
    14
     1
     0
    14
     0
     3
    49
    37
   249
   129
    32
   155
    46
   101
    46
    31
    44
    36
    37
    70
    77
    66
    79
    47
     4
     0
     0
     0
     0
     3
    35
   107
    36
   108
    20
    65
    34
    38
    22
    38
    40
    20
    25
    21
    81
   169
    69
    56
     0
     0
     6
     7
     4
     0
    46
    51
    62
    14
    57
     4
   184
    32
    63
    25
   165
   184
    22
    33
   116
    24
    42
    22
     9
     2
     0
     7
     0
     0
    97
   128
   217
   195
    58
    32
    36
    16
    54
    53
    40
    75
    14
    37
    49
    15
    38
    47
     1
     0
     3
     4
     6
     5
    34
   151
   177
    77
    15
    16
    22
   308
   110
    29
    17
    23
    24
   101
    59
    72
    24
    24
     9
     7
     2
     9
     1
     0
    24
    26
   158
    69
    51
    11
   111
    25
    27
    57
   142
    27
   161
    36
    38
    63
    54
    20
     5
     0
     0
     0
     0
     2
    31
    54
   174
   110
    69
    40
    36
    60
    90
    33
    40
    31
    65
    28
    23
    69
    56
    37
     0
     5
     0
     6
     0
     0
    18
    22
   364
   167
    40
    29
    40
    49
    61
    48
    97
    37
    34
    36
   104
   222
    29
    42
     0
     0
     0
     0
     0
     0
    65
   143
   152
   231
    35
    95
     8
    36
    16
    29
    81
    32
    60
    13
   104
   145
    19
    35
     2
     4
    10
     0
    13
     0
    53
    65
    76
    30
    32
    21
    37
    12
    48
    38
    46
    27
    56
    39
   201
    21
    61
    29
     0
     7
     0
     0
     5
     0
    92
    58
    84
   137
    23
     6
    28
   176
    57
    25
    36
    10
    37
   113
    57
    14
    26
    40
     3
     1
     0
     0
     8
     0
    52
    57
     3
    34
    17
    39
    15
    32
    56
    35
    34
    63
    17
    58
    48
    78
    29
    84
     0
     0
     0
    10
     2
     0
    33
   138
   175
   131
    20
    10
    80
    27
    35
    98
    26
    26
    29
    92
    80
   140
    50
    33
     0
     0
     7
     0
     0
     0
    83
   112
   226
    58
    61
    63
    74
    34
    45
    24
    14
    19
    84
    35
    31
   101
    34
    29
     0
     0
     2
     0
     0
     0
    72
    23
   228
   185
    41
    65
    25
    21
    37
   208
    21
    53
    46
    42
    77
    68
    96
    28
     2
     0
     9
     0
     3
     0
    65
   159
    90
    81
    41
    11
    49
    31
    44
    63
    50
    23
     2
    30
    97
   149
    78
    33
     0
     8
     0
     0
     0
     9
    60
    72
   141
   165
    33
    15
    49
    78
    90
    18
    76
    24
    18
    53
    59
    16
    20
    30
     2
     0
    10
     0
     4
     3
    37
   102
   136
    69
    29
    80
    48
    27
    66
    24
    40
    19
    38
    15
    44
    72
    34
    55
     0
     0
     0
     2
     0
     0
    66
   125
    61
   113
    69
    29
    45
   143
    67
    36
   170
    38
    82
    28
   326
    65
    18
    16
     0
     0
     0
     7
     8
     3
    19
    96
   132
    46
    71
    38
   105
    25
    38
    90
    63
    32
    66
    40
    74
    76
    10
    21
     2
     0
     9
     8
    19
     0
    48
    64
   286
    36
    40
    24
    51
    24
    33
    52
    41
    50
    29
    40
    63
   187
   147
    74
     0
     0
     1
     4
     0
     4
    59
    85
   251
   183
    39
    68
    20
    36
    42
    13
    36
    35
    40
   104
   251
    34
    93
     6
     8
     0
     0
     4
     0
    10
    60
    25
   191
    13
    19
    31
    30
    30
    50
    65
    32
    39
    25
    26
    61
    15
    86
     7
     8
     0
     0
     8
     1
     0
    34
   110
   188
    93
    58
    52
    27
   171
    50
    30
    19
    67
    37
    25
   301
    25
    41
    25
     8
     0
     0
     2
     0
     0
    40
   156
    29
   195
    57
    19
    36
   152
    36
    48
    46
    76
    10
    32
   162
    44
    26
    26
     1
     0
     1
     0
     0
     0
    96
    64
   119
   186
    21
    24
    58
    42
    24
    22
    77
     2
    29
    64
    18
    19
    11
    37
     2
     0
     3
     0
     0
     4
    24
    78
    32
    74
    26
     8
    25
    45
    42
    58
    79
    28
    29
    95
    30
    75
    57
    48
     6
     7
     0
     3
     3
     1
    43
   131
   305
    92
    38
    54
    22
   191
    77
    48
    20
    34
    35
    68
   125
   112
    38
   196
     3
     0
     3
     0
     0
     0
    77
    71
   164
   168
    34
    72
    60
    26
    53
    33
    70
    16
    36
   111
   150
    39
    44
    28
     0
    12
     0
     0
     0
     0
    22
   103
   153
    65
    32
    59
    25
    73
    83
    10
    19
    62
    36
    62
    59
    59
     8
    18
     0
     0
     0
     0
     0
     0
    50
    71
   153
   159
     4
    28
    17
   153
   168
    80
    35
    84
    92
    34
    41
    26
    29
    36
     0
     7
     0
     3
     3
     8
    67
   100
   155
    92
    30
    38
    40
    30
    60
    32
    36
    51
    23
    57
    82
   173
    42
    33
     0
     3
     6
     0
     0
     0
    62
    53
    67
    21
    18
    48
    42
    62
    29
    26
    25
    47
    44
    73
    57
   144
    32
    42
     6
     0
     0
     0
     1
     3
    28
   181
   207
    70
    24
    46
   124
    20
    57
    13
    23
    30
    87
    18
    66
    29
    26
    19
     0
     0
     0
     7
     4
     0
    59
   163
   171
   126
    47
    88
    23
     7
    38
    75
    47
    44
    34
    46
    36
    53
    87
    81
     1
    13
     1
     0
     0
     0
    22
    13
   191
   267
    11
    44
    68
    32
    53
    67
    48
    94
    85
   146
   266
    37
    18
    34
     4
     3
    14
     0
     2
     0
    26
    23
   238
    51
    23
    70
    23
    42
    40
    47
    16
    30
    55
   340
    31
    27
   118
    29
     0
     0
     0
     0
     0
     5
    45
   103
   161
   102
    28
    33
    51
    32
    15
    82
    26
    16
    32
    97
   226
    18
    41
    43
     0
     0
     0
     0
     1
     0
    56
    57
   153
   112
   129
    34
    23
    30
    29
    30
    39
    68
    19
    29
    31
    62
    39
    57
     9
     0
     4
     0
     0
    19
    38
    60
   147
    92
    39
    12
    19
    58
    36
    71
    32
    28
    20
    26
    21
    65
    48
    42
     0
    11
     0
     0
     0
     0
    32
   116
   164
   106
    27
    12
    17
    11
    33
    24
    13
    33
    56
   162
    52
    61
    28
    37
     0
     8
     7
     3
     0
     2
   112
   313
   243
   152
    42
    22
    49
    13
    63
    69
    20
    49
    18
    57
    66
    24
   129
    59
     0
     0
     0
     0
     0
     0
    21
    95
   282
   105
    38
    35
    23
    27
    43
    78
    13
    30
    36
   100
    60
    19
    19
    40
     4
     0
     4
     0
     0
     0
    34
    61
    94
    61
    55
    26
    37
    54
    53
    58
    24
    86
    16
    19
   104
   195
    65
    63
    10
     0
     0
     0
     1
     1
   160
    61
   114
    19
    47
    11
    17
    24
    21
   170
    31
    20
    57
    70
     8
   231
    28
    24
     1
     1
     9
     0
     0
     1
    76
    34
   132
   142
    37
    21
    34
    35
    46
   107
    40
    38
    39
    64
   241
    21
    25
    30
     2
     5
     3
     4
     2
    10
    41
    70
   130
   100
    20
    13
    26
    17
    30
    39
    23
    18
    23
    22
    56
     6
    42
    72
     0
     0
     0
     0
     5
     0
    68
   109
    51
    13
    36
    46
    55
    27
    83
    58
    21
    56
   115
    74
    74
   210
    33
    47
     0
     0
     0
     0
     6
    11
    52
    48
   100
    60
    24
    80
    82
    33
    33
    62
    77
    80
    10
    58
    95
    42
    23
    43
     3
     0
     1
     0
     0
     6
    96
    67
   138
   192
    31
    26
    30
    59
    36
    35
    31
     2
    23
    26
   267
    53
    51
    26
     4
     4
     5
     0
     0
     1
    17
    63
   157
    37
    41
    40
    78
    61
    21
    79
    41
    26
    35
    62
    16
    20
    19
    48
     5
     3
     8
     0
     0
     0
    23
    36
    63
    35
    38
    60
    23
    66
    78
    46
    29
    22
    34
    19
    98
    17
    36
    74
     0
     0
     0
     0
     0
     0
    13
    71
   239
    76
    32
    61
    48
    19
    72
   127
    60
    31
    28
    77
    60
    93
    18
    54
     0
     6
     0
     0
     3
     1
    28
   101
    72
    99
    44
    37
    43
    10
    40
    47
    30
    42
    39
    28
    99
    26
    20
    32
     0
     0
     0
     0
     7
     0
    20
   147
   137
    74
    30
    49
    29
    41
    36
    32
    89
     7
    28
    18
   171
    32
    48
    27
     2
     0
     7
     0
     0
     0
   118
    33
    65
   187
    40
    32
    32
    13
    70
    29
   177
     7
   123
    66
    31
   122
    84
    38
     0
     0
     0
     0
     0
    36
   105
   191
   162
    42
    22
    27
    32
    27
    29
    34
    91
    59
    45
    80
    62
    47
    20
     0
     0
     1
     0
     1
     0
    47
   179
   116
    69
    28
    35
    32
    44
    37
    30
     9
    18
    22
    30
   106
    22
    46
    14
     3
     0
     0
     9
     5
     0
    73
    44
   202
   132
    11
    61
     8
    42
    30
    73
    25
    40
   168
    42
    12
    89
    15
    25
     0
     0
     0
     3
     0
     0
    67
    75
   282
    61
   122
    37
    31
    11
    13
    11
    15
    42
    16
    10
    24
    21
    77
    34
     0
     0
     0
     5
     0
     0
    65
   192
   106
   134
     4
     3
    37
    66
    31
    84
    31
    34
    53
    28
    56
    42
    59
    18
     1
     0
     2
     0
     0
     3
   114
    32
   139
    95
    38
     2
    15
    23
    30
    17
   211
    23
    45
    58
    25
    26
    25
    52
     0
     0
     0
     0
     0
     8
    97
   108
   225
    73
     7
    21
   101
    36
    58
    17
    30
    55
    46
   118
   150
    26
    50
    16
     0
     0
     0
     0
     2
     0
    47
   111
   122
   292
    74
    77
    16
    43
    44
     7
    50
    41
    46
    72
    68
    60
    39
    32
     0
     0
     0
     0
     0
     9
    26
   128
   222
    94
    21
    39
    34
    37
    21
    28
    28
    29
    46
    32
    57
   292
    27
    38
     3
     0
     1
     1
     0
     0
    71
    64
   118
    75
    45
    19
    30
    54
    28
    39
     7
    33
    46
    30
    95
    30
    98
    78
     1
     7
     0
     0
     0
     2
    26
   116
   105
    62
    24
    18
    25
    28
    25
    27
    10
    22
    86
    37
    94
   123
    10
    11
     0
     0
     0
     6
     0
     9
    78
    50
    76
   106
    70
    25
    25
    80
    56
    25
    32
    46
    21
    71
    73
    97
    64
    33
     1
     0
     5
     0
     0
     0
    54
    88
    74
   111
     9
    40
    21
    37
    26
    12
    79
    36
     9
    22
    12
    89
    22
   177
     0
     5
     0
     0
     0
     0
    48
    38
    61
    77
    12
    40
    23
    85
    22
    44
    11
    60
    60
    64
    79
    70
    22
    40
     0
     4
     0
     0
     0
     2
    78
    58
   105
   158
    14
    13
    19
    41
    77
    30
    20
    34
    24
    59
   104
    36
    26
    13
     7
     3
     0
     0
     0
     7
    58
    95
   280
   126
    35
    69
   174
    31
    12
    29
    25
    57
    31
   102
    52
   312
    39
    68
     0
     0
    10
     0
     0
     0
    18
   148
    72
    69
    72
    24
    43
    12
     8
    50
    44
     6
    22
    20
    56
    24
    60
    39
     0
     6
     0
     0
     3
     0
    44
    26
   261
    72
    33
    17
    72
    51
     8
    11
    36
    68
    31
    57
    24
    94
    35
    56
     0
     7
     0
     0
     5
     0
    73
    80
   133
   162
    34
    11
    39
    43
    46
    56
    26
    53
    45
    98
    29
    61
    30
    33
     5
     0
     6
     0
     0
     4
    70
    39
   137
   141
     9
    31
    26
    33
    32
    25
    38
    19
    28
    74
   177
    65
    41
    20
    11
     5
     0
     0
     5
     0
    65
   179
   190
   153
    43
    43
    71
    85
    28
    26
   172
    20
    15
    26
    74
    65
    55
    69
     0
     0
     0
     0
     0
     0
    46
   189
   146
    72
    66
    64
    24
    37
    61
    78
    46
    27
    44
    84
    75
   120
    40
    35
     0
    14
    10
     1
     0
     0
    26
   116
    91
     8
    23
     5
    25
    46
    27
    26
    19
    98
    55
    27
    32
    98
    20
    28
     0
     0
     0
     0
     0
     3
   110
   104
    84
    93
    37
    51
    49
    11
    50
    47
    65
    30
    24
   177
   172
    92
    66
    40
     2
     8
     3
     0
     0
     1
    22
    93
   122
    49
    22
    93
    75
    30
    30
    35
    51
     7
   152
    61
    71
    87
    36
    20
     0
     0
     4
     0
     2
     1
    74
   136
    49
   231
    14
    56
    17
    34
    58
    48
    29
    64
    30
    39
    33
    35
    32
    26
     0
     0
     5
     0
     0
     0
    35
    59
   200
   170
    24
    32
    58
     8
    25
    47
    33
    30
    13
    68
   174
    42
    32
    44
     6
     0
     7
     0
     0
     9
    69
    39
   165
   130
    26
    41
    18
    23
    55
    32
    18
    57
    33
   189
    14
    87
    24
    28
     4
     0
     0
     0
     0
     0
    18
    87
   183
   198
    41
    38
    68
    34
   185
    78
    21
   176
    32
    24
   107
   198
    48
    28
     0
     0
     4
     4
     0
     0
    26
   152
   191
    52
    18
    37
    35
    44
    30
    14
    39
    49
    26
    12
    70
    61
    18
    55
     0
     0
     6
     0
     0
     6
    64
    36
   230
    65
    18
    19
    31
    38
    22
    20
    43
    31
    24
    61
   152
    40
    21
    23
     0
     7
     0
     0
     0
    12
    25
    46
   106
    28
    25
    26
    31
    30
    16
    23
    34
    15
    44
   100
    72
    43
    33
    11
     0
     0
     0
     0
     0
     0
    83
   127
    83
    61
    24
    33
    32
   101
    48
    44
    31
    43
    14
    36
   118
    50
    60
    48
     4
     0
     6
     0
     0
     0
    52
    18
   107
   109
    34
    15
    24
    16
    26
    59
    33
    47
    87
    78
    52
   137
    15
    18
     0
     8
     0
     1
     0
     7
   120
   140
    64
    98
    28
    30
    75
    66
    33
    51
    32
    65
    25
    57
    36
    32
    44
    18
     5
     0
     0
     4
     0
     9
    16
   127
    71
    49
    19
    77
    22
    37
    38
    25
   183
    49
    14
    35
    32
   101
    81
    32
     4
     6
     3
     0
     0
     0
    23
    50
   233
   178
    22
    37
    57
    21
    34
    45
    37
    31
    24
    23
    33
    38
    59
    25
     0
    10
     0
     0
     6
     0
    20
   154
    59
   123
    11
    13
    40
    26
    28
   166
   183
    36
    59
   192
   218
    26
    59
    24
     0
     0
     0
     0
     4
     0
    45
    21
   130
   190
    32
    25
    19
    25
    35
   165
    84
    72
    30
    26
    47
    71
    13
    23
     7
     0
     0
     0
     0
     0
    69
    35
   215
    33
    37
    24
    27
    20
    87
    22
    15
   168
    41
    54
    85
    66
    28
    11
     0
     0
     1
     0
     0
     0
    15
    26
   187
   101
    32
    25
    51
     5
   179
    27
    17
    80
    39
    63
    47
   191
    26
    40
     0
     5
     0
     2
     2
     0
    40
    36
   246
    26
    38
    36
    51
    14
    63
    27
    44
    91
    36
    20
   168
   169
    25
    35
     0
     0
     0
     2
     0
     4
    12
   192
   145
   102
    72
    37
    32
   181
    76
   104
    13
    26
    60
   103
   183
   117
    29
    72
     0
     0
     0
     0
     9
     6
    96
    50
    72
    74
    17
    61
    44
    23
   170
    73
    14
    11
    39
    28
    47
    64
     6
    27
     0
     5
     0
     0
     7
     0
    51
   149
   257
    68
    48
    24
    25
    30
    27
    49
    60
    42
    34
    22
    49
   193
    25
    19
     3
     0
     0
     9
     0
     0
    74
    63
   145
    98
    20
    20
    12
    16
    23
    37
    28
    82
    29
   159
    65
    29
    77
    16
     0
    12
     4
     2
     0
     0
    14
    64
   111
   151
     8
    72
    17
    32
    45
    29
    35
    43
    20
    32
    26
    73
    26
    59
     0
     0
     0
     0
    10
     0
    45
   199
   122
    65
    54
    24
     9
    32
    71
   164
    23
    18
    24
    29
    56
    66
    18
    27
     0
     6
     0
     8
     0
     0
    19
    41
   122
    93
    46
    33
    29
    43
    15
    20
    46
    31
    35
    80
    45
   136
    34
    25
     1
     0
     0
     3
     0
     0
    69
   131
   223
   132
    15
    73
    12
    64
    80
    34
    68
    24
    24
    23
    71
    63
   111
    88
     0
     0
     0
     0
     5
     0
    58
    55
    81
    69
     6
    51
    35
    39
    48
    39
    70
    44
    13
    26
   124
    35
    38
    28
     0
     6
     4
     6
     7
     0
    47
     2
   101
     5
    55
    51
    33
    17
    27
    23
    20
     8
    17
    73
    51
   217
    36
    12
     4
     0
     0
     5
     0
     0
    17
   124
   111
    70
    32
    53
    39
    24
   173
    25
    26
    32
    23
    64
   157
    50
    18
    37
     0
     7
     0
     0
     0
    10
    21
   134
   121
   114
    33
    32
    26
    20
    17
    31
    23
    12
    32
    16
    26
    93
    17
    21
     0
     2
     0
     0
     0
     0
    34
    25
    69
   112
    20
    20
    31
    35
    37
    53
    33
    14
    45
    15
    31
    57
    23
    29
     0
     4
     0
     0
     9
     0
    33
   173
   223
   233
    33
    12
     9
     6
    34
    23
    54
    67
   105
   172
    17
   204
    19
    26
     0
     5
     5
     0
     4
     0
    19
    73
    53
   183
    28
    59
   209
    49
    27
    33
    67
    33
    72
    58
    50
   117
    63
    17
     2
     0
     0
     0
    12
    10
   114
   109
    50
    75
   153
    27
    13
    14
    15
    30
    23
    22
    67
    11
   109
    28
    42
    22
     0
     5
     0
     0
     0
     0
   140
    21
   183
   148
    35
    32
    18
    19
    84
    38
    36
    10
    14
    45
    35
    79
    32
    70
     0
     0
     0
     2
     0
     7
    49
    76
   105
    27
    21
    19
    34
    31
    30
    75
    16
    32
    41
    36
   151
   109
    31
    13
     0
     0
     0
     0
     0
     1
    24
    73
   121
   117
    75
    23
    15
    24
    30
    20
    16
    21
    21
    28
   208
    65
    33
    24
     0
     3
     0
     0
     0
     1
    64
    16
   310
   103
    34
    50
    29
    32
    23
    30
    59
    84
    22
    29
    86
    88
    14
    33
     0
     6
     0
     9
     0
     0
    29
   100
   153
    71
    27
    22
    31
    27
    77
    79
    61
    17
    30
    49
    78
    20
    42
    51
     0
     0
     8
     0
     0
     0
    37
   277
   230
   113
    66
   181
    50
    93
    50
    52
    46
    59
   112
    12
    97
    39
    15
    44
     0
     9
     0
     0
     0
     9
    18
    94
   140
   154
    22
    21
    44
    19
    29
    45
    22
   156
    27
    11
    21
    15
    19
    22
     0
     0
     0
     0
     8
     0
    56
    25
   196
   137
    37
    39
    20
    23
    19
    31
    86
    19
   155
    33
   205
   196
    17
    27
     0
     0
     0
     0
     0
     0
    31
    25
   167
    83
    24
    79
    19
    37
    78
    37
    30
    55
    15
    91
    16
    16
    24
    18
     0
     4
     3
     0
     0
     0
    67
   153
   186
   109
    11
    28
    25
    23
    46
    12
    23
    26
    36
    38
    70
    22
    23
    26
     0
     4
     2
     0
     0
     0
    28
   202
    26
   223
     9
    21
    22
    19
    49
    23
    52
    23
    36
    21
    58
    93
    17
    12
     3
     4
     0
     0
     0
     0
   102
   153
    72
    94
    23
    31
    41
    40
    31
    90
    45
     5
     6
    11
    64
    30
    30
    30
     0
     0
     0
     0
     0
     0
    19
    70
   157
   118
     8
    37
    16
    51
    25
    22
    60
    48
    45
    38
   181
   297
    26
    25
     0
     4
     0
     0
     0
     6
    24
    75
    49
   118
    81
    31
    27
    53
    11
    37
    27
    21
    24
    21
   190
    85
    54
    65
     0
     7
     9
     0
     0
     0
    75
    80
    81
    65
    11
    77
    21
    23
    15
    23
     4
    44
   156
    20
    35
    55
    39
    49
     0
     0
     0
     0
     0
     0
    22
   209
    69
   117
    29
    36
    72
    24
    45
    38
    32
    19
    21
    27
    70
    23
    21
    92
     0
     0
     0
     4
     0
     0
    22
   108
    88
   125
    14
    59
    13
    48
    11
    42
    11
    34
    16
    35
   128
    29
    19
    19
     0
     0
     0
     0
     0
     0
    43
   246
   130
   114
    28
    24
    24
    73
    19
   163
    25
    29
    22
    25
    48
    65
     5
    39
     0
     0
     0
     0
    10
     0
    15
   133
   196
   116
    36
    27
     8
    49
    23
    28
    26
    89
    61
    97
    39
   101
    20
    31
     7
     2
     0
     0
     0
     1
    47
    59
   147
   221
    48
    29
    36
    61
    14
    38
    67
    42
    26
    16
    82
    32
    50
    26
     0
     0
     0
     0
     0
     0
    16
   197
   194
    42
    21
    11
    34
    33
    63
    54
    92
    33
    21
    22
   114
    35
    35
    28
     0
     0
     2
     0
     6
     0
   107
    68
   181
    61
    86
    65
    28
    21
    33
    19
    33
    55
    17
    18
    35
    28
    65
    41
     3
     0
     5
     0
     0
     0
    71
     9
   106
   108
    16
    12
    24
    65
    18
    34
    26
    33
    38
    23
    71
    37
    14
   129
     0
     5
     0
     0
     0
     0
    20
    65
   104
    74
    37
    29
    58
    19
    26
    15
    23
    41
    69
    65
    62
    89
    19
    41
     2
     0
     4
     3
     0
     0
    53
    71
   136
   200
    44
    45
    41
    35
    28
    51
    77
    51
    36
    59
    82
    18
     4
    11
     0
     0
     0
     0
     4
     1
    18
   252
    77
    53
    21
    30
    27
    41
    24
    32
    74
    11
    38
    21
    25
   359
    21
    37
     6
     0
     0
     0
     4
     0
    29
   149
    71
    62
    45
    51
   168
    20
    21
   168
    27
    49
   122
    24
   106
    14
    36
    18
     0
     0
     0
     0
     0
     0
   124
    72
   258
   114
    30
    14
    55
    28
    29
    76
    12
    24
    24
    26
    57
    30
    31
    16
     0
     3
     0
     2
     7
     0
   115
    27
    46
    48
    25
    54
    36
    10
    36
    14
    35
    33
    75
    30
    48
    59
    31
    67
     0
     2
     0
     0
     7
     0
    45
   183
    37
   100
    66
    22
    27
    20
   157
    12
    33
    44
    32
    50
   122
    10
    30
    25
     0
     2
     0
     0
     1
     0
    36
   105
   294
   100
    57
    76
    19
    14
    28
    25
    32
    33
    38
    25
    25
    41
   195
    32
     0
     0
     0
     0
     0
     0
    54
   145
   181
    23
    32
    17
    27
    60
    42
   167
    68
     8
    20
   159
    56
   127
    22
    54
     0
     0
     0
     1
     0
     0
    55
   115
   143
    50
    24
     9
    27
    50
    22
    68
    50
    20
    44
    54
    53
   120
    56
    29
     1
     8
     4
     0
     0
     0
    27
   157
    66
    52
     8
    32
    15
    28
    19
    76
    39
    18
    71
    12
    85
    75
    29
    33
     0
     0
     0
     0
     0
     0
    32
   106
   179
    15
    73
    19
    25
     6
    16
    19
    25
    19
    18
    62
    60
   156
    21
    34
     0
     0
     0
     0
     0
     0
    80
    93
   336
    18
    25
    17
     9
    66
    26
    14
    29
    19
    29
    49
    27
    21
    37
    12
     0
     0
     0
     0
     6
     4
    99
    30
    84
    37
    24
    29
    59
    26
    62
    25
    55
    31
    12
    36
    20
    30
    23
    21
     0
     0
     2
     0
     0
     0
    21
    58
    66
   114
    51
    21
    31
    26
    57
    14
    25
    33
    10
   169
    52
    52
    11
    20
     0
     1
     4
     3
     0
     4
    25
   126
   263
    96
    34
    12
    32
    40
    19
    60
     2
    18
    27
    13
    76
    26
    28
    31
     0
     0
     0
     0
     0
     2
    36
    29
   253
    29
    42
     6
    73
    30
    38
    39
    18
    43
    41
   210
   149
   200
    63
    12
    13
     0
     6
     4
     0
     0
    58
   200
    89
    69
    47
    31
    68
    17
    29
    28
    54
    21
    57
    33
   142
    87
     6
    35
     6
     0
     3
     0
     0
     0
    13
    88
    22
   105
    62
    27
    24
     7
    15
     9
    20
    38
    29
    22
     5
     9
    22
    66
     0
     0
     0
     0
     0
     0
    30
   115
    65
    80
    16
    25
    37
     9
    23
    92
    25
    16
    49
   207
    54
    53
    20
    24
     0
     9
     0
     0
     0
     0
    15
   108
   175
    68
    27
    61
    91
    16
    17
    48
    40
    18
    17
    19
    76
   101
    47
     9
     0
     0
     1
     1
    15
     0
    35
    34
   201
    19
    31
    11
    27
    52
    26
    23
    36
    17
    19
     9
    27
    57
    12
    68
     0
     0
     4
     0
     1
     0
    27
    24
   138
    17
    29
    12
    66
     5
    15
    32
    15
   147
    16
    15
    24
    21
    43
    23
     0
     0
     0
     0
     0
     1
    22
    60
   131
    90
    11
   144
    29
    16
    70
    18
    31
    50
   103
    70
    61
   144
    33
    28
     4
     0
    16
     0
     0
     1
     4
   118
   161
   332
    34
    68
    34
    25
    18
    35
    36
    18
    29
     9
   222
    28
    35
    64
    16
     0
     0
     0
     0
     0
    62
    63
   186
    15
    10
    33
    26
    71
    23
    24
    57
     8
    18
    12
    18
    24
     4
    14
     0
     0
     0
     5
     0
     0
    27
    64
   130
     6
    35
    33
    23
    13
    26
    21
    13
    14
    20
    16
    74
    18
    39
    63
     0
    12
     0
     0
     0
     2
    53
    24
   159
   142
    19
    42
    24
    31
    11
    44
    18
    64
    28
    28
    40
    62
    23
    49
     9
     0
     0
     3
     0
     9
    78
   191
   193
    64
    20
    21
    36
    27
    22
    11
    30
    21
    27
    44
   160
    96
    37
    18
     8
     0
     0
     0
     0
     0
    12
    58
   131
    52
    27
    72
    15
    14
    30
    65
    31
    24
    14
    14
   161
    24
    24
    20
     4
     6
     0
     1
     0
     0
    33
   115
    97
   154
    16
    28
    13
    36
    26
   187
    36
    55
    64
    39
    33
    42
    41
    54
     0
     6
     0
     0
     8
     0
    58
    21
   282
   126
    13
    49
    72
    35
    41
    22
    38
    42
    96
    22
   169
    83
    32
    88
     0
     0
     0
     0
     0
     3
    26
    40
   183
   115
    20
    10
    11
    32
    45
    13
    18
    58
    18
    54
   160
    37
    11
    29
     0
     0
     0
     3
     0
     0
    27
    22
   265
   107
    55
     5
    24
    47
    32
    25
    25
     9
    10
    32
   193
    23
    25
    24
     0
     0
     0
     0
     0
     0
    58
    39
   198
   125
    42
    13
    28
   152
    27
    16
    56
    41
    29
    23
    23
   207
    44
    15
     0
     0
     0
     3
    15
     0
    14
    84
   214
    34
    14
    34
    68
    62
    69
    41
    13
    18
    44
    57
   113
    99
    13
    63
     2
     5
     1
     0
     0
     0
    15
   121
    70
    67
    34
     6
    15
    14
    27
     9
    53
    31
    18
    31
    47
   121
    25
    32
     0
     0
     0
     2
     0
     0
    37
    14
   205
    35
    20
    14
    24
    44
    78
    42
    23
    34
    25
    58
    58
    85
    31
    32
     0
     0
     0
     0
     0
     1
    64
   103
   133
   130
    32
    24
    20
    43
    77
     7
    15
    51
    61
   170
   111
    14
    27
    13
     0
     0
     0
     0
     8
     1
    76
    83
   124
    21
    31
    59
    17
    32
    24
    14
    41
    68
    12
    53
   311
    13
    16
    45
    19
     0
     0
    10
     7
     2
    77
    24
   186
    18
    20
    24
    30
    74
    92
    23
    33
    25
    21
    35
    40
    30
    31
    45
     0
    11
     3
     0
     0
     0
     0
   142
   110
    20
    36
     4
    18
    28
    31
     8
    55
    40
    67
    34
    68
   100
    29
    34
     0
     0
     0
     7
     0
     0
    61
    67
    63
   109
    13
    34
    30
    26
    17
    43
    76
    88
    26
    37
    51
    79
    24
    20
     0
     0
     0
     0
     0
     0
    79
   100
   178
    11
    65
    21
    20
     4
    18
    17
    27
    24
    24
    22
    40
    52
    23
    36
     0
     2
     0
     5
     0
     0
    89
   311
    90
    78
    15
   174
    20
    27
    27
    33
    42
    33
    29
    90
    40
    66
    28
    61
     0
     0
     8
     0
     0
     0
    18
    49
   179
    55
    14
    61
    49
    11
    21
    19
    34
    51
    66
    64
    42
    83
    91
    35
     0
     0
     0
     6
     3
     0
    25
    61
    64
   147
    17
    23
    74
    24
    52
   186
    17
    21
    25
    32
   117
    20
    41
    18
     0
     0
     0
     0
     3
     2
    51
   134
   154
    59
    27
    34
    51
    21
    14
     7
    21
   151
    25
    23
   195
    42
    11
    14
     3
    13
     0
     0
     0
     0
     4
    48
   133
   218
    27
    54
    39
     1
    21
    65
    23
    37
    22
    26
    79
   211
    63
    42
     2
     0
     0
     0
     0
     0
    31
   154
   141
   102
    41
    21
     4
    66
    22
    50
    75
    44
    33
    15
    55
    23
    21
    38
     0
     5
     4
     5
     0
     0
    34
    60
    28
    72
   131
    61
    37
   182
    31
    75
    14
    53
    14
   194
    84
    26
    19
    43
     3
     0
     0
     0
     0
     0
    60
    79
    29
    58
    30
    54
   139
    30
    87
   176
    45
    63
    35
    63
    72
    16
    35
    41
     0
     0
     0
     0
     2
     3
    11
   140
   242
    34
    21
    31
    58
    32
    18
    52
    30
    18
    48
    27
    28
    99
    68
    11
     0
     0
     0
     0
     0
     0
    25
    63
   137
   197
    20
   148
    23
    26
    22
    38
    34
    28
    17
    49
    22
    22
    12
    16
     0
     0
     0
     0
     0
     0
    86
    80
   110
    89
    25
    16
    16
    23
    33
    14
    54
    12
    14
    73
    66
    19
    35
    33
     7
     0
     1
     0
     0
     0
    24
    56
    92
    25
    14
    21
    21
    48
    19
   166
    47
    23
    13
    26
   113
     7
    17
    13
     0
     0
     0
     0
     0
     0
    22
    73
   100
   142
     6
    76
    29
    34
    20
    71
    30
    64
    12
    16
    22
    54
    12
    28
     1
     0
     0
     3
     0
     0
    23
    69
    51
    30
    28
   172
     6
    56
   151
    22
    31
    23
    24
    39
    43
    11
    34
    12
     8
     0
     7
     0
     0
     0
    28
    65
   131
    69
    60
    37
    26
    19
    57
    12
   148
    15
    53
    73
    40
   188
    17
    30
     4
     0
     0
     8
     0
     0
    20
   143
   164
    88
    20
    56
    12
    26
    59
    27
    33
    34
    38
    50
    18
   103
    39
    40
     0
     0
     0
     0
     2
     0
    54
    74
    95
   147
    29
    48
    51
    65
    54
    27
    26
    35
    42
    33
    12
    19
    23
    25
     7
     0
     0
     0
     0
     0
    24
    33
    95
   229
    36
    23
    42
    27
    15
    23
    28
    16
    21
    50
   153
    10
     8
    36
     0
     0
     8
     0
     0
     0
    29
    64
   106
    31
    20
    24
    92
    35
    61
    47
    90
    11
    26
    46
    65
   103
    13
    16
     0
     0
     0
     0
     0
     0
    19
    15
   137
   111
    24
     0
    20
    22
     3
   164
    15
    20
    14
    11
   146
    42
    23
    30
     0
     0
     0
     2
     7
     0
    34
   114
   113
   146
    24
    25
    19
    31
     2
    16
    19
    34
     7
    65
    30
    32
    28
     2
     0
     0
     3
    12
     7
     0
    35
   116
    74
    70
    64
    18
    20
    21
    67
    27
    15
    44
    20
    29
   183
   120
    21
    45
    14
     0
     0
     7
     0
     0
    93
    75
   187
   158
    40
    39
    32
    61
    17
    46
    76
    54
    23
    24
    72
   194
    11
     4
     0
     0
     0
     0
     0
     0
    36
    29
   120
    78
    13
    32
     6
    18
    11
    35
    31
    26
    64
    13
    54
    46
    18
    31
     0
     0
     0
     4
     0
     0
    33
    97
   182
    56
    32
    27
    25
    21
    15
    28
    22
    14
    13
    31
    26
    27
    21
    31
     0
     2
     0
     3
     0
     0
    66
    65
   146
    95
    31
    64
    15
    50
    62
    25
    17
    51
    34
   204
   348
   226
    58
    99
     0
     0
     0
     0
     0
     0
    29
    20
    69
    28
    15
    40
    20
    50
    40
    11
    11
    43
    70
   159
    33
    61
    13
    30
     0
     0
     0
    18
     5
     0
    32
    99
   161
    22
    25
    43
    27
    27
    17
    16
     6
    22
    29
    39
    59
   104
    18
    22
     0
     0
     0
     0
     3
     2
    21
    72
   138
   109
    21
    58
    18
    67
   155
    34
    30
    39
   125
    26
    29
    61
    51
    19
     5
     0
     0
     4
     0
     0
    40
   155
   102
    35
    24
    21
    32
    42
    24
    37
    18
   165
    17
    26
    34
   105
    72
     9
     0
     0
     0
     0
     7
     0
    35
    83
   145
    79
    10
    27
    51
    28
    20
    32
    57
    62
    57
    33
    75
    28
    68
    20
     0
     1
     4
     0
     0
     0
    18
    10
   113
    50
     8
    42
    64
    25
    28
    19
    71
    41
    13
    23
    45
   109
   172
    19
     3
     0
     0
     0
     0
     0
    68
    17
   153
    17
    37
    37
    57
    25
    44
    75
    16
    24
   167
    26
    12
    46
    30
    66
    14
     0
     7
     0
     4
     0
    29
    24
    62
   178
    82
    25
    40
    39
    26
    43
    21
    25
     9
    39
    63
    72
    30
    69
     0
    13
     0
     0
     0
     0
    14
    60
   136
    15
    24
    34
    20
    13
    70
    32
    12
    21
    28
    28
    63
    37
    29
    15
     0
     0
     0
     0
     1
     0
    44
   114
    23
   181
    55
    33
   162
    31
   106
    31
    29
    66
    36
    91
    95
   178
    17
    19
     3
     3
     8
     0
     0
     4
    87
    45
   176
   103
     1
    37
    20
    34
    27
    40
    44
    56
    29
    39
    70
   341
    34
    79
     3
     0
     0
     3
     3
     0
    15
    71
   226
    57
    43
    22
    18
    53
    21
     2
    32
    37
    19
    19
   199
    37
    16
   168
     0
     0
     2
     2
     0
     0
    36
    51
   136
    92
    31
    48
    26
   193
     9
    18
    10
    53
    21
    24
   109
    60
    64
    14
     0
     0
     0
     0
     3
     0
    33
    64
   189
    58
   104
    40
    27
    20
    34
    56
    58
    13
    38
    39
    61
   105
    28
    58
     3
     0
     0
     0
     1
     0
    20
   129
   144
   235
    28
     8
    25
    24
    26
    47
    70
    17
    35
    13
    95
   103
    26
    53
     0
     0
     0
     0
     0
     5
    26
    33
    49
    33
    28
     7
    27
    67
    32
    34
    28
    26
    36
    11
    57
     9
    95
    29
     0
     0
     0
     0
     0
     9
    74
    32
    74
   113
    39
    33
    22
    16
    57
    48
    38
    41
    45
    39
    39
   198
   198
    27
     9
     0
     0
     0
     0
     0
    17
   122
    78
   219
    34
    44
    79
    26
    34
    27
    63
    25
    35
    37
    40
    32
    36
    14
     0
     0
     0
     0
     0
     0
     4
    77
    37
    39
    19
    14
    18
    16
    38
    39
    16
    14
    17
   164
    62
    49
    52
    26
     0
     0
     0
     0
     0
     0
    14
   142
    23
    20
    12
     9
    16
    31
     6
    15
    40
    10
    76
     6
    13
    35
    40
    21
     0
     5
     0
     0
     5
     0
    29
    92
   124
   165
    16
    30
    40
    23
    16
    15
    19
    24
    19
    25
   166
    70
    38
    62
     0
     2
     0
     0
     0
     9
    40
    34
   130
   149
    24
    76
    53
    30
    38
    13
   101
    17
    44
    21
    20
    54
    15
    48
     0
     0
     0
     0
     4
     0
    30
    21
    68
   127
    21
    53
    24
    33
    22
    30
    13
    51
    25
   173
    43
    67
    26
    71
     0
     3
     0
     5
     0
     0
    16
   116
    79
   168
    34
    74
    29
    54
    65
    17
    14
    50
    53
    74
    31
    12
    16
    38
     0
     6
     0
     0
     0
    13
    40
    57
   106
    64
    62
    22
    23
    56
    45
    38
    45
    28
    26
   160
    22
    65
    34
    75
     0
     0
     0
     0
     0
     0
    54
    75
    66
   103
     9
    36
    40
    16
    63
    16
    13
     9
     4
    49
    49
    65
    37
    30
     0
     0
     0
     6
     1
     0
    26
   106
   150
   126
    48
    39
    14
    69
    18
    31
    30
   103
    11
    11
    16
   135
    23
    18
     0
     4
     0
     0
     0
     0
    42
   231
   150
    76
    55
    22
    26
    15
   137
    19
     2
    16
    31
     7
   198
    89
    31
    30
     0
     9
     0
     9
     6
     0
    40
   140
   106
    28
    11
     0
     2
    24
    22
    17
    53
    26
    31
    68
   106
    57
    64
     5
     0
     9
    10
     0
     1
     0
    99
   199
   137
    58
     0
    33
    22
    19
    18
    17
    17
    26
    45
    39
    20
    39
    21
    20
     0
     3
     2
     6
     0
     3
    47
   100
   114
   126
    33
    50
    42
    51
    32
    33
    32
    71
    13
    17
   108
    41
    36
    75
     0
     0
     0
    20
     0
     0
    44
    67
    82
   242
    27
    15
    17
    36
    19
   103
    77
    29
    59
   213
   116
    74
    52
     4
     9
     6
     0
     0
     0
     0
    18
    61
    71
    28
    30
    21
    18
    64
    65
    55
    22
    16
    68
    23
    15
    22
    45
    23
     0
    10
     0
     2
     5
     2
    13
   103
   224
    97
    12
    32
    16
    21
    16
    26
    38
    18
    23
    30
    80
    62
     7
    12
     0
     0
     0
     0
     4
     0
    94
    60
   106
    67
    13
    34
    31
    34
    30
   110
    13
    70
    39
    18
    21
    16
    24
    42
     0
     6
     0
     0
     0
     0
    14
    48
    76
    31
    25
    43
    32
    69
    17
    15
    27
    12
    23
    44
    10
    34
    68
    34
     0
     1
     0
     0
    10
     0
    10
    31
   217
   101
    60
    21
    63
    27
    35
    49
    19
    73
    33
    27
   136
    55
    48
    36
     0
     0
     0
     0
     3
     0
    14
    94
    27
    53
    44
   198
    84
    13
    42
    27
    32
    33
    31
    34
    18
    58
    21
    43
     4
     3
     0
     0
     5
     3
    26
   100
   109
    97
    81
    12
    32
    30
    33
    31
    20
    54
    33
    83
    59
   243
    27
    22
     0
     0
     0
     0
     0
     7
    23
    76
    97
    91
    35
    40
    26
    50
    53
    11
    31
    29
   163
    13
    51
   199
    34
    11
     0
     0
     0
     7
    10
     2
    53
    68
   104
    29
    20
    34
    63
    10
    66
    37
    60
    29
    75
    14
    78
    21
    21
    36
    13
     0
     0
     0
     0
     2
    96
    91
    60
    78
    15
    19
    23
    10
    17
    42
    39
    38
    71
    47
   275
   109
    15
    36
     3
     4
     0
     0
     0
     0
    95
    54
   126
    51
    18
    35
    24
    35
    24
    19
    32
    24
    61
    20
    25
    67
    17
    40
     0
     0
     0
     0
     0
     0
    19
   103
   133
    68
    43
    14
    36
    32
    38
    10
   204
    21
    38
    13
    18
    31
    32
     8
     9
     0
     0
     8
     0
     7
    39
    98
   174
    84
    20
    10
    30
    84
    46
    42
   163
    20
    61
    90
    92
    65
    42
    90
     0
     0
     0
     0
     0
     8
   100
    86
   150
   148
    32
    58
    27
     3
    61
    74
    35
    26
    21
   192
   110
   136
    22
    17
     0
     0
     0
     0
     0
     0
    75
    71
    28
   113
    20
    39
    25
    28
    16
    39
    18
    17
    59
   154
     9
    34
    22
    22
     6
     0
     2
     0
     2
    10
    83
   147
   150
    68
    36
    36
    18
    24
    21
    35
    61
    41
    25
    13
   231
    66
    27
    17
     0
     1
     5
     0
     0
     2
    20
    37
   450
    73
    17
   106
    96
    40
    20
    59
    21
    14
    57
    39
    62
    30
    55
    31
     0
     0
     0
     0
    12
     0
    12
    28
   147
   107
    35
    29
   149
    27
    34
   169
    33
    14
    30
   293
   189
    81
    81
    25
     0
     0
     0
    14
     6
     3
    25
    25
    89
   203
    55
    15
    19
    31
    12
    60
   104
    32
    46
    37
    17
    39
    19
    16
     0
     2
     0
     1
     2
     0
    49
   129
   171
   106
    22
    32
    20
    32
    99
    18
    68
    10
    43
   114
    64
    48
    21
    46
     0
     0
     0
     1
     2
    12
    12
    69
   126
    87
    14
    18
    24
    32
    68
    62
    24
    68
    39
    53
    24
   102
    14
    36
     0
     0
     2
     0
     0
     2
   115
   272
   170
    99
    18
    77
    28
    14
   109
    17
    69
    13
    36
    28
    47
    81
    98
    38
     0
     0
     0
     0
     0
     0
    40
    91
   158
   154
    27
   147
     8
    41
    52
   109
    38
   150
    26
    11
    25
   166
    31
    33
     0
     0
     6
     0
     0
     0
    18
    44
   183
   158
    13
    74
   147
    42
    32
    38
    71
   212
    20
    36
   179
    77
    36
    60
     0
     8
     0
     0
    14
     0
     8
   107
   112
    75
    12
    37
    24
    23
    23
    22
    44
    10
    63
    23
   207
    78
    36
    37
     0
     6
     2
     0
     0
     8
   116
   141
    58
    10
    45
    57
    11
    27
    31
   147
    68
    63
    60
    36
    19
    82
    24
    32
     0
     0
     0
     0
     0
     0
    23
   196
   129
   133
    51
    84
    43
    53
    16
    53
    48
    79
    73
    22
    78
    32
    50
    68
     2
     0
     3
     0
     0
     2
    86
   115
   171
   137
    37
    10
    31
    36
    17
    36
    43
    18
    48
    32
   191
    31
    36
    17
     2
     0
     6
     0
     1
     0
    33
   129
    55
   156
    21
    28
     9
    67
    66
     9
    68
   159
    31
    40
    74
   129
    17
     9
     1
     2
     0
     0
     0
     4
    30
   107
    70
   167
    37
    33
    30
     6
    50
    70
    48
    21
    46
    27
    82
   105
     7
    33
     0
     0
     0
     5
     0
     4
    26
    12
   235
   144
    16
    37
    26
    37
    47
    12
    19
    27
    62
    14
   169
    53
    20
    21
     0
     0
     0
     0
     0
     0
     0
    15
    52
   137
   120
    65
    32
   165
    23
    18
    29
    25
    21
    47
    24
    75
   119
    46
     1
     8
     0
     4
     0
    10
     4
    64
    57
   175
    67
    35
     8
    28
    32
    60
    16
    40
    12
    81
    29
    30
    62
    96
    39
     2
     0
     0
     0
     0
     0
    37
   303
   213
   120
    63
    50
    24
    15
    45
    31
    30
    82
   167
    66
    19
   103
    23
    35
    13
     0
     5
     4
     0
    10
    20
    92
   276
   140
    39
    22
    36
    56
    33
    40
   145
    25
    15
    75
   153
    43
    30
    52
     0
     0
     0
     3
     2
     0
    18
    82
    95
    17
    42
    26
    28
    39
    22
   162
    41
    41
    53
    17
    26
    51
    49
    44
     0
     0
     0
    11
     0
     6
    30
    58
   226
    99
    74
    91
    43
    67
    41
     0
    31
    18
    27
    64
   130
    69
    19
    49
     0
     0
     0
     1
     0
     4
    32
   226
    58
    45
    82
    52
    47
    12
    42
    20
    28
    28
    24
    27
   187
    42
    25
    54
     0
     0
     0
     0
     8
     0
    32
    89
   233
    71
    58
    29
    39
     8
    16
    37
    23
    12
    28
    23
   274
    16
    32
    50
     0
     0
     0
     2
     7
     9
    60
    89
   144
   105
    23
    39
    41
    33
   181
    35
    19
    46
    14
    11
    79
    72
    28
    47
     0
     1
     7
     7
     0
     1
    21
   104
    82
    51
    61
    29
    39
    48
    34
    65
    13
    28
    72
    48
   153
   291
    28
    29
     4
     3
     0
     9
     0
     0
    86
    70
   185
    27
    22
    36
    36
    57
    16
    74
   183
    18
    38
   208
   109
    93
    41
    56
     0
     0
     0
     0
     0
     0
    13
   102
   220
    17
    24
    56
    60
    26
    21
    32
    21
    95
    26
    13
   175
   219
    21
    70
     0
     1
     1
     8
     0
    10
    68
   106
   164
    63
    53
    28
    41
    29
    12
    30
    38
   159
    22
    27
    32
    57
    33
    56
     6
     7
     0
     0
     0
     0
    48
    11
   155
    65
    17
    15
    30
    42
    25
    16
     9
    29
    40
     6
    51
   227
    49
    21
     0
     2
     0
     0
     0
     0
   102
    74
    66
   146
    15
    54
    24
    33
    32
    27
    32
    15
    16
    28
   174
   446
    29
    45
     0
     0
     0
     7
     3
     0
    57
   112
   112
    63
    46
    19
    39
    17
    70
    35
    38
    38
    65
    21
   114
    14
    25
    12
     4
     9
     0
     0
     0
     2
    69
   111
   170
   112
    42
    29
    27
    17
    44
    13
    39
    78
    23
    13
   142
    33
    32
    57
     5
     0
     0
     0
     0
     0
    20
   146
   142
   148
    73
    26
    43
    18
    59
    11
    28
    27
    23
    23
    93
    81
    21
    44
     3
     0
     9
     0
     0
     0
    56
   172
    47
   129
    42
    11
    66
    35
    20
   158
    26
    63
     8
    15
   248
    24
    31
    70
     0
     0
     0
     0
     0
     6
    64
   246
   285
    69
    25
    15
    21
    34
   137
    88
    21
    40
    24
    46
    66
   194
   183
    29
     0
     0
     0
     0
     0
     0
    13
    78
     4
    19
    36
    52
    23
    45
    58
    26
    62
   196
    22
   160
    50
    11
    19
    19
     0
     0
     0
     1
     4
     0
    28
   215
   152
    70
    16
    31
    38
    75
    21
    41
    20
    19
    40
    19
   158
     5
     7
    37
     1
     2
    14
     0
     0
     0
    12
   114
   117
   123
    48
    44
    67
    40
    15
    60
    37
    25
    67
    65
   198
   141
    22
    14
     7
     8
     0
     3
     0
     0
    63
   152
   226
   129
    46
    51
    52
    27
    74
    74
    25
   157
    44
    35
    97
    26
    37
    91
     0
     2
     3
     0
     0
     8
    26
   126
   105
    76
    50
    72
    42
    57
    19
    15
    22
    16
    13
   102
   200
   147
    26
    24
     0
     0
     0
     0
     0
     2
    71
   205
   149
   128
    33
   174
    71
    24
    28
    49
    86
    29
    50
    35
    50
    22
     8
    67
     0
     0
     0
     8
     0
     9
    28
    81
   158
    65
    47
    21
    48
    29
    37
    41
    24
    41
    70
    52
    73
   146
    14
    29
     0
     0
     8
     0
     0
     6
    11
   104
   124
    94
    21
    23
    93
    26
    38
    41
    57
    25
    56
    22
   287
    30
    17
    38
     0
     0
     0
     0
     0
     2
    35
   220
   172
   105
    82
    27
    18
    27
    25
    13
    26
    37
    36
    28
   250
    51
    34
    56
     0
     1
     0
     0
     0
     0
    72
   112
   103
   219
     7
    24
    18
    25
    27
    27
    33
     7
    32
    56
   102
    24
    35
    39
     0
     0
     0
     0
     0
     0
    61
   142
   161
   151
    31
    29
    27
    55
    26
    40
    80
     6
    78
    12
    27
    48
    42
    30
     0
     0
     0
     0
     0
     0
    52
    61
   180
    33
    26
    32
    51
    77
    28
    26
    27
    59
   196
    31
    18
    14
    51
    45
     0
     0
     0
     0
     0
     0
    37
    31
    92
   150
    56
    36
    32
    68
    23
    20
    23
    23
    42
    19
    73
    73
    36
    33
     0
     0
     0
     0
     0
     8
    69
   101
   154
    58
    53
    28
    24
    56
    42
    26
     9
    25
    63
    25
    73
    41
    34
    30
     0
     0
     2
     9
     0
     6
    11
   223
   242
   110
    69
   219
    51
    18
    17
    12
    98
    32
    66
    28
    66
   207
    38
    34
     5
     0
     7
     7
     1
     1
    21
    95
    94
   222
    83
    24
    86
    39
    25
    36
    64
    30
   110
    31
   107
    55
    54
    71
     0
     2
     0
     0
     5
     0
    12
   206
   140
    62
    29
    67
    28
   116
    44
    46
    49
    39
    13
     3
   311
    80
    57
    61
     0
     7
     0
     0
     0
     7
    36
   168
   287
    89
    20
    28
    31
    39
    28
    62
    17
    53
    22
    29
    45
    17
     8
    30
     0
     6
     0
     0
     6
     7
    47
   148
    25
   187
    19
    18
   172
    75
   185
    57
    35
    30
    45
    28
    70
    66
    26
    37
     0
     0
     1
     1
     0
     0
    26
    30
   251
   104
    79
   298
    58
    23
   156
    51
   165
    32
    17
    37
    77
    22
    80
    38
     0
     0
     2
     1
     0
     0
    18
   112
    31
   115
    10
    71
    18
    11
    16
    30
    35
     7
    38
    59
    19
    78
    32
    29
     0
     2
     9
     0
     6
     0
    16
   192
    80
   181
    65
    81
    37
    11
    64
    60
    57
    53
    23
   253
    73
   134
    23
    67
     3
     0
     0
     0
     3
     1
    24
    20
   147
    87
    14
    26
    75
    27
    43
    37
    33
    43
    26
    45
    17
   118
   115
    46
     0
     0
     0
     0
     0
     0
    25
    27
   104
   143
    79
    34
    52
    18
    19
    30
    12
    17
    45
    21
    42
    56
    41
    13
     1
     0
     0
     0
     2
     2
    29
   177
   265
    90
    41
    67
    76
    34
    81
    34
    27
    45
    36
    42
    13
   197
    47
    81
     0
     0
     0
     0
     6
     0
    64
   186
   188
   177
   100
    46
     9
    16
    49
    30
    42
    41
   181
    72
    54
   108
    29
    24
     0
     0
     2
     0
     0
     5
    47
    59
   191
    53
     8
    31
   160
    46
    18
    10
    41
    42
   255
    55
   157
    23
    36
    76
     0
     0
     5
     0
    10
     2
    20
    53
    59
    26
    22
    40
    67
    24
     8
    17
    65
    46
    22
    24
   113
    27
    72
    22
     8
     0
     0
     1
     1
     0
    84
   143
    92
    68
    18
    29
    25
    41
    17
    26
    15
    21
    20
    30
   341
   107
    36
    15
     0
     0
     0
    15
     4
    10
    38
    46
   236
    65
    29
    56
    16
    37
    25
    69
    43
    65
    64
   104
   113
    41
    19
     8
     0
     0
     0
     6
     0
     0
    15
   158
   114
   102
    27
    42
    25
     8
    47
    41
    46
    39
    35
    67
   192
    15
    31
    39
     0
     0
     0
     3
     0
     0
    24
   171
   151
    52
    37
    47
    55
    45
    96
   114
    18
    25
    37
    21
    30
   199
    29
    20
     0
     0
     0
     3
     1
     0
    31
   110
    86
    71
    46
   184
    37
    95
   131
    28
    45
    67
    72
    40
    87
   120
   110
    52
     0
     1
     7
     0
     0
     0
    38
   207
    75
    72
    26
    24
    24
    33
    46
    42
    20
    24
    27
    21
   174
    61
    33
    70
     5
     0
     0
     0
     0
     0
    18
    48
   155
    71
    31
    30
    61
    33
    33
    25
    31
    31
     6
    27
   149
   287
    39
    11
     0
     0
     9
     0
     0
     0
    84
   150
   185
   134
    23
    13
    48
    56
    31
    25
    30
    36
    22
    27
    26
    99
    24
    19
     0
     0
     0
     0
     0
     0
    29
    46
   150
    84
   305
    12
    41
    19
    16
    23
   176
    39
    52
    20
   215
    74
    12
   116
     0
     2
     0
     3
     7
     0
   134
   127
     6
    68
    19
    25
    23
    30
    32
    37
     0
    69
    53
    11
   187
   127
    41
    16
     0
     0
     6
     0
    15
     1
    59
   116
   292
   153
    88
    47
    69
    21
    23
   159
    29
    43
    30
    34
   143
    35
    71
    46
     9
     4
     4
     2
     0
     2
    10
   111
   156
   241
    11
    14
    12
    18
    15
    21
     3
    26
    37
     4
    23
    69
    87
    33
     0
     0
     5
     0
     0
     0
    20
   101
   228
   107
    44
    58
    27
    11
    19
    23
    23
    20
    20
    51
    17
    90
    23
     0
     0
