    50
     2
     1
     5
     9
    75
    56
    78
   128
    48
    60
   105
    60
    17
    12
    37
    19
    30
    38
    81
    90
     9
    28
    11
     5
     0
     2
     0
     3
    59
   102
   344
    85
    24
    38
    32
    20
    39
    22
    40
    48
    35
    27
    35
   166
    31
    19
     7
     0
     3
     0
     4
     0
    33
    73
   218
   105
    41
    17
    41
    32
   101
    65
    38
    27
    36
     9
    24
    39
    54
    31
     0
     7
     0
     0
    11
     0
    61
    83
    85
    94
    35
    51
    40
    30
    12
    24
    53
    36
    45
    55
    73
    14
    18
    18
     0
     3
     0
     0
     2
     6
    71
    36
   174
    95
    13
    52
    25
    20
    15
    46
    14
    44
    24
    74
    65
    80
    42
    19
     0
     3
     0
     0
     0
     0
    56
    78
   217
    81
    86
   109
    44
    91
    24
     7
    32
    67
    69
    34
   227
    43
    69
    48
    10
     0
     8
     2
     0
     0
    49
   115
   233
   256
    86
    24
    33
    76
    50
    42
    72
    50
    54
    13
    52
   154
    63
    34
     5
     0
     3
     0
    10
     1
    10
   372
   203
   147
    77
    76
    93
    52
    37
    21
   159
    44
    32
    38
   128
    26
    41
    27
     0
     0
     0
     0
     0
     0
    29
    21
   109
    92
    61
    45
    59
   136
    93
    13
    82
    34
   123
    71
    32
    58
    31
    58
     0
     5
     0
    14
     0
     8
   117
   286
   126
   160
    13
    19
    19
    45
    40
    19
    23
    10
    35
   161
    22
    83
    25
    81
     0
     0
     0
     0
     0
     0
    92
   171
   126
    59
    88
    62
   167
    60
    27
    44
    28
     6
    59
    23
    43
    64
    43
    36
     9
     3
     5
     0
     0
     0
    15
   234
   220
   102
    38
     5
    30
    41
    28
    32
   154
    18
    47
    35
   201
   139
    75
    98
     0
     0
     6
     5
     5
     0
    75
   118
   108
   124
   110
    83
    51
    52
    17
    25
    73
    51
    23
    78
    69
   213
    31
    83
     0
     0
     5
     4
     9
     0
    42
    38
    48
    27
    58
    56
    81
    53
    38
    43
    58
    44
   125
    17
   233
   141
    39
    67
     0
     0
     0
     4
     4
     7
   143
   201
   162
   125
    45
    17
    24
    31
    76
    38
    62
    88
    53
    45
   115
   189
    34
    42
    12
     0
     0
     0
     0
    16
    76
   137
   166
   178
    43
    42
    39
    27
   104
    32
    18
     7
    78
    22
    62
   117
    29
    25
     0
     0
     0
     0
     7
     0
    28
   110
   340
   157
    21
    34
    25
    28
    50
    20
    39
    13
    65
    96
    66
    81
    54
    50
     0
     0
     0
     0
    12
     1
    62
    84
   204
   191
    27
    10
   102
    52
    19
    63
    71
    35
   202
    69
    49
   167
    25
    96
     0
     0
     0
     2
     3
     0
    30
    77
   251
   167
    79
    54
    73
    32
    35
    53
    64
    24
   108
    28
   100
    73
    18
    45
     2
     0
     6
     0
     0
     0
    23
   241
   227
   124
    69
    62
    63
    49
    32
    61
    66
    57
    20
   114
   119
   116
    41
    71
     0
     0
     2
     0
     0
     0
    46
    62
   288
    67
    93
    51
   182
    73
    59
    57
    29
    62
    79
    62
   128
   149
    56
    67
     0
     0
     6
     3
     0
     3
    30
    64
   171
    84
    33
   141
    42
    36
    45
    59
    35
    22
    23
    14
   185
   111
    58
    32
     0
     2
     2
     0
     9
     0
    44
    64
    87
   166
    48
   173
    98
    55
    33
    27
    30
    24
    25
    15
   221
   188
    19
    79
     1
     5
     7
     2
     1
     0
    36
   103
   188
   104
    43
    81
    83
    61
    46
    70
    46
    32
    43
   204
    17
    62
     4
    36
     2
     0
     0
     0
     0
     0
    42
   163
   163
   189
   127
    65
    23
    34
    83
    30
    23
    38
    72
    36
   184
    30
    34
   184
     0
    10
     1
     2
     0
     2
    33
   203
   199
   100
    18
    24
    28
    18
    41
    94
    84
    35
    65
    39
    49
   152
    31
    56
     0
     0
     3
     7
     0
     0
    21
   204
    93
   209
    43
    89
    48
    48
    15
    52
    47
    45
    80
   155
   195
   136
   208
    71
     0
    15
     2
     2
     9
     0
    90
    55
   171
    19
    91
   136
   133
    61
    88
    63
    64
    57
    31
    90
    68
    94
    32
    41
     6
     0
     0
     0
     4
     0
    35
   213
   165
    28
    82
    23
    22
   100
    38
    13
    36
    60
    47
   150
   110
   132
    45
    36
     0
     0
     0
     0
     6
     0
    56
   163
   190
   138
    40
    46
    11
   113
    30
    30
    27
    34
    63
   162
   174
   124
    33
    18
     0
     0
     0
     0
     0
     2
    26
   274
   112
    38
    35
    15
    49
    65
    71
    37
    27
    39
    57
   102
   108
    82
    55
    12
     0
     2
     0
     8
     0
     0
    72
    25
    57
    61
    64
    42
    86
    14
    76
    25
    39
    43
    55
    33
    30
    95
    42
    23
     0
     0
     0
    15
     0
     0
    16
    46
    68
   104
    69
    17
    67
    77
    26
    34
    62
    13
    40
    29
    72
    80
    15
    18
     0
     0
     0
     3
     0
     0
    67
    97
   348
   192
    42
    48
   188
    39
    50
    24
   154
    41
    41
    60
    94
    57
    27
    36
     0
     0
     0
     0
     0
     0
    83
   127
   158
   121
    62
    29
    23
    70
    20
    38
    50
    17
    49
   132
    74
    96
    50
    30
     0
     3
     0
     0
     5
     0
    22
    91
    60
   140
    55
    38
    77
    69
    43
    43
    36
    97
    68
    35
    23
    71
    24
    32
     9
     8
     8
    13
     9
     0
   136
    85
    48
    89
   126
    10
    84
    55
    87
    27
    53
    56
    66
    26
   176
    98
    54
    12
     0
     0
     0
     6
     8
     0
    79
   155
   179
   103
    28
    60
    60
    31
    47
    27
    51
    74
    73
    71
   210
    35
    31
    43
     0
     8
     0
     0
     0
     0
    83
   110
   212
    75
    12
    36
   105
    85
    56
    33
    19
    31
    43
   167
    17
    27
    86
    13
     2
     2
     0
     0
     0
     0
   121
   136
    92
   205
    48
    74
    82
    13
    75
    46
    31
   256
   162
    37
    50
    43
    43
    65
     0
     5
     2
     6
     0
     0
    52
    57
   159
    78
    38
   206
    67
   135
    89
    44
    24
    25
    51
    69
    30
   141
    74
    33
     5
     0
     2
     3
     0
     0
    21
   137
   118
    44
    44
    36
    34
    89
    67
    57
    80
    16
    28
    38
    73
   123
    41
    48
     0
     0
     8
     9
     0
     0
    10
   126
   232
   128
    19
    18
     9
    23
    28
   223
    33
    27
    57
    57
    14
   156
    28
    28
     0
     1
     6
     1
     0
     3
    24
    68
   273
   209
    59
   130
    39
    74
    26
    28
    48
    57
    11
    68
   121
    37
    21
    25
     6
     3
     6
     0
     3
     4
    30
    39
   116
    57
    56
    36
    32
    74
    20
    30
    31
    81
    83
    31
    27
   101
    21
    29
     0
     0
     3
     0
     0
     0
    40
    59
   307
   147
    34
    34
    21
    25
    34
    90
    39
   102
    26
    38
    66
    31
    49
    14
     7
     0
     0
     0
     2
     0
    45
   110
   130
   148
    16
    67
    32
    30
   176
    45
    38
    19
    37
    31
    58
    88
    32
   160
     0
     0
     0
     0
     0
     0
    99
    79
   120
   173
    64
    21
    51
    51
   244
    34
    91
    32
    44
    61
    70
    31
    52
    20
     0
    14
     0
     0
     6
     3
    30
    41
   170
   125
    55
   107
    38
    48
   208
    21
    46
    60
    20
   108
    71
    34
    68
    25
     0
     4
     0
     7
     5
     0
    11
   115
   156
   149
    36
    16
   239
    71
    78
    45
    34
    59
    29
    27
    31
    65
    30
    43
     4
     0
     0
     0
     2
     0
    36
   163
   174
    86
    55
    56
    40
    39
    39
    72
    85
    37
    66
    27
    58
    72
    32
    20
     0
     0
     9
     0
     0
     0
    91
   137
   111
    63
    41
     8
    76
    63
    38
    37
    41
    86
    40
    71
    37
    31
    71
    56
     0
     9
     0
     0
     9
     0
    19
    45
   156
    69
    41
    17
    30
    13
   164
    77
    54
    48
    37
    56
   158
    19
    17
    42
     4
     0
     1
     0
     7
     6
    50
   116
   268
    36
    66
    23
    46
    43
    42
    13
    48
    90
    15
    79
    76
   253
    37
    56
     0
     2
    11
     0
     0
     0
    29
    79
   203
   123
    58
    39
    31
    63
   171
    33
    51
    24
    54
   130
   160
   252
    49
   110
     0
     4
     6
     0
     0
     6
   101
   314
    79
    58
    67
    72
    49
    81
    51
    40
   106
    81
   115
    84
   243
   115
    60
     9
     0
     4
    10
    14
     0
     0
    73
    81
    47
    85
    42
    43
    31
    78
    30
    62
    18
    18
    45
    41
    37
   118
    80
    34
     0
     9
     6
     3
     0
     0
   106
    90
   148
   103
    37
    19
    21
    18
    29
    48
    19
    24
    31
    32
   168
    70
    62
    54
     0
    10
     0
     0
     0
     0
    43
    63
   144
   175
    59
    34
    32
   170
    51
    70
    76
    41
    50
    24
   133
   191
    45
    42
     0
     0
     0
     2
     3
     0
    38
    78
   159
   102
    58
    16
    33
    81
    42
     6
     9
    37
    43
    66
   136
    24
    41
    16
     0
     0
     0
     6
     3
     0
   127
   133
   109
   184
    31
    45
    26
    20
    93
    23
    35
    19
    58
    88
    65
   110
    29
    26
     7
     0
     0
     1
     8
     0
    69
    77
   109
   168
    42
    79
    53
    30
    83
    39
   141
    24
    35
    85
   138
   235
    33
    48
     0
     6
     1
     0
     0
     0
    62
    56
   180
   105
    34
    83
    39
    83
    40
    92
    34
    47
    78
    38
    99
    72
    84
    37
     0
     2
     2
     0
     0
     3
    60
    68
   365
   129
   113
    41
    19
    33
    28
    54
    43
    43
    38
    30
     8
   193
    98
    15
     0
     0
     6
     0
     4
     1
    38
    74
    84
   104
    16
    33
    26
    33
    20
    56
    74
    42
    43
    13
   100
    35
    28
    84
     0
     1
     1
     1
     0
     2
    18
    65
   228
   114
    14
    84
    40
    26
    18
    26
    34
   115
    37
    23
    83
   151
    53
    25
     0
     4
     0
     0
     0
     0
    55
   132
   191
    85
    24
    43
    18
    26
    48
    66
    60
    44
    25
    34
    14
   260
    17
    35
     0
     2
     0
     0
     0
     0
    27
    16
   144
   118
    34
    68
    34
    30
   330
    63
    83
    34
    95
    73
    54
    68
    19
    41
     0
     0
     4
     0
     0
     0
   162
   203
   117
   104
   138
    40
    42
    45
    48
    11
    79
    38
    54
   203
   101
   179
    66
    52
     0
     2
     9
     0
     0
     0
   110
    39
   109
   110
    50
    46
    69
    45
    65
    40
    81
    35
    19
   153
   202
   105
   107
    86
     0
     2
     0
     2
     0
     0
    26
    89
   188
    92
    16
    22
    30
    48
    42
    74
    40
    54
    27
    17
    52
    78
    26
    52
     0
     6
     0
     0
     0
     5
    65
    26
   200
    78
    26
    39
     4
   123
    45
    40
   128
    78
    81
    69
    97
   108
    40
    13
     0
     0
     6
     0
     2
     9
    16
   291
   139
   240
    32
    72
    61
    60
    18
    16
    66
    48
    26
    29
    99
   266
    94
    27
     0
     0
     0
     0
     2
     5
    41
   117
   141
   176
   100
    27
    32
    32
    38
    24
    90
    43
   114
    19
   155
   164
    19
    54
     4
     0
     0
     0
     0
     0
    68
    16
   155
   107
    29
    41
    20
    46
    56
    59
    74
    65
    57
    16
    60
    12
    66
    68
     0
     0
     6
     4
     9
     0
   134
   171
   175
   114
   100
    56
    24
    91
    40
    43
    48
    13
    81
    29
    71
   484
    39
    16
     0
     0
     1
     8
     1
     0
    55
    98
   124
   136
   201
    29
   215
   208
    74
    38
    52
    78
    43
    37
   259
    83
    22
    32
     0
     0
     3
     6
     0
     0
    26
    13
    33
   137
    69
    41
    50
    12
    52
    93
    17
    90
    51
    35
    69
    45
    52
    25
     5
     4
     0
     0
     0
     0
    48
    43
   265
    72
    37
    26
    42
    26
    73
    51
    59
    22
    29
    17
   189
    35
    40
    37
     0
     0
     0
     0
     4
     0
    20
    85
   208
   213
    49
    13
    63
    29
    76
    63
    22
    35
    19
    77
    88
    65
    17
    62
     2
     6
     6
     1
     0
     0
    20
    98
   157
   105
    69
    45
   194
    17
    40
    62
    76
    42
    25
    28
   145
    75
    72
    45
     0
     0
     0
     5
     0
     1
    65
    86
   142
   109
    30
   115
    20
    23
    56
    33
    30
    18
    63
    35
   121
   118
    48
    36
     0
     2
     9
     2
     0
     0
    48
   160
   111
   240
    17
    35
    65
    19
    49
    86
    25
    51
    12
    61
    17
    38
    58
    47
    11
     0
     0
     0
     0
     0
    36
    71
   262
   139
    20
    85
    21
   232
    46
    24
    79
    45
    53
   295
   174
    90
    37
    36
     0
    18
     0
     0
     3
     2
    66
    30
    29
   161
    22
    13
    43
   151
    47
    74
    88
    66
    67
    30
   101
    82
    34
    50
     0
     0
     0
     0
     1
     1
    57
    66
    74
   140
    38
    19
    46
    29
    36
    28
    34
    45
    35
   109
   103
    42
    21
    36
     0
     0
     4
     4
    18
     0
    18
    59
   143
   108
    45
    18
    51
    24
    35
     8
    58
    42
    43
    23
   102
    39
     7
    42
     0
     0
     0
     0
     1
     0
    23
    74
    43
   240
    36
    35
    30
    21
    39
    41
    29
    30
    60
    82
    12
    68
    49
    75
     0
     0
     0
     0
     0
     0
    32
   103
   133
    54
    66
    21
    30
    20
    25
    35
    53
    13
    24
    44
    62
    31
    71
    16
     6
     0
     0
     0
     0
     0
    48
   217
    70
   140
    56
    29
    19
    77
    54
    28
    27
    35
    50
    55
    13
   163
    61
    37
    14
     0
     7
     2
     5
    84
   182
   154
   214
    21
   106
    73
    38
    85
   123
    43
    35
    23
   156
    73
   158
    28
    59
     2
     0
     0
     7
     6
     0
    74
   109
   192
   119
   118
    36
    63
    32
    28
    34
    30
    61
    86
    49
   194
    33
    86
    59
     0
     0
     0
     0
     0
     0
    37
    75
   105
   158
    34
    22
    55
    75
   114
    27
    63
    89
    37
    36
   181
   184
    25
    76
     2
     0
     0
     2
     4
     0
    27
    20
   121
    80
    17
    31
    37
    44
    21
    28
    26
     7
    40
    20
   173
    31
   154
    30
     0
     0
     0
     0
     0
     9
    33
   116
   188
    53
    16
    23
    72
    46
    51
    83
    41
    23
    34
    16
   202
   226
    57
    44
     3
     5
     7
     2
     0
     3
    21
   146
   300
   123
    66
    55
    28
    17
    44
    72
    33
    12
    27
    29
   101
    58
    23
    47
     1
     0
     0
     4
     3
     0
    90
    91
    30
    94
    66
    62
    38
    45
    58
    67
    33
    22
    13
    25
   177
   197
    62
   102
     0
     0
    11
     4
     1
     2
   207
   101
    68
    91
    52
    53
    51
    72
   157
    42
    10
    26
    22
   221
    66
   147
    44
    50
     0
     4
     0
     0
    10
     4
    47
    61
    94
    38
    14
    35
    40
    30
    31
    82
    25
    37
    77
    32
    79
    41
    39
    19
     0
     0
     1
     0
     2
     4
    55
    77
   406
    76
    49
    35
    36
   152
   213
    70
    33
   118
    50
    43
    16
   100
    43
    85
     0
     0
     0
     0
     0
     0
    36
   125
   262
   127
    40
    30
    55
    90
    31
     7
   168
    20
    55
    77
   244
    45
    10
    37
     1
     0
     0
     2
     0
     0
    35
   138
   248
   181
    70
   154
    71
    32
    36
    41
    49
    30
    38
   117
    49
    90
    25
    37
     0
     0
     2
     3
     9
     4
   104
    91
   187
    68
    42
    23
    25
    38
    34
   138
    16
    47
    89
    46
   115
    78
    15
    38
     0
     0
     0
     5
     2
     1
    82
   157
   129
    90
   105
    68
    69
    19
   178
    53
    26
    27
    23
    53
   127
   103
    88
    27
     0
     1
     0
     8
     5
     0
    13
    90
   155
   168
    60
    45
    52
    34
    46
    88
    42
    48
    66
    43
   140
    62
   167
    43
     0
     0
     7
     1
     0
     3
    15
   142
   328
   206
    45
    21
    54
    97
    46
    76
    33
    29
    57
    92
    69
    27
     5
    50
     0
     0
     0
     1
     0
     0
    13
    92
    97
   110
    51
    28
    56
    35
    43
   128
   118
    12
    26
    22
    40
   237
    23
    65
     6
     0
     0
     0
     0
     0
    23
   123
   154
    62
    23
    52
    13
    62
   197
    25
    35
    31
    52
    70
    99
    50
    51
    69
     0
     0
     3
     1
     0
     4
    22
   130
   134
   101
    80
    44
    41
    94
   109
    23
    17
    13
    32
    17
   208
   166
    54
    45
     3
     0
     0
     0
     0
     0
    28
    80
   106
   121
    54
    27
    34
    21
    41
    71
    45
    38
    32
    30
   128
   104
    21
    29
     7
     0
     0
     5
     0
     6
    91
   112
   144
    89
    31
    78
   107
    23
    69
    61
    38
    15
    39
    26
   151
    51
   194
    43
     0
     0
     5
     4
     0
     0
   105
   195
   187
   155
    28
    24
    40
    55
    38
    19
    97
    10
    43
    28
   180
    56
    31
    79
     0
     0
     5
     2
     1
     3
    52
    83
   115
    51
    16
    25
   124
    57
    76
    84
    85
    58
    74
    66
    69
    23
    37
    30
     2
     2
     0
     0
     5
     0
    30
    24
   241
    63
   107
    10
   148
    15
    65
    16
    54
    33
    45
   171
    83
    35
    57
    46
     6
     3
     0
     4
     0
     6
    41
    69
   306
    80
    20
    27
    10
    20
    49
    61
    16
    66
    46
    58
     7
    92
    63
   113
     0
     0
     1
     0
     0
     0
    67
   180
   104
    86
    16
     9
    58
    72
    69
    41
    25
    29
    25
    54
    73
    95
    17
   160
     0
     1
     2
    21
    10
     0
    26
    68
    60
    45
    28
    17
    40
    81
    57
    60
    57
    35
    54
   109
    52
   264
    35
    36
     0
     0
     0
     3
     0
     2
    24
   122
   129
   151
    34
    61
   119
    33
   187
    49
    88
    21
    46
    31
    53
    94
    57
    46
     0
     0
     1
     9
     0
     0
    54
   144
   261
    59
    23
    42
    31
   131
    31
    22
    27
   100
    42
    63
   169
   113
    55
    86
     2
     0
     0
     0
     6
     1
   132
   160
    63
   187
    51
    73
    19
    40
    17
   213
    87
    79
   192
    26
   129
     7
    24
    38
     0
     0
     1
     0
     0
     0
    62
    77
   217
   199
    13
    11
    29
    34
    44
    47
    25
    34
    29
    33
   115
    62
    31
    87
    14
     0
     0
     0
     3
     8
    11
   151
   228
    58
    67
    26
    19
    44
    51
    23
    83
    17
    24
    64
    38
    72
    83
    25
     0
     0
     6
    12
     0
     3
    55
    98
   103
   144
    37
    13
    36
    29
    35
    68
    42
    61
    42
    23
   206
    29
    44
    60
     8
    13
     2
     9
     7
     5
    71
    51
   170
   227
    48
    30
   177
   168
    35
    77
    17
    34
    45
    68
    77
    30
    41
    11
     8
     6
     3
     0
     1
     0
    92
    81
   140
    49
   169
    35
    40
    29
    88
    63
    22
   101
    80
    70
    72
    32
    93
    27
     3
     0
     0
     0
     0
     1
    70
   106
   114
   200
   119
    50
    58
    29
    28
    60
    82
    39
    73
    23
   258
   182
    43
    47
     2
     0
     0
     0
     0
     0
    64
   211
   144
    87
    80
    26
    61
    60
    40
    16
    39
    46
    29
    34
    29
    45
    32
    17
     2
     0
     8
     6
     0
     0
    24
    97
   172
   141
    36
    46
    41
    86
    16
    42
    60
    34
    75
   181
    26
   168
    11
    59
     0
     0
     0
     0
     0
     0
     3
   160
   290
    78
    16
    36
    70
     5
   158
    70
    10
    20
    35
    34
   160
    82
    44
    44
     1
     0
     0
     0
     0
     7
    34
    64
    50
   156
    68
    14
   166
    34
    20
    81
   146
    26
    73
    82
   241
   194
    32
    26
     1
     0
     5
     0
     0
     0
   105
    32
   114
   154
    46
    34
    24
    26
    49
    20
    22
    25
    22
    28
    22
    77
    17
    31
     0
     0
     0
     0
     0
     0
    66
   155
   181
    62
    33
    37
   182
    41
    32
    27
    42
   120
    37
    51
   148
   127
    61
    49
     4
     0
     1
     0
     0
     0
    28
    69
   331
    45
    30
    84
    51
    76
    58
    61
    75
     3
    37
    43
   149
    63
    30
    50
     1
     0
     0
     0
     0
     0
    18
   115
   272
   105
    11
    32
    35
    36
    30
    14
    52
    39
    59
    20
   199
   101
    26
    38
     2
     0
     5
     2
     2
     0
    29
   122
    87
   182
    43
    29
   167
    27
    35
    27
    14
    27
    40
    33
   197
    59
    55
    20
     8
     2
     0
     0
     0
     0
   117
   139
   243
   126
    25
     9
    56
    29
    44
    74
   113
    35
    38
    24
   129
    67
    69
    73
     6
     0
     4
     0
     4
     9
   101
    87
    97
   187
    32
    28
    26
    30
    77
    30
    45
    53
    25
    25
   383
    23
    35
    34
     0
     1
     7
     0
     4
     2
    76
   170
   264
    73
    30
    37
    83
    53
    27
    67
    38
    24
     2
    29
    99
    57
    13
    26
     0
     9
     0
     7
     0
     2
    18
   138
   328
    73
    30
    34
    69
    53
    42
    13
    91
    35
    30
    16
   266
    63
   124
    40
     4
     0
     0
     8
     0
    13
    62
   156
   154
    16
    52
    24
    70
    47
    41
    67
    36
    65
   162
    35
    77
   173
    44
    94
     2
     0
    15
     1
     0
     6
    51
    72
    51
   190
    63
    67
   165
    12
    46
    30
    28
    33
    48
    67
    52
    79
    34
    66
     0
     0
     2
     0
     0
     7
    48
    74
   315
    18
    73
    16
   106
    19
    36
    63
    12
    13
    15
    26
   100
     8
    16
    33
     0
     0
     0
     2
     0
     0
    42
   113
   250
    22
   124
    20
    35
    68
    15
    20
    26
    36
    24
    23
    59
   362
    37
    36
     0
     0
     0
     0
     4
     6
    29
    18
   231
    59
    65
    64
    78
    92
    35
    18
    60
    73
    15
     9
    32
    64
    20
    12
     0
     4
     4
     0
     0
     0
    22
    28
    64
   121
    29
    17
    85
    16
    36
   212
    51
    84
    71
    50
    91
   262
    18
    20
     2
     6
     0
    12
     0
     6
    26
   133
   244
    82
    14
    25
    38
    24
    45
    46
    33
    18
    32
    70
   203
   110
    51
    54
     4
     0
    16
     2
     0
     7
    52
    86
   174
    24
   163
    56
    34
    90
    56
    51
    45
    51
   199
    81
   188
    30
    74
    56
     1
     0
     5
    13
     0
     0
    31
    69
    27
   173
    40
    75
    55
    35
    65
    34
    21
    33
    35
    33
    76
    83
    44
    29
     0
     0
     4
     2
     0
     8
    71
    25
    76
    99
    37
    10
     5
    26
    11
    22
    21
    23
    28
    34
   182
     8
    62
    27
     2
     4
     0
     0
     4
     0
   103
   108
   155
    66
   106
     6
    20
    50
    43
    36
    36
    55
    28
    49
    34
   108
    32
    38
     2
     3
     7
     8
     0
     4
    38
    81
   231
    68
   142
    27
    20
    29
    83
    82
    32
    35
    22
    57
    52
   107
    35
    59
     0
     1
    11
     0
     0
     0
    23
    68
   144
   109
    60
    26
    16
    17
    45
    41
    80
    39
    17
    23
    24
   167
    26
    41
     5
     0
     0
     0
     0
     2
    59
   138
   294
    15
    28
    34
    21
    70
    21
    52
    56
    40
    61
    20
    47
    92
    35
    59
     1
    13
     7
     1
    11
     0
    23
   169
   166
    31
    29
    52
    79
    43
    70
    64
    42
    53
    66
    22
   223
   112
    42
   104
     0
     0
     1
     8
     0
     7
    36
   113
   107
   139
    16
    30
    33
    48
    46
    27
   191
    53
    58
    38
    34
    31
    18
    26
     0
     0
     3
     0
     0
     0
    64
   125
    81
    67
    38
    19
    37
    35
    37
   200
   100
    48
    82
    69
    59
   162
    70
    32
     0
     0
     8
     0
     0
     0
    26
   151
    61
   151
    28
    16
    14
    22
    41
    57
    23
    36
    17
    31
    25
    71
    29
    24
     0
     2
     2
     5
     0
     0
    62
   175
   218
    69
   149
    47
    63
    64
    44
    14
    86
    24
    42
    30
    55
   156
    22
    31
     2
     0
    11
     6
     0
     0
    24
    75
   249
    59
    34
    43
    35
    48
    76
     6
   109
    23
    36
    58
   170
   134
     8
    17
     4
     0
     0
     0
     0
     8
   118
    87
   213
   153
    26
    59
    45
    38
    39
   318
    19
    15
    17
   198
    34
   193
    29
    58
     8
     1
     0
     0
     4
     0
    71
    68
   292
    74
    64
    14
   111
    19
    72
    65
    24
   186
    28
   175
   318
    67
    19
   107
     8
     8
     0
     0
     0
     0
    34
   118
   214
   149
   163
    34
    41
     7
    28
    15
    53
    23
    18
    89
   161
    95
    26
    24
     0
     0
     5
     0
     5
     0
   106
   102
   140
     7
    32
    70
    44
    18
    43
    35
    35
    45
    26
    31
    39
    28
    32
    17
     2
     1
     0
     8
     7
     2
    17
   110
   134
    18
    34
    14
    20
    36
     9
    17
     5
    17
    30
    43
    62
    47
    58
     5
     0
     0
     0
     2
     0
     5
    51
   101
   247
   133
    31
    94
   180
    33
    73
   159
    32
    78
    40
    12
    45
    48
    28
    24
     1
     0
     0
     0
     0
     0
    54
    67
   142
    30
    47
   209
    24
    21
    21
   181
     8
    11
   168
    16
    33
    55
    29
    37
     6
     7
     0
     0
     0
     0
    96
    52
   205
   269
    66
    49
    25
    53
    52
    12
    42
    29
    54
    44
    69
    99
    49
    58
     0
     0
    15
    12
     1
     1
   102
   157
   107
   180
    34
    48
    81
    40
    65
    49
    86
    73
    30
    55
    45
    98
    35
    40
     0
     0
     2
     6
     0
     0
    64
   114
   102
    62
    26
    21
    50
    80
    27
    79
    50
    63
    21
    38
   100
    61
    21
    57
     0
     0
     8
     0
     2
     6
     6
   169
    73
    14
    65
    37
    28
    25
    28
    13
    67
    31
    74
    28
   160
    33
    78
    15
     0
     0
     8
     3
     0
     0
    80
   102
   102
    55
    41
    56
    33
    60
    79
    31
    53
    13
    38
    45
    49
    41
    84
    46
     0
     0
     0
    16
     0
     1
    54
    27
   112
    97
    41
    36
    18
   219
    86
    10
    32
    45
    14
    73
    51
    32
    10
    46
     0
     0
     0
     0
     0
     0
    34
   151
   102
    96
    44
    27
    30
    22
    46
    41
    28
    68
    72
     9
    54
    64
    17
    29
    11
     0
     0
     0
     4
     0
    42
   199
   156
    61
    19
    17
    35
    60
     9
    23
   114
    65
    29
    30
   109
    20
    37
    20
     0
     0
     0
     0
    10
     9
    81
    64
    48
   109
    33
    88
    32
    44
    48
    36
    22
    34
    32
    56
   124
    78
    28
    66
     1
     0
     1
     0
     0
     0
    31
   105
   179
   132
    53
    17
    77
    33
    15
    22
    40
    46
    37
    27
    86
   214
    38
    25
     5
     6
     2
     0
    10
     0
   101
   112
   115
   198
    37
    28
    26
    31
    18
    71
    25
    27
    47
   125
    38
    31
   167
    73
     0
     0
     0
     0
     0
     3
    24
   177
    79
   177
    86
    14
    18
    17
    69
    25
    30
    52
    20
    41
    21
   161
    18
    21
     0
     0
     6
     0
     5
     0
    23
   106
   182
   104
    22
    22
    26
    67
    26
    41
    26
    82
    13
    23
   105
   156
    29
    14
     0
     0
     0
     0
     0
     0
    25
    68
   144
   106
    48
    18
    29
    58
    28
    18
    77
    14
    19
   157
    50
    13
    77
    20
     4
     0
     6
     4
     7
     0
   107
   121
    60
   123
    15
    14
    28
     8
    28
    81
    32
    19
    29
    26
    45
    26
    14
    94
     7
     0
     0
     0
     2
     0
    33
    69
    26
   308
    19
    19
   103
    20
    78
    99
    55
    15
    20
    39
   120
    53
    51
    51
     0
     0
     0
     1
     0
     5
    13
    11
    97
    61
    31
    39
    19
   120
    63
    24
    41
    86
    22
    11
    39
   103
    35
    12
     0
     0
     0
     0
     5
     0
    60
    67
    95
    28
    28
    50
    55
    35
     8
    28
    30
    28
    49
    43
    39
    60
    20
    40
     0
     0
     5
     0
     2
     0
    28
   141
    78
    48
     6
    74
    29
    32
    52
     0
    57
    38
    31
    14
   153
   234
    16
    37
     0
     0
     0
     0
     0
     0
    54
   193
   108
   130
    32
    21
     4
    38
    33
    25
    16
    18
    13
    32
   165
    77
    42
    35
     0
     2
     0
     0
     0
     0
    21
   131
   209
    33
    22
    42
    65
    34
    39
   162
    13
    59
    20
    10
    67
    82
    35
    97
     4
     2
     0
     0
     0
     0
    28
    44
    52
   111
    30
    33
   114
   127
    41
    71
    28
    31
    85
    96
    52
   112
    46
    30
     0
     0
     0
     0
     7
     4
    40
   105
   110
   163
    34
    19
    81
    31
    46
   163
    23
    27
    36
    79
    80
    94
    79
    41
     0
     7
     2
     0
     0
     0
    19
    72
   184
    24
    17
    58
    62
    42
    60
    29
     9
   127
    31
    16
   115
   101
    30
    14
     0
     1
     0
     4
     0
     2
    12
    12
   226
   120
    21
    28
    67
    18
    15
   211
    35
    49
    56
    23
   108
    29
    18
   103
     8
     0
     0
     0
     0
     0
     5
   108
   136
    96
    29
    13
    27
    95
    36
    28
    52
    29
    25
    41
    91
   168
    35
    45
     0
     0
     0
     5
     8
     0
    23
   147
   122
   207
    12
    15
    49
    19
    50
    41
    30
    36
    30
    19
   198
    77
    18
    46
     0
     1
     0
     0
     0
     0
     5
   190
   189
   143
    19
    23
    44
    46
    63
   166
    20
    23
    16
    29
   102
    16
    27
     4
     0
     9
     5
     0
     1
     7
    30
   114
   223
   113
    29
    26
    44
     8
    49
    30
    68
   160
   179
    84
   117
    37
   118
    75
     0
     4
     0
     0
     0
     4
    44
   223
   309
   149
    36
    72
    24
   126
    20
    56
    74
    25
    31
    46
   189
    64
    44
    31
     0
     0
     0
     0
     8
     0
    38
    78
   104
    93
    75
    27
    85
    24
    20
     6
    20
    17
   176
    33
    28
    59
    40
    59
     0
     0
     0
     5
     0
     5
    69
    59
   210
    61
    13
    44
    21
    39
    29
    35
    53
     9
    21
    33
    70
    66
    31
    16
     0
    11
     7
     0
    14
     0
    56
     5
   118
    31
    10
     6
    45
    29
    26
   162
    33
    30
    13
    27
   181
    65
    78
    17
     5
     2
     1
     4
     0
     2
    37
    94
   120
   104
    29
    21
    80
    44
    34
    18
    39
   169
    24
    29
   100
    76
    34
    29
     0
     0
     2
     1
     1
     0
    11
    24
   155
    66
    34
    27
    23
   114
    29
    34
    24
    75
    27
    11
    70
    37
    27
    22
     0
     0
     0
     2
     0
     8
    67
   145
    64
   158
    12
    39
    49
    59
    41
    40
    32
    27
    55
    84
    58
    45
    14
    17
     0
     0
     0
     2
     0
    14
    35
    95
   265
    48
    42
    73
    63
    35
   166
   160
    46
    81
    82
    28
    92
    56
    33
    55
     0
     0
     0
     0
     0
     0
    24
   149
   308
   104
    28
    26
    21
    63
   107
    34
    73
     3
    49
    44
    56
    76
    27
    51
     0
     0
     0
    10
     0
     5
    45
    59
   132
   196
    28
    53
    29
    32
   151
    16
    10
     2
    34
    54
    60
   109
    60
    19
     0
     0
     5
    16
     8
     0
    50
   128
    51
    55
    27
    14
    46
    60
    25
    29
    47
    20
    61
   284
   147
    69
    29
    21
    12
     7
     0
     0
     0
     0
    15
   228
   107
    47
     9
    37
    41
    26
    12
    27
    16
    31
    43
    50
    30
    67
    73
    16
    15
     6
     0
     0
     0
     0
    20
    61
   159
    21
    23
    16
    71
    23
    28
    18
    14
    24
    24
    41
   176
   110
    29
    22
     0
     0
     4
     0
     0
     5
    39
    95
   185
    47
    42
    33
    61
    41
    72
    46
    30
    42
     9
    40
   287
    65
    16
    21
     0
     6
     0
     0
     0
     0
    31
    62
   250
   147
    52
    29
    56
    20
    25
    45
    26
   150
    55
   188
    88
   177
    48
    90
     2
     1
     2
     3
     0
     4
    43
    68
   190
    66
    40
    40
    33
    26
    31
    27
    53
    40
    26
    55
    94
    25
    33
    11
     0
     2
     0
     0
     0
     0
    12
   128
   108
   128
    72
    16
    22
    50
    33
   108
   172
    47
    20
    12
    65
    26
    56
   180
     0
     0
     2
     2
     2
     0
    20
   119
   133
    65
    12
    14
    21
    17
    31
    44
    75
    33
    87
    57
   203
    29
    78
    30
     0
     0
     3
     0
     0
     0
    47
   161
    98
   113
    17
    78
    30
    23
    24
    27
    24
    19
   154
   145
    34
    82
    48
    48
     0
     0
     0
     4
     0
     0
    21
    73
   112
   127
    47
    12
    51
   173
    54
    47
    30
    96
    25
    28
    66
   105
    48
    82
     0
     0
     5
     0
     0
     0
    38
   165
   138
    23
    29
    52
    12
    28
    34
    33
    38
    26
    21
    92
   236
   176
    40
    69
     2
     6
     8
     0
     0
     6
    85
   162
   282
   130
    29
   192
    29
    63
    20
    46
    79
   186
   179
    79
    21
   116
    74
    40
     0
     0
     0
     0
     0
     4
    65
    99
   354
   121
    35
    34
    17
    55
    47
    45
    18
    35
    17
    12
    33
    29
    33
    18
     1
     0
     0
     0
     7
     7
    39
    19
   133
   147
    21
    25
    34
    57
    41
    18
    34
    14
    68
    17
    11
    66
    18
    27
     0
     0
     4
     6
     5
     6
    45
    59
   136
    92
    27
    46
    37
    33
    31
    42
    25
    34
    56
     8
    68
    24
    15
    30
     2
     6
     0
     0
     0
     6
    11
    66
    94
    95
    18
    30
    23
    27
    43
    17
    27
    12
    20
    65
   148
   152
    37
    14
     1
     0
     0
     0
     0
     2
    95
   108
   136
   135
    32
    78
    12
    19
    17
    33
    52
    21
    25
    33
   238
   110
    42
    29
     0
     0
     0
     0
     6
     0
    31
    53
   233
   288
    56
    31
    86
   205
    12
    28
    54
     8
    25
    48
    28
    52
    47
    20
     0
    10
     0
    13
     9
     3
    44
   164
   204
   139
    99
    82
    39
    51
    39
    19
    46
     7
    30
    51
    54
    20
    24
    20
     0
     0
     6
     7
     0
     2
    29
    25
   142
    46
     6
    42
    33
    40
    65
    14
    41
    34
    26
    29
    16
    31
    28
    30
     0
     3
     0
     5
     0
     7
    35
    51
   107
    45
    24
    69
    56
    20
    19
    20
    14
   158
    40
    83
   152
   162
    15
    29
     0
     0
     0
     0
     0
     0
    34
   181
   143
   146
    73
    40
    29
    70
    34
    40
    21
    18
    31
    23
    53
   115
    70
    13
     8
     3
    10
     0
     0
     7
    54
    64
   245
    65
    18
     5
    45
   221
    28
    33
   162
    65
    19
   169
    76
    73
    20
    19
     0
     0
     0
     0
    11
     0
    29
   181
   177
    23
     6
    67
    23
    22
    13
    46
    19
    37
    18
    51
    46
    26
    22
    51
     2
     0
     0
     0
     0
     0
    27
   200
   190
    92
   162
    34
    31
    42
    69
    28
    44
    46
    70
    68
    45
    31
    66
    30
     4
     0
     2
     0
     0
     0
    45
    71
   165
   150
    49
    85
    98
    79
    45
    22
    96
    40
    32
   162
    70
    39
    47
   125
     0
     2
     0
     0
     0
     0
    58
   146
   201
   147
    13
    55
    85
    56
    27
    37
    18
    39
    27
    26
    16
   105
    65
    13
     0
     0
     0
     0
     1
     0
    15
   106
    64
   105
    20
    10
    33
     7
    19
   165
   209
     9
    44
    22
    88
    61
    45
     6
     0
     1
     0
     0
    13
     0
    19
    95
    83
    76
    20
    32
   115
    35
    29
    17
    30
    39
    29
   187
   109
    25
    67
    34
     0
     5
     0
     9
     0
     0
    18
   179
   160
    92
    29
   104
    14
    85
   119
    41
    51
    24
    27
    59
   200
    56
    72
    51
     0
    16
     0
    18
     0
     0
    59
   112
    55
   109
    22
    40
    15
    41
    41
    51
   175
    31
    17
    21
    30
   128
    26
    74
     0
     0
     0
     0
     0
     0
    29
    68
   160
   154
    29
   109
    71
    20
    31
   121
    34
    55
    11
    68
   115
    66
    25
    67
     0
     0
     0
     0
     0
     6
    27
   154
   155
   147
    39
    29
    27
   217
    26
    68
   180
    34
     9
    70
   103
    50
    53
    53
     0
     0
     6
     0
     0
     2
    18
    27
    78
    82
    33
    19
    32
    10
     6
   128
    29
    32
    36
    19
   173
   164
    40
   175
     1
     0
     7
     0
     1
     0
    43
    44
   164
    51
    38
    29
    15
    21
    42
    20
    36
    41
    74
    21
   263
    26
    43
    20
     0
     0
     6
     0
     0
     0
    12
    61
   175
    63
     7
    22
    28
    18
    34
    27
    42
    30
   168
    41
    69
    59
    45
    95
     9
     2
     0
     0
     7
     3
    19
    48
   112
    76
    14
    33
    61
    24
    38
    47
    38
    33
    32
    40
    27
    28
    13
    46
     0
     0
     5
     0
     0
     0
    52
   107
    61
    26
    17
    18
    17
    26
     6
    23
    18
    23
    18
    46
    11
   123
    62
     6
     0
     3
     0
     0
     0
     3
    53
   229
   267
   191
    15
    82
    49
    28
    55
    79
    68
    50
    98
    18
   210
    58
    94
    24
     0
     0
     1
     0
     0
     5
    24
   188
    98
    53
    31
    22
    38
    38
    21
    39
    50
    32
    58
    47
   183
   292
    54
    17
     0
     5
     0
     4
     0
     7
    27
   134
    98
   191
    64
    27
    36
    48
    20
    15
     0
    28
     7
    16
   199
   248
    22
    24
     0
     5
     0
     0
     0
     9
    14
   180
    59
    70
    39
    27
    23
   202
    42
    43
    96
    18
    21
   163
    17
   144
    24
     9
     0
     0
     1
     3
     6
     0
    13
   104
   137
   103
    91
    46
    58
    40
    26
   125
    49
    53
    32
    64
    75
   210
    21
    36
     0
     5
     0
     0
    12
     0
    25
    52
   155
   158
    23
    37
   195
     5
    68
    48
    30
    54
    50
    35
    52
    21
    59
    13
     0
     5
     0
     0
     0
     0
    55
    67
    55
    23
    39
    28
    13
    22
    17
    61
    31
    54
    23
    46
   228
    14
    46
    64
     0
     0
     6
     0
     4
     2
    47
   171
   348
    59
    28
    92
    63
    36
    28
    66
    58
    35
    46
   161
   173
   153
    41
    40
     0
     0
     0
     0
     0
     0
    33
    82
    86
    19
    20
    17
    17
    63
    48
    66
    34
    31
    21
   157
    94
    42
    71
    18
     0
     0
     0
     0
     6
     0
    13
    20
    33
    88
    16
     0
    12
    13
    12
    15
    10
     7
    54
    38
    69
    69
    11
    27
     8
     0
    10
     0
     3
     0
    87
    56
   241
    70
    25
    84
    45
    38
   198
    53
    29
   221
    52
    78
    26
   114
    31
    55
     0
     7
     0
     0
     3
     0
    99
   156
    63
     9
    26
    30
   175
    30
    22
    25
   101
     7
    17
    79
   343
   102
    57
    46
     0
     7
     0
     0
     3
     0
    21
    64
   140
   108
    24
    47
    81
    15
    47
     8
    22
    36
    81
    11
    56
    70
    26
     9
     0
     1
     0
     0
     4
     0
    25
   135
   215
    48
    41
    25
    22
    22
    13
   101
    32
    34
    31
    27
    59
    12
    25
    24
     0
     9
     0
     3
     7
     0
    50
    47
    66
   179
     8
   102
    67
    39
    57
    45
    61
    30
    29
    71
    36
    71
    29
    79
     0
     9
     0
     0
     0
     2
    73
    82
   109
   114
    28
    35
    29
    71
    32
    25
    24
    58
    22
     9
    48
   303
    73
    46
     4
     0
     3
     0
     9
     0
    45
   109
   111
    46
    14
   169
   155
    51
    39
    79
    17
    67
    21
    44
    17
     5
    60
    42
     0
     0
     2
     0
     3
     0
    25
    66
    50
    69
    48
    34
    28
    80
    32
    22
    21
    14
    24
    25
    45
    95
    30
    26
     0
     0
     0
     2
     8
     7
    18
    67
    92
   156
     7
    46
    16
    62
    51
    23
    67
    80
    36
    28
    39
   124
    22
    55
     0
     5
     7
     0
     0
     0
    20
    16
   134
    58
    18
     9
    20
    21
   214
    26
    19
    10
    12
     4
   158
    60
    75
    48
     0
     1
     0
     1
     0
     0
    92
   108
    70
   181
    31
    76
     8
    74
    61
    25
    17
    86
    69
   101
    56
    88
    22
    76
     0
     0
     0
     0
     3
     0
    24
    87
    41
    49
    13
    38
    18
    71
    28
    35
    42
    81
    24
    72
    97
    22
    47
    26
     0
     0
     1
     1
     7
     4
    26
    61
   174
   165
    36
    26
    69
    80
    36
    14
    90
    21
    33
    16
    30
    62
    25
    73
     4
     0
     1
     0
     0
     0
    36
   110
   120
   204
    21
    32
   101
    34
    12
    81
    17
    62
   221
    39
    65
    21
    29
    25
     0
     0
     1
     0
     0
     0
    55
   119
    65
    74
    23
    17
    23
    19
    61
    88
    58
    71
    68
    30
    54
    68
    49
   100
     0
     0
     2
     0
     2
     6
     7
    10
    61
   177
    12
    22
    25
    41
    48
    16
    19
    74
    25
    64
   113
    53
    20
    11
     0
     0
     0
     0
     3
     0
    34
   135
   186
   125
    30
    26
    29
    34
    11
    14
    45
    53
    18
    37
   175
   183
    18
    23
     0
     0
     0
     0
     0
     0
    14
    72
   217
   104
    27
   101
   207
    38
    26
    28
    26
    26
    27
    27
    32
   157
    24
    89
     5
     3
     0
     0
     1
     5
    89
   111
    55
    73
    36
    65
    68
    23
    27
    15
    23
    32
    35
    39
   182
   383
    15
    50
     5
     0
     0
     0
    12
     0
    50
    91
    91
   183
    43
    49
   165
    35
    31
    45
    18
    70
    32
    59
   147
   136
    40
    68
     0
     0
     0
     0
     0
    10
    15
   142
   192
   145
    28
    23
    25
    31
    32
    41
    65
    79
    65
    97
    57
   203
    28
    22
    11
     0
     0
     2
     0
     0
    49
    14
    99
    50
    24
    32
    36
     9
    22
    16
    35
    16
    23
    31
   161
   161
    59
    84
     0
     0
     0
     1
     0
     0
    57
   113
   265
    12
    59
    26
    15
    19
   155
    34
    40
    33
    23
    24
    40
    22
    39
    41
     1
     0
     0
     8
     0
     0
    20
    29
   143
    75
    19
   103
   167
    38
    29
    28
    70
    50
    26
    45
    80
   106
    73
    18
     6
     0
     0
     0
     5
     0
     8
   194
   103
    57
    37
    38
    27
    94
    41
    43
    42
    28
    37
    52
    17
    37
    16
    37
     4
     0
     0
     6
     0
     1
    33
    25
    92
    67
    65
    59
    42
   196
    30
   162
    45
    58
    55
    34
   281
    86
    41
    40
     7
     1
     0
     8
     9
     0
    42
   102
   188
   155
    43
    25
    10
    31
    95
   196
    39
    43
   125
   184
    89
    89
    21
    40
     0
     0
     0
     0
     0
     0
    31
   117
   109
    96
    25
    29
    17
    35
    23
    38
    44
    30
   197
    21
    21
    35
    62
    42
     0
     2
     0
     2
     0
     0
    73
    90
   159
    65
    20
    30
    23
    22
    18
   210
    33
    23
    30
    37
    54
    33
    15
    20
     0
     0
     0
     3
     1
     0
    40
    88
   108
   107
    24
    17
    22
    29
    34
    14
    32
   154
    53
    34
    63
    27
    32
    30
     0
     5
     0
     0
     5
     0
    11
    39
   129
    56
    49
    24
    13
    20
    16
    49
    20
    32
    18
    93
   245
   229
    13
    35
     0
     2
    13
     6
     0
     0
    72
   106
   236
    39
    33
    25
    71
    35
    20
    45
    26
    15
    18
    26
    77
    77
    28
    62
     3
     0
    14
     8
     7
     8
    79
   106
   109
   104
    19
    74
    33
    61
   197
    28
    18
    77
    74
    14
   180
    18
    63
    42
     0
     0
     5
     0
     0
     4
   120
    81
    92
   193
    36
    22
   180
   186
    19
    41
    48
    61
    53
    11
    66
   123
    29
    31
     3
     0
     0
     1
     0
     4
    26
    48
   222
   156
    18
    85
     8
    23
    53
    11
    48
    14
    15
    61
    41
    24
    48
    15
     0
     0
     0
     0
     0
     6
    84
    30
   181
   165
    22
    48
    27
    31
    13
    28
    51
    25
    30
    84
    34
    12
   178
    62
     2
     0
     0
     6
     3
     0
    12
    22
    74
   165
    14
    52
    50
    31
    48
    59
    96
    30
    38
    58
    86
    43
    42
    16
     0
     0
     0
     4
    11
     0
    15
   235
   250
   104
    11
   104
    19
    17
    43
    19
   206
    38
    76
   256
    72
    31
    24
     6
     0
     0
     0
    15
     0
     3
    60
   102
    93
    87
    70
    22
    43
    31
    24
    49
    63
    54
    18
    15
    97
   119
    28
    19
     0
     0
     0
     0
     0
     0
    31
    77
   200
   121
   184
    64
    28
    60
    31
    45
    16
    65
    58
    56
   140
    66
    23
    43
     0
     0
     0
     0
     4
     0
     8
   132
   143
   101
    42
    65
    12
    31
    39
    46
    39
    22
    60
    68
    76
   147
    32
    26
     0
     0
     2
     1
    14
     2
    68
   115
    98
   106
    16
    48
    79
    18
    16
    47
    14
    32
    25
    28
   109
    21
    44
    40
     0
     0
     0
     0
     0
     8
    69
   189
   175
   126
    31
    61
    26
    32
   187
    61
    24
    18
    76
    26
   150
   140
    76
    30
     3
     4
     0
     0
    10
     2
    50
    62
   163
   108
    92
    18
    44
    44
    35
    13
    37
    20
    30
    29
   255
    67
    31
    15
     3
     8
     0
    12
     0
     7
    47
   146
   111
    60
    64
    43
    21
   172
    27
     6
    33
     9
    24
    80
    43
    45
    30
    23
     0
     8
     2
     0
     3
     3
    24
    28
    65
    96
    60
    25
   183
   167
    70
    73
    19
    15
    27
    36
   115
    65
    19
    33
     6
     2
     0
     0
     9
     7
    36
    22
   164
   127
    37
    72
    27
   133
    36
    40
    67
    39
    33
   182
    14
   118
    83
    61
     0
     0
     6
     3
     0
     2
   106
    84
    96
    66
    66
    61
    28
    33
    42
    57
    86
    29
    46
    27
   139
    68
    32
    27
     8
     0
     0
     0
     0
     4
    20
    17
    88
    97
    28
    14
    39
   154
    31
    13
    20
    37
    89
    34
    28
   178
    36
    24
     0
     0
     7
     0
     2
     0
    16
    96
   121
   135
    15
    25
    18
    39
    51
    18
    18
    30
    33
    84
    17
    37
    29
    24
     0
     0
     0
     0
     8
     0
    35
    27
   103
    37
    60
    62
    42
    24
     3
    48
    31
    30
    21
    58
   184
    41
    55
    16
     1
     0
     0
     0
     0
     9
     0
    48
    68
   186
    60
    22
    25
    34
    63
   159
    50
    54
    74
    36
    98
    60
   104
    14
    39
     0
     0
     0
     0
     0
     3
    34
   151
   121
   139
    13
    34
    11
    26
    20
    86
   299
   193
    32
    45
   149
    31
    29
    28
     2
     3
    13
     0
     0
     1
    23
    73
   112
    94
    60
    32
    64
    10
    81
    45
    55
    27
   112
    24
    76
   209
    35
    20
     0
     0
     2
     2
     0
     0
    63
   156
   236
   109
    38
    23
    81
    76
    42
    14
    32
    40
    22
    46
   260
   124
    29
    23
     0
     0
    12
     0
     1
     0
     3
   240
    94
    59
    34
    60
    34
    10
   173
    51
    24
    11
    24
    74
   149
    15
    38
    12
     0
     0
     0
     0
     0
     2
    57
   195
   138
    98
    15
    19
    21
    44
    38
    19
    31
    20
    82
    23
    77
   142
    76
    75
     0
     7
     0
    13
     8
     0
    68
   109
   188
    68
    55
    19
    30
    26
    47
    25
    40
    26
     5
   106
    17
    17
   110
    21
     0
     0
     9
     0
     0
     0
    68
   119
   195
    33
     7
    18
    52
    51
    75
    43
    17
    68
    52
    43
    18
    33
    42
    36
     0
     3
     5
     0
     0
     5
    43
   123
   226
    84
    35
    32
    17
    43
    54
    67
    39
    21
    36
   304
    58
    50
    51
    40
     0
     0
     0
     0
     0
     0
    33
   184
   192
   168
    42
    20
   173
    27
    48
    40
    35
    55
    16
   268
    14
    32
    37
    38
     6
    11
     0
     2
     0
     5
    30
   129
    12
   170
    33
    44
    32
   155
    17
   196
    26
    18
    66
   124
   128
   102
    26
    39
     0
     0
     0
     0
     6
     0
    57
   105
   231
    93
    19
    19
     3
    15
    57
    41
    20
    24
    30
   235
   234
    51
    37
    18
     0
     3
     0
     3
     0
    16
    20
    52
   150
    69
    29
     5
    20
    56
   128
    12
    37
    62
    42
    47
   115
    28
    53
    45
     5
     0
     0
     0
     0
     0
    71
    93
   107
   140
    26
    27
    34
    33
    33
    38
    27
    30
    21
   221
    77
    69
    19
    68
     4
     4
     0
     0
     0
     2
    28
   131
   169
   135
    16
    26
    24
    24
    63
    22
    84
    34
    47
    34
    57
   298
    21
    49
     0
     1
     1
    10
     0
     0
    70
   119
   228
    82
    25
    67
    15
    32
    32
    33
    16
    43
    36
    73
    79
    46
   106
    88
     6
     0
     0
     0
     0
     0
    34
   175
   323
    58
    57
    21
    37
   110
    61
    39
    34
    21
    32
    63
   143
    80
    29
    34
    10
     8
     0
     0
     0
     0
    66
    78
    25
    63
    40
    13
   196
    35
    44
    37
    53
    67
    23
    71
   133
    11
    37
    65
     0
     0
     1
     0
     0
     7
    26
    94
   158
   152
    25
    62
    59
    49
    28
   150
    27
    33
    84
    23
    18
    18
    21
    32
     0
     8
     0
     0
     9
     0
    52
    58
    82
   181
    46
    21
    32
    26
    49
    20
     1
    36
    34
    43
    24
   106
    15
    67
     0
     0
    19
     0
     0
     0
    37
   145
   158
    15
    41
    36
    28
    19
   156
    42
    21
    23
    16
    38
    79
   293
    24
    37
     0
     0
     0
     0
     0
    14
    16
   115
    64
    99
    23
    40
    30
    28
    74
    28
    48
    23
    22
    30
   158
   186
   112
    30
     0
    10
     2
     0
     0
     0
    15
   170
    33
   107
    13
    42
    29
    28
    27
     9
    53
    35
    21
    75
    61
    57
   156
    86
     0
     0
     4
     0
     0
     0
   125
   161
   240
    84
    21
   212
    27
    39
    34
    33
    42
    28
    67
    11
    64
    78
    56
    40
    10
     0
     0
     0
     7
     0
    84
   162
   151
   129
    47
    36
    26
   236
    33
    25
    55
   222
    65
   312
   165
   115
    47
    58
     4
     0
     0
     0
     0
     0
    23
   182
   137
    17
    27
    33
   165
    21
    34
    34
    58
    35
    25
    20
    90
    74
    42
    45
     0
     0
     8
     0
    11
     0
    29
   131
   191
   108
     2
   111
   116
    79
    79
    77
    44
    32
     9
    46
    15
    47
    14
    26
     2
     3
     0
     9
     0
     0
    17
   103
   139
    81
    11
    15
    86
    33
   220
    66
    24
    62
    49
    35
    62
    20
    10
    24
     0
     0
     0
     2
    10
     0
    48
    75
   178
    98
    60
    58
    13
    48
    81
    65
    38
    65
    37
    23
   110
    20
    38
    32
     1
     4
     0
    10
     0
     0
   111
   230
   322
   109
    69
    45
    65
    23
    39
    41
    25
    36
    63
    24
    83
    52
    76
    30
     2
     6
     0
     0
     4
     0
    21
    59
   129
    95
    17
    45
    32
   182
    97
   216
    87
    50
    54
    85
    63
   129
    65
    48
     1
     4
     0
     2
     0
     0
    66
   211
   332
   268
    33
    82
   101
    68
    38
    59
   129
    44
    25
    99
    87
    77
    42
    63
     0
     0
     0
     7
     0
     0
    46
   155
    94
   109
    33
    25
    27
    35
    27
    34
    34
    18
    21
    31
    65
   117
    73
    64
     0
     0
     1
     6
     0
     0
    55
    45
   198
    83
     4
    61
    65
    37
    57
     7
    19
    34
    32
    14
   117
    87
    16
    23
     5
     0
     0
     0
     0
     2
    22
    98
   134
    67
    19
   172
    43
    60
    27
    35
     9
   227
    70
    19
    59
    41
    24
    30
     0
     2
     4
     5
     0
     0
    33
   132
   191
    94
    67
    81
    33
    25
    19
    28
    33
    91
     7
   272
    28
    28
    28
    24
     4
     0
     0
     0
     0
     0
    74
    39
    61
   206
     7
    36
    26
   187
    10
    39
    45
     4
    46
    87
    31
    17
    14
    59
     1
     9
     0
     0
     0
     5
    24
   150
   143
   100
    68
    85
    40
    61
    95
    78
    29
    47
    47
    53
   218
    23
    80
    48
    15
     0
     1
     0
     0
     0
   123
   212
   180
    78
    40
    60
    97
    83
    84
    44
    10
    43
    75
   124
    65
   211
    13
    19
     0
     8
     0
     0
     4
     0
    63
    77
   200
    45
    80
    71
    26
    32
    69
    95
    34
    17
   146
    35
    42
    57
    38
    79
     0
     0
     0
     3
     0
     0
    31
   134
    51
   128
    39
    28
    70
    36
    86
    67
    17
    26
    30
    46
    20
    62
    15
    55
     0
     0
     0
     8
     9
     0
    77
   144
   218
   144
    76
     7
   158
    22
     7
    31
    66
    31
    45
    36
   209
    57
    26
    38
     0
     7
     4
    11
     0
     0
    19
    86
   164
   199
   249
    24
    39
    47
    38
    48
    23
    32
    19
    38
   106
    98
    28
    49
     0
     0
     0
     0
     0
     0
    39
    81
   210
   153
    43
    47
    11
    56
    32
    77
    37
    54
    32
    28
   171
   225
    58
    14
     0
     0
     1
     0
     0
     0
    64
    93
   178
   102
    23
    16
    92
    10
    32
    43
    83
    47
    34
    15
   152
    74
    32
    21
     1
     0
     0
     0
     2
     0
    91
   200
   169
    97
    30
    34
    46
    28
   106
    19
    34
    47
    41
    68
    30
    73
    74
    39
     8
     0
     0
     7
     3
    11
    46
   197
    99
   101
    31
    59
    17
    52
    63
    33
   170
    56
    25
    82
    71
    25
    25
    14
     4
     0
     0
     0
     0
     0
    64
   159
   112
   202
    44
    68
    33
    64
    41
    35
    38
    71
    48
    50
    27
    60
    52
    22
     0
     0
     2
     2
     0
     8
    42
    31
   114
   102
    23
    18
    33
    35
    60
    26
    15
    15
    37
   167
    32
    32
    20
    58
     0
     2
     0
     0
     8
     3
    34
   152
   131
    86
    15
    23
    21
    38
    34
    28
    81
     8
    40
    81
    47
   156
    13
    44
     0
     1
     1
     2
     0
     3
    70
    63
   150
    52
    27
    21
    21
    22
    34
    27
    35
    21
    67
    34
    61
    80
    18
    20
     1
     1
     2
     0
     0
     9
    92
    71
   146
   126
    13
    18
    21
    57
    31
    79
    44
    66
    54
    55
    61
   117
    50
    30
     6
     0
     0
     0
     7
     0
    25
   127
   178
   111
    50
    16
    79
    33
    23
    55
    57
   156
    47
    40
    83
   116
   187
    47
     4
     3
     4
     0
     3
     4
    41
   108
    83
    64
    26
    57
    23
    25
    33
    39
   170
    10
    46
   175
    83
    38
    29
    44
     0
     1
     0
     4
     0
     0
    42
    58
   147
   114
    18
    21
    37
    21
    43
    37
    30
    21
    28
    24
   182
    66
    38
    44
     0
     4
     4
     0
     0
     3
    11
    32
   144
    25
    24
    96
    36
    23
    31
    66
    28
    19
   104
    70
   248
   104
    33
    92
     0
     0
     1
     2
     0
     2
    57
   117
   148
   258
    49
    28
    35
    27
    38
    31
    70
    64
    36
    92
   205
    21
    41
    19
     0
     0
     0
     0
     4
     4
    52
   149
    73
    78
   105
    37
    38
    44
    76
    51
    52
    30
    52
    43
   141
    97
    45
   154
     1
     0
     0
     3
     0
     0
    61
    98
   166
    94
    11
    16
    42
    48
   115
    83
    55
    51
   172
    55
    72
    93
    80
    38
     2
     0
     0
     4
     0
     0
    62
   214
   111
   199
    35
    78
    47
    23
    65
    47
    78
    39
    50
    52
    46
   198
   157
    67
     0
     0
     0
     0
     7
     0
    36
    46
   309
    80
    35
    44
    49
    40
    69
    78
    50
    27
    41
    37
   112
    79
    20
     0
     0
