    44
     0
     0
     0
     1
    14
   151
   141
    81
    54
   144
   165
    27
    72
    66
    20
    22
    64
    20
    19
    85
    31
    12
     0
     1
     0
     6
     0
     0
    35
    94
   111
    29
    14
    23
    28
    40
     6
     6
    11
    27
    24
   163
    75
    66
    22
    29
     0
     0
     2
     2
     6
     2
    60
    23
    75
    64
    59
    39
    30
    15
    18
    11
     5
    28
    35
    53
    19
   109
     8
    25
     1
     0
     5
     0
     0
     1
    29
   118
   137
    57
    18
    13
    68
    35
    26
    21
    31
    42
    50
    30
    26
     9
    41
    45
     0
     5
     0
     0
     0
     8
    54
    60
   113
   108
     0
    23
    47
    33
    33
    80
    75
    20
    14
    38
    90
    67
    30
    36
     0
     1
     1
     0
    15
     1
    39
   170
   217
   172
    25
    32
    43
    59
     7
    18
    35
    34
    71
    78
   141
    25
     8
    57
     0
     0
     0
     0
    10
     0
    34
   197
   118
    50
    28
    82
    22
    65
    35
    71
    29
    46
    29
    23
   112
    33
   165
    21
     5
     0
     0
     0
     0
     1
    27
   167
   108
   103
    38
   170
    27
    23
    24
    23
    13
    20
    26
    20
    70
    23
     6
    25
     0
     0
     0
     0
     0
     0
    36
    31
   110
   148
    21
    28
    18
     6
    47
    25
    17
    26
     6
    39
   156
    95
    66
    35
     0
     8
    10
     1
     8
     0
    45
    32
   163
   146
    26
     5
    36
    20
    44
    35
    42
    31
    32
    26
    11
   148
    28
    28
     0
     0
     0
     0
     0
     0
    11
   135
   178
    71
    25
    25
    22
    57
    28
    12
    30
    72
    13
    46
    13
    56
   309
    37
     2
     0
     0
     0
     2
     0
    26
    37
   265
   184
    46
    33
    41
    31
    19
    38
    38
    10
   176
   129
    14
    23
    11
    30
     0
     0
     0
     0
     0
     2
    69
   127
   185
   109
    30
    25
    34
    51
     6
    18
    71
    42
    18
    15
   147
   117
    24
    30
     0
     4
     0
     0
     0
     8
    31
   144
   191
   226
    62
    87
    56
    42
    26
    34
    12
    14
    21
    21
    63
   121
    32
    31
     0
    20
     0
     0
     0
     2
    18
   234
   181
   244
    31
    20
    25
    25
    38
    23
    38
    30
    58
    25
   140
    34
    21
    30
     0
     0
     0
     0
     1
     0
     8
     8
   121
    83
    30
    25
    47
    65
    89
    62
     3
    10
    29
    59
    73
    79
    36
     6
     0
     0
     0
     0
     0
     5
    53
    56
   174
    67
    36
    15
    16
    76
    13
    25
    42
     6
    92
    52
   199
    55
    65
    28
     0
     5
     0
    13
     0
     5
    40
   105
    55
   222
    24
    23
    60
    32
    21
    20
    24
    11
    28
    18
   147
    77
    50
    24
     1
     0
     0
     0
     0
     0
    37
   121
   194
   132
    11
    21
    23
    49
    29
     1
    27
    47
    26
    22
    30
   100
   153
    30
     0
     0
     0
     0
     6
     0
   109
    27
    69
    50
    32
    27
    19
    28
    46
    14
     9
    60
    13
    16
   111
    55
    31
    60
     0
     0
     0
     2
     4
     7
    30
   142
    79
   155
    55
    54
   102
    51
    38
    25
    28
    28
    70
    22
   145
    66
    29
    62
     0
    13
     0
     5
     9
     0
    53
   138
   103
   142
    21
    14
    35
    26
    18
    20
    44
    22
   153
   178
   108
    36
    16
    24
     3
     4
     0
     0
     0
     0
    23
   143
   160
    66
    36
    22
    52
    32
     6
    71
    67
    73
    18
    32
   180
    35
    20
    47
     0
     0
     6
     0
     0
     0
     5
   116
    46
   127
    20
    26
     7
    19
    19
    28
     9
    45
    49
    55
     6
    87
    26
    32
     0
     0
     0
     6
     0
     0
    18
    61
    73
    96
     9
    26
    78
    65
   160
    52
    17
    14
    64
    17
   275
    33
    20
    74
     0
     0
     6
     0
     0
     0
    44
    16
   219
    92
    79
    23
    19
    20
    61
    16
    18
    28
    18
    57
   104
    62
    28
    11
     0
     4
     0
     1
     2
     0
    35
    69
   100
   117
    36
    29
    34
    84
   173
    39
    34
    23
    35
    81
    65
   119
     7
    35
     8
     0
     3
     0
     0
     0
    77
   187
    78
    24
    43
    31
    78
    28
    57
    31
    63
    54
    18
   234
    31
   134
    28
    37
     0
     0
     0
     0
     5
     0
    21
    25
   183
   150
   148
    28
    58
   165
    98
    10
    34
    41
    24
    36
    56
    25
    18
     8
     0
     3
     0
     0
     0
     0
    28
    60
    43
    96
    47
     8
    18
    26
   203
    21
    35
    63
    31
    13
    29
    90
     0
    21
     2
     5
     1
     8
     1
     0
    30
    95
   204
   109
    36
    17
    33
    11
    31
    14
    24
    22
     9
    23
    71
    25
     4
    13
     0
     0
     0
     0
     0
     0
     0
   126
   103
    96
   164
    15
    18
    26
    36
    32
    10
    80
    94
    33
    28
    63
    55
    25
     8
     0
     0
     8
    11
     0
     4
    28
   110
    40
    31
    22
     2
    17
    79
    12
   163
    21
    27
    45
    78
     4
    54
    28
     3
     6
     0
     0
     2
     0
    18
    91
   256
   132
    29
    14
    37
    13
    37
    46
   192
    36
    31
   179
   127
    58
    13
    65
     0
     0
     5
     1
     0
     0
    19
    58
   129
    35
   157
    21
    29
    82
   223
    24
    37
    27
    13
    66
    37
   119
    53
    51
    14
     0
     0
     0
     0
     3
    60
   137
   113
    15
    18
    50
    35
    33
    38
    23
    28
    30
    23
     7
    82
    43
    30
    10
     0
     0
     0
     3
     0
     4
    28
    86
    53
    73
   192
    13
    18
    21
    61
   193
    13
    19
    35
    22
    69
   135
    38
    20
     0
     0
     2
     0
     0
     0
    10
    22
    77
    90
    19
    41
    28
    26
    32
    52
    72
    16
    26
    26
    57
    77
    54
    56
     0
     0
     8
     0
     0
     0
    16
    12
   144
    84
    16
    12
    22
    48
    37
    28
    26
    68
    28
    83
    60
    31
    16
    40
     0
     0
     0
     0
     3
     0
    23
    20
   177
   112
     9
    10
    29
    13
    40
    25
    16
    14
    37
    25
    92
    31
    43
    14
     4
     0
     0
     0
     0
     0
    52
   189
   118
    85
    34
    25
     8
    18
    30
    43
    64
    90
    30
   181
   119
    31
    58
    19
     0
     5
     0
     0
     0
     6
    49
    92
    29
   113
    60
    41
    17
    13
    17
    18
    23
   165
    86
    15
    75
   223
    85
    14
     0
     0
     0
     0
    10
     0
    38
    43
   184
   170
    20
    32
    25
    11
   154
     6
    22
    41
    71
    28
    83
    32
    11
    21
     0
     0
     5
     0
     0
     0
    19
    88
   106
   144
    30
   174
    31
     8
    22
    25
    13
    28
    43
    26
     9
    22
    14
    32
     0
     7
     0
     0
     0
     0
    21
   147
   104
    12
    47
    29
    17
    10
    13
    44
    24
    58
    23
    29
   274
    23
     5
    12
     0
     0
     0
     0
     5
     0
    61
    92
    61
    23
    70
    37
    71
    30
    37
    24
    30
     5
    13
     0
   154
    68
    39
   106
     0
     1
     6
     0
     6
     0
    68
     7
    45
    86
    47
    27
     9
    42
    10
    22
    26
    22
    59
    31
    19
    50
    15
    62
     0
     0
     0
     0
     0
     0
    41
    39
   148
    48
    22
    83
    43
    28
    55
     6
    20
    24
    27
    32
    65
    63
    33
    25
     0
     0
     1
     2
     0
     0
    51
   116
   175
    66
    62
    47
    32
    14
    27
    31
    29
    49
    26
    22
    17
    57
    34
    21
     0
     0
     0
     0
     0
     0
    18
   138
   106
    61
    96
    18
    17
    27
    24
    15
    73
    71
    39
     6
    76
    24
    25
    27
     0
     0
     0
     0
     0
     0
    33
    19
    52
   125
    24
    29
    60
    14
    37
    17
    61
    13
    62
    13
    17
    60
    14
    46
     6
     0
     0
     0
     0
     0
    22
    58
   230
    28
    23
   156
    29
    24
    25
    52
    63
    31
    59
    15
    60
    52
    38
    19
     0
     2
     4
     0
     2
    12
    24
    63
   221
    44
    66
    21
    27
    29
    30
    11
    75
    27
    16
    47
    73
    66
    35
    71
     0
     0
     0
     0
     0
     9
    41
    33
    93
     4
    32
    86
    18
    13
    21
    10
    13
    97
    22
    22
    54
   102
    31
    17
     6
     0
     0
     3
     4
     0
    31
    54
   260
   140
    34
    26
    80
    28
    17
    28
    81
    36
    41
    46
    67
    63
    23
    57
     0
    11
     0
     1
     0
     0
    78
   135
   107
    55
    59
    90
    22
    51
    33
    18
    81
    17
    13
   126
   110
   127
    45
    46
     0
     0
     0
     0
     1
     0
    37
    91
   177
   107
    65
    26
    38
    22
    42
    19
    35
    19
    81
   110
    28
   113
    22
    18
     0
     0
     8
     5
     0
     0
    22
    51
   216
    25
    13
    16
     7
    54
    37
    17
    30
    28
    14
    27
    34
    30
    27
    45
     0
     0
     9
     0
     0
     3
    45
    73
   135
    46
    21
    40
    24
    16
    12
    29
    33
    55
    52
    15
    55
     7
    17
    36
     0
     0
     0
     2
     0
     0
    30
    62
    66
    29
    20
    13
    43
   175
    28
    44
    93
    42
    39
    42
    65
    57
    18
    15
     6
    10
     0
     3
     0
     2
    31
   108
   106
   152
     8
    65
    32
    40
    32
    56
    15
    31
    29
    32
    26
   102
    25
    18
     0
     0
     0
     0
     0
     0
    13
   131
   114
   149
    45
    77
     6
    37
    18
    98
    74
    10
    19
   121
    37
   104
    48
    19
     0
     0
     0
     1
     0
     3
    16
   117
   168
   150
    47
    37
    72
    83
    32
    14
    62
    37
    38
    26
    94
    98
    41
    16
     0
     0
     0
     0
     0
     0
    39
    22
   108
   106
    69
    12
    31
    26
    84
     3
    65
    22
    13
    17
    63
   202
    13
    27
     0
     0
     0
     0
     6
     0
    26
    38
   120
   105
    20
    28
    67
    77
    28
    27
    23
    39
    42
    88
    70
   170
    77
    69
     0
     0
     1
     0
     1
     0
    79
    63
   201
   114
    25
    27
    52
    22
    30
    18
    32
    60
    13
    39
    21
    76
    55
    38
     0
     0
    15
     0
    18
     0
    27
   104
    13
   133
    20
    46
    40
     9
    32
    20
    18
    24
    20
    68
    95
    73
    19
    36
    16
     0
     0
     5
     0
     0
    28
    63
   180
     7
    32
    31
    20
    23
    16
    16
    23
    50
    16
    70
    17
    25
    33
    24
     6
     6
     1
     0
     0
     0
    21
   137
   207
    86
    25
    23
    35
    41
    49
    80
   141
    72
    75
    62
    54
    28
    29
    37
     2
     3
     0
     0
     0
     0
    31
    62
   182
    44
    93
    20
    11
    18
    16
   165
    38
    22
    20
   307
   301
    94
    29
    37
     0
     0
    10
     0
     0
     0
    10
    25
    82
    12
    27
    21
    11
    36
    18
    49
    14
    20
    85
    13
   217
     8
    19
    18
     0
     0
     8
     0
     0
     0
    24
   137
   118
   112
    39
    17
     9
    21
    39
    58
    13
    71
    22
    24
    72
    39
    27
    16
     2
     0
     0
     0
     1
     1
    49
   158
   166
   162
    34
    32
    12
    33
    11
   158
    16
    23
   100
    32
   260
   100
    23
    23
     4
     0
     0
     0
     0
     0
     5
   114
    73
   151
    77
    24
    30
     3
    34
    14
    39
    25
    62
   162
   114
    19
    25
    17
     8
     0
     0
     5
     0
     0
     6
    56
   127
    24
    37
     7
    73
    38
    30
    52
    19
    23
    22
    58
    62
   140
    22
    15
     0
     4
     0
     0
     2
     0
    32
    59
    74
   169
    14
   101
    10
    51
    25
    27
    32
    35
    50
    34
   298
   106
    45
    30
     0
     0
     0
     0
     0
     7
    55
   148
   124
   129
    64
    15
    26
   101
    36
    25
    59
    10
    54
    40
    15
    87
    40
    78
     0
     0
     0
     0
     0
     6
    78
    62
    38
    76
    33
    20
    12
    33
     9
    23
    31
    32
    22
   189
   150
    36
    17
    12
     0
     0
     0
     0
     0
     0
    31
   104
   183
    61
    34
    79
    54
    84
    28
    52
    16
    41
    41
    32
    38
    39
    14
    21
     0
     4
     0
     0
     0
     0
    30
   108
    92
    61
    26
    51
    15
    27
    29
    24
    27
    12
    34
    25
    24
   179
    10
    15
     0
     0
     0
     0
     0
     3
    64
   164
   134
    12
    83
    16
    42
    20
    27
    15
    27
   165
    54
    61
    17
    65
    29
    61
     0
     4
     0
     0
     0
     0
    18
    52
   142
   124
    45
    35
    32
    31
    16
    23
    46
    26
    63
    31
    10
    57
     3
    72
     0
     0
     0
     0
     0
     0
    12
   120
   157
    58
    29
    24
    16
    97
    20
    21
    17
    45
    83
    42
    77
    21
    20
    66
     0
     0
     0
     0
     0
     0
    53
    63
   141
   232
    71
    24
    69
    59
    21
    14
    54
    40
    11
    59
   279
   165
    27
    16
     0
     1
     0
     1
    10
     0
    31
    58
    14
   127
    10
    21
     6
    35
    40
    20
     8
    23
    21
   144
   124
    44
     7
    10
     6
     0
     2
     3
     0
     0
    33
   116
    91
    81
    32
    16
    29
    19
    26
    58
    87
    27
    35
    26
    66
    26
    22
    35
     4
     0
     0
    10
     9
     0
    61
   111
    48
    80
    23
    17
     6
    37
    22
   156
    64
    41
    37
    52
    19
    40
    20
    38
     7
     0
     0
     0
    10
     3
    40
   111
   149
   147
    23
    14
    74
    26
    23
    33
    13
    25
    18
    23
    78
    57
    22
    21
     1
     0
     0
     5
     0
     8
    41
    26
   160
    65
    39
    33
    11
   164
    28
    64
    27
    38
    45
    21
    55
    14
    27
     9
     0
     0
     1
     6
     3
     1
    69
    70
   224
    93
    26
    35
    64
    23
    18
    37
    53
    30
    16
   106
    86
    26
    72
    26
     8
     9
     0
     0
     0
    48
    75
   112
    71
    36
     5
    25
    69
    32
    53
    41
    14
    22
    37
    40
    79
    54
    53
     6
     0
     0
     0
     0
     0
    17
   115
    62
   100
    30
    29
    35
    59
    46
    41
    25
     8
    63
    27
   210
    44
    12
    18
     0
     7
     3
     0
     5
     7
    67
   147
   110
   100
    27
    25
    55
    32
    64
    17
    86
    68
    44
    20
    16
    80
   187
    18
     0
     0
     5
     2
     2
     0
    32
    68
    99
    16
     6
    47
    25
    30
    79
    49
    10
    28
    43
    26
    69
    71
    75
    69
     0
     0
     0
     0
     0
     7
    79
    59
   152
    65
    44
    23
    48
    17
    37
     9
     8
    60
    32
   143
    53
    72
    25
    65
     0
     0
     0
     9
     0
     0
   105
   100
   165
    61
    29
    70
    32
    35
     8
    21
    52
    22
    20
     8
    35
    49
    99
    18
     0
     3
     0
     0
     1
     3
    67
    53
    59
    50
    28
    61
   178
   108
    27
    30
    75
    22
    40
    20
    85
    74
    26
    30
     0
     7
     0
     5
     0
     0
    46
    71
   298
   131
    35
    11
    65
    73
    46
    46
    17
    79
    24
    14
    78
    97
    32
    10
    11
     8
     0
     2
     0
     0
    43
    97
   187
   147
    13
    16
    44
    41
    19
    52
    34
    77
    20
    39
    20
    19
    16
    31
     0
     0
     0
     0
     0
     0
    70
   132
    56
    64
    24
    28
    33
    66
    21
     9
    62
    11
    29
    26
    65
    91
    80
    35
     8
    17
     0
     0
     0
     0
    40
    22
   170
    52
    81
    15
    18
   164
     1
    15
    13
    33
    20
    26
   179
    63
    22
    66
     0
     0
     5
     3
     0
     0
    11
   200
    94
   108
    56
    72
     6
    39
    34
    27
    24
    26
    42
   164
   165
    20
    20
    22
     0
     0
     0
     0
     0
     0
    28
     7
   101
    72
    44
    23
    26
    23
    15
    27
    26
    68
    18
    68
   105
    23
    38
    12
     0
     0
     0
     0
     2
     4
    73
   171
    62
   153
    36
   164
    55
    45
    65
   195
    17
    25
     6
   179
   101
    63
    21
    43
     3
     0
     6
     0
     0
     1
    18
   161
    27
    29
    29
    60
    30
    18
    16
    26
    36
    16
    40
    24
    60
    43
    64
    24
     0
     0
     0
     0
     8
     0
    29
    43
    31
    70
    23
    32
   173
    28
    12
    27
    24
    31
   164
    12
   102
    68
     0
    30
     0
     0
     0
     0
     1
     8
    15
    95
    25
   105
    13
    46
    19
    72
    26
    43
    15
    65
    29
    30
    60
    14
    26
    13
     9
     0
    10
     0
     0
     0
    31
   123
   294
   103
    31
   182
    42
   164
    14
    51
    16
    27
    32
    23
    65
    54
    47
    19
     0
     7
    10
     2
     3
     2
     0
    24
   119
   129
    38
    17
    29
    63
    48
    47
     9
    22
    12
    15
    11
   111
    33
    14
     0
     4
    11
     0
     0
     0
    72
    59
    96
    68
    14
    19
     7
    52
    19
     8
    21
    27
    22
    11
     7
    99
    15
    34
     5
     0
    10
     1
     8
     8
    27
    22
    61
    48
    44
   166
    20
    34
    38
    23
    17
    34
    44
   177
    29
    33
   212
    15
     0
     0
     5
     7
     8
     3
    65
   218
   154
    47
    16
    38
    54
    27
     8
    17
    26
    25
    58
    24
    53
    30
    11
    21
     0
     2
     0
     0
     0
     0
    55
   133
    59
    48
    28
    22
    55
    25
   150
    12
    67
     0
    41
    54
    62
    23
    10
    17
     0
     0
     0
     5
     0
     2
    17
    64
   106
   159
    26
    32
    14
    29
    13
    24
    12
    68
    68
     5
    94
    48
    50
    21
     0
     2
     0
    14
    10
     0
    18
   101
    58
    19
    12
    38
    34
    19
    19
    31
    37
     2
    12
    40
   185
    53
    16
    14
     0
     0
     0
     0
     0
     0
     7
    16
    57
     6
   122
    48
    19
    31
    54
    40
    21
    24
     6
    69
    14
    13
    54
    32
     0
     0
     2
     8
     0
     0
    22
    47
   111
    31
    21
    64
    21
    36
    23
    22
   123
    64
    18
    25
    50
    65
    71
    51
     0
     0
     0
     3
     0
     1
    33
   176
    69
    71
   168
    43
    59
    73
    28
    20
    34
    38
    11
    46
   262
    27
    30
    43
     0
     0
     0
     0
     6
     0
    24
    71
    92
   266
    54
    42
    36
    25
     6
   161
    15
    50
    68
    40
    21
    15
    18
    36
     0
     0
    13
     0
     0
     9
    41
   105
    99
    80
    18
     7
    28
    21
    14
    14
    28
   188
    12
    15
    18
    89
    17
    99
     0
     0
     0
     2
     2
     8
    17
    24
   102
   117
    49
    12
    29
    11
    29
    21
    13
   158
     9
    75
    19
    69
    88
    23
     1
     5
     0
     0
     0
     0
    48
   111
    10
   144
    19
    15
    20
    16
    52
    26
    14
    27
   180
    24
   211
    46
    27
    53
     0
     3
     3
     0
     0
     0
    64
    10
   193
    24
     9
    37
    22
    57
    14
    32
    67
    20
    11
    12
    24
    44
    10
    39
     0
     0
     0
     0
     3
     0
    52
   130
    34
   122
    26
    34
    42
    57
    19
    17
   163
    63
    67
    22
    11
    37
    27
    17
     0
     0
     0
     0
     0
     0
    59
   124
   165
   107
    21
    56
    42
    39
   195
    44
    32
    28
    23
     9
   200
    88
    27
    21
     0
     1
     0
     0
     0
     1
    28
    92
   216
   146
    23
    64
    66
    23
    15
    96
    26
    23
    11
    37
    56
    84
    15
    27
     0
     4
     0
     1
     9
     8
    47
    79
    89
    84
     8
    28
    35
    37
    31
    25
    58
    31
     6
     9
    64
   129
    45
    11
     0
     0
     0
     0
     0
     3
    13
   137
    61
    46
    27
     8
    31
    18
    33
    45
    19
    61
    26
    49
    77
    72
    23
    30
     2
     2
     0
     0
     4
     0
    27
    55
   150
   185
    47
    69
    99
    59
    33
    55
    11
    53
    16
     8
    78
    16
    28
    53
     4
     0
     0
     0
     0
     0
    19
   176
   130
    62
    60
    28
    64
    26
     7
    81
    19
    31
    29
    28
    63
   109
    28
    15
     0
     4
     0
     9
     0
     0
   101
   128
   190
     2
    18
     5
    29
    30
    35
    52
    42
    20
    12
    65
    16
    29
    31
    41
     6
     2
     0
     0
     6
     0
    25
    72
   126
    87
    18
    16
    22
    24
    31
    34
    98
   173
    29
    20
   231
    71
    25
   131
     0
     5
     0
     2
     0
     0
    46
    73
   101
   105
    42
     9
    28
    17
    14
    31
    87
    12
    38
    81
   152
    89
    95
    86
     0
     8
     0
     0
     0
     1
    91
   106
   120
    52
    23
    24
    77
    56
    20
    24
    56
    19
    12
    23
    53
   142
    35
     4
     6
     0
     0
     8
     0
     0
    36
    48
    10
    53
    35
    18
    50
    21
    33
    13
    33
    22
    30
    44
    68
    60
    33
    73
     0
     0
     0
     0
     6
     0
    54
    67
   102
   141
    53
    30
    63
   228
    32
    11
    43
    83
   145
    35
   284
    71
    18
    46
     0
     0
     0
     0
     0
     0
    10
     8
    52
   104
    80
    33
    54
    45
    21
    19
     6
     6
    38
    71
   100
    27
    16
    42
     5
     0
     0
     9
     0
     0
    30
    70
    58
   110
    68
    49
    66
    27
    32
    32
    17
    33
    28
    12
    16
     8
    13
   103
     0
     0
     0
     0
     3
     0
    22
    23
   148
   126
    44
    38
    24
   114
    31
    64
    32
    14
    41
    12
    25
    32
    37
    29
     0
     6
     0
     0
     0
     0
    20
   129
   248
    58
    59
    32
    49
    22
    77
   101
    31
    36
    40
    26
    41
    77
    39
    27
     0
     0
    14
     6
     0
     0
    15
   110
    17
   274
    12
    55
    86
   167
    12
    13
    12
    37
    23
    26
    22
    16
    27
    21
     0
     0
     0
     0
     0
     0
    56
    90
    67
   236
    22
    22
    53
    22
    26
    18
    15
    20
    29
    38
   166
    19
    33
    25
     5
     0
     0
     9
     2
     0
    41
    70
   101
    52
    28
    22
    17
    54
    22
    47
    64
    33
    33
    57
     5
    44
    46
    23
     0
     5
     0
     0
     0
     1
    65
    58
    60
    45
    73
    21
     5
    26
    19
    21
    31
     4
    23
    76
    77
    51
    36
    38
     0
     0
     0
     7
     0
     0
    35
    66
    83
    16
    32
    20
    43
    24
    33
    35
    20
    12
    11
    14
    71
    34
    29
    20
     0
     0
     7
     0
     0
     0
    24
    49
   174
   205
    54
    29
    45
    26
    55
    37
    32
    11
    11
    61
   315
   157
    20
    49
     5
     0
     5
     0
     0
     0
    72
    58
    92
    24
    31
    30
    22
   178
    20
    32
     7
    33
    40
    21
   204
   371
    72
    22
     4
     8
     0
     0
     0
     0
    13
   138
    30
   118
     5
    19
    17
    58
    22
    50
    16
    12
    18
    63
    10
    18
    11
    21
     0
     0
     3
     0
     0
     0
    28
    60
    90
   142
    58
    25
     6
    38
    34
    27
    15
    21
    15
     7
    72
    70
    45
    21
     3
     0
     3
     0
     0
     0
    86
   146
    18
   110
    41
    25
    38
    19
    23
     5
    21
    23
    15
   105
    22
     3
    37
    36
     0
     5
    10
     0
     0
     3
    32
   151
    54
   177
     3
    48
    19
    21
    24
    11
    11
    22
   108
    13
    14
    61
    91
    15
     0
     0
     0
     1
     0
     0
    35
    58
   100
    56
    29
    18
    30
    15
    55
     7
    57
    26
    64
    39
    99
    33
    22
    30
     0
     0
     0
     0
     0
     0
    16
    67
   142
    52
    27
    40
    45
    30
    17
    23
    19
    40
    54
    17
   113
   116
    13
    25
     0
     0
     0
     6
     0
     0
    27
    61
   227
    89
    75
    62
    25
    66
     9
   119
    21
    28
    18
    15
   199
    59
    82
    35
     0
     0
     6
     2
     6
     0
    67
    10
    95
    73
    29
     7
     9
    52
    12
    67
    36
    26
    33
    53
   167
    23
     0
    62
     0
     0
     8
     0
     0
     0
    26
   107
   172
     8
    25
    40
    26
   152
    35
    16
    20
    41
    28
   144
    51
   169
    10
    65
    10
     3
     0
     2
     0
     0
    16
    12
    29
    54
     7
    22
    20
    40
    14
    37
    46
    30
    36
    51
    64
    13
    16
    14
     0
     0
     0
     0
     0
     0
    96
   134
   104
    68
    18
    30
    35
    22
    17
     6
    19
    93
    26
    46
    25
    16
    37
     9
     0
     0
     0
     0
     0
     0
    69
    19
    12
    67
    16
    48
    58
    49
    65
    23
    26
    24
    16
    34
    17
    28
    32
    19
     0
     0
     0
     0
     0
     0
    24
    89
   194
   141
    34
    24
    58
    18
    12
    14
    39
    16
    22
    20
    15
    68
    39
    77
     7
     0
     0
     3
     0
     0
     1
    92
   154
   134
    23
    77
    43
    21
    40
    28
    77
    45
    14
    31
    34
    18
    26
    13
     2
     0
     0
     0
     0
     0
    56
    94
   104
    31
    25
    58
    14
    63
    12
    17
    66
    19
    16
    19
    29
    64
    84
    61
     0
     0
     0
     0
     0
     7
    28
    35
   165
    80
     7
    17
    29
    23
    57
    58
    19
    75
    60
    35
   103
    42
    41
    14
     0
     0
     0
     4
     9
     0
     8
    40
   104
    74
    25
    15
    20
    17
    20
    50
   105
    21
     8
    24
   208
    41
    20
    21
     3
     0
     0
     0
     0
     3
   115
    87
   266
    57
    40
     8
    32
    14
    13
    20
    32
    19
    70
     3
   120
    68
    32
    31
     0
     0
     0
     0
     4
     0
    47
   148
   207
    51
    25
     2
    24
    24
    10
     5
    17
    29
    42
    21
    20
    69
    13
    26
     0
     0
     0
     2
     0
     0
    20
    39
    99
    73
    31
    18
    17
    21
     7
    25
    28
    31
    24
   115
    62
    23
    50
    21
     9
     0
     0
     0
     0
     0
    30
    14
   184
   202
    20
    38
     6
    13
    16
    19
    21
    27
    30
    72
    17
    16
    33
     5
     4
     0
     0
     0
     0
     0
    51
    56
    61
    86
    54
    26
    13
    16
    49
    14
    63
    15
    37
    22
    44
    62
    17
    39
     0
     9
     0
     0
     0
     0
    75
    93
    92
    29
    13
    60
    15
    24
    32
    13
     8
    75
    55
     7
    49
   115
    22
    13
     6
     0
     0
     0
     7
     2
    32
    58
    99
   150
    42
    12
    50
    17
    15
    25
     7
    30
    16
   219
    22
    48
    15
    42
     0
     0
     0
     6
    16
     0
    53
   106
    65
    51
    35
    30
    14
    10
    35
    25
    27
    25
    22
   155
     6
    30
    23
    26
     7
     0
     0
     0
     0
     0
    20
    84
    89
    52
    28
    30
    22
    36
    34
    93
    34
    22
    12
    18
    48
    40
     8
    50
     0
     1
     2
     3
     0
     1
    17
    71
    73
    54
    22
    40
     9
    46
   166
    40
    58
    47
    64
    40
    60
    45
    34
    47
     0
     4
     0
     0
     3
     0
    16
    94
    40
    49
    32
   183
    82
    10
    72
    17
    30
    39
    20
    22
     4
    67
    21
    20
     0
     0
     5
     4
     0
     0
    17
    30
   101
   103
    47
    55
    63
   102
    41
    31
    15
    50
    26
    69
    51
     5
    32
    60
     1
     2
     0
     0
     0
     0
    20
    30
   126
    56
    19
    64
    56
    15
    20
    15
    59
    54
    49
    54
    50
    48
     3
    90
     0
     0
     0
     0
     0
     0
    38
    44
    97
    72
    28
    16
    45
    24
     5
    31
    23
    20
    11
    27
    55
    65
    18
    23
     0
     3
     0
     0
     5
     0
    35
   142
    93
   115
    24
    36
     6
    12
    13
    39
    24
    24
    32
    19
   112
    42
     8
     9
     9
     0
     0
     0
     0
     3
    38
    89
    60
    99
    14
    19
     8
    59
    10
    22
    60
    32
    46
    19
    36
    10
    26
    25
     3
     0
     0
     0
     4
     0
   121
    20
   190
    55
    43
    15
    18
     6
    46
    55
    65
    53
   163
    78
    27
   143
    16
    48
     0
     0
     0
     0
     0
     0
    17
    62
   143
   140
    16
    73
    18
    17
    19
     8
   159
    21
    19
    34
    58
    55
    50
    50
     0
     0
     0
     0
     0
     0
    20
    78
     9
    31
     9
    40
    35
    59
    48
    30
   159
    19
    10
   194
    61
    45
     8
     5
     0
     0
     0
     4
     0
     0
    69
   137
    49
    72
    20
    22
    21
    15
    23
    21
    22
    43
    22
    24
    17
    12
    21
    10
     0
     0
     0
    12
     0
     0
    18
    46
   141
     6
    14
    26
    11
    47
    24
    17
    36
     5
    46
    24
    62
    48
    62
    66
     3
     0
     0
     0
     0
     0
    35
    19
    89
    46
    10
    13
    29
    27
    24
    19
    44
    22
    21
    61
   173
    37
    31
    24
     0
     8
     0
     0
     0
     0
    27
    77
   119
    42
    21
    19
     9
    25
    15
    22
    29
    18
    12
   151
   171
     9
    33
    10
     5
     0
     0
     0
     0
     0
    12
   178
   136
   186
    39
    17
    26
    31
     6
    25
    16
    30
    81
    15
    61
    14
    16
    30
     3
     0
     0
     9
     0
     4
    76
   148
   137
   144
    58
    13
    17
    31
   181
    19
    53
   158
    68
    48
    67
    24
    28
    17
     0
     0
     4
     0
     0
     0
    10
    35
    54
   154
    12
    17
    28
    27
    12
     7
    48
    14
    30
    10
    68
    67
   189
    23
     7
     0
     0
     0
     0
     0
    62
   128
    90
     3
    20
    39
    22
    21
    25
    17
   155
    33
     9
    40
    50
    30
    25
    15
     2
     9
     0
    19
     5
     3
    10
    62
   113
    43
     6
    42
    40
    21
     2
    60
    21
    51
    27
    14
   104
    17
    24
    30
     5
     0
     0
     0
     0
     0
    18
    80
   186
    19
    19
    14
    16
    25
    36
    34
    26
    68
    48
    47
    27
    63
    11
    17
     4
     8
     0
     0
     0
     4
    22
    90
    46
     7
     7
    27
    33
    42
     7
    11
    19
    39
    23
    70
    79
    38
    15
    19
     0
     6
     1
     0
     0
     3
    87
    50
   171
    22
     9
    28
    33
   143
    35
    27
    59
    18
    11
    68
    43
   107
    26
    46
     0
     0
     1
     0
     0
     0
    41
    57
   140
   121
    58
    14
    44
     9
    27
    36
    65
    47
    20
    70
    43
    19
    23
    29
     0
     0
     0
     0
     0
     1
    27
   122
   140
    66
    17
    67
    18
    11
    45
    26
   155
    74
    64
    60
   137
     5
    17
    12
     6
     0
     3
     6
     0
     0
    57
   100
    48
     9
    45
    22
    60
    13
    58
    29
    21
    22
    38
     6
    19
    67
   114
    20
     3
     6
     0
     0
     0
     0
    43
    95
   105
   184
    21
    63
   168
    40
    11
    15
    69
    28
    30
   149
    74
    82
    40
    14
     0
     0
     0
     0
     0
     0
   113
    25
    67
    92
    14
     2
    29
     8
    17
    22
    21
   121
    35
     8
   178
    48
    21
    56
     0
     0
     0
     5
     2
     0
    13
    51
    59
    15
    16
     5
    10
    56
    35
    30
   194
    65
    27
    23
   159
    60
    20
    16
     0
     0
     4
     0
     0
     3
    62
    65
   143
    51
    62
    44
     3
    17
    30
    17
    66
    25
    80
    13
   162
   112
    44
    23
     0
     0
     0
     0
     6
     0
    31
    92
   157
   109
     4
    12
     6
    27
    32
    23
    39
    56
    28
    13
   117
    50
    13
    21
     5
     0
     5
     0
    12
     0
    18
   115
   103
    70
    43
    14
     8
    55
    26
    22
    55
     7
    16
    77
   154
     2
    18
    35
     7
     0
     0
     0
     7
     0
    32
    58
    92
    53
    21
    30
     0
    20
     8
    12
    17
    13
    42
    16
   249
    22
    14
    22
     0
     0
     2
     0
     3
     0
    11
    20
    89
    94
    67
    38
    41
    35
    72
    10
    19
     6
    64
    19
    25
    28
    40
     6
     1
     7
     0
     9
     0
     5
     6
    10
    58
   134
     8
   109
    57
    25
    21
     3
    35
    28
    41
    18
    33
    16
    15
    10
     0
     0
     2
     0
     0
     3
    23
    26
    12
   135
    15
    36
    24
    34
    42
    15
    27
     5
    23
   196
    44
    58
    14
   159
     0
     0
     0
     0
     6
     0
     9
    32
   131
    83
    62
    27
    28
    31
    34
    43
     5
    26
    21
    20
    30
    74
    32
    66
     0
     0
     0
     0
     8
     0
    11
    52
   131
    53
    27
    22
    28
    12
    17
    10
    13
    23
    67
    18
    28
    51
    29
    33
     6
     0
     4
     0
     0
     0
    15
    67
    49
   166
     7
    35
   103
    77
     2
    27
    14
    18
     7
    26
   111
    68
    14
    29
     0
     0
     0
     2
     8
     0
    28
    55
    92
   114
    15
     4
    63
    26
    30
    25
    33
    39
    24
    44
    40
    45
     4
    18
     2
     5
    10
     1
     1
     0
     4
    61
   155
    58
    22
    24
    63
    15
    52
    13
    20
    39
    10
   176
     2
    66
    19
    19
     6
     0
     6
     0
     0
     0
    58
    71
    81
    41
    14
    21
    15
    33
    25
    49
    23
   201
    62
    18
    91
    79
    29
    23
     0
     0
     0
     0
     0
     0
    17
   115
    60
    20
    14
    14
    31
    26
    20
    23
    39
    13
    28
    27
    17
    63
    17
    60
     0
     0
     0
     0
     0
     5
    48
   162
    62
    60
    44
    18
    34
    23
    43
     5
    63
    83
    30
    32
    21
    21
    32
    78
     0
     8
     0
     2
     7
     0
    23
    52
   245
    62
    29
    18
    13
    28
    62
    12
    22
    30
    56
    87
    92
    67
    16
    30
     0
     0
     4
     4
     0
     0
    16
    53
   108
    31
    11
    27
    23
    31
    20
    14
    11
    22
    34
    40
    54
   154
    17
    24
     4
     0
     0
     3
     0
     0
    19
    88
    57
    32
     9
    28
    16
    23
    48
    10
    89
   199
     9
    18
    28
    46
    14
    19
     1
     0
     0
     0
     0
     0
    28
    15
   152
    63
    15
    39
    45
    20
    16
    20
    47
    16
     4
    20
    65
    11
    17
    60
     0
     0
     0
     0
     0
     0
    15
   143
    53
    66
   156
    31
    60
    75
    15
    18
    21
    29
    35
     8
   100
    20
    30
    26
     0
     0
     0
     0
     0
     0
    16
    62
   164
   131
    31
    12
    31
    66
    68
     6
    41
    16
    27
     4
    28
     7
    67
    34
     0
     0
     0
     0
     0
     0
    21
    60
   147
    72
    39
    20
    26
    15
    22
    24
    21
    26
     3
     9
    74
    98
    17
    51
     6
     0
     0
     0
     0
     5
    32
    22
   137
    93
    35
    36
    21
    53
    34
    58
    42
    31
    63
    41
   263
    56
    15
    25
     0
     0
     0
     0
     0
     0
     8
    31
   141
   189
     7
    26
    18
    18
    19
    24
    32
    57
    23
    23
    13
   148
    67
    13
     0
     3
     5
     6
     0
     5
    52
    10
    99
    63
    14
   178
    14
    16
    18
    42
    34
    10
    54
    10
    62
    50
    14
    19
     9
     0
     4
     0
     0
     0
    17
    61
   172
    49
    23
    22
    59
    10
    66
    30
    16
    14
    18
    17
    34
    29
    32
    16
     0
     0
     3
     0
     0
     0
    17
    49
   142
    79
    10
    19
    27
    30
    12
    23
   173
    50
    48
    52
    27
    22
    14
    21
     0
     0
     0
     0
     0
     0
    76
    18
    93
   227
    31
    14
    20
    22
    24
    22
    12
    88
    22
    32
   161
   198
    24
     2
     0
     0
     3
    10
     0
     7
    75
   150
    52
    46
    21
    37
    20
    27
    20
    52
    35
     9
    42
    33
    84
    35
    15
   155
     0
     0
     7
     0
     6
     0
    15
   136
   105
   117
    33
     1
    19
    24
    24
    27
    31
     6
    20
     9
   163
    21
    78
    44
     0
     0
     0
     7
     0
     0
    18
    71
   126
    64
    18
    23
    10
    73
    16
    27
    37
    14
    29
    16
    19
    46
    30
     7
     7
     0
     0
     0
     0
     0
    13
    25
   212
    49
    27
    24
    13
    33
    33
    14
    65
    32
    41
    43
   353
    98
    66
     6
     0
     0
     0
     0
     0
     0
    13
    67
    75
    58
    10
    11
    16
    30
     9
    38
    35
    61
    12
    24
    19
   204
    25
    11
     0
     0
     0
     0
     5
     0
   104
    15
    30
    11
    51
    24
    43
    16
     4
    31
     7
    62
    66
   154
    33
    98
    11
    55
     0
     0
     3
     3
     0
     0
    26
   132
    50
    47
    45
    36
    17
    11
    22
    17
    18
    16
    21
    25
    51
    56
    14
    13
     1
     3
     0
     0
     0
     0
    66
    22
   126
    66
    31
    18
    50
    22
    16
    31
    10
    23
    33
    55
    19
    95
    40
     9
     0
     3
     0
     0
     3
     0
    17
   209
   154
    67
    72
    13
    11
    14
    75
    53
    26
    13
    17
    23
    16
    68
    51
    33
     0
     0
     0
     0
     0
     4
    17
    90
   143
   209
    28
    29
    31
    25
    14
     9
    17
    53
    24
    16
    51
    55
    71
     9
     0
     0
     0
     0
     0
     7
    21
    47
   107
    86
    65
    17
    12
     9
    44
    31
    13
    17
    58
    94
    50
   108
    27
    10
     0
     0
     0
     0
     0
     0
     6
   101
   255
   109
    12
    26
     4
    58
    59
    18
    62
    32
   101
    34
   162
    18
     6
    27
     0
     0
     0
     0
     7
     0
    29
    52
    15
    10
    38
     7
    18
    20
    43
    33
    20
   111
    43
    19
    25
    34
    21
    14
     0
     1
     0
     1
     0
     7
    15
    18
    30
    48
    10
    11
     7
    61
    24
    20
    38
    22
    17
    27
    56
    10
    41
    17
     1
     0
     0
     0
     0
     0
    35
    49
    17
   177
    30
    38
    27
    45
    16
    32
     9
    65
    10
    25
    34
    31
    43
    24
     0
    14
     0
     0
     4
     0
    27
   102
    58
    24
    15
    39
    22
    34
    80
    25
    23
    45
    17
    13
   263
    32
    13
    16
     0
     0
     0
     0
     0
     0
    41
    61
    99
    58
    35
     9
     8
    34
    44
    60
   167
    27
    27
    11
   119
    84
    39
    22
     5
    19
     0
     0
     2
     0
     8
    57
   178
    66
    18
    26
    34
    25
    23
    12
    13
    18
    28
    25
    77
    78
    32
    45
     0
     0
     7
     0
     7
     0
    22
    61
    30
    66
     7
    24
    33
     1
     9
    18
    15
    12
     4
   203
    54
     2
    29
    15
     2
     7
     0
     7
     7
     0
    41
    94
   148
   149
    26
    20
    40
    10
    19
    23
    34
    42
    17
    15
   105
     3
     9
    10
     0
     0
     0
     0
     0
     0
    17
    77
   179
   128
    17
    15
    25
    79
    26
     1
    27
    10
    16
    10
    16
    69
    59
    25
     0
     0
     0
     0
     3
     0
    58
    57
    18
    93
    93
    27
    40
    80
    81
    34
    62
    36
    30
   105
    52
    58
    26
    28
     0
     0
     6
     1
     0
     0
    37
    28
   168
    12
    22
    28
    42
    31
   117
    45
   186
   173
    33
    23
    15
    11
   204
    17
     0
     0
     0
     0
     0
     0
    24
    68
   155
   189
    66
    20
   148
    33
    26
     7
    15
    30
    43
    56
    13
     8
    29
    24
     2
     0
     0
     0
     0
    15
    41
    84
    85
   147
   117
    11
    15
    20
    28
    15
    40
    36
    22
    19
    10
    57
    18
    36
     6
     0
     0
     0
     0
     1
    30
   132
    54
   144
    37
    18
     8
    36
    13
    12
    30
    43
   164
    61
    27
   111
    18
    16
     7
     0
     0
     8
     3
     0
    35
    34
    29
    47
     4
    17
    32
    27
    33
    89
    49
    39
    13
     2
    19
    21
    17
    12
     0
     1
     9
     0
    14
     0
    34
    57
    94
    58
    19
    27
    48
     7
    16
    21
    20
    19
    19
    25
    97
    23
    53
    28
     0
     0
     0
     0
     0
     0
    58
    59
   142
     3
    26
    26
    34
   110
     4
    31
    22
    62
    23
    31
    27
    21
    58
    31
     0
     3
     0
     0
     0
     0
    65
   118
    60
    63
    65
    23
    20
    29
     9
    20
    35
    73
    32
   118
    69
     3
    14
    16
     0
    10
     0
     6
     0
     3
    33
   163
    46
    18
    19
    27
    76
    25
    38
     2
    15
    24
   164
   192
     9
    54
     8
    23
     0
    10
     0
     0
     0
     0
    16
     5
    67
    15
    14
    18
    22
    21
     8
    24
    17
    19
   152
    46
    49
    82
    35
    45
     5
     0
     0
     0
     9
     0
   102
    16
    26
    50
    42
    16
    65
    17
    16
    28
    12
    33
     8
     9
    84
   132
    14
    51
     0
     0
     0
     0
     0
     0
    14
    92
    18
    50
    66
    21
    61
    30
    25
    67
     4
    26
    36
    13
    60
   119
    39
    33
     0
     2
     0
     0
     0
     0
    11
    35
    12
    45
    55
    44
    39
    27
    13
    30
    26
    26
    26
     8
   107
    58
    15
    23
     2
     0
     0
     0
     6
     0
    64
    73
   114
    30
    35
    25
    45
    10
    19
    24
    67
    69
    16
    13
    34
    28
    37
    51
     0
     4
     2
     0
     0
     6
    21
   101
    87
   109
   149
    28
    37
    13
    20
   158
   164
    23
    31
    12
   264
    59
    78
    16
     0
     5
     0
    10
     7
     0
    20
    28
   304
    62
    12
    36
    25
    48
    20
    16
    16
   161
    59
     7
    30
    69
    76
    24
     1
     3
     4
     0
     0
     0
    57
    49
    81
    99
     7
    31
    36
    17
    16
    17
    13
    17
    10
     4
    29
    83
     6
    37
     0
     0
     0
     0
     0
     1
    13
    26
   155
    27
    26
    22
    13
    15
    38
     8
    19
     4
    30
    21
    40
    12
    37
    19
     5
     0
     0
     7
     0
     2
    28
    58
    61
    56
    13
     4
    19
    34
    66
    62
    17
     7
    24
    11
    63
    28
    46
    11
     5
     8
     0
     0
     0
     7
    12
    97
    66
    62
    21
    16
     5
   157
    15
   103
    19
    16
     1
    84
   155
   188
    46
    36
     0
     0
     0
     0
     0
     4
    71
    75
    98
   110
    22
    22
   178
    72
    13
    14
    17
    29
    29
     3
    37
    96
    84
    38
     0
     0
     0
     0
     0
     0
    43
   103
   123
    99
    21
    26
    72
    40
    18
    45
    24
    32
    55
    12
    93
   101
    28
    31
     0
     0
     0
     0
     0
     0
    25
     8
   100
    85
    25
    24
    28
    50
     4
    61
    21
    22
    18
   177
   192
    23
    15
    21
     6
     3
     0
    10
     6
     4
    15
    16
    97
    34
    43
    42
    27
   155
    10
    23
    16
    22
    57
   193
    76
    30
    37
    15
     2
     0
    10
     0
     2
     0
    52
    27
   136
    18
    28
    35
    22
    28
    34
    33
    25
    35
    45
    21
    75
   104
    10
    13
     0
     0
     0
     0
     4
     0
    54
    80
    25
    22
    26
    16
    19
     0
    19
    42
     9
    20
    32
     5
     5
    12
    15
     8
     0
     0
     0
     4
     6
     0
    21
   105
    54
    97
    17
     9
    18
    23
    60
    13
    16
    19
    33
    39
    10
    94
    19
    18
     8
     0
     0
     5
     0
     0
   103
    50
   114
   191
    46
    66
    20
    14
    15
    36
    61
    12
    83
    17
    14
   108
    17
    15
     1
     0
     0
     0
     0
     0
    40
    63
   216
   128
    32
    13
    30
    17
    23
    19
    25
    68
    59
   158
   192
    49
    22
    15
     2
     6
     0
     0
     0
     0
    46
    58
    85
    91
    27
     8
    24
    31
    17
     6
    46
    47
    21
    66
    53
    34
    22
    31
     0
     0
     0
     6
     0
     0
    29
    23
   128
     4
    28
    63
    32
    68
     5
    16
    24
    15
    22
   111
    34
    27
    16
    11
     0
     0
     1
     0
     1
     0
    24
    19
   139
   109
    26
    19
     9
    10
    33
    16
    29
    36
    51
   103
   149
    31
    47
    11
     0
     2
     5
     0
     0
     0
    28
    16
    63
    95
    45
     6
    16
    37
    42
    60
    11
    23
    44
    24
    73
    73
    13
    17
     0
     0
     0
     5
     0
     0
    42
    62
    43
    79
   149
    13
    34
    36
    26
    22
    64
    15
    28
   174
   108
   126
    29
    22
     0
     0
     2
     0
     0
     0
    25
    69
   134
    16
    65
   167
    33
    82
    50
    84
    67
    59
    19
    69
     0
    21
    40
    11
     0
     1
     0
     0
     0
     4
    32
    96
   231
    40
    27
    42
    21
    12
    47
    32
    34
    24
    46
    68
    70
   107
    18
    25
     0
     2
     0
     0
     1
     0
    28
    95
    59
   150
    20
    30
    15
    22
    17
    28
    25
    13
    41
    21
    23
    19
    11
    21
     0
     0
     4
     0
     1
     0
    27
     2
    93
    23
    11
    36
    28
    38
    20
    74
    59
    22
    14
    52
    18
    63
    20
    34
     0
     0
     4
     4
     2
     2
    17
    56
   119
   127
    30
    26
    16
     4
    17
    18
    18
    59
    33
     4
   185
    41
    16
    13
    19
     0
     0
     0
     0
     0
    29
    70
    97
    77
    32
     4
   173
    31
    60
    27
    25
   163
    89
     2
    33
    42
    15
    55
     0
     8
     0
     0
     4
     0
    21
    35
   129
    56
    15
    27
    15
    18
    17
    10
    16
    10
    26
   110
    73
    65
    11
    19
     0
     3
     0
     0
     0
     0
    71
    94
    79
    99
    23
    22
    34
    13
    22
    83
    14
    28
     7
     5
    35
    58
    18
    24
     0
     0
     0
     0
     0
     0
    44
   110
    65
   104
   100
    41
    27
    19
    14
    28
    22
    21
    62
    41
    23
    56
    16
    18
     1
     0
     6
     0
     0
     0
    43
   126
    54
    71
    22
    10
    66
    31
    12
    25
    27
     7
    24
    17
    24
     9
    34
    40
     0
    10
     0
     0
     2
     0
    22
   127
    53
    94
    17
    39
    17
     6
    16
    21
    20
     9
    16
    17
    89
    47
    16
    11
     0
    10
     0
     2
     0
     0
   107
    30
   141
    87
    21
    15
    13
    22
    17
    40
    13
   147
    31
    14
    61
     7
    29
    35
     0
     0
    11
     5
     0
     0
    11
    58
    97
   100
     9
    59
     9
    42
    26
    24
    55
    13
    16
     7
   106
    20
    10
    65
     0
     8
     2
     8
     2
     2
     7
   140
    51
    15
    14
    29
    13
    67
    26
    12
    18
    42
    67
    31
    19
     8
    38
    44
     3
     0
     3
     0
     7
     0
    23
   143
   102
   107
    13
    29
    20
    40
    80
    25
    64
    28
    22
    31
    58
    33
    33
    70
     0
     6
     0
     0
     0
     0
    37
    77
    71
   157
    27
    40
    23
    35
    17
    15
    17
    25
    17
    27
    67
    41
    63
    32
     9
     0
     0
     1
     7
     7
    26
    47
   115
    50
    28
    26
    10
    28
   153
     9
    16
    20
    10
    25
    10
    96
    87
     7
     0
     0
     0
    15
     8
     4
    56
    26
    11
    69
    25
    11
    73
   166
    51
    11
   179
     3
    74
    69
    25
    49
    66
   214
     0
     0
     0
     0
     1
     3
    39
    85
    64
    15
    21
    14
    15
    26
    23
    16
    11
    24
     9
    35
     6
     1
    21
    67
     0
     3
     0
     3
     0
     0
     0
    14
    65
   104
    11
    25
   112
    15
    31
    21
    43
    30
    31
    37
    31
    12
    29
    84
   165
     0
     0
     0
     1
     0
     0
    59
    19
   179
   112
    28
    20
    18
    40
    54
    28
     3
    15
     8
    24
    23
    59
     7
    20
     2
     4
     0
     0
     0
     5
    10
   116
    67
    78
    16
    53
    28
    44
    65
    31
    25
    40
    31
    23
    31
    66
    14
    17
     6
     0
     0
    16
     8
     0
    50
   106
   153
   251
    21
    19
    37
    28
    60
    83
    51
   112
    21
    54
    57
    13
    24
    45
     0
     5
     5
     3
     0
     6
    24
    92
    92
    16
    38
    11
     3
    11
    29
     8
   109
    21
    22
    20
    30
    47
    31
    27
     0
     0
     2
     0
     0
     0
    23
    61
    72
    72
    23
    28
    19
    45
    33
    56
    18
   165
    31
    17
    63
    59
     9
    16
     0
     1
     0
     0
     0
     0
    29
    84
   131
    44
    25
    21
    22
    15
    36
    70
    45
   150
    34
   164
    14
   110
    14
    76
     8
     0
     0
     6
     0
     0
    22
    56
    69
    97
    19
    68
    11
    30
    19
     9
   199
    12
    35
    18
    69
    88
    10
    82
     0
     0
     0
     0
     0
     0
     1
     6
   226
   211
    76
    20
    34
    15
     3
    29
     7
    42
    80
   165
    97
    58
    32
     6
     0
     7
     0
     1
     3
     3
    87
    45
   197
   107
    21
    37
    29
    22
   170
    58
    72
     9
    89
    30
    26
    81
    22
    31
     0
     0
     0
     0
     0
     0
    28
   178
    97
    34
     8
    20
    26
    16
    36
    43
    29
    18
    13
    35
   319
   105
    64
    57
     0
     0
     0
     7
     0
     2
    64
    35
   154
    63
    21
     5
    33
     9
    40
    64
   169
    25
    22
    56
    42
    22
    17
    19
     0
     0
     0
     0
     2
     0
     9
    25
   134
    71
    11
    25
    54
    32
    35
    41
    21
    24
    25
   153
    97
    62
    55
    33
     0
     0
     1
     0
     0
     0
    24
   117
    16
   112
    37
    14
   164
    70
    36
    16
    13
    42
    17
    29
    25
    38
    46
    54
     0
     0
     3
     0
     0
     0
     6
   175
   145
    52
    33
    40
    26
    26
    37
    34
    17
    12
    16
    20
   108
    36
    25
    53
     0
     5
     5
     0
     0
     7
    21
   152
   167
    31
    27
    20
    19
    25
    27
    48
   164
    91
    73
    33
    18
     9
    14
     7
     0
     1
     0
     0
     0
     0
    39
   165
   236
   187
    36
    20
     9
    66
    38
    35
    72
    27
    38
    68
    16
    21
    35
    89
     0
     0
    15
     8
     5
     0
    25
   138
   105
   110
    16
    19
    48
    15
    47
     8
    25
    93
     9
   167
    52
    95
    54
    17
     0
     1
     5
     0
     5
     0
    36
     7
    79
   101
    16
    25
     7
    76
    71
    72
    18
    16
    16
    59
    68
    76
    38
    13
    10
     0
     0
    15
     4
     0
    24
   100
    90
    30
    26
    30
    20
    13
    14
    34
     7
    19
    80
    12
    90
    34
    17
    26
     0
     0
     0
     0
     1
     6
    13
    77
   120
   113
    21
    26
    58
   111
    48
    21
    46
     9
    57
    68
   204
    94
    26
     9
     6
     0
     0
     6
     0
    11
    17
    18
   179
    55
    30
    27
    22
    93
    40
    24
    33
    30
    28
    27
    75
   133
    17
     6
     0
     0
     0
     0
     9
     0
    37
    17
    27
   195
    24
    51
    44
    21
    31
    70
    45
    60
    32
    26
    11
    45
    15
    20
     7
     0
     1
     4
     0
     3
    38
   130
   135
    48
     9
    20
    42
    58
    12
    15
   158
    39
    73
    31
    90
    80
    28
    18
     0
     0
     0
     0
     0
     9
    22
    86
    83
   289
    13
    24
    65
    37
    17
    20
    20
    25
    44
   195
   179
    22
    27
    33
     0
     0
     0
     0
     0
     0
    49
   217
   158
    66
    24
    31
    70
    69
    40
    38
    17
     2
    32
   174
    30
    15
    41
    11
     0
     8
     0
    12
    11
     4
    34
   111
   109
   106
    31
    23
    28
    22
    22
    14
    18
    20
    18
    13
    75
    74
    17
    23
     4
     0
     9
     0
     0
     0
    26
    72
   175
    94
    42
    31
    22
    25
    30
    53
    21
    22
   157
    37
    16
   120
    25
    25
     0
    10
     0
     0
     0
     0
    17
    78
    24
     8
    31
    18
    13
    31
    23
    22
    25
    26
    15
   287
    24
    38
    40
    29
     0
     0
     0
     9
     0
     0
    38
    12
   110
   106
    26
    11
     9
     6
    74
    12
    17
     6
    30
    18
    43
    56
    79
    29
     0
     7
     0
     4
     0
     0
    32
   113
    98
    58
    23
     5
    34
   105
    30
    45
    35
    28
    25
    47
    46
   214
    23
    43
     0
     0
     5
     5
     0
     0
    33
    72
   137
    34
    29
    31
    18
   166
    16
    19
   168
    29
    22
    60
    82
    29
    20
    26
     0
     7
     3
     0
     1
     1
    28
    31
    79
    36
    28
    15
    33
    37
    66
    16
    34
    24
    14
     5
    38
    10
    87
    21
     0
    10
     0
     0
     0
     2
    17
    60
   104
    68
    16
    11
    21
    49
    13
    11
    38
    10
     4
    48
   108
    21
    16
     8
     0
     0
     3
     0
     1
     0
     9
   147
   241
   134
     8
    24
    31
    23
    39
    45
    32
    52
    49
   182
    55
    36
    16
    66
     1
     0
     7
     0
     0
    13
    19
   134
   100
    51
    16
    41
    14
    26
    27
     7
    25
    69
    25
    18
    47
   156
    15
    42
     0
     6
     0
     0
    10
     0
    14
    92
    90
   133
     8
    13
    38
    38
    27
    16
    25
    19
    35
   154
     7
    25
    46
    33
     1
     0
     3
     0
     0
     0
    17
    91
    59
   174
    81
    30
    14
    21
    17
    68
   144
    11
   192
    44
     8
    45
    26
    55
     9
     0
     8
     0
     0
     0
     8
    96
    71
   151
    44
    14
    69
    57
    25
    14
    24
    31
    25
    22
    71
   276
     5
    66
     4
     0
     5
     3
     5
     4
    51
    11
    57
   121
     5
    25
    20
    29
    13
   166
    47
    14
    38
    20
    57
    24
    12
    79
     1
     0
     2
     0
     0
     9
    30
    87
    72
    65
    57
    16
    20
    11
    10
    78
    28
    20
    29
   148
    60
    92
    10
    22
     0
     4
     0
     0
     1
     0
    19
    95
    14
    66
    19
    32
     4
    17
     3
    12
    13
    11
    46
    86
    42
    33
    12
    23
     0
     0
     0
     0
     0
     0
   103
   143
   103
   168
    16
    34
    46
    35
    46
     8
    43
    66
    35
    12
    48
    72
    17
    43
     7
     0
     0
     0
     0
     4
    32
    18
   161
    69
    39
    26
    20
    33
    56
     7
    77
    21
    54
    91
   136
    30
    91
    16
     4
     2
     3
     0
     0
    10
    83
   113
   216
    69
    39
    20
    31
    35
    65
    45
    30
    25
    35
    18
    73
    91
    18
    22
     2
     0
     1
     0
     1
     4
    35
   225
   126
    99
   103
     6
   188
     8
    27
    68
    18
    16
    16
    28
    40
    47
    13
    35
     9
     0
     0
     0
     0
     2
    98
    29
    67
    70
    26
    32
    12
    46
    36
    26
    18
    38
    61
     6
    43
    34
    14
    36
     0
     0
     0
     0
     7
     0
    25
   130
    99
    49
    17
    16
    36
    23
    24
    44
    27
    66
    17
    52
    23
    46
     3
    30
     0
     0
     5
     7
     0
     0
    11
   135
   181
   168
    22
    20
    16
    30
    32
    33
    80
    13
    17
    23
    51
   194
    19
    15
     0
     6
     0
     0
     0
     0
    10
    63
    53
    64
    48
    19
    34
    26
    14
    27
    39
    23
   160
    22
    52
   101
    22
    35
     0
     0
    12
     0
     0
     0
    45
    20
   104
    60
    26
    27
    11
    40
     8
    29
    32
    18
    13
     6
   135
    63
    32
    46
     0
     3
     6
     0
     0
     0
    51
   183
   155
    10
    56
    14
    35
    40
    31
   100
    46
    28
    31
    78
    62
    96
    56
    27
     0
     0
     0
     6
     3
     0
    65
   221
   207
    62
    20
    23
    39
    22
    32
    84
    15
    22
    31
    33
   218
    81
    64
    31
     0
     0
     0
     0
     4
     9
    21
   149
   280
    42
    15
    27
   165
    61
    16
    62
    18
    58
    15
    10
    67
    52
    63
    11
     0
     0
     0
    10
     0
     0
    23
    42
   173
    38
    18
    31
    59
    62
    28
    10
    18
    28
   220
    32
    23
    12
    47
    20
     0
     5
     3
     4
     0
     7
    37
   137
    66
    23
    16
    13
    20
    47
    13
   203
    14
    53
    67
    42
     7
    67
    79
    19
     0
     0
    10
     3
     0
     9
    33
    92
    76
    72
    44
    27
    54
    36
    14
    13
    20
    34
   109
    64
    17
   159
    38
    22
     4
     0
     0
     6
     0
     5
    66
   101
    84
    24
    33
    12
    12
    14
   180
    25
   169
    15
    30
    39
   109
    91
     7
    57
     2
     0
     4
     6
     0
     6
    22
    96
   132
    29
    45
    27
   113
    55
    21
    47
    64
    41
    51
    25
   186
    19
    37
    24
     0
     7
     1
     0
     1
     0
    26
   135
    67
    44
    34
    26
    24
    24
    71
     8
    49
    42
    25
   123
    11
   145
    42
    31
     7
     0
     1
     0
     0
     9
    10
    65
    94
    97
   156
    36
    28
    17
    15
   148
    23
    60
    24
    59
    16
     7
    36
     0
     0
