    29
     0
     7
     0
     2
    14
    47
    48
    40
    17
    16
    29
    15
     1
    13
    25
    30
     3
    17
    85
    43
    12
     8
    12
     0
     0
    12
     0
     0
    92
    26
    24
     6
    24
     0
    28
     8
    12
    14
    24
    12
     3
    16
    66
    23
    26
    19
     0
     0
    15
     2
     0
     0
    11
    27
    73
    74
    22
    26
    23
    10
    27
   174
    59
     1
     7
    16
    21
    68
     9
    17
     0
     0
     0
     0
     0
     0
    28
   127
    87
    10
    40
    24
    13
    25
    36
    12
    23
    21
    23
    30
    14
    10
    18
    19
     0
     0
     0
     0
     0
     0
    49
    20
    53
    16
    21
    32
   153
     7
    49
    21
    67
    10
    10
    31
    74
    66
    15
     5
     0
     1
     0
     0
     0
     5
    12
    73
   178
    58
    26
   162
    18
    17
    12
     4
    16
    18
    14
    24
    17
    27
    15
    12
     0
     0
     7
    12
     0
     3
    44
    59
    51
   101
    28
   157
    49
    61
    36
    22
    21
    20
    16
    24
    72
    12
    11
    13
     0
     0
     0
     4
     0
     6
    29
    69
    83
    58
     6
     3
    74
     2
    13
    13
    13
    30
     7
    26
    14
    26
    40
    13
     0
     0
     0
     0
     0
     0
    23
    18
   123
   116
    19
     7
     1
    35
    11
    22
     6
    26
     8
     0
    19
    53
    13
    25
     0
     0
     0
     0
     0
     0
    32
   137
    17
     4
    11
    16
    12
    14
    18
     2
    12
     9
    10
     3
   147
    57
     4
     6
     0
     0
     0
     1
     0
     4
    15
    95
    14
    50
    42
    26
    24
     2
    12
    29
   154
    15
    12
    14
    30
    29
     7
    27
     1
    18
     0
     0
     0
     0
     8
    10
    53
    19
    13
     4
     2
    25
     1
    53
    10
    60
     5
    26
    31
    88
    11
    23
     0
     3
     0
     0
     0
     0
    27
    68
    62
    10
    31
    47
     9
    39
    21
   150
    34
    43
    47
    12
    63
    59
    15
    14
     0
     0
     0
     6
     0
     0
    33
    24
    24
   141
     5
     7
    35
    16
    58
    11
     0
    23
    11
    22
   222
    69
    35
    61
     0
     0
     0
     0
     0
     0
     6
    45
   104
   119
    16
     9
    43
    48
    10
    36
    22
    19
    18
    60
     8
   290
    50
    14
     0
     0
     0
     0
     0
     6
    36
     2
   142
   102
    69
    67
    26
     7
    25
    21
    12
    17
    23
    13
   110
    20
    24
    20
     0
     0
     0
     0
     0
     3
    17
   134
    86
    53
     8
    12
    16
    16
    14
    10
    93
    11
    29
   105
    10
     8
    10
    13
     0
     0
     0
     0
     0
     4
    14
    57
   107
   104
    30
    59
    17
    10
    17
     9
    28
    15
    11
    61
     4
    66
    24
    34
     0
     0
     0
     0
     0
     1
     6
     0
    58
    54
    59
    33
     5
     8
    12
    14
     9
    52
    71
    49
    18
    15
    21
    40
    10
     0
     0
     0
     1
     0
    12
    75
   108
    55
    22
    25
    24
    13
    52
    11
    18
    38
    11
    98
    18
    29
    11
    32
     0
     0
    10
     0
     0
     3
    23
    30
   147
    89
    11
    10
     4
    29
    44
    61
    12
    20
    17
     7
    19
    11
    23
    65
     0
     0
     0
     0
     0
     0
    81
    52
   104
    57
    18
     7
    47
    15
     5
    22
    26
     8
    33
    19
    53
    60
    14
    19
     0
     0
     8
     0
     0
     0
    28
    26
   137
    80
     0
     7
     0
    11
    20
    17
     9
     9
    13
    28
    19
   100
    53
    26
     8
     3
     0
     0
     5
     0
    58
   105
    64
    12
    13
    39
    20
    21
     5
    10
    13
    18
    24
    32
    52
   189
     9
    18
     9
     0
     0
     0
     1
     0
    12
     8
    57
     2
    22
    13
    13
    21
    30
    12
    15
     1
    18
    54
    17
    50
    31
    26
     0
     0
     9
     7
     0
     0
    24
    49
   108
   113
    33
    11
     1
     6
     9
    36
    16
    17
    54
    29
    64
    30
     5
     4
     6
     0
     0
     0
     0
     1
    60
    72
   156
    21
    17
    50
     8
     9
    74
    33
     9
    22
    21
     1
    21
    67
    48
    42
     0
     0
     3
     0
     7
     0
    18
    73
    90
    41
    52
     5
    17
    13
    16
    10
    12
    35
    25
    22
    25
   164
    27
    26
     0
     0
     0
     0
     0
     0
    25
    80
   134
     7
    18
    11
    12
     7
    27
    13
     5
    29
    11
     1
    60
    24
     7
    15
     0
     0
     0
     0
     8
     0
    17
    89
   102
    59
    33
     7
    28
    57
    49
    25
    20
    35
     6
    27
    56
     9
    17
    29
     0
     0
     0
     0
     0
     8
    15
    96
   181
    91
    50
     3
    43
     9
     7
    10
    28
    58
    26
    15
    53
    58
     9
    17
     4
     0
     0
     4
     0
     0
    21
    15
    52
    56
    41
    17
    22
    52
     6
    24
    10
    24
    11
     0
   159
    59
    11
    27
     0
     0
     0
     2
     3
     0
    26
    44
    26
    69
    48
    17
    14
    39
    24
    12
    46
     3
    16
    12
    22
    26
    26
     5
     0
     0
     0
     0
     0
     0
    19
   101
    64
    13
     9
    45
    20
   154
    26
     9
    17
    15
    52
    65
    69
    67
    19
    21
     0
     0
     0
     0
     0
     0
    19
    55
   133
   147
    19
    26
     3
    17
     6
    13
    10
    31
    61
    25
    11
    41
     0
    18
     0
     0
     0
     0
     0
     0
    11
    85
    81
    67
    33
    33
    11
    65
    14
    19
    21
     1
    34
    13
     8
    16
     2
    25
     0
     0
     0
     6
     0
     0
     9
    59
    59
    50
    16
    17
    28
    30
    13
    68
     7
    14
     1
   150
    97
    32
    30
    18
     0
     0
     2
     7
     0
     0
    54
    44
    10
    28
     8
    20
     5
    25
    44
    13
     5
    55
     6
    58
    12
    17
    30
    10
     0
     3
     0
     0
     0
     0
    16
    94
    23
    20
    59
    30
     9
    17
    24
    10
    72
    23
    41
    68
    55
    24
    32
     3
    10
     9
     0
     0
     0
     0
    62
    12
     6
    17
     6
     9
    25
    22
    14
    24
     5
    38
     6
    12
    17
    25
    27
    32
     0
     4
     8
     4
     0
     2
    31
    23
    99
    26
     5
    14
    26
    17
     4
    13
     9
     6
    15
     7
   156
    19
    24
     8
     0
     0
     0
    15
     0
     2
    33
    58
    64
    45
    74
    18
     2
    18
    73
    13
    57
    29
    23
    29
    53
    54
    64
    69
     0
     0
     0
     0
     0
     0
    10
    53
   146
     3
     4
    26
    10
     5
    26
    19
    28
    15
    20
    15
   314
    55
   152
    57
     0
     6
     0
     5
     0
     0
    10
   105
    64
   105
     6
    24
    19
     7
    57
    18
    22
    17
    10
     8
   167
    38
    16
    57
     0
     0
     0
     0
     0
     0
    15
    86
    55
    21
     1
    25
     2
    19
    17
    14
     2
    11
     8
    10
   102
    20
    18
    12
     0
     2
     0
     4
     0
     0
    96
    24
    54
    84
    21
     1
     7
    16
     8
    28
    21
    19
    22
    59
    46
    13
    31
    14
     3
     0
     0
     0
     0
     0
    17
    11
   108
    98
    36
    13
    20
    62
    15
    11
    26
     5
    37
     2
    14
     9
     8
    34
     0
     0
     0
     0
     0
     0
    20
    67
   141
     7
     9
    27
    38
    14
     5
     6
     8
    21
     9
    14
    58
   150
    10
     8
     0
     1
     0
     0
     0
     0
    31
    54
    51
    55
    76
    49
    14
    16
    30
    16
    27
    27
    58
    30
    31
    56
    57
    32
     0
     0
     0
     0
     0
     0
     0
   112
    43
   136
   163
    59
     4
     0
    35
    37
    23
    17
     6
    40
    51
    50
    19
    27
     0
     0
     0
     2
     9
     0
    14
    55
    89
    52
     7
    27
    47
    12
    16
    39
     3
     3
    15
    59
    80
    22
    25
     6
     0
     0
     0
     0
     0
     2
    27
    15
    98
    14
     3
    17
    46
     9
    14
    21
     5
    28
    10
    43
    22
    18
    22
    93
     0
     0
     0
     0
    10
     0
    25
    15
    66
    94
     7
    57
    12
   198
    20
    50
   164
    16
     9
    18
    61
     7
    51
    12
     0
     0
     6
     0
     0
     0
    88
    19
   104
    23
    12
    11
    25
    26
    26
     5
    16
    24
    21
     3
    31
    24
    10
    51
     0
     2
     5
     0
     0
     0
    16
    65
   100
    54
    14
    27
    54
    25
    24
   114
    25
    17
    40
     8
    99
    63
    14
    58
     1
     0
     0
     0
     0
     0
    23
    89
    69
    58
    52
    28
    27
    33
    17
    44
    18
    47
    41
    44
   192
    32
    27
    22
     0
     0
     0
     1
     1
     0
    49
    90
    93
    23
   169
    71
     9
    29
    15
    12
   154
     7
    11
    14
    51
    27
    22
    24
     0
     0
     0
     0
     0
     0
    59
    47
    94
     1
    34
    22
    13
    40
     5
    17
    40
    21
     9
    21
    14
    15
     7
     0
     0
     0
     0
     0
     0
     0
    11
    60
    46
    57
     7
    25
    21
    20
    27
    17
    33
    28
    28
    24
   166
    55
    20
    16
     0
     0
     0
     2
     0
     0
     1
    56
    45
    54
    33
    27
     7
    25
    15
    58
    26
    22
     8
    54
    28
     5
    23
    53
     4
     0
     0
     0
     0
     0
    42
    57
     5
    58
    64
    20
    57
    17
     6
     2
    13
    13
     0
    23
    52
   159
     5
    43
     0
     0
     0
     3
     0
     0
    65
    92
    52
    65
    40
    10
    32
    13
    41
    23
   162
    23
    44
     4
    14
    17
    51
    28
     0
     7
     5
     0
     0
     0
    15
    65
   117
    18
     6
    29
    15
    25
    25
    29
    23
    24
    23
    36
    60
    10
    33
    20
     0
     8
     0
     0
     0
     0
    24
   136
    52
     5
    25
    36
    26
    19
    77
     1
    34
     8
    13
     3
    45
    84
    31
    18
     0
     0
     0
     0
     0
     6
    15
    10
   115
    40
    59
     9
    53
    13
     6
     9
    34
    21
    32
   156
    48
    12
    12
    19
     0
     8
     5
     3
     0
     0
    30
    79
    44
    51
     7
     4
     7
    24
   142
    30
    42
    11
    58
    44
    16
     9
    27
     9
     0
    13
     0
     0
     0
     0
    89
    45
   156
    78
     6
    14
     1
    20
    21
    44
     9
     8
    56
    20
   145
    43
     5
     6
     0
     0
     0
     0
     0
     0
     0
    14
   173
    85
     8
    36
    13
    14
    21
    44
    34
    22
    31
    62
    15
    12
    11
    26
     0
     0
     0
     0
     0
     3
    38
    14
   154
    23
     1
    12
    50
   155
    29
    25
    35
    63
    19
    24
     5
    22
     9
    12
     0
     7
     5
     0
     0
     0
    37
    64
   137
    54
    27
    27
    50
    12
    18
    24
    42
    16
    32
    25
   234
    60
    23
    31
     0
     5
     0
     8
     0
     0
    24
   229
    88
    24
     6
     7
    49
    14
     0
    11
    19
    15
     7
     1
    12
    24
    14
     9
     0
     8
     1
     0
     0
     5
    24
    83
   134
    70
    17
    32
    89
    35
    20
    10
     0
     8
     5
    53
    23
    19
    54
    15
     1
     0
     0
     0
     1
     0
     4
   181
   120
   107
    15
    10
    34
    61
    15
    24
    17
    28
    11
    13
   157
    59
     4
    21
     0
     0
     0
     0
     8
     0
    18
   143
    66
    61
    57
     8
    52
    25
    10
    20
    14
    20
    27
    34
    60
   155
    31
    31
     3
     0
     0
     0
     0
     0
    17
    60
    46
    52
    14
    52
    19
    11
     1
    25
    16
   205
    11
    18
    68
    11
    65
    69
     0
     0
     0
     0
     2
     0
     4
    64
   193
   180
    13
    10
    21
    12
    13
    14
    52
     6
    18
    17
    31
    13
    31
    47
     0
     0
     6
     0
     7
     3
    15
    88
    56
    58
    24
     5
   197
   166
    12
    12
    44
    18
    23
    16
    32
    13
     7
    35
     0
     0
     2
     0
     0
     0
    28
    12
    57
    58
     3
    16
    75
    10
    67
     6
    16
    23
    10
    24
    16
    65
    27
    13
     0
     0
     0
     0
     0
     0
    16
    57
    60
    61
    30
    18
    49
    16
    16
    19
    10
     1
    56
    27
    16
    18
    12
     9
     0
     0
     0
     0
     0
     0
    23
    42
     9
    92
    26
    10
     9
    26
    12
    23
    11
    58
    12
    29
    32
   163
   155
     6
     0
     0
     2
     5
     0
     0
    21
    97
   108
    62
    13
    13
    20
    17
    32
    32
     9
     0
     0
    21
    31
    59
    10
    60
     0
     0
     0
     0
     0
     4
    19
    49
    62
    48
    26
     4
     8
     5
    86
    19
    20
     7
    17
    16
    15
    23
    13
    18
     0
     8
     0
     0
     0
     0
    12
    23
    50
   100
     6
   151
    13
    13
    37
    50
    11
    31
    16
    71
   206
    24
    50
    20
     0
     0
     0
     0
     0
     5
    24
   101
    68
    57
     2
    36
    62
    22
    29
    34
    18
    22
    18
    26
   196
   211
    24
    24
     0
     0
     0
     0
     0
     0
    50
     1
    64
    54
    16
    18
     6
    16
   165
    20
     5
    30
    12
    47
   162
    20
     8
    12
     0
     0
     0
     0
     2
     4
     7
    83
    98
    33
    10
    14
    17
     4
    38
    12
     4
    12
     4
    16
    53
    47
    12
    36
     0
     0
     0
     0
     0
     0
    14
   127
   126
     7
     3
    25
    43
     5
    15
    14
    60
    25
    18
    64
    21
    23
    13
    65
     0
     0
     0
     0
     8
     0
    18
    58
    16
    12
    21
     8
    17
    13
     4
     1
    13
    14
    77
    46
    13
    49
    16
    49
     0
     0
     0
     0
     1
     0
     6
    12
   136
    28
    12
     8
    12
    13
    14
    19
    29
   155
    11
    21
    47
    92
    10
     7
     0
     0
     0
     0
     0
     0
    28
   166
    98
    23
    37
     5
    11
    23
     3
    23
    25
    40
    73
    25
    18
     8
     6
    15
     1
     0
     3
     8
     0
     7
   190
    40
    56
     8
    65
    33
    25
    12
    18
    22
    39
    35
    10
    70
    10
     7
    13
     0
     0
     0
     8
     0
     0
    79
    40
    55
    18
    13
    33
     8
    24
    24
    15
    23
     9
    13
    35
    14
    87
    13
    26
     1
     0
     0
     0
     0
     0
    39
    74
    94
   108
    15
    15
    22
    49
    19
    30
   190
    12
    64
    26
    63
    18
    34
    53
     7
     0
     0
     7
     0
     0
     7
   140
    50
    54
   209
    29
     2
    21
   106
    17
    20
    17
    44
    27
     1
    17
    12
    22
     0
     0
     0
     0
     0
    13
    19
    19
    63
    55
    23
    13
   156
    11
    35
    26
    14
    11
     3
    20
    50
    53
    24
    29
     0
     0
     6
     0
     0
     0
    17
     4
   147
    65
    52
    15
    13
    19
     0
     8
     5
    10
     8
   154
    53
    12
     9
    12
     7
     0
     0
     5
     0
     0
    57
    63
    63
   107
    20
   164
    15
    24
    30
    35
     4
    59
   156
   192
     8
    90
    74
    60
     0
     0
     0
     0
     7
     8
    10
    12
   139
    22
    17
    36
    30
    18
     6
    41
    27
    21
    18
     0
    23
    87
    23
    25
     0
     0
     3
     0
     7
     0
    15
    63
     8
   125
    12
    28
    27
     5
     8
    10
    10
     4
    12
     5
    19
    47
    18
    19
     1
     0
     5
     0
     0
    20
    20
    58
   145
    10
     8
    31
    20
    14
    26
    34
   160
    24
    17
    51
     7
     7
    18
    22
     0
     0
     1
     0
     0
     0
    15
    67
   117
    31
     8
     6
    57
    12
    49
   152
    22
    27
     8
    22
    14
    25
    26
     6
     3
     0
     0
     9
     0
     0
    20
    18
     6
    64
    21
    59
    29
    10
    10
    15
    30
     5
    20
   166
   105
    96
    12
    13
     0
     0
     9
     0
     0
     0
    32
    82
    61
    26
     8
     0
    21
    66
    25
    24
    12
   176
    11
    71
    49
     2
     8
    21
     0
     0
     0
     0
     0
     6
    59
   104
   105
    57
    14
    16
    23
     9
     1
    73
    19
    14
    14
    20
    21
   100
    26
    36
     0
     6
     0
     0
     0
     1
    13
    64
   168
   111
    31
     8
    13
    40
    41
    24
    22
     8
    43
    25
    86
    23
     8
    24
     0
     0
     5
     4
     0
     0
    54
    52
   139
    46
    30
    21
    20
    25
    19
    22
    23
    18
    22
     7
    56
    21
    19
    24
     0
     0
     0
     7
     0
     0
     2
     6
    59
    60
    23
    30
    16
    20
    56
    11
     9
    21
    10
    11
    31
     9
    23
    35
     0
     5
     0
     0
     0
     0
     6
    15
   135
    13
     9
    35
     5
    36
   195
    17
    49
    24
    15
    51
    52
    27
     4
    26
     0
     0
     0
     6
     0
     0
    50
    16
    16
    12
     9
    28
     7
    29
    13
    22
    21
     0
    28
    22
    49
    29
    19
    43
     0
     0
     0
     0
     0
     0
    15
     2
   141
    47
    13
    15
     7
    48
    32
     8
     9
    10
    15
     8
    45
    72
     5
    26
     0
     2
     2
     0
     1
     0
    24
    92
    65
   116
    29
    75
     8
    15
     6
     5
   151
    52
    35
    13
   111
    19
    31
     7
     0
     0
     0
     4
     0
     0
    47
    82
   195
    75
    13
    25
    15
    12
    28
    62
    35
    49
    18
    33
    10
    13
    19
    29
     0
     0
     3
     9
     5
     0
   104
   106
    49
    14
     9
    22
    28
    12
   175
    37
    14
    14
    17
    22
     7
    10
    19
    16
     0
     0
     0
     0
     4
     0
     7
   176
   111
   141
    51
    19
    25
    13
    27
     7
    13
    52
    25
    34
   134
    60
     9
    26
     3
     0
     0
     2
     2
     0
    57
     6
   243
   107
    40
    28
    54
    14
    19
    55
     9
    70
    25
    12
    10
    93
    17
    21
     0
     0
     9
     0
     2
     0
    17
     7
   137
    54
    21
    13
    11
    23
    39
    17
    14
     2
    48
    12
     9
    48
     8
    20
     0
     6
     7
     0
     5
     0
    59
    60
   147
    57
    32
    68
    29
    17
     9
     8
    14
     9
    22
     8
    56
     4
    16
    18
     0
     0
     0
     0
     0
     0
   127
   267
    64
    95
    37
    18
    19
    41
    14
     4
    21
    22
    24
    20
    26
    15
     3
    21
     0
     0
     5
     0
     0
     0
    34
   109
   225
    70
    35
    13
    15
    46
   166
    11
    30
    17
    29
     6
    22
    71
    23
    34
     8
     0
     0
     0
     0
     5
    10
    90
    44
     3
     7
    18
    51
    39
    50
    24
    23
    16
    38
     6
    50
     7
     4
    14
     0
     0
     2
     0
     0
     5
    16
    17
    49
   179
    55
     7
    19
     9
    97
     5
    16
     3
    17
    10
     9
    63
    10
    11
     0
     0
     0
     1
     0
     0
     0
    30
    53
    54
    32
    16
    14
    13
    26
     8
    66
    13
    64
    31
    54
    11
    23
    19
     0
     0
     0
     0
     0
     0
    28
    42
   148
    83
    48
    39
     8
    12
    23
    47
   145
    12
    20
    26
    13
    47
    40
    25
     0
     0
     0
     0
     0
     0
    67
    47
    87
    17
     6
    17
    17
    27
    21
    32
    10
    18
    12
    12
    53
     0
    25
    13
     0
     1
     9
     1
     8
     0
    11
   131
    99
    85
    30
    12
    23
   156
    22
   173
    14
    10
     7
   144
    14
    42
    28
    41
     0
     0
     0
     0
     0
     6
     8
    66
     8
    13
    28
     1
    33
    25
    15
     7
    24
    71
    23
     9
    61
    42
    34
    38
     0
     0
     0
     0
     0
     0
     7
    93
   133
    52
     2
    60
    15
     0
     6
     8
    51
    12
    34
    20
     8
    33
    27
     6
     0
     0
     0
     0
     0
     0
    17
   103
   134
    48
    20
   165
    44
     8
    17
    15
    10
    13
    26
    16
     7
    18
    16
    14
     0
     0
     0
     0
     0
     0
     2
    59
   207
    12
    20
   148
    25
     7
    15
    15
    21
     3
    21
    45
    32
    21
    16
     5
     7
     0
     0
     0
     0
     0
    30
   103
     8
    65
    12
    20
    10
    32
    47
    19
    24
    49
    64
     4
    20
    15
    27
     5
     6
     0
     0
     0
     0
     0
    16
     8
   175
    55
    12
    65
    43
    17
     0
    36
    12
    12
    18
     6
    19
    24
     0
    15
     0
     2
     0
     2
     2
     4
    46
   127
    12
   140
    47
    19
    11
     5
     6
     8
    29
    37
     4
    18
   108
    21
    25
    13
     7
     0
     5
     0
     0
     4
    22
    16
    95
    42
    41
    26
    20
    22
    31
     9
   108
     3
    16
    17
   154
   111
     9
    23
     2
     0
     0
     0
     0
     0
    21
    60
    56
   133
    11
   167
    23
    21
    18
    62
    43
    46
    21
    11
    29
    13
    19
    37
     8
     1
     0
     9
     8
     0
    62
    53
    49
    30
    29
    18
    33
    18
    16
    15
    22
    25
    15
    30
    10
    18
     3
    19
     0
     0
     0
     0
     0
     0
     0
   101
     0
   108
    15
    13
    20
    31
    67
     5
    14
    11
    15
     3
   140
    59
    21
     7
     0
     0
     0
     0
     7
     0
    34
    61
    86
   129
    17
     6
    29
    16
    24
     7
    41
    26
    42
    22
     6
    23
    11
     8
     0
     6
     0
     0
     0
     7
    51
    94
    85
    45
    27
    16
    20
    19
    13
     9
    28
    14
    21
    24
   165
    29
     7
     8
     0
     0
     2
     7
     0
     0
    17
    47
   165
    70
    20
     8
    22
    10
     5
    43
    53
     5
     6
     9
   199
    13
    25
    13
     1
     0
     0
     0
     0
     0
    22
   118
    85
    10
    55
    61
    13
    30
    19
     6
     8
    12
     9
    40
    58
    17
    35
    26
     0
     0
     0
     5
     0
     0
     6
    52
    10
    18
    18
    23
     6
     2
    23
     6
    24
    28
    31
    14
    55
    54
    28
    23
     0
     0
     0
     0
     0
     0
    11
    56
   104
    15
    14
     5
    16
    19
    17
    12
     7
    12
    27
    16
    18
     7
    19
     6
     0
     4
     0
     0
     0
     0
    54
     9
   110
    64
     7
    16
    13
     4
    22
    24
     7
    63
     2
    20
     3
    19
    20
     6
     0
     0
     0
     0
     0
     0
     5
    42
   134
    59
    18
     9
    12
     4
     9
    10
    15
    16
     4
    11
   146
    16
    23
     4
     0
     0
     0
     0
     0
     0
    24
    91
    95
    58
    27
     4
     5
    18
    22
    13
    14
    32
   148
    14
     1
    70
     7
     9
     0
     0
     0
     0
     0
     0
     0
   125
   123
   144
    14
    21
    86
    14
    28
    48
    16
    28
    15
    39
    53
     2
    27
    17
     3
     0
     0
     0
     0
     0
    12
    13
    52
    49
    22
    85
    26
    21
    30
    54
    18
    69
    64
    10
     6
    49
    19
    20
     5
     0
     0
     3
     2
     0
    63
    68
    73
    17
    20
     9
    16
    11
    55
     2
     5
    17
     7
    26
    16
    20
    17
    42
     0
     2
     0
     0
     0
     5
    57
    61
    55
    21
     2
    10
    15
    13
     7
    50
     0
    13
    30
     7
     3
    62
    14
    11
     0
     0
     0
     0
     0
     0
    10
    30
    51
     6
    23
    20
    22
    22
    32
    22
    11
    85
     8
    11
    18
   179
   145
     5
    10
     0
     0
     0
     0
     0
    43
   101
    41
    42
    56
     2
    18
     6
    17
    18
    12
    11
     0
    13
     0
    15
     7
     0
     0
     6
     0
     4
     0
     0
     7
    50
    91
    12
     1
    14
     4
    18
    12
    15
    15
    15
     6
     7
   192
    68
    11
    16
     3
     0
     0
     0
     0
     2
    54
    84
    54
    49
    24
    66
    30
     1
    37
    25
    15
    22
   202
    14
    94
    17
    54
    17
     7
     0
     0
     4
     0
     0
    10
    51
    50
    12
    17
    29
    13
    67
    20
    11
    19
    17
    10
    18
    47
    93
    16
     7
     0
     0
     6
     8
     0
     0
     3
   122
    83
   112
     0
    40
    19
    19
   151
    25
     9
    19
    67
    15
    59
    19
    26
     8
     0
     0
     0
     0
     0
     0
    52
    23
   103
    53
    10
     3
    29
     7
    52
    17
   153
    21
   109
    27
   119
    17
    50
    22
     0
     0
     0
     0
     0
     0
     8
    14
    64
   103
    27
    14
    15
    19
    23
    32
    55
    14
    11
    10
    11
    33
     5
    39
     1
     7
    10
     0
     0
     2
    35
    20
   151
    61
    15
    11
     5
    20
    26
    11
    19
     9
    41
    23
    45
     3
    12
    25
     2
     0
     0
     0
     0
     0
     7
     6
    82
    51
     6
     7
    19
     7
    49
     5
    11
    12
    32
    11
     8
    10
    55
     3
     0
     0
     0
     0
     0
     0
    67
    50
    99
    50
    35
    12
    25
    20
    25
     0
   108
    69
     5
    23
    14
    27
    37
    24
     0
     6
     0
     0
     0
     0
    53
     9
    17
    36
    29
    13
    29
    15
    18
    33
    12
    26
    17
    31
    35
     1
    57
    22
     1
     0
     0
     0
     0
     0
    16
    11
    72
    17
    14
     6
    27
    10
    27
    41
    10
     6
    17
    49
    51
     5
     2
    23
     0
     0
     0
     2
     4
     0
    12
    14
     3
   166
    16
    14
     7
     2
    28
    36
     9
    10
    19
    20
    13
    11
    32
    12
     8
     7
     0
     0
     0
    10
     9
    16
    14
    33
     9
    11
    13
     4
    14
     0
    16
     9
     8
    21
    10
    44
    26
    11
     0
     0
     0
     8
     0
     0
    52
    14
    84
   146
    12
     5
    22
    17
    11
     6
     4
     9
    14
    86
    10
    15
     5
    20
     3
     0
     0
     0
     1
     0
    23
    92
    76
    67
     2
    12
     5
    25
    19
    13
     9
    28
    12
    20
   187
    11
    20
    12
     0
     0
     3
     4
     0
     0
     8
    98
     6
    20
    10
    22
    18
    13
    13
    23
    18
    25
    14
    12
     7
    19
    15
    19
     0
     0
     0
     0
     5
     3
    56
    60
   125
    99
    46
    62
    21
    24
    16
    15
     9
    86
    13
     6
    41
    21
    59
    25
     0
     0
     0
     0
     0
     0
     3
    98
    88
     6
    17
    70
    21
    33
    12
    26
    24
    18
    14
    19
    48
    53
    11
    20
     0
     0
     0
     0
     0
     0
    14
    97
    90
     5
     3
    14
    31
    16
    55
    29
    16
    14
    17
    25
    82
     7
    18
    11
     0
     0
     0
     0
     0
     0
     9
    47
    86
    90
    13
    18
    17
     8
     3
    15
   162
     5
    23
    14
    10
    15
     5
    17
     2
     0
     0
     4
     0
     6
    39
    14
    99
    96
    62
    15
    21
    14
    14
     9
     7
    19
     2
     7
    40
    19
    27
    18
     0
     0
     4
     0
     0
     0
    18
    33
    15
    58
     8
     5
    11
     9
    44
    24
    17
    15
    48
   149
     0
    13
     8
    45
     0
     0
     0
     0
     7
     0
    25
   100
   143
    29
    13
    12
    35
    33
     8
    21
    11
     9
     0
     1
    18
     8
    25
    15
     0
     0
     0
     0
     0
     0
    21
    10
   229
    68
    35
    34
    58
    26
    26
    14
    10
     8
    12
    11
    14
    55
    14
     8
     4
     4
     3
     0
     2
     0
    54
    27
    98
     9
     9
    19
    20
    36
    62
    27
     2
     7
    29
     4
    11
    81
    58
    24
     2
     0
     0
     0
     3
     0
    24
   134
   100
    60
     9
    18
    66
     3
    23
    23
    52
    11
     7
    17
    11
     9
     8
     8
     0
     0
     0
     0
     0
     0
    61
    57
    94
    56
    18
    19
     8
    13
     7
     8
    29
     2
    15
    19
     8
    15
    11
    12
     0
     0
     0
     0
     0
     0
    12
    96
    91
     8
    58
     9
     5
    17
    20
    60
    23
    25
     0
    27
     4
   104
    26
    13
     0
     0
     0
     0
     0
     0
    15
    29
    40
     9
    15
     9
     9
    13
    12
     1
     5
    15
     7
     9
   171
    12
     6
     5
     5
     0
     0
     0
     8
     0
    17
    98
    47
    46
    37
    26
    29
    21
    56
     4
    26
    21
    23
    34
    39
   119
    12
    12
     0
     0
     0
     0
     7
     0
     7
    34
    16
    18
    16
    26
    22
     7
    29
    19
     2
    12
     9
    16
    44
     9
    21
    20
     0
     0
     0
     2
     0
     0
    18
    87
     2
     9
     9
    44
   188
     5
    15
    18
     6
     3
    10
    11
   208
    13
     2
    11
     0
     0
     0
     0
     0
     0
    16
    30
    53
     6
     3
    19
    16
    14
     9
    63
    15
    17
    12
    45
    85
     3
    24
    60
     0
     0
     0
     0
     7
     0
    60
    55
    41
    10
    21
     7
    22
    12
    55
     0
    22
   170
    29
    16
    10
    32
    19
    12
     0
     0
     0
     0
     0
     0
    14
    53
   172
    17
    23
    10
    25
    29
    11
   161
     7
    14
    13
    19
    14
    34
     8
    11
     0
     0
     0
     0
     0
     0
    40
     9
    82
    53
     5
     9
     9
    13
    19
    65
     1
    22
     7
    25
    55
     9
    19
    16
     0
     2
     0
     0
     0
     0
    21
    51
   219
    62
    25
    13
    13
    14
    10
     5
    20
   170
    13
   159
   128
    31
    26
     6
     0
     0
     0
     0
     0
     0
     0
    33
   145
     3
    21
    13
    10
     4
     3
    27
     2
    15
     3
    10
     0
    29
    19
     9
     0
     0
     8
     0
     0
     0
    53
     7
    21
    13
    14
     0
     3
    20
    21
    18
     7
    20
    26
    98
   159
    30
     3
     2
     0
     4
     0
     0
     0
     0
    37
    12
    53
    92
     9
     8
    47
     9
     9
    21
     6
    23
    19
   153
     9
    12
    21
    23
     6
     0
     0
     1
     0
     0
     4
    22
     9
    48
    20
    11
    61
     9
    11
    15
     6
    14
    10
    17
    16
    15
    14
    44
     0
     0
     0
     8
     0
     0
     9
    82
    17
    24
     4
    50
    25
    25
     1
     7
    13
     6
    19
     7
    59
     5
    25
    14
     0
     7
     0
     0
     0
     0
    12
    14
    83
    57
    20
     0
    21
    15
    24
     7
     3
    20
     0
    17
    11
    15
    12
     6
     0
     0
     0
     0
     6
     0
     0
    62
   142
    20
    60
    18
    14
    12
    17
    19
    24
    63
    12
    58
    17
    32
    26
     7
     0
     0
     0
     0
     0
     0
    21
    51
   141
    64
    11
    13
    31
    29
    37
    19
    21
    12
    71
    20
   161
    29
     7
    33
     0
     0
     0
     0
     0
     0
    10
    97
    86
    18
    33
    14
    16
    31
    14
     1
    63
    59
    15
    47
    62
    11
    49
    19
     0
     0
     0
     0
     0
     0
     1
    88
    44
    60
    21
     8
     7
     1
    14
    29
    28
    33
     0
    41
    16
     1
    15
     7
     0
     7
     0
     0
     0
     0
    57
     7
   170
    64
    32
     1
    25
    28
    46
    10
    14
   154
    23
    18
    25
    22
    21
    20
     0
     8
     3
     0
     2
     7
    10
   122
    56
    49
     8
     7
    21
    13
    16
     3
     7
    20
     0
    20
    11
     7
    11
    14
     0
     0
     0
     6
     3
     0
     9
    59
    20
    57
     4
    19
    17
   146
    10
    55
    15
     9
    15
     4
   112
     7
    14
     4
     0
     0
     0
     7
     0
     0
     0
    64
   216
   100
    10
    19
    28
    17
    10
    17
   105
    14
    39
    30
    21
    18
    11
    24
     0
     0
     4
     0
     3
     0
    11
    23
     4
    94
    39
     2
    25
    13
    12
    22
    22
    20
    87
    17
    10
    13
    39
    18
     0
     0
     0
     0
     0
     0
    22
    21
    56
    13
    14
    11
    16
     0
    30
    10
    21
    17
    17
    10
    44
    48
    15
    56
     0
     0
     0
     0
     0
     3
    22
    94
   128
    13
     7
     6
     6
    58
     8
    13
     5
    18
    21
     6
    50
    14
    27
    13
     3
     0
     0
     0
     0
     1
     8
    49
    82
    14
    21
    19
    19
     5
    11
    15
     5
     6
    52
     4
   120
    46
    16
     6
     0
     0
     0
     0
     0
     0
    19
    46
    50
    12
     5
    12
    15
    12
    14
    11
    47
    13
    14
    17
    17
    42
    21
     1
     0
     0
     0
     3
     1
     1
     2
    15
    42
    26
     2
   148
    20
    18
    12
    26
    11
     5
     5
     6
    22
     7
    19
     8
     0
     0
     8
     2
     0
     0
    13
    78
   102
    93
     6
    11
    17
    16
    12
     9
    22
     7
     7
    25
    25
    55
    24
    20
     0
     0
     1
     0
     4
     0
     6
     2
    83
    76
    18
    17
     8
     9
    56
   157
    16
     0
     3
     8
    14
   187
    25
    13
     0
     7
     0
     0
     0
     0
    30
    87
   177
    20
    29
    58
     9
     6
    25
    20
    56
   161
     4
    46
     1
    13
     7
     5
     0
     8
     0
     0
     0
     0
    10
   106
     6
    55
     0
     3
    69
    11
    14
    21
    20
    17
     0
    49
     5
    50
    17
    14
     0
     0
     7
     0
     0
     0
     5
    28
    94
    64
     8
    50
    18
    60
    20
    19
    13
    23
    21
    12
    14
    30
     9
    23
     0
     0
     0
     0
     0
     0
     7
     3
    56
    21
     0
     8
    24
     4
     7
    33
    29
    17
    12
    27
    47
     5
    11
     5
     0
     0
     0
     0
     0
     0
     5
    11
    91
    17
    16
    42
     2
    15
    14
    20
    10
    24
    19
    35
    17
    50
    11
    24
     2
     0
     0
     0
     0
     0
    18
   142
    71
    14
     7
    18
    20
    35
    17
    14
    29
    10
    30
    56
    52
     5
    20
     9
     0
     0
     0
     0
     0
     0
    14
    12
     3
    52
     7
    13
    16
    16
     9
    20
    37
    17
     2
    11
    61
    16
     9
    30
     0
     0
     0
     0
     0
     0
    15
    15
    97
    15
    11
    30
     4
    31
    10
    24
     3
    27
    10
    15
     1
    22
    20
    17
     6
     0
     0
     3
     0
     8
     2
    56
    90
    51
    27
     4
    29
     6
    21
    13
    18
    13
    21
     1
    19
    24
    12
    18
     0
     0
     0
     0
     0
     0
    12
   175
    10
    84
    22
    36
    16
    14
    16
    16
     7
    15
    30
    23
     3
    29
     5
     5
     7
     0
     0
     0
     2
     0
    18
     2
   119
    18
     2
    16
    16
    58
    23
    16
    25
    17
    15
    53
    53
     5
    29
     8
     5
     0
     0
     0
     0
     0
    13
    31
    52
    98
    12
    10
    55
     2
    13
    16
    17
   158
    94
    43
     6
     9
    16
    15
     0
     5
     0
     0
     0
     2
    13
    11
    85
    47
    54
    23
     8
    16
     8
    14
    15
    21
    34
    24
    22
    99
     2
    47
     0
     8
     0
     0
     0
     0
    25
   103
   141
    94
    19
    22
     8
   148
    16
    14
     9
     1
    16
    18
    17
    19
    18
    22
     0
     0
     2
     0
     0
     8
    41
    44
    79
    30
     1
    19
    27
    21
    23
    36
    14
    17
     1
    16
    20
    14
    14
    19
     4
     0
     0
     5
     0
     0
    13
    23
    94
    60
    33
    15
    11
     3
    29
   151
    17
     6
    17
     9
    11
    12
     4
    16
     0
     0
     0
     1
     0
     0
    21
    71
    48
    48
     1
    10
    31
    50
    12
     0
     5
     0
    17
     4
     7
    74
    11
    19
     4
     5
     7
     1
     0
     3
     3
    79
    84
    64
    13
    13
    65
    22
    14
    10
    15
    18
     5
    46
    92
    34
    16
     4
     0
     0
     0
     0
     0
     0
    48
    11
     3
     2
    16
    26
    66
     5
     2
    26
    18
    17
    19
    46
    46
     8
    37
     4
     0
     0
     0
     3
     0
     0
    19
    57
    92
   126
     5
   158
    43
     7
    16
     7
     9
    31
    12
    26
    16
    19
    27
     3
     0
     0
     7
     2
     0
     0
    26
   163
     0
   138
    32
    19
     8
    12
    36
    12
    10
    54
    16
    12
    46
    11
    10
    20
     2
     0
     0
     0
     0
     0
    14
    19
     0
    91
    13
    11
     5
    32
    14
    33
    59
    11
     5
     6
    82
    48
    30
    16
     0
     0
     0
     0
     7
     3
    16
    47
    27
    46
     2
    17
    10
     4
    18
   149
     1
     7
    13
    13
    32
    13
    14
    14
     0
     5
     0
     0
     0
     0
     9
    57
    24
    59
     2
     0
    26
     1
    17
    11
    21
    12
    16
    38
     5
     8
    22
    28
     0
     0
     0
     0
     0
     0
    14
    20
   101
    89
    30
    10
     6
     4
    18
   103
    20
     6
    32
    41
    47
    60
    13
    14
     0
     0
     0
     6
     0
     0
     9
    80
   132
    97
     5
    11
     1
    24
    11
    10
     7
     5
    13
    26
    18
     9
     3
     3
     1
     0
     0
     0
     0
     0
     9
     1
   101
    21
    25
    26
    10
     8
    15
    17
    12
    29
    55
    54
    87
    36
    10
    33
     0
     2
     0
     0
     0
     0
    31
    87
    70
    96
    25
    12
    10
    11
   158
    50
     4
    25
   187
    24
    11
    46
    41
    26
     3
     0
     0
     0
     0
     0
    11
    45
    17
    20
    16
    58
    46
     8
    94
    10
    19
     7
    45
     3
     3
    12
     4
    17
    11
     0
     3
     0
     6
     0
     8
    42
    64
    30
    13
     5
     4
    13
     3
    25
    10
    11
    46
    10
     4
     5
     6
    10
     0
     0
     0
     0
     0
     0
    11
     9
    51
    53
    17
    71
     2
    46
     7
     1
    10
    19
     6
     0
    90
   143
    15
    63
     0
     7
     0
     0
     0
     0
    11
    82
    57
    66
    13
    23
    18
   167
    20
    29
    15
    15
    12
    16
    14
   157
    17
    20
     0
     0
     0
     0
     0
     0
    19
    22
   111
    13
    15
     5
    24
    13
     3
    34
    17
    45
    20
    11
   112
   156
    17
    63
     0
     0
     0
     0
     0
     0
    30
   118
    93
    48
    20
    11
     7
     6
    25
   155
    66
    20
    17
    12
   193
   198
    59
     5
     0
     0
     6
     0
     0
     0
     4
    20
    22
    29
    11
    11
    26
    12
    28
    16
    40
    15
     9
   161
    48
    42
    15
    12
     0
     0
     0
     0
     0
     0
    21
    55
    54
    24
    20
    27
     7
    16
    12
     4
    12
    13
     7
    60
     0
     7
    12
    13
     0
     0
     0
     0
     0
     0
    13
    53
    85
     8
    12
    11
    14
    26
    42
    58
   207
    29
    21
     3
    51
    22
     7
    21
     0
     0
     6
     0
     3
     3
    20
    58
   129
    67
    79
     6
     7
    20
    10
     6
    35
    27
    16
     0
    20
    56
    13
    19
     0
     0
     0
     0
     9
     0
    28
    59
    49
    32
    37
     5
    55
    28
    23
     2
    55
    52
    19
     1
    17
     5
    17
     5
     0
     0
     0
     0
     0
     0
    84
     3
   207
    57
    11
     7
     7
    26
     9
    25
    14
    18
    26
    51
    14
    22
    31
    46
     0
     0
     0
     0
     0
     0
    81
   118
    83
    59
    15
    55
    16
     9
    13
    20
    11
    20
    23
     2
    47
    10
    20
    12
     0
     0
     0
     0
     0
     0
    26
    50
    18
    85
    12
    16
    13
    44
    16
    14
     0
    19
    18
    21
   170
   158
    17
    12
     0
     0
     0
     3
     0
     0
    20
    53
    46
    56
     2
    88
     5
    16
    12
    55
    45
    17
    50
    16
    22
    12
    16
    25
     0
     0
     0
     0
     7
     0
    15
     4
    48
    51
    11
     0
    52
    16
    10
    12
    21
    42
     4
     2
   152
    47
   153
    51
     1
     0
     0
     0
     0
     0
    12
    21
    61
    98
    13
    12
     5
     8
     5
    23
    14
    10
     9
    24
    54
    16
     7
    50
     0
     0
     0
     0
     1
     0
    44
    10
    43
    57
    14
    20
    57
    27
    10
     4
    17
    12
    16
    18
     1
     9
     7
    21
     0
     6
     0
     0
     0
     0
    52
     6
    23
    27
    44
     4
    15
    20
     4
   154
    29
    21
    50
    11
    88
    53
     8
    46
     0
     7
     0
     0
     0
     0
     2
    31
    26
    43
     2
    20
    13
    13
    44
    19
    25
     5
    37
     7
    71
     5
    32
    27
     1
     0
     4
     0
     1
     0
    60
    10
   107
    43
    13
    30
    18
    29
     2
    10
    15
    48
    14
     7
    22
    27
    17
    14
     0
     0
     0
     0
     4
     0
     1
    69
    58
     4
     8
    15
    13
    10
    28
    17
     0
     8
    15
     2
    67
     9
    28
    14
     0
     0
     8
     0
     0
     0
     5
    42
    77
    60
    35
    17
    31
    13
     7
     2
    12
    10
    22
    14
     1
    55
     7
    45
     1
     0
     0
     9
     0
     0
    13
    51
    17
    49
     1
    12
    10
    20
    23
    28
    19
    22
    39
    16
    19
    51
    15
    30
     0
     0
     0
     0
     0
     3
     6
    84
   110
   229
    29
    12
    15
     1
    21
    16
    15
    17
    13
    15
    61
    19
    30
    29
     0
     5
     0
     4
     0
     0
    12
    13
    15
     6
    15
    35
    72
    10
    26
    18
    48
    28
    28
   111
    15
    13
    14
     7
     0
     0
     0
     0
     0
     0
     9
    86
    43
    64
     8
    34
    12
     1
    21
    21
    18
    17
    17
    23
    13
    41
    14
    38
     0
     0
     5
     2
     0
     0
    29
    50
    53
    46
    19
    58
    17
    16
    17
    19
    13
    62
    10
     0
    13
    60
     8
    27
     0
     0
     5
     0
     0
     0
    65
    10
     9
    26
    18
    22
    12
     9
    14
    16
    17
    12
    17
     0
   157
    83
    12
     9
     0
     0
     7
     0
     0
     0
     9
     2
    45
    95
    29
    46
    12
     3
     2
     9
    15
    12
    39
     1
   103
    12
    24
    15
     0
     3
     0
     0
     0
     0
     5
    86
    18
    66
    10
     6
    16
    57
    10
     7
    21
    16
    13
    63
    50
    59
     6
    52
     0
     0
     0
     0
     0
     0
    65
     8
    67
    28
    14
    23
     8
   162
     8
    29
    78
   157
    29
    13
    93
     4
    18
     9
     0
     2
     0
     0
     0
     0
    23
    37
    89
     9
    28
     1
    12
    16
    16
    13
    19
    21
     5
     5
    22
    22
    50
    10
     0
     0
     0
     0
     6
     0
    14
    47
   129
    88
     2
    24
    21
    96
    13
    35
     2
    10
    40
     6
     4
    49
     4
    29
     0
     0
     0
     2
     0
     0
    19
     6
    60
     4
     9
    62
    28
    77
     8
    22
    56
    22
     5
    13
    59
    54
    10
    11
     4
     0
     0
     0
     0
     2
    11
    11
    41
    93
    21
    10
     6
    20
     4
     4
    16
    36
     7
     9
    25
    30
     0
    15
     0
     0
     0
    10
     0
     1
    57
    55
   170
    89
    12
    10
     9
    16
     6
    16
    47
     5
    24
    59
     7
    16
    17
    18
     3
     0
     0
     5
     2
     0
    29
    16
   118
    64
    63
     4
     6
    13
    24
    26
     9
    14
    55
    17
    10
     4
     9
     8
     4
     0
     0
     0
     0
     0
    90
    50
    93
   103
    10
     5
     5
    21
    20
    21
    16
    34
    20
    23
    16
    88
     9
    10
     0
     0
     1
     0
     0
     0
    76
     5
   144
    84
     2
    41
    13
    39
    48
     6
    30
    50
    22
    15
     1
     9
    26
     7
     0
     0
     0
     0
     0
     4
     4
    37
    51
     7
    17
     4
    80
    16
    13
     7
    59
    24
    24
     0
    59
    62
     7
    19
     0
     9
     0
     0
     0
     0
     6
    41
    75
    49
    25
    23
    19
    16
    31
    13
    14
    36
    64
    35
    98
    52
    13
    46
     0
     0
     0
     0
     2
     0
     5
   195
    15
    64
    57
     5
    12
     5
    62
     9
    33
    19
    20
    14
    42
    60
   165
     4
     0
     0
     0
     8
     0
     0
    55
    47
    23
    59
    52
    18
    17
    30
     6
     8
    20
     4
     9
     9
     3
   153
    24
    59
     0
     0
     0
     0
     7
     0
    15
    19
    37
    93
     9
    11
    11
    19
     7
    18
     3
    33
    14
    32
    64
   107
     5
    15
     0
     0
     1
     0
     0
     0
    30
    23
    47
     8
    13
    12
    10
    11
    12
    66
    47
    23
    23
    12
   198
    24
     4
    19
     0
     2
     0
     0
     0
     3
    13
    13
    17
    65
    22
    49
    33
    42
     6
    23
    16
     7
     2
    30
    18
    14
    46
    14
     6
     0
     0
     4
     3
     0
    31
    12
    62
    74
     9
    16
    16
     6
     6
    13
    27
     5
     7
    11
    25
    12
     6
    18
     3
     0
     0
     0
     0
     0
    32
    18
    46
    85
    29
    12
    25
    11
    23
    35
    33
    23
    22
    60
    10
    12
    54
    24
     0
     0
     0
     3
     0
     4
    12
    59
    70
     3
    21
    28
     7
    11
     0
    55
    17
    62
     4
    15
    47
    23
    14
    20
     0
     0
     0
     0
     0
     0
    28
    54
    27
     6
   100
    14
    63
    13
    10
    45
    31
    63
    22
     0
   166
     9
    18
     4
     0
     0
     0
     0
    15
     1
     2
   125
   173
   187
    10
     2
    21
    23
     0
     3
    21
    10
    13
    18
     7
     0
    19
     2
     0
     0
     3
     4
     8
     0
     7
    56
    25
    23
    11
    13
     6
    55
     3
     0
     3
    13
    18
    24
     0
    65
     8
     6
     0
     1
     0
     0
     0
    12
    12
    57
    57
    32
     8
     2
     8
    11
    28
     2
    14
    17
     6
     8
    57
    27
    29
    30
     0
     0
     0
     0
     0
     0
    10
    20
   122
    82
    31
    28
    51
    54
    59
    13
    12
    11
     6
    23
   211
    17
    25
    13
     0
     0
     0
     0
     0
     1
    11
   100
    50
    54
     4
     8
    55
    11
    30
    42
    30
    56
     0
    61
   174
    45
     4
    10
     5
     0
     0
     6
     0
    10
     9
    42
   147
     1
    20
     5
     5
     5
     7
     7
    19
    28
    17
    12
   142
   156
    14
    25
     0
     0
     0
     0
     0
     0
     4
    10
     2
    50
    15
    10
     0
    22
    35
    10
    17
    48
    14
    47
    12
    18
    20
    58
     2
     0
     0
     0
     2
     0
    13
   102
    55
    51
    59
    11
    19
    11
     0
    10
    22
    17
     7
    59
    49
   105
    20
     4
     0
     0
     0
     0
     0
     0
    27
    11
    47
    46
    20
    12
    22
    11
    30
     8
    10
    13
    60
    22
   231
    16
    33
    69
     0
     1
     0
     0
     0
     0
    37
     4
    95
    67
    14
    12
    43
    35
     6
    16
     1
    52
    21
    17
    41
    45
     7
     5
     3
     8
     0
     0
     0
     6
    60
    91
   222
    23
    20
    57
    10
     9
    24
    18
     8
    16
    27
    59
    18
    58
    27
    13
     1
     3
     0
     0
     0
    10
    20
    13
    89
    58
    24
     3
    17
    33
     7
     7
    18
    10
    23
    29
   114
   134
     8
    25
     6
     0
     0
     0
     0
     0
     9
    56
    79
    45
    10
    14
    15
     6
     7
    21
     4
     8
    19
    13
    24
    92
    35
     9
     0
     0
     0
     0
     0
     0
     9
     5
    90
    29
    11
    20
    34
     7
     1
    11
    51
    11
    22
    15
    10
    48
    11
    11
     0
     0
     0
     0
     8
     2
    49
    80
    20
    18
    17
    14
    15
    18
     7
    19
    11
     6
    36
    10
   157
    10
    11
    19
     5
     0
     0
     3
     0
     0
     0
     9
    11
    11
    45
     2
    17
     4
    16
     2
    27
     0
    11
    51
    24
    16
    21
     3
     1
     0
     0
     0
     0
     0
     0
    11
    43
     8
    48
     2
     5
    20
    13
    52
    21
    14
     2
    43
    45
    57
    64
     9
     6
     7
     0
     9
     0
     0
     6
    12
     8
   136
    95
    20
    12
    24
    25
    50
    28
    17
   173
    43
    14
     2
    61
    18
    17
     4
     2
    10
     0
     0
     0
   104
    13
    10
    85
    11
    17
    36
    10
    14
    26
    20
    20
    20
     0
    86
     0
    12
    21
     0
     0
     0
     0
    10
     4
    20
    24
     3
    15
    16
    30
    15
    12
    15
     9
    15
    13
    15
     1
    13
     7
    12
    12
     0
     0
     3
     4
     1
     8
    15
    65
    82
   111
     3
     8
     5
     0
    21
    20
    33
    60
    39
    36
    99
    11
    18
    25
     0
     0
     0
     0
     0
     1
    21
    10
     2
   157
    20
     8
    26
     5
    16
     6
    14
    16
     6
    11
    11
    50
    26
    23
     0
     0
     4
     4
     0
     2
    29
   164
    21
    93
    22
     0
    25
    21
    16
    21
    29
    20
    12
   168
     0
     7
    27
    16
     0
     0
     0
     0
     0
     0
     6
    50
   194
    11
    12
     3
     6
    24
    18
    38
    20
    12
    28
    56
    53
   125
   164
    17
     0
     0
     0
     0
     0
     0
    30
   176
    15
    53
   102
    51
    33
    14
    29
    48
    58
     8
    56
    29
    14
    62
    60
    75
     0
     0
     0
     8
     0
     0
    22
    27
    15
    24
    10
    64
    17
    28
     1
    10
     9
    15
     6
    27
    16
    29
    21
    25
     0
     0
     0
     0
     0
     0
    50
    81
    60
    52
     8
    16
     4
    20
    16
    22
    26
    49
     9
    17
    24
    11
     9
    28
     0
     0
     0
    13
     0
     0
    17
    16
   241
    62
    48
    17
    24
    25
    12
     6
    93
    11
    14
    16
    64
    63
     8
    32
     1
     0
     0
     0
     0
     0
    23
    22
    34
    54
   102
    10
     0
     8
    22
    52
     8
     7
    14
    19
    13
    18
    10
    11
     0
     7
     0
     0
     0
     0
     8
    52
   140
    48
     7
    18
    10
    66
     7
     7
    19
     4
     8
    55
    51
     2
    36
    22
     0
     5
     6
     1
     0
     0
    13
    98
    20
     7
    18
     9
    21
    33
    21
    14
     9
    17
    19
    16
    43
    25
    19
    18
     0
     0
     0
     0
     0
     1
     7
    10
    88
    67
    23
    18
    21
     8
    22
    36
    29
    13
    12
    24
    30
    46
    16
     8
     8
     1
     0
     0
     0
     0
    12
     8
    45
   134
    19
    24
    29
    28
    11
    36
     3
    59
    43
     9
    20
    76
    33
    11
     0
     0
     4
     0
     0
     0
    21
    59
   159
    11
    24
    16
    23
    14
    11
    17
    59
    21
    24
    22
    10
    11
    18
     6
     0
     0
     0
     0
     3
     4
    20
    36
    38
    42
    18
    11
    22
     5
    20
     3
     6
    18
     6
    24
    99
    54
    18
    69
     0
     2
     0
     0
     0
     0
    31
    90
    78
     5
    24
     2
    57
    26
    13
    20
     8
     9
     3
     8
    24
    97
    22
    17
     0
     0
     0
     0
     1
     0
     6
    18
    60
    58
    29
    12
    16
    11
    13
    41
     0
    25
    21
     3
    45
    18
    23
    16
     0
     0
     3
     0
     0
     0
    11
    70
    39
    41
     9
    10
    10
     9
    17
    14
     3
    41
    33
    39
   153
    66
    25
    15
     5
     2
     9
     0
     5
     0
    19
    37
   136
     8
    21
    28
    17
    20
    13
    29
    18
     0
   144
    24
    13
    63
    30
    14
     0
     0
     0
     0
     0
     0
     5
    21
    55
    60
    15
    34
    37
    13
    15
    34
    17
    32
    20
    13
    27
    91
    10
    17
     0
     0
     2
     0
     0
     0
    12
   138
    49
    58
    22
    50
     3
    11
    26
     7
    56
     6
    23
    17
    29
    95
     8
    10
     0
     0
     0
     0
    13
     0
     4
   106
    21
    97
     0
    26
    27
    18
    19
    10
    29
    23
     5
     1
     6
    56
     8
    53
     3
     0
     0
     0
     0
     0
     6
    65
   132
    15
    26
    53
    16
     6
    10
    16
     1
   168
    13
    13
   147
    26
    19
    13
     3
     0
     2
     8
     0
     0
   113
    16
    93
    42
     3
     8
     6
     7
     1
     5
    19
     9
    24
     1
    21
     9
    20
    32
     5
     0
     0
     8
     0
     4
     9
   104
    46
    31
     2
     5
     6
    12
     9
    16
    14
     8
    13
    51
    19
    13
    54
     9
     0
     0
     0
     0
     0
     0
     8
   149
   175
    96
    22
    38
    13
    24
     9
    18
    22
    48
    21
   154
     8
   231
    14
    11
     7
     0
     0
     8
     0
     0
    25
    17
    53
    58
    25
    48
    11
    93
     5
    40
    12
    15
    37
    36
    67
    35
   109
    23
     0
     0
     0
     0
     0
     0
    16
    93
   104
    98
    42
     6
    10
    13
    13
    15
    21
     3
    21
    16
    17
   105
    29
    13
     0
     0
     3
     8
     0
     0
    11
    49
    95
     6
    10
    11
    20
     8
    66
    14
     5
    12
    19
     7
    12
    43
    22
     6
     0
     0
     0
     0
     0
     7
    14
    16
   101
    14
     9
    13
    59
    14
    18
    19
    31
     8
    25
    27
    52
    87
     4
    33
     0
     7
     0
     0
     0
     1
    25
    73
    93
     7
    48
    22
    12
    13
   170
    23
     3
     6
     7
    73
    51
    10
    32
    27
     0
     0
     0
     0
     1
     0
    23
    64
    56
    60
    48
    14
    10
    12
    12
     4
    10
    10
    31
    18
    48
    19
    27
    13
     7
     0
     0
     0
     0
     8
    38
    65
    61
   190
     1
    13
    56
    11
    53
    25
    22
    29
    14
    14
    19
    64
    24
    18
     7
     0
     5
     0
     3
     0
    66
    74
    69
    38
    33
    27
    20
    17
    67
    15
     5
   206
    24
    10
    94
     8
    11
     5
     0
     7
     0
     0
     0
     0
    17
     7
    61
   133
    20
    20
    11
    56
     9
    52
    15
    27
     1
    20
    21
     0
    15
     9
     0
     0
     0
     0
     0
     0
    48
    50
    92
    57
    15
    47
    32
     2
    62
     9
    19
    11
     9
    10
   151
    25
     5
    21
     2
     0
     0
     0
     0
     0
    16
    58
    90
    95
    12
    16
    15
     0
    20
     9
     7
     8
    17
    45
    19
     2
     6
     0
     0
     0
     5
     0
     0
     0
     7
    44
   100
   126
    55
    16
    27
    23
   162
    22
     6
    18
    18
    34
    16
     4
     8
    19
     0
     0
     0
     0
     0
     0
    11
    64
   339
    57
    29
    14
    19
    32
    15
    29
    10
     1
    21
    11
    20
    39
     5
     6
     0
     0
     5
     0
     1
     0
    41
   123
    53
    64
    12
    42
    16
    15
    14
    14
    21
    50
    23
    31
     9
   157
    11
    62
     6
     0
     0
     0
     8
     3
     7
   111
   148
    42
    14
     7
    13
    19
    31
    20
    19
    40
    67
    26
    24
    29
    26
    13
     0
     0
     0
    10
    13
     0
    26
    60
    94
    18
    12
    51
    13
    15
     7
    18
     9
     3
     8
   164
    17
     3
    24
    21
     0
     0
     0
     0
     0
     0
    54
    14
    63
     8
    34
    12
    15
    21
     8
    32
    23
    99
    18
    15
    38
    59
    27
    21
     0
     0
     0
     2
     0
     0
    96
     4
    54
   102
    11
    16
    65
    20
    13
    43
    14
    21
    10
     8
    65
    11
     7
    19
     0
    10
     0
     0
     0
     0
     6
   131
     6
    48
    12
    16
    12
    13
    59
    12
    17
    13
     4
    46
     3
    33
    14
    30
     0
     5
     4
     0
     0
     0
    14
    17
     6
    14
    10
    58
     2
    18
    15
    17
    14
    33
     6
    13
    96
    16
     0
    16
     6
     7
     7
     0
     0
     7
    22
    24
    27
    74
    62
     8
    22
    38
    28
    24
   172
    14
     7
     8
    26
    92
    32
    44
     0
     0
     0
     0
     0
     0
    26
    12
    85
    21
    14
   167
   143
    19
    39
    64
    11
    31
    15
    42
    15
    33
    12
     7
     0
     0
     4
     0
     0
     4
    13
    25
    97
    53
    59
    10
    17
    21
    10
    83
    18
    35
    13
    32
    81
    27
     4
   154
     3
     5
     3
     0
     0
     0
    16
   126
   114
    25
    15
    32
    20
    20
    16
     4
    11
     8
    14
    19
     2
    43
     6
    10
     0
     0
     5
     0
     0
     1
    71
    50
    46
   101
     5
    19
    13
    34
    34
     8
    11
    21
    16
    48
     4
    19
    14
    17
     0
     0
     7
     3
     2
    11
     6
    50
   104
   199
    13
    12
     5
    25
    14
    29
    12
     0
     9
     3
    40
    20
    14
    10
     0
     0
     0
     0
     0
     0
    17
   106
    63
    17
     8
    21
    32
     9
    21
    67
    19
    31
    25
    49
    18
    96
     7
     3
     5
     0
     0
     0
     1
     0
    18
    24
    88
    87
    12
     4
    34
    15
    37
     7
     9
    26
    30
    30
    39
    43
    29
    11
     9
     1
     0
     0
     0
     0
    37
     9
    89
    19
    21
    21
    75
     2
    14
    62
    70
    13
    25
    23
    87
    66
    28
    21
     0
     0
     0
     0
     0
     0
    24
    42
   175
   133
    12
    20
    11
     8
    62
    37
    45
    30
    17
    84
    10
    12
    34
     0
     0
