    10
     0
     4
     8
     0
    41
     5
    21
    60
    35
    18
    22
    44
    19
    51
    54
    22
   158
    14
    69
    60
    76
    18
     0
     0
     0
     0
     0
     0
    50
    59
    97
    54
    17
    12
    68
    27
    10
    16
    18
    14
    54
    18
    22
    61
    21
    14
     1
     0
     0
     0
     0
     0
    11
    66
   187
    12
    18
    10
    10
     9
     4
     8
    22
    19
    39
    15
    13
    37
    24
    83
     0
     5
     0
     0
     0
     0
    11
    88
    20
     8
    34
    11
    34
    20
     7
     9
    27
     5
    51
    28
    55
    93
     3
    11
     0
     0
     4
     0
     0
     0
    26
    30
    40
   150
    43
    16
    57
    31
    40
    24
    18
     7
    16
    27
    18
    65
    30
    48
     0
     0
     0
     0
     7
     0
    48
   146
    75
   148
    39
    17
    39
    25
    14
    21
    20
     8
    59
    11
    88
    14
    29
    43
     0
     0
     0
     0
     0
     0
    73
    33
   108
    76
    75
    30
    23
    15
   118
    21
    40
    39
    40
    10
   249
    61
    19
    42
     0
     3
     2
    15
     2
     3
    17
    65
    66
   101
    26
    58
    26
    19
    20
    12
     7
    15
    17
    16
    27
    51
    27
   154
     6
     0
     0
     0
     9
     0
    22
    54
    97
    49
    26
     3
    20
    26
    53
    20
     4
     8
    15
    77
   176
   208
    23
    13
     0
     0
     0
     0
     3
     0
    13
     9
   104
    98
    66
     9
     4
    10
    13
    25
    30
    76
     9
    31
    57
    21
    22
    21
     4
     0
     5
    10
     0
     0
     7
    58
   117
    44
    48
    36
   151
    21
     8
    28
    29
     2
    64
    42
     6
    64
    13
    23
     0
     5
     0
     9
     0
     0
    75
    50
   148
    54
    15
    13
    31
     5
    69
     0
    28
     2
     6
    30
    67
    62
    50
    19
     0
     0
     0
     0
     0
     0
    21
   157
   149
   107
    22
     9
    22
    33
    16
     8
     6
    19
    38
    54
    66
    65
    42
     8
     9
     0
     0
     0
     0
    10
    31
    87
   162
    74
    17
    29
    24
    45
    17
    13
    26
   161
    25
    25
    20
    24
    17
    71
     0
     7
     9
     0
     2
     0
    13
    59
    68
    44
    13
    17
   106
    31
    22
    17
    17
    18
    30
    39
    13
    32
    60
    17
     0
     0
    10
     0
     0
     1
    85
    24
    97
    11
    25
    22
    23
     8
    21
     7
     9
    57
   161
    13
    98
    85
    28
    23
     0
     0
     0
     1
     0
     0
    16
    58
    93
    14
    27
    14
    13
    22
    20
    14
    33
    24
     7
   148
    10
    64
    47
     8
     6
     0
     0
     0
     0
     0
    18
    16
    51
     2
    32
    17
    12
     3
    12
    11
    58
    67
    26
    44
    44
    21
   102
    16
     0
     8
     0
     3
     0
     0
    15
    12
    70
    61
    28
    13
    14
    24
    11
    36
    32
     9
    44
    19
     8
    66
    14
    16
     0
     0
     5
     0
     0
     0
    20
    21
    68
    68
    32
    25
    26
    27
    12
    17
    27
    42
    22
    26
    25
    64
    35
    29
     0
     0
     0
     0
     0
     0
    62
    55
   141
   112
    25
    66
    41
    56
   154
    17
    42
    15
    11
    26
    59
   140
    12
    55
     6
     0
     0
     0
     0
     0
    71
    69
   100
    12
    18
    11
    21
    24
    34
    11
    13
    18
    13
     7
    60
     9
     4
     4
     7
     0
     0
     5
     3
     0
    11
    43
    12
    59
    17
    13
    11
    22
    38
    15
    26
     7
    21
    20
    59
    67
    25
    34
     0
     6
     0
     0
     0
     1
    61
    60
   133
    27
    10
    60
    15
    11
    10
    18
    19
    27
     9
    66
    27
   113
     5
     7
     0
     0
     0
     0
     0
     0
    76
    60
    52
   169
    32
    13
    68
     0
    15
    35
    13
    12
    13
    17
   154
    47
    23
    36
     0
     0
     0
     0
     0
     0
    12
   133
   107
    59
    11
    17
    14
    19
    14
     4
     6
    21
    11
     4
    27
    18
    33
    37
     0
     0
     1
     0
     0
     0
    34
    77
   100
    38
    20
    20
    28
    34
    17
     8
    50
    38
    64
    29
    24
    42
     9
    74
     0
     0
     0
     0
     0
     0
    70
    82
    70
    69
    28
    24
    38
    25
    30
    41
    31
    21
    19
    16
    65
    18
    63
    15
     8
     0
     8
     2
     0
     0
    48
   165
   101
    60
    25
     6
    24
    20
    30
   169
    36
    14
    15
     9
    20
    14
    28
    20
     0
     0
     0
     0
     3
     0
    26
    97
    44
    11
     8
    40
    15
    22
    48
    23
    29
    12
    28
    16
   181
    10
    10
    25
     0
     3
     0
     0
     0
     0
     7
    77
    63
    83
    11
    32
    15
    16
    19
    17
    13
   159
    55
    66
    12
    11
    16
    21
     3
     8
     7
     0
     0
     0
    21
    94
    55
   100
    35
   159
   115
    20
    36
     8
    35
    31
    29
     0
    59
    18
    16
    24
     0
     0
     0
     3
     2
     6
    18
    11
    13
    50
     5
    10
    18
    22
    13
    12
    24
     9
     8
    72
    35
   100
     9
    17
     0
     0
     0
     0
     4
     7
   105
    84
   106
    25
    15
    14
    17
    34
    31
    26
    23
    26
    23
    55
   180
    45
    34
    12
     0
     0
     0
     0
     0
     6
     4
    53
    58
    62
    30
    42
    28
     9
    10
    22
    43
    19
    14
   206
    55
    80
    45
    52
     4
     0
     0
     5
     4
     0
    26
    18
   110
    71
     5
    12
    10
    10
     8
    36
     9
    16
     8
    14
   147
    45
    21
     4
     0
     0
     0
     0
     2
     0
     0
    21
    54
    65
    15
    10
    72
    12
    17
    17
     9
    25
    10
    27
     5
     8
    48
    29
     0
     0
     0
     0
     0
     0
    36
    14
     9
    52
    18
    65
    14
   160
    21
     2
     3
    20
     9
    15
    47
    50
    12
    12
     1
     0
     0
     0
     0
     0
    25
   143
    92
    35
    32
    20
    48
    13
    42
    39
    40
    23
    19
    26
    18
    93
    29
     9
     6
     0
     4
     9
     0
     0
    10
    69
    70
   104
    11
     8
    13
    16
    23
    32
    20
    15
     8
    17
    47
    25
    45
    56
     1
     0
     0
     0
     4
     0
    54
   142
    54
   156
    31
    25
    68
    56
    33
    23
    45
    10
    24
    87
    50
   137
    26
    46
     3
     0
     0
     0
     0
     0
    17
    85
    59
     5
    29
    26
    21
    24
    43
    19
    24
    19
    33
   101
    61
    52
     9
    33
     0
     0
     0
     0
     0
     0
    11
    49
    90
    68
    16
    16
     3
     0
    15
    62
    15
    27
    11
    39
    39
    61
    23
    21
     0
     0
     0
     2
     0
     0
    50
    71
    59
     5
    30
    26
    16
    10
    16
    11
     8
    25
    59
    52
    45
    26
     4
    19
     0
     0
     0
     0
     0
     0
    21
   147
    64
   134
    31
    34
    36
    32
    41
    66
   144
     4
     1
    61
    46
    70
    42
    26
     0
     0
     7
     0
     0
     0
     4
    77
    21
   106
    18
    16
    21
     6
    56
     8
    35
    25
    13
    16
    11
    33
    25
    52
     0
     0
     0
     3
     5
     0
    21
    24
   130
    66
    15
    20
     5
     0
   156
     6
    51
     8
    14
    16
   160
   235
    66
    21
     0
     0
     0
     1
     0
     8
    69
   137
    73
    10
    17
    28
    25
    64
    24
    45
    23
    25
    23
    67
    97
   186
    35
    18
     0
     1
     7
     0
     0
     0
    21
    47
   106
   103
    52
    13
    51
    39
    20
    17
    19
    38
    21
    58
    52
    23
    13
    26
     0
     1
     0
     0
     0
     0
    73
    43
    19
    51
    23
    64
     2
    11
    27
     7
    27
    24
    28
    18
    28
    12
    11
    62
     0
     0
     0
     0
     0
     0
    56
    63
   189
    60
     5
    11
    17
     9
    34
    82
     4
    19
     8
    11
    51
    16
    23
     6
     0
     8
     0
     1
     0
     0
    50
    29
    24
    34
     8
    65
    11
     4
    45
    29
    22
    38
    18
    19
    91
    23
    57
     8
     0
     0
     7
     8
     2
     0
    10
    15
    50
    90
    18
    16
    12
    19
    26
    21
    30
    67
    18
     8
    69
    45
    19
    12
     8
     0
     0
     0
     0
     0
    50
    83
    19
    10
    13
     7
    32
    34
     1
     3
    51
    23
    33
    30
    70
    48
    28
     2
     0
     0
     0
     0
     1
     5
    36
   103
   133
    70
    12
    16
    37
    26
    24
     8
    39
    18
    35
    22
    96
    19
    31
    17
     0
     0
     0
     0
    10
     0
    69
    98
    85
    25
    23
    27
    25
    29
    36
    62
    15
    32
    73
     8
     4
    65
    22
    16
     0
     0
    10
     0
     0
     0
    14
    28
   145
    57
     8
    10
     2
    71
    33
    17
    53
    24
    18
    19
    55
    66
    13
    21
     0
     0
     4
     6
     0
     0
    21
    62
    20
   136
     6
    27
     6
    31
    43
    31
    13
    16
    19
     4
    56
    11
    70
    24
     0
     0
     0
     0
     2
     0
    50
    95
    45
    49
    39
    18
    21
     1
     7
    20
    51
    18
    22
    11
   152
    88
    48
    15
     6
     2
     0
     0
     0
     0
    22
   112
   136
    16
    14
    12
     9
     9
    35
    59
    38
    13
    11
   174
    31
    23
    20
    15
     0
     0
     0
     0
     0
     5
    38
    45
    65
    13
    17
    73
    46
    27
     9
   194
    28
    13
    18
    56
   105
     3
    44
    17
     0
     0
     0
     0
     0
    11
    40
    14
   115
    19
    68
    61
    26
    51
    25
    29
    14
    21
    35
    15
    85
    22
    13
    36
    15
     0
     0
     0
     0
     0
    32
    69
   102
    52
    70
    61
    11
    20
    21
     6
    24
    36
    50
    38
    27
   112
    56
    23
     0
     0
     0
     4
     0
     0
     9
   105
    88
    11
   119
   115
    29
    10
    31
    10
    23
     6
   172
    32
    17
    58
    34
    19
     6
     0
     3
     0
     0
     4
     5
    65
   133
    97
     0
    50
    30
    24
    15
    32
    21
     6
    30
   147
    20
    16
    46
    54
     0
     7
     0
     0
     0
     0
     9
    29
    10
    66
    15
    50
     9
    17
    25
    10
    14
    12
     5
     5
     1
    31
    40
    24
     0
     0
     0
     0
     0
     8
    40
    88
   276
    31
    19
    28
    25
    13
    35
    14
     9
    41
   153
    12
    13
    26
    29
    33
     0
     0
     0
     0
     5
     6
    34
    56
    53
     2
    79
    14
    13
    11
    14
    20
    27
    20
    23
     5
    58
    25
    28
    10
     0
     3
     0
    11
     0
     0
    16
   146
   113
    17
    22
     5
   220
    36
    21
    32
   113
     8
    33
    28
   274
    80
    76
    13
     0
     2
     1
     0
     0
     5
    43
   116
    72
    69
    32
    15
    21
    45
    56
    56
   100
    15
    39
    10
    13
    36
    34
    25
     0
     0
     0
     2
     6
     0
    10
   104
   115
    62
    49
    22
    48
    25
    47
    20
    29
    42
    20
    18
    35
    91
    51
    23
     4
     1
     0
     7
     8
     0
    29
    48
   189
    19
    21
    38
     9
     6
    21
    13
     9
    18
    25
    86
    28
    44
    33
    68
     3
     0
     4
    12
     0
     0
     8
    46
    52
    11
    12
    24
    35
    25
    28
    21
    33
    12
    15
    28
   151
    12
    33
   151
     0
     1
     0
     5
     0
     0
    56
     9
    55
    20
    31
    17
    46
    29
     0
    18
    14
    18
    25
     6
    53
    55
     9
    31
     0
     5
     0
     4
     0
     0
    40
   142
   324
    97
    12
    31
     5
    24
    21
    19
     6
    28
    73
    38
    60
    24
    12
    39
     0
     5
     0
     4
     0
     0
    62
   130
    60
    72
    27
    18
    12
    24
     9
    22
    22
    26
    12
    39
    41
    35
    19
    31
     0
     0
     0
     4
     0
     0
    30
   120
   128
    83
    50
    14
    16
    80
    73
    21
    28
    64
    46
     4
    23
    62
     6
    30
     0
     0
     4
     0
     0
     4
    17
    22
    68
     2
    32
     4
   194
    35
    61
    12
    29
    14
    18
   150
    26
    92
    24
     9
     0
     0
     5
     0
     0
     0
    10
    27
    57
    75
    17
     9
    26
    30
    28
    32
    10
     8
    40
    40
    20
    28
    17
    52
     0
     0
     0
     0
     0
     0
    20
   109
   184
   105
    23
    10
     6
   193
    12
    22
     7
     7
     4
    24
   148
    51
     9
    21
     0
     0
     4
     0
     3
     0
    54
    16
    55
    90
    49
    23
    37
    10
   102
    29
     6
    14
    18
    39
    41
    57
    13
    18
     0
     0
     0
     0
     0
     3
    19
    92
   222
    61
    25
    20
    10
    15
    53
     7
    34
    10
    26
    27
    16
    26
    12
    58
     0
     0
     0
     2
     0
     5
    60
    83
   110
    66
    12
    19
    38
    19
    12
    16
    39
    19
    29
    17
    20
    72
     4
     6
     0
     0
     0
     7
     0
     0
    35
    41
   131
    89
    86
    22
    24
    13
    20
    65
    56
    25
    31
    32
   203
    98
    33
    30
     2
     0
     0
     0
     0
     0
     4
    44
    45
   156
    12
    23
    10
    24
    18
    11
    24
    23
    41
    15
   164
    25
    15
    23
     0
     4
     0
     0
    11
     0
    21
     0
    89
    12
    21
     9
     9
    16
    17
    42
     3
    32
     0
     8
    34
    28
    45
    72
     8
     0
    14
     0
     1
     0
    22
    55
   135
    16
    15
    32
    16
    22
    17
    63
    40
    36
    27
    47
   279
    60
    15
    19
     1
     0
     0
     0
     0
     0
     9
   173
     7
   102
     9
    15
    61
    10
    23
    15
    15
    39
    10
    25
   167
    14
    28
    37
     2
     0
    17
     0
     0
     0
    16
    62
   132
    26
     9
     5
    14
    31
    13
    11
    24
    17
    20
    14
    45
    11
    69
    15
     0
     7
     1
     0
     0
     0
   139
     9
   182
   225
    54
    29
    28
    23
     9
   142
    54
    24
    32
    30
    14
    21
    65
    20
     0
     0
     0
     0
     0
    24
   243
    57
   129
    27
    83
    56
    21
    32
    27
    20
    52
    20
    25
    19
    16
    27
    21
     0
     0
     1
     0
     0
     0
     2
    99
     0
    86
    16
    32
    24
     1
    24
    19
    23
    20
    29
    32
    61
    15
     8
    14
     0
     0
     5
     7
     0
     4
     9
    53
   106
    13
    13
    31
    16
    19
    10
    28
    39
    24
    10
    38
    65
     5
    34
     7
     0
     0
     0
     1
     8
     0
    11
    52
    23
    68
     2
    48
     8
    25
     2
    26
    15
    31
    52
     2
     9
    40
    19
    23
     0
     0
     0
     0
     0
     0
    21
    28
    91
    94
     4
    18
    17
    55
    27
    11
    31
    26
    14
     0
    10
   198
   103
    21
     0
     0
     0
     0
     0
     8
     0
    58
    21
    65
    20
    12
    16
    41
    28
    25
    12
    16
    23
    10
    51
    20
    17
    12
     0
     1
     0
     1
     0
     0
    32
    21
    69
    57
    22
    28
    19
    27
    16
    43
    24
    81
    15
    30
    14
   170
    11
    47
     0
     8
     0
     0
     0
     0
    33
   124
   206
   106
    20
    14
    25
    32
    16
    84
    21
    33
   163
    23
    73
    96
    12
    17
     0
     5
     2
     0
     0
     0
    44
    13
   140
    70
    77
    17
     1
    18
    23
     3
    15
    24
    13
     6
    50
     8
    33
    18
     0
     0
     0
     0
     7
     0
    18
    53
    17
   100
    18
     4
     2
    29
    15
    33
    25
     8
    18
    45
    17
    52
    20
    48
     0
     0
     0
     0
     0
     0
    46
    55
   228
    70
    11
    19
    21
    62
    11
    10
    33
    31
    79
     4
    12
    86
    15
    23
     0
     0
     0
     0
     0
     0
     6
    13
   205
   100
    17
    24
    22
    55
    15
    44
    13
    40
    21
    67
   252
    12
    60
    17
     0
     0
     0
     0
     0
     0
    45
   128
    90
    26
    17
    99
    15
    17
    19
    23
    19
    17
    20
    43
    26
    50
    13
     7
     0
     0
     0
     0
     0
     0
    98
    46
   150
    67
    64
    17
    20
    23
    20
   150
     9
    17
    21
    42
   145
    81
     6
    27
     3
     0
     0
     7
     3
     0
    13
    64
   172
   136
    22
    38
    65
     1
    27
    17
    12
    38
     9
    37
   454
   166
    15
    17
     0
     0
     0
     0
     0
     5
    71
    49
   130
    67
    56
     7
    10
    12
     8
    15
    13
     4
    14
    60
    36
    43
    31
    18
     0
     0
     0
     0
     0
     4
    27
    68
    79
    38
    19
    20
    25
    23
     0
    49
    23
    48
    19
    23
    56
    30
    28
    20
     5
     0
     0
     0
     3
     0
     7
    49
    55
    42
    16
     5
     2
    16
    50
     9
    15
    24
    28
    66
    15
    16
    29
    27
     0
     0
     0
     9
     0
     0
     6
   124
    98
    24
    11
     7
    10
    12
     6
    52
    49
    43
    19
    24
    29
     5
    33
    26
     3
     0
     0
     0
    18
     0
    54
    34
   101
    88
    36
    15
    14
    35
    11
    14
     9
    35
    17
    14
    15
    71
    90
    15
     0
     0
     0
     0
     0
     0
    12
    69
    82
     7
    25
    12
    31
    41
    50
    24
    15
    38
    22
    68
    31
    17
    30
    34
     0
     0
     0
     0
     1
     0
    88
    53
    18
    64
    25
    12
    34
    13
    20
    23
    10
    25
     5
    18
   156
    66
    54
    11
     0
     0
     0
     0
     0
     0
    11
    14
    61
    93
    19
    20
    22
     4
    13
    62
     7
    44
    15
    20
     9
    15
    22
    27
     0
     0
     5
     0
     7
     0
    15
     2
    11
    19
    24
    52
    65
    22
    16
    14
    14
    28
     8
    17
    42
    64
    25
    22
     0
     0
     8
     0
     1
     0
    50
    17
    95
    62
    21
    28
    22
    26
   141
    37
     7
    20
     1
     7
    55
   295
    12
    16
     0
     0
     0
     0
     0
     0
     4
    49
    57
   217
     0
   147
     9
    29
    30
    14
    14
    43
    24
    63
   298
    25
    26
    29
     0
     0
     0
     0
     0
     0
    20
    73
    61
    21
    32
    27
    15
    62
    18
    13
    11
     8
    33
    10
    51
    16
    22
    61
     0
     4
     0
     0
     0
     0
    24
    67
    27
    61
    15
    86
    16
    14
    11
    12
    25
    14
    29
    49
    22
    16
    49
    23
     8
     0
     0
     0
     0
     0
    14
    26
   146
    20
    20
    21
    34
     9
    27
    56
    23
    64
    10
    23
    55
    69
    17
    27
     0
     1
     0
     0
     0
     0
    21
    59
    66
    49
    18
    24
    13
    30
    25
    16
    14
     8
    18
    62
    67
   166
    12
    27
     7
     0
     0
     0
     0
     0
    16
    53
   146
    13
     6
     8
    62
    19
    19
    14
     2
    12
    14
    30
    12
    16
    39
    24
     0
     8
     0
     0
     0
    10
    93
     9
    45
    60
    17
     9
    30
    34
    10
    18
    52
    38
    36
     4
    21
    68
    28
    21
     1
     0
     0
     0
     2
     0
     6
    53
   104
    39
    58
    16
    60
    27
    69
    27
    10
    12
    13
    15
    20
     4
    29
    42
     0
     0
     0
     0
     0
     0
     0
    27
    50
    16
    20
    13
    15
     6
    14
    43
    21
    26
    17
    12
   240
    16
     4
    59
     1
     0
     6
     0
     0
     4
    21
   166
   118
    78
    12
     4
    25
    21
    11
    10
   177
    15
    31
    64
   342
    38
    10
    35
     3
     0
     0
     0
     0
     0
    27
    58
    97
    61
    30
    13
    26
    12
    25
    25
    45
    13
    17
    28
    67
   106
     9
    22
     0
     0
     0
     0
     0
     0
    19
    23
   141
    87
     8
     7
    17
     9
    53
   146
    12
    16
    15
    50
    23
    13
    89
     9
     0
     0
     0
     0
     0
     0
    24
    23
   171
    49
    22
     9
    16
     2
    62
    18
    22
    70
     1
   200
   245
    21
    64
    18
     0
     0
     0
     0
     9
     4
    64
   122
   113
    57
    65
    17
     1
     9
    68
    18
    21
    49
    57
    47
    47
    15
    22
    14
     7
     0
     0
     0
     4
     9
    60
     5
    92
    24
    17
    10
     4
    34
    48
     3
    53
    44
    11
    24
    15
     1
     0
    31
     0
     4
     5
     0
     0
     6
    63
    16
    99
    92
     7
     7
    11
    27
   169
    25
     4
    27
   211
    95
    48
    65
    11
    26
     7
     4
     0
     9
     0
     0
    26
    28
   140
    72
    31
    78
    24
     6
    15
    22
    16
    26
    63
    22
    10
    66
    36
    46
     0
     5
     8
     0
     5
     0
    22
   149
   116
    95
    37
    66
     6
    17
    13
    25
    19
    20
    67
    22
    24
    11
    48
    12
     8
     0
     0
     0
    17
     0
    25
    63
   104
    56
    14
    20
     4
     9
    13
     9
    21
    29
     8
    20
    24
    33
     5
    32
     0
     0
     0
     0
     0
     0
     8
   118
   104
    65
    13
    15
    56
    46
    35
    15
    13
    56
    13
    57
     2
    34
    26
     7
     0
     1
     0
     0
     4
     0
    12
    51
   101
    14
    23
    25
    46
    15
     9
    19
    15
    51
    20
    57
    53
    62
    26
    13
     1
     0
     0
     0
     0
     0
    21
   125
   136
    20
     5
    35
    16
    11
     5
    31
    25
    36
    39
    62
     2
    11
    17
     4
     5
     0
     0
     2
     0
     0
     0
   106
    56
     7
    21
    11
    21
     8
    31
    29
     9
    20
    26
    13
    31
    41
    14
    11
     0
     0
     7
     0
     0
     0
    32
    62
    48
    54
    43
    13
    16
    13
    57
    16
     7
     2
    19
    15
    68
    28
    20
    20
     3
     0
     0
     0
     0
     0
    20
    66
   157
   150
    24
    11
    27
     5
    20
    16
    36
    21
    24
    36
    79
   268
    31
    20
     0
     0
     1
     0
     0
     0
    97
    24
    97
    19
    10
    33
    21
    22
     3
    15
     8
    63
    38
    12
    65
    17
    46
    16
     0
     0
     0
     1
     0
     0
    84
   135
    52
    44
     9
     2
    28
     9
    28
     5
    84
    10
     5
    55
    19
    26
    31
    10
     0
     0
     0
     0
     0
     0
    63
   114
    69
   119
    20
     8
    45
    14
    10
    31
     8
    16
    60
    10
    16
     5
    11
    28
     0
     0
     0
     0
     0
     7
    27
    65
   107
    88
    14
    12
    14
    32
    34
   141
    21
    24
     0
    30
     0
    16
    14
     6
     0
     0
     0
     0
     0
     1
    18
     5
    42
    51
    26
    14
    20
     1
    33
    29
    34
     0
    20
    14
    54
    10
     8
     5
     6
     0
     0
     0
     0
     0
    24
    92
   179
    89
    31
    19
    14
    16
     3
    51
     6
    17
     6
   178
    63
    13
    20
     5
     0
     6
     2
     0
     0
     0
     8
    68
    86
     8
    37
    24
    42
    17
    13
    13
     7
    20
    12
    14
    24
   173
    45
    80
     0
     0
     0
     2
     0
     0
    13
    48
    58
    12
    24
    10
     7
     7
    13
    35
     9
    24
    21
    15
    13
    47
    12
    14
     0
     3
     1
     0
     0
     0
    53
    11
    53
    12
   173
    32
    15
    24
    13
    17
     4
     9
    47
    23
     8
    18
    11
    21
     0
     9
     0
     0
     0
     0
    46
    86
   127
    14
    38
    15
     5
    12
    12
    46
    17
    22
    19
    35
   305
    22
    22
     0
     0
     0
     0
     0
     0
     0
    23
    56
   122
   126
    14
     8
    21
    33
     9
     5
    72
    14
    15
    16
   109
   220
    32
    17
     0
     0
     0
     0
     0
     0
    37
    63
    19
    96
    42
    14
     7
    43
    22
    22
     6
    20
    17
    37
    48
    18
     4
    14
     0
     0
     0
     7
     2
     0
    17
   101
   230
    80
    14
    71
    31
    17
    15
    55
    18
    19
    28
    27
   150
    77
    27
    24
     0
     0
     0
     0
     0
     0
    56
    79
    13
    50
    14
    20
    26
     7
    13
    22
     2
    23
    20
    21
   149
    31
   161
    30
     6
     5
     2
     0
     0
     0
    51
    10
   185
    14
    36
    32
    34
    29
    22
    27
    59
    18
    80
    11
    23
    52
    27
    17
     9
     0
     0
     2
     0
     0
    25
    58
    22
     9
    16
     0
    24
    24
    15
    19
     1
     7
     2
     3
    15
    12
     3
    18
     0
     0
     0
     0
     1
     2
    19
    48
   195
    13
    21
   153
    23
   157
    31
   118
    17
    26
    15
    35
    30
    22
    23
     4
     0
     9
     0
     0
     0
     0
    38
    19
   133
    14
    49
    15
    18
    17
    27
    24
    13
    29
     6
    12
    12
    30
    17
    19
     0
     0
     0
     0
     0
     0
    19
    11
    47
   137
    29
    27
    18
    23
    34
     6
    66
    24
    28
    13
    60
    25
    51
     3
     0
     0
     0
     0
     0
     0
    67
   102
    11
    74
    13
    15
     8
    36
     6
     5
     6
    22
    14
    19
    65
    18
    16
    22
     0
     0
     0
     0
     2
     0
    54
    19
   119
   144
    15
    43
    27
   104
    16
     4
    23
    60
    15
    30
    18
    25
    23
    22
     3
     0
     3
     0
     0
     2
    27
    13
   261
    78
     0
    13
     7
    65
    28
    68
    27
    60
    11
    21
    20
    53
    22
    40
     0
     0
     0
     0
     0
     2
    17
   175
   144
    98
     6
    33
    35
    20
     5
    13
    64
     4
    15
    11
    52
    13
    14
    16
     0
     0
     0
     5
     0
     0
    57
    67
    17
    59
    27
    33
    20
    23
    12
    15
    14
    13
    24
    19
    62
    64
    18
     5
     0
     2
     0
     0
     0
     3
    24
    64
    99
    86
    18
    12
    10
    54
    14
     4
    18
    18
    35
    17
     0
   144
    18
    16
     0
     0
     3
     9
     0
     0
    26
    52
   138
    31
    23
    51
     2
    48
    31
    23
     9
    19
    24
    34
    62
    11
    20
    21
     0
     0
     6
     0
     0
     0
    24
    56
   108
   160
    12
    17
     0
    20
    21
    33
    21
     4
    51
     8
    70
   107
    10
    17
     0
     0
     0
     0
     0
     3
    36
   132
   157
    10
    27
    14
    26
    14
    22
    16
    31
    24
    37
    13
    31
    12
    21
    16
     1
     7
     0
     0
     2
     0
    31
    22
    70
    84
    22
    14
    39
    29
    19
    22
     5
    56
     1
     2
    43
    50
    10
     3
     0
     0
     0
     0
     0
     0
    11
     7
    88
    13
    17
    67
    12
    15
    60
     3
    18
     8
    24
     9
     5
    30
    18
    21
     0
     0
     0
     0
     0
     4
     2
    47
   108
    55
    60
    19
    43
    29
    33
     9
     7
    12
    19
    18
    11
    14
    15
    12
     0
     9
     0
     0
     0
     0
     5
    69
     7
    55
    20
     7
    19
    20
    20
     4
    12
    24
    60
    56
    22
    25
    18
    14
    13
     2
     0
     0
     0
     0
    21
    52
   106
    43
    65
    20
    18
    15
    47
    18
    13
    68
     3
    14
   173
    25
    21
    12
     2
     0
     0
     5
     0
     0
    22
    10
    15
   123
    24
    15
    16
    14
    24
    42
     7
    16
     1
    21
     7
    19
    26
    20
     0
     0
     0
     0
     0
     0
     8
    42
   166
    51
    24
    69
    33
    18
    17
     8
    36
    15
    12
    34
     9
    14
    10
    23
     7
     3
     0
     0
     0
     6
    22
    55
   110
     6
    17
    21
    15
     7
    10
     5
    18
    18
    11
    18
    44
    58
     9
     2
     0
     0
     0
     1
     4
     0
     9
    70
   110
    50
     8
     8
     3
     5
    23
    31
     6
     8
    34
    13
   183
    51
    20
    21
     0
     0
     1
     0
     0
     0
    20
    42
   185
    43
    44
    11
     5
    16
    11
    13
    19
    24
    20
     8
    40
    15
    15
     8
     0
     3
     7
     0
     0
     0
    18
   132
    11
   111
     7
    13
    15
    60
     5
    28
    24
    15
    20
    18
    21
    11
    18
     5
     0
     0
     0
     2
     0
     0
     8
   131
   101
    33
    11
    50
    54
     8
    20
    20
     5
    18
     4
     6
    31
    94
     6
    21
     6
     0
     3
     0
     0
     0
    68
    99
    89
    79
    24
    13
    16
    97
    13
    25
    20
    22
    19
    96
    71
    14
     5
    52
     1
     0
     0
     0
     0
     3
    16
   161
   114
    59
    22
     6
    17
    19
     4
    77
     6
    55
     7
    18
    59
    29
    27
    35
     0
     0
     0
    10
     0
     0
     3
    17
   145
     6
     9
    51
     8
     2
    20
    54
    19
     7
     9
    24
     8
    57
    67
     8
     0
     0
     0
     0
     0
     0
    63
    46
    71
    60
    15
    35
     8
     5
    47
    14
    50
    26
    30
    17
    58
    49
     0
   159
     3
     0
     0
     0
     0
     0
     4
    19
    10
   187
    45
     8
    37
     7
    60
   216
     9
    24
    27
     2
    14
    33
    12
    16
     0
     0
     0
     0
     2
     0
    20
   106
    28
    19
    14
    29
    10
    17
    11
    46
     4
    12
    20
    24
     7
    25
     8
    20
     0
     0
     0
     5
     0
     2
    14
    41
   107
   136
     4
    24
     1
    13
     8
    12
    84
    42
    10
    62
    57
    19
    58
     9
     4
     0
     1
     0
    10
     3
    33
    23
    28
   130
    21
    24
    34
    25
     6
   166
    28
    11
    53
    17
    58
     2
    20
    24
     0
    16
     0
     1
     0
    10
    31
    20
    51
    11
    14
    21
    14
     7
    26
    62
    35
    17
    31
    32
    30
    19
    10
    22
     0
     1
     0
     0
     0
     0
     5
    91
    10
   102
    21
    15
    20
    55
     5
    21
    17
     9
    62
    10
   148
    29
    12
    20
     0
     0
     0
     9
     3
     0
    10
    21
    46
    16
    18
    11
    23
     3
    51
    30
    34
    14
    15
     4
    68
     4
    12
    18
     0
     0
     0
     0
     0
     3
    10
    55
     5
    92
    20
    41
    11
     7
     8
     9
    26
    11
   149
   176
    16
    61
    36
    11
     0
     0
     0
     0
     0
     0
    16
    43
   211
    97
    21
    17
     8
     7
    65
    25
    13
    18
    16
     1
    94
    56
    21
    15
     0
     0
     0
     0
     0
     0
    22
    52
    54
    45
    10
    19
     4
    32
     9
    17
     5
    48
   153
    20
    17
    12
    65
    28
     6
     0
     0
     0
     3
     0
    50
   202
    96
    56
    13
    10
    12
    23
    13
    32
    23
    38
    14
    24
    22
    64
    14
     7
     0
     0
     0
     2
     0
     0
    50
   106
    42
    67
    13
    11
    31
    11
    29
    16
    12
    29
    74
     2
    31
    85
    12
    18
     2
     0
     0
     0
     1
     0
    11
    21
    66
     7
     8
    13
    26
    13
    11
    16
    10
     5
    16
     2
    12
    14
    24
     7
     0
     0
     0
     0
     0
     0
    20
    93
    14
    23
     9
     8
     7
   151
     2
    13
     4
     8
    10
    52
    49
    24
    20
    20
     0
     0
     8
     0
     0
     0
    17
    88
    23
    57
     6
    60
    12
    15
     5
     6
     0
    59
     9
    26
    14
     2
    22
    48
     6
     0
     0
     0
     0
     0
    31
    68
    57
    11
    36
    31
    22
    49
    53
    64
    25
    38
     1
    19
     5
    69
     6
     1
     0
     0
     3
     0
     0
     2
    61
   106
    88
    50
    24
    34
     1
    15
    22
    27
    37
    12
     2
    23
    19
    54
     7
     4
     0
     7
     0
     0
     2
     3
    24
   100
    10
    58
     9
    23
    13
    16
    26
    10
    25
    13
    13
    19
    43
    47
    23
    14
     0
     0
     0
     0
     0
     7
    16
    47
   171
   133
    21
    15
     8
    35
    17
     7
    51
     6
    17
    25
    23
    77
    23
     3
     0
     0
     0
     0
     0
     0
    28
    49
   162
    63
    32
   177
    23
    27
   172
    38
    11
    20
     9
     0
    92
     9
    10
    16
     0
     6
     0
     0
     0
     0
    24
    48
    64
    67
     7
    24
     1
    11
    21
    21
    12
    26
     8
     8
    88
   153
     9
     9
     0
     0
     0
     3
     0
     0
     7
   120
    51
    60
    15
    14
    43
    20
     5
    12
     0
    35
    12
    16
    19
    62
    24
     5
     5
     0
     3
     4
     0
     1
    14
    98
   102
    57
    18
    15
    24
    50
    29
    24
    16
    30
    18
    50
    87
    50
    32
     5
     0
     3
     0
     0
     0
     0
     1
    50
   104
    85
    10
    23
    24
     8
    13
    11
    10
    19
    12
    85
    12
    12
    11
    18
     0
     0
     0
     0
     0
     0
   117
    94
    76
    21
    23
    13
     9
    47
    16
    26
     6
    13
    22
    33
    51
    13
    15
     4
    14
     0
     0
     0
     0
     0
     6
    95
     0
    11
    14
     4
    12
    75
    24
    11
    31
     8
    30
    47
    54
    61
    24
    48
     5
     9
     0
     2
     3
     0
    24
    72
    59
    45
    12
    32
   203
    20
    13
    14
    23
    14
    20
   158
    28
     5
   106
    15
     7
     0
     8
     0
     0
     3
     9
    10
     1
    61
    34
     9
     7
     6
    19
    59
    12
     9
    48
     8
    45
    47
     8
     9
     0
     0
     0
     0
     0
     0
    18
    10
    49
    68
     4
     7
    16
     5
    19
     2
    31
     9
    13
     6
    29
    34
     4
    16
     0
     8
     0
     0
     0
     0
    22
    68
   139
    19
     1
     9
     9
    12
    13
    12
     2
    25
    30
    17
    16
   152
    19
    25
     0
     0
     3
     0
     8
     3
    15
   179
   107
    43
    11
    17
    20
    13
     8
    17
     7
    16
    72
     3
    52
     9
    14
     7
     4
     0
     0
     0
     0
     2
    43
   120
    51
    52
    17
    17
    89
    36
     7
    30
     7
    18
    13
    16
    11
    69
    32
    12
     0
     0
     0
     6
     0
     0
    70
    48
   100
   102
   113
    65
    23
    56
     5
    34
    29
    12
    21
    56
    22
    22
     3
    23
     0
     0
     0
     0
     0
     0
     9
    34
    89
    34
    74
     7
    61
    17
    29
    13
    10
    60
    14
    11
     9
    49
    23
     1
     0
     5
     0
     0
     0
     0
    18
    18
    95
    19
     9
     0
    14
     0
    47
    15
     4
    14
    20
    25
    63
    15
    14
    29
     0
     0
     2
     0
     0
     2
    21
    74
    43
    45
    11
    52
     0
    21
     6
   154
     9
    54
    21
   102
    60
    62
     3
     9
     0
     1
     0
     0
     0
     0
    53
    10
    18
    47
    16
   108
     3
    42
    33
    12
    27
     9
    17
     3
    99
    13
    12
    75
     0
     0
     0
     3
     0
     0
     6
    25
   109
    59
    12
    22
    20
    25
    13
     9
    20
     8
     1
    30
   146
    76
    14
    20
     4
     0
     0
     0
     0
     0
   113
   191
    72
    30
    84
    41
    65
    22
     9
    67
    29
    11
    14
   158
   359
    73
    19
     6
     6
     0
     0
     3
     0
     0
    17
    69
    39
   105
    66
    20
    22
    30
    22
    32
    16
     9
    54
   115
    56
    98
    25
     1
     0
     0
     0
     4
     0
     0
    26
    59
    93
    18
    22
    20
    21
    15
     8
    55
    10
    26
    13
    10
    42
    40
     3
    11
     0
     0
     0
     0
     6
     0
    10
    27
    67
    15
    57
     5
     8
    22
     3
     6
    25
    21
    16
    31
    54
    19
    41
    37
     0
     0
     0
     0
     0
     7
    28
    24
   109
    20
    20
    17
    19
     0
     8
    39
     0
    10
    20
     8
    61
   136
    13
    26
     0
     2
     0
     0
     5
     7
     9
    91
   126
    48
    13
    21
    16
    25
    24
     6
     8
    54
    20
   159
    10
     3
    13
    17
     0
     0
     0
     0
     0
     0
    36
    39
   142
    93
    17
     5
     4
    17
    16
     9
    10
    12
     0
    14
    83
    11
    19
     0
     0
     0
     0
     0
     0
     9
    50
    26
   132
    25
    28
    12
     9
    12
    23
    27
    14
    29
    19
    16
    53
    71
     3
    31
     4
     0
     0
     3
     8
     0
    45
     6
    21
    14
    14
    57
    11
     8
    26
    16
    56
     1
    52
    18
    78
    19
    54
    18
     0
     0
     0
     0
     0
     1
    54
    42
     8
    47
    15
     4
     7
    16
    16
    10
     7
    24
     3
     0
   305
    94
     9
    62
     4
     6
     0
     2
     0
     2
    53
    40
   105
    72
    31
    47
    48
     6
    24
    13
    13
    22
     7
    11
    55
    70
     9
    15
     0
     9
     0
    11
     0
     0
    32
   101
   124
    61
    24
     6
    25
    12
     7
    10
    17
    28
    11
     9
    19
    20
    20
    62
     1
     1
     0
     0
     0
     0
    23
     8
    49
     5
    61
    43
    17
    20
    25
    25
    19
    14
     2
    15
    90
     5
    18
     7
     0
     5
     0
     5
     0
     0
     7
    54
    86
    47
     0
    24
     7
    26
    24
    48
    11
    12
     2
    14
    69
    15
     8
    16
     0
     8
     8
     0
     0
     0
    26
    14
    66
   178
    26
    25
    14
     3
    19
    63
     0
    26
    11
   151
    15
    54
    54
    47
     0
     0
     0
     0
     2
     7
    14
   137
   156
    60
    18
    26
    14
     5
    17
    21
    26
    12
    17
    15
    12
    11
    31
    12
     0
     0
     0
     0
     0
     0
    11
    23
    92
    43
    26
    17
    25
    21
    54
    23
    17
     6
    19
    29
    17
    14
    28
    18
     0
     0
     0
     0
     0
     0
     8
    92
    93
    50
     7
    68
    36
    12
    14
    12
    22
    12
    29
     4
    44
     5
    27
     8
     0
     0
     0
     0
     0
     1
    46
    59
    44
    94
    13
    14
    10
    61
    24
    74
    64
     6
    29
    17
    19
    49
    26
     9
     0
     0
     0
     0
     0
     0
    15
   145
   129
   110
    18
    12
     7
    23
    31
    10
    19
    21
     6
    26
    10
     6
     9
    12
     0
     0
     0
     0
     0
     1
     6
    92
    71
   131
    12
    15
    11
    10
    11
    17
   164
    26
     9
    15
     4
   196
    22
     8
     0
     0
     0
     0
     5
     0
    43
    66
    94
    61
     6
     5
     3
    86
    28
    21
    31
    18
     4
    27
    61
    66
    16
    15
     0
     0
     0
     0
     0
     0
    57
    12
   124
    32
    59
    23
    19
    17
    16
    29
   156
    66
     8
     7
    64
    50
   195
    13
     6
     0
     7
     0
     0
     7
     3
    54
   177
   114
     2
    29
     3
    19
    13
     7
    11
    16
    25
    10
    48
    68
    17
    23
     0
     0
     0
     0
     2
     6
     6
    12
    13
    31
    30
    18
    70
    18
    19
    18
    36
    10
    16
     8
    21
    11
    29
    19
     0
     0
     0
    10
     0
     0
     8
    63
    56
    49
    37
    35
    15
     7
    31
    29
    71
     8
    15
    52
   201
    70
     3
    18
     0
     0
     0
     5
     0
     0
     9
    61
    77
    15
     7
    33
    24
    38
     7
     5
    16
   147
     8
    65
     9
     8
     4
    17
     0
     0
     0
     0
     0
     4
     4
    12
    33
    82
     9
    13
    11
    99
    23
    11
    31
     9
    22
    19
    87
    61
    55
     7
     0
     0
    10
     0
     6
     0
    62
    74
   120
     7
    42
     6
    13
    16
    14
    40
    82
    31
    18
    21
    15
    28
    74
    58
     7
     0
    12
     0
     0
     0
    15
    90
    90
    66
    13
    13
    34
     8
   185
    23
    16
    26
    34
    48
    24
    10
    78
     5
     0
     0
     0
     7
     0
     0
     6
   132
   118
    55
    29
    18
    14
    18
    18
    16
    19
    76
     5
     5
    20
     1
    12
    15
     0
     0
     5
     0
     0
     0
    17
    11
    15
    18
     9
    20
     2
    26
     6
    15
    67
    13
    22
   175
   148
   180
    47
    23
     0
     0
     0
     5
     0
     1
    53
    18
    53
    14
     4
     2
    14
    21
    22
    18
    13
    13
     5
    11
    44
    21
    13
    25
     6
     3
     8
     0
     0
     0
    35
    59
   139
    55
    18
    13
    37
    59
    43
    15
    35
    20
    46
    12
    62
     8
    16
    19
     0
     0
     0
     0
     0
     0
     4
    49
     4
   109
    14
    24
    13
    17
    25
    19
   153
    23
    26
    18
     5
    22
    13
    10
     0
     2
     0
     0
     0
    12
    11
    81
   203
    95
   167
    16
    39
    21
    28
    17
    14
     6
    25
    11
    10
    20
     2
    17
     0
     3
     0
     0
     1
     0
    25
    26
   105
    46
    49
    24
    11
     5
    28
    27
    21
    45
    14
    54
    14
    11
    27
    62
     0
     0
     0
     0
     0
     0
    35
    82
    61
    56
    17
    14
    10
    19
   195
     9
    23
    19
    11
    14
    55
     4
   154
    13
     0
     0
     0
     0
     0
     0
    13
    47
     2
     5
    10
    14
    24
    21
    36
     1
    17
   146
     6
    14
    29
    16
    35
    27
     5
     0
     0
     8
     2
     0
     3
    53
   112
    88
    11
     6
    17
    19
    24
    59
    21
    58
    11
    15
   167
    17
    15
     8
     0
     0
     0
     0
     5
     0
    20
   102
    49
    43
     6
    14
    25
    22
     8
     0
     4
   166
    15
    12
    59
    51
    19
    19
     0
     0
     0
     0
     0
     0
    11
    13
    62
     4
    38
   152
    25
    31
    25
    10
    13
    11
    19
     9
   149
     4
    13
     7
     7
     0
     2
     1
     0
     0
    34
   109
   232
   178
    52
    26
    27
     5
    36
     8
    23
    13
    22
    19
   210
    11
     6
    13
     0
     0
     0
     8
     0
     0
    12
    62
    83
    96
    18
     7
    58
    42
    48
    29
     6
    10
    26
   226
    16
    19
    14
    14
     0
     0
     0
     0
     0
     0
    33
    58
    19
   101
   166
    18
     8
    29
    18
    74
    26
     9
    30
    24
    37
    55
     9
    27
     3
     0
     0
     3
     0
     0
     9
     6
    24
    54
    21
    20
    25
    28
     6
    25
    22
    33
    12
    21
    31
    27
    24
     7
     1
     4
     0
     0
    11
     0
    30
    11
   214
    97
     8
    15
    12
    61
     9
    27
    14
    50
     8
    13
    49
    27
    12
     6
     0
     0
     1
     0
     0
     0
    17
    11
    48
     8
    22
   205
    15
    67
    24
    12
    37
     4
     7
   151
    15
    84
    24
     3
     5
     0
     0
     0
     3
     0
    88
    59
   107
   101
    11
    19
    11
     9
    15
    14
     5
    14
    47
    11
    83
     9
    20
    20
     0
     0
    14
     2
     2
     4
     1
   102
    41
     2
     9
   145
    29
    22
    21
    11
    16
    75
    17
    10
    49
    16
    28
    19
     0
     2
     0
     0
     2
     7
    32
    66
     0
    18
    16
    17
     4
    14
    16
    50
   165
    18
    16
    17
     6
   101
    13
   148
     0
     0
     0
     0
     1
     0
    17
    15
    41
    87
    54
    32
    12
     4
    18
    19
     9
    20
    27
     5
    39
    20
    10
    11
     0
     0
     0
     0
     0
     3
     9
    61
   132
     5
    16
    67
   155
    22
    33
    36
     4
    15
    15
     6
    22
    64
    10
     5
     0
     0
     0
     0
     0
     0
     4
    26
    48
    92
    14
    35
    19
    16
    66
    54
    14
    14
    21
    23
    47
     7
    58
    20
     0
     0
     0
     0
     0
     0
    27
     3
   102
   106
    23
    31
    16
    21
    19
    21
    15
     8
    23
    15
     9
     6
    17
    15
     0
     0
     0
     0
     0
     0
    29
     7
    10
    50
     8
    19
    19
     9
    33
    28
    45
    22
    29
   154
    23
    24
    54
    16
     0
     0
     0
     0
     0
     0
   107
   144
    73
    64
     5
     0
     6
    41
     2
    14
    88
    15
    40
    19
   114
   308
    26
    48
     0
     0
     0
     0
     0
     3
     8
     9
   176
   151
    46
    30
    31
    16
    15
    15
    28
    20
    21
     9
    97
    22
     7
    33
     0
     0
     1
     0
     0
     0
    11
    25
    85
    50
    17
    28
    45
     8
    21
    54
    14
    44
    23
    13
    45
    33
     8
    11
     0
     0
    14
     0
     8
     0
     8
    12
    70
   113
    14
     8
    12
     5
    22
     9
    15
    22
    36
     8
    14
    55
    30
    49
     0
     0
     0
     1
     0
     0
    19
    19
     7
    10
    21
    11
    42
    16
    24
    57
    11
    19
    19
    61
    22
    14
    27
     2
     0
     0
     0
     2
     0
     2
     5
    10
    62
    18
    32
     3
    14
     1
    36
    27
     0
    23
    16
     1
    28
    11
    22
    15
     1
     0
     0
     0
     0
     0
    55
    40
   162
    47
    23
    34
    18
    41
    13
   159
    18
     9
    54
   142
    57
    90
    25
    19
     0
     0
     0
     0
     3
     0
    30
    86
    25
    29
    38
    25
    17
    57
     9
    29
    65
    20
    11
    13
    14
    28
     9
    19
     1
     0
     0
     0
     0
     0
    40
     7
    88
    63
    10
     3
    25
    22
    19
    39
    15
   161
    71
    40
    28
     4
    27
    34
     0
     8
     0
     0
     0
     0
    16
    64
   131
   124
    61
     8
    72
    68
   148
    57
    61
     8
    24
    42
    59
    13
    21
    10
     0
     0
     2
     0
     0
    11
    16
    90
    99
    58
    16
    11
    12
     9
    12
    10
     2
    12
    11
    51
    43
    48
     9
    17
     0
     0
     1
     0
     0
     0
    15
    12
    11
   111
    19
     9
    54
    43
    33
    15
    12
    68
    52
    71
    57
    52
    22
    39
     0
     0
     1
     0
     0
     1
     6
    18
   105
     8
    30
    15
     8
     8
    20
     9
     3
    52
    16
    25
    64
     5
    24
    17
     0
     0
     0
     2
     0
     0
    15
    68
   171
    72
    66
    30
    18
     7
    59
    33
    19
    69
    13
    21
     6
    53
     8
    18
     0
     0
     1
     0
     0
     0
    32
   145
    89
   100
    13
    11
    29
     8
     5
     9
   155
    15
    15
    28
    91
    27
    20
    24
     7
     0
     8
     0
     0
     9
    55
    14
    36
    11
     5
    13
    20
    12
    17
    15
    33
    22
    15
    14
    69
    45
    14
     6
     0
     0
     0
     8
     0
     0
   107
   125
   176
    23
    16
    11
    27
    35
    16
   154
    21
    13
    29
    17
    29
    55
    13
     3
     0
     0
     0
     0
     5
     0
    20
    10
   174
    55
     4
     3
    13
     5
     2
    14
    16
    38
     6
     9
   192
    19
    19
     9
     0
     0
     0
     0
     0
     0
    41
    50
   170
    79
    29
    24
    27
    13
    27
    28
    29
     5
    14
    19
   199
    18
    22
    14
     0
     0
     0
     0
     0
     0
    10
    80
    58
    56
    10
     5
     7
    36
    16
    18
     8
     7
   162
    83
     2
    12
     8
    12
     0
     0
     0
     0
     0
     1
     9
    45
    59
    64
    35
    19
    17
    28
    21
     2
    29
    17
    31
     8
     6
    60
    15
    11
     7
     0
     0
     0
     0
     0
    53
     7
    58
    59
     9
    31
    39
    14
    25
    39
    32
    35
    28
    37
    56
    25
    18
    34
     0
     0
     2
     0
     0
     0
    16
    98
    59
    17
    35
    13
    12
    55
    26
    21
    53
    18
    29
    26
    43
    55
    62
    14
     0
     0
     0
     0
     5
     0
    31
    12
    92
    24
    12
    14
    14
    13
    16
    10
    15
    22
    46
    13
    21
     3
    23
     3
     0
     3
     0
     0
     0
     0
    28
    18
   187
    41
    28
    42
    11
    13
    11
     8
    22
    17
    14
    10
   151
     8
    22
    21
     0
     0
     0
     0
     0
     0
    54
    54
    21
    33
     7
    32
    11
    18
    17
    12
    18
     0
    18
     7
    24
    18
    28
    37
     0
     0
     0
     0
     0
     0
     0
    10
    56
   134
    25
     4
    20
    18
    18
    56
     1
     6
    14
    25
    30
    34
     4
     9
    81
     0
     0
     0
     5
     4
     0
     0
    10
    51
     8
    22
    32
     8
    19
    14
    21
     9
    56
    63
     4
    61
    15
    56
    42
     0
     0
     0
     0
     0
     0
    69
   136
    28
    68
    21
    35
     4
    27
    40
    25
    32
    23
    10
    93
    16
    38
    25
    18
     0
     0
     0
     2
     1
     0
    18
   145
   134
    18
    16
   179
    31
    59
    13
    25
     9
    23
     3
    16
     8
   106
    57
    32
     0
     3
     4
     0
     0
     0
    49
    94
   111
   116
    42
    16
    10
    17
    11
    61
    75
     5
    61
    13
    52
    53
    38
    25
     0
     0
     0
     0
     0
     0
    24
    48
    67
    14
     8
    22
    22
    15
    42
    20
    17
    31
    58
    67
   282
    14
    14
    23
     0
     1
     1
    12
     0
     0
     4
    50
   221
    68
    10
    11
    17
    72
    56
    24
    32
    18
    22
    21
    45
    52
    19
    50
     9
     0
    10
     6
     4
     8
    24
    20
    50
   101
    19
    40
     4
    54
    63
    23
     8
    25
    24
    19
    53
    24
    13
     7
     0
     0
     0
     0
     0
     0
    66
    39
    97
   123
    21
    11
    23
    17
    12
    19
    31
    18
    14
    30
   166
    68
    68
    13
     0
     6
     0
     0
     0
     7
     9
    55
    68
    94
    15
    28
    35
   141
    49
    30
    66
    23
    46
   162
    18
     7
    35
    16
     3
     0
     0
     0
     4
     0
    22
    58
    39
    89
    48
    20
    14
     9
    20
    67
    16
    57
   173
    43
    99
    49
    30
    20
     0
     0
     7
     0
     0
     0
    60
    62
    92
   194
     8
    22
    10
    28
    20
    19
     8
    18
     4
   137
    18
     2
    15
    24
     0
     5
     0
     3
     0
     0
    11
    52
    90
    88
     6
   103
   150
    15
    40
    72
    33
    18
    16
   158
   109
    70
    20
     7
     0
     0
     0
     0
     9
     0
    31
   100
   218
   128
    27
    11
    52
    76
     5
    12
    62
    16
    36
    18
    11
    96
    11
     6
     3
     0
     6
     0
     0
     0
     1
     7
    14
    45
     9
    18
    35
   153
    18
     6
    17
    12
     2
    25
    46
    16
     8
    37
     5
     0
     0
     0
     1
     0
    62
    53
   108
    60
    30
    31
     8
    12
    50
    13
    48
    17
    32
   177
    49
    62
    27
    59
     0
     0
     5
     0
     3
     0
    60
   158
   138
    65
    45
    28
    12
     8
     7
    59
    21
    13
    17
    63
    71
    74
    92
    22
     8
     0
     0
     0
     0
     0
    53
   142
   133
    75
     9
    19
    40
    17
     0
    41
    19
    21
    59
    31
    21
    15
    46
    51
     0
     0
     0
     3
     0
     5
    57
    14
   296
    58
    16
    13
    16
    49
    14
    33
    50
    17
    32
    23
    13
    12
    32
    25
     0
     0
     0
     5
     0
     0
     3
    81
    47
    64
    21
    25
    10
    21
    24
    17
    12
     5
     1
    47
    26
    43
    35
    25
     8
     6
     0
     0
     0
     0
    10
    62
    98
   106
    12
    50
   162
    26
    28
    22
    22
    11
     7
    21
   192
    76
    19
    17
     2
     4
     0
     0
     0
     0
    36
    59
    98
    87
    47
    17
    12
    42
     4
    40
    66
    20
    16
    11
    82
    23
    20
    15
     0
     0
     0
     4
    14
     0
    10
    16
   183
    53
    16
    17
    13
    15
     9
    33
    55
     6
     9
    60
    75
    20
    25
    12
     0
     0
     0
     2
     0
     0
    49
   116
   112
    50
    45
    62
    70
    35
    10
    36
    11
    22
    22
    30
    12
    16
     8
    24
     0
     0
     0
     0
     2
     1
    56
    15
    89
    64
    11
    21
    27
     6
    38
    27
    17
    13
    41
     8
    49
    25
     4
     7
     7
     0
     0
     7
     0
     5
    18
   131
   111
    17
    23
    26
    21
    41
    10
    55
    57
    22
    24
    38
     8
     7
    30
    15
     0
     0
     0
     6
     0
     0
    25
    49
    13
    66
    17
    19
    22
    14
    28
    24
     5
     8
   290
    37
    22
    91
    44
    28
     0
     0
     0
     7
     0
     0
    62
    90
    17
    64
    13
    68
    21
    44
    21
   117
    58
    16
    32
    19
    17
    13
    73
    19
     3
     0
     0
     0
    10
     4
    13
    56
    36
    64
    11
     6
    10
     9
    36
    37
    19
    29
    16
    26
    12
    19
    19
     7
     0
     0
     0
     0
     0
     0
    19
    35
   132
    47
    17
    17
    58
    15
    27
    10
    14
    19
    36
    24
    89
    58
    17
    17
     5
     0
     0
     0
     0
     0
    44
    15
    59
    27
    25
    37
    27
   108
     4
    20
    29
    63
    14
   148
    28
    11
    60
    23
     0
     0
     1
     6
     0
     5
    38
    29
   102
     6
    21
     9
     6
   166
    21
     8
    10
     3
    79
    60
    10
    30
    21
    29
     0
     0
     0
     0
     0
     0
     1
    37
    65
    96
    50
    27
    15
    20
   165
    48
    59
    13
     0
    28
    46
    86
    31
     6
     8
     0
     4
     0
     0
     0
    46
    49
    61
    70
    10
     6
    14
     8
    10
    23
    22
    13
    26
     6
   100
    38
    23
    20
     0
     0
     0
     0
     0
     0
    20
   120
   169
    55
     6
    22
    23
    23
    22
     8
    10
    13
     4
    47
    21
    16
    22
    31
     0
     0
     0
     4
     0
     4
     6
    54
   135
   128
     6
    24
    16
    21
    24
    13
    16
    79
   168
     3
   195
    54
    21
     6
     0
     0
     0
     2
     0
     7
    56
   163
    96
    99
     8
    15
    28
    15
    61
     9
     7
    23
    15
    80
   156
     9
    19
    16
    11
     0
     0
     7
    16
     7
    19
    55
    66
    29
    25
    33
    24
    23
    39
    47
    24
    13
    65
     6
    21
    17
    95
    29
     0
     0
     0
     8
     0
     0
    39
    35
   256
    93
    14
    30
    28
     6
    67
     4
    19
    16
    26
    70
    73
    35
     6
    30
     0
     4
     1
     0
     0
     0
     7
    18
   108
    31
    61
     3
    43
   159
     0
    30
    53
     2
    28
    10
    14
    52
   185
    12
     0
     0
     0
     0
     0
     0
    61
    58
    52
    60
    10
   139
    19
    11
    13
     4
    51
    19
    16
    29
    31
     6
    13
     5
     0
     0
     0
     4
     0
     0
    19
    66
    29
   132
    23
    14
    51
     6
    23
    15
    26
   160
    21
     7
    60
    66
    12
    51
     9
     0
     0
     0
     0
     0
    23
    82
    15
    18
    50
    19
    18
    23
    53
    61
    19
    16
     8
    47
   153
    16
     5
    23
     0
     0
     0
     1
     1
     3
    16
   130
    14
    56
    62
    23
     8
    27
    14
    11
     4
    12
    21
    20
    10
    54
    32
    37
    10
     4
     0
     9
     6
     4
    21
    66
    97
   125
    30
    22
    27
     7
     6
     9
   170
    51
    12
    70
   228
   104
    41
    17
     7
     0
     0
     0
     6
     0
    20
    69
    51
    51
    40
    43
    17
    13
    28
    25
    31
    50
    39
   120
    19
    15
    20
    16
     0
     0
     0
     0
     0
     0
    58
    87
    81
    43
    22
    23
     5
    12
    12
   149
    20
    27
    44
   102
    73
    13
    15
     7
     1
     6
     0
     0
     4
     0
    36
    89
    65
    33
    42
    51
    25
    17
     5
    15
    12
    18
     8
    65
    16
    56
    54
    31
     0
     0
     0
     0
     0
     0
    14
    62
   222
    53
    19
    10
    24
    21
    11
    55
    26
    16
    56
    36
   178
    72
     9
    17
     1
     0
     0
     0
     8
     0
   104
    51
    95
    68
    20
    18
    92
    17
    27
    73
    14
    52
    22
    10
   182
    30
    27
     1
     0
     1
     0
     0
     5
     0
     6
    22
   154
   169
    12
    15
    19
    10
   116
   150
    13
     3
     8
    91
    60
    28
    11
     5
     0
     0
     0
     3
     0
     0
    29
    57
    65
   151
     9
    13
    40
    48
    34
    20
     0
     2
    39
    17
    19
    89
    13
    82
     0
     0
    10
     0
     0
     0
    25
   150
   179
    25
    68
    28
    25
    19
     9
    39
    32
    26
    24
    96
    31
    47
    32
    41
     6
     0
     0
     5
     0
     0
    22
   133
   100
    18
    23
    54
    57
    13
    32
    14
     0
    34
    42
    68
    15
    37
     9
    27
     0
     2
     0
     2
     0
     0
    26
   101
   121
    97
    11
    19
    18
    18
    48
    46
    54
     5
    38
    18
    72
    29
    64
    34
     0
     0
     2
     0
     0
     0
    17
    60
    18
    69
    17
    25
    21
    19
    14
    41
    16
    53
    26
    12
    32
    24
     9
    12
     0
     0
     6
     0
     0
     0
    24
    23
   153
    69
    17
    32
   160
    19
    16
    52
     1
    24
    12
   108
    84
    55
    18
    15
     0
     0
     0
     0
     0
     0
    20
   136
    84
    65
    29
   160
    39
    39
    13
    32
    23
     7
    20
    43
     7
    99
    28
    38
     6
     0
     0
     0
     0
     0
    31
    51
   230
    13
    19
    28
    38
    30
     7
     6
     5
    23
    38
    62
   165
    67
   154
    26
     0
     2
     0
     0
     0
     4
    25
   110
   103
    94
    57
    10
    12
     4
    32
    16
    23
    29
    52
    32
    21
    65
    31
    23
     0
     2
     8
     0
     0
     0
     9
    74
    43
    74
    33
    17
    11
    10
    15
    57
    31
    24
    10
    14
    25
    17
    11
     0
     0
