    79
     0
     8
     8
     1
    59
   254
   323
   197
    64
    42
    51
    72
    82
   216
   176
   100
   204
    40
   275
   101
    70
    45
     0
     1
     0
    16
     1
     0
   112
   153
   201
   156
    85
    58
    59
    66
    56
    94
    72
    84
   115
    80
   155
   217
    89
    82
     4
     1
     8
     0
     0
     7
    75
   255
   181
   240
    56
    59
    98
    69
   120
    85
   133
    66
    67
   118
   126
   101
    83
    58
     0
     0
     0
    17
     0
    18
    90
   148
   404
   137
    63
    60
    75
    75
    69
   206
    54
   242
    72
    89
    40
   179
    36
   191
     0
    11
     0
    11
     0
     0
   101
   220
   209
   315
    45
    74
   148
    61
   198
    45
    59
   193
   111
    65
    52
   206
    41
    43
     0
     2
     8
     2
     0
     0
    76
   183
   378
   250
   189
    64
   264
   115
    41
    73
    89
    44
   130
   204
    69
   187
   156
   106
     0
     0
     0
     0
     0
     4
    86
   262
   363
   234
   134
   119
    90
    47
    44
   345
    44
    57
    48
    39
   223
   199
   116
    30
    11
     0
     8
     0
     0
     5
    89
   272
   322
   351
    67
    89
   280
    48
    33
    65
    91
    34
    52
    98
   150
    64
    67
    36
     0
    12
     3
     6
     0
     1
    62
    78
   253
   179
    73
    67
    55
    33
    73
    59
    48
    55
   203
   196
   147
   152
    73
    56
     0
     2
     0
     4
     0
     4
    63
   358
   325
   134
    47
    40
    51
    94
    70
    58
    56
    42
    50
   162
   108
   127
    33
    31
     0
     0
     0
     0
    12
     0
    41
   104
   207
   168
    52
    58
   141
   121
    87
    79
   107
    55
   105
   102
    39
   281
    58
    48
     0
     0
     4
     5
     2
     4
    90
   317
   347
    99
    94
   132
   100
    80
   139
    45
    78
    38
    64
    48
   212
   300
    93
    75
     3
     0
     0
     3
     6
     2
   129
   203
   334
   310
    45
    87
    89
   102
    43
    66
   122
   105
    70
   103
    82
   208
    54
    37
    12
     2
     0
     2
     2
     0
    93
   209
   349
   194
    91
    99
   165
   110
    72
    68
   318
   131
   235
    92
   249
   386
    65
   101
     0
     0
    12
    21
     5
     0
   109
   191
   244
   197
   118
    48
    65
   124
    61
    77
   101
    78
    41
    87
   310
   156
    69
    33
     0
     3
     6
     4
     0
     5
   208
   185
   244
   138
   148
    56
    49
    24
   117
    67
    63
    48
    40
   220
   135
   211
    30
    51
     8
     6
     8
     0
     0
     2
   133
   159
   395
   155
    78
    69
   113
    87
    78
    55
    57
   129
    48
    54
   264
   196
    74
    25
     0
     7
     6
     8
     0
     0
   112
   139
   415
   222
   163
    71
    50
    59
    85
    71
    58
    86
    48
    61
   125
   296
   127
    88
     0
    13
    14
     6
     0
    15
   166
   108
   130
   159
   106
    42
    57
   125
    48
    70
    89
    33
    99
    55
   260
   246
    33
    74
     2
     3
     2
     2
     7
     2
   102
   210
   408
   170
   107
    33
    85
    84
    94
    73
    75
   246
    58
   179
   120
   416
    86
    61
     0
    14
     0
     7
    13
     7
   137
   178
   300
   306
    56
    91
    50
   101
    99
    95
   198
    57
    66
    49
   320
   297
    97
    41
     3
    12
     2
     0
     0
     1
    57
   110
   196
   109
    46
   107
    26
   112
    61
   110
    78
   129
   121
    54
   284
   122
    92
    76
     6
     0
    11
     7
     1
     4
    57
   111
   188
   194
    69
    50
    67
    43
   156
    52
    25
   255
    44
    93
    52
   179
    71
    71
    10
     8
     0
     4
     0
    10
    52
   214
   190
   181
   172
   138
    72
    56
    47
    69
    76
    85
   110
    82
   179
   198
   197
    56
     0
     0
    14
     0
     1
    15
    64
   136
   295
   159
    39
   187
   119
   126
    64
   109
    98
   122
    45
    79
    55
   284
    96
    77
    14
     5
    14
     0
     4
     2
    97
   210
   333
   233
    60
    46
    69
   213
    93
   199
    65
    34
    53
    94
   299
   159
   135
    66
     0
     0
     6
     2
     8
     5
    58
   207
   474
   251
   131
    56
    99
    65
   250
    79
   125
   102
   125
    61
   146
   147
    70
   115
     5
     4
     1
     9
    21
    13
   108
   157
   484
   366
    42
    52
    99
   135
    78
    69
   135
    68
   180
    73
   209
   142
   114
   106
     0
     0
     7
     5
     0
     4
   165
   201
   303
   250
    86
    95
    50
    65
    97
    37
    93
    69
    73
    65
    76
   154
   133
   120
     9
     5
     0
     3
     6
     5
    52
   150
   363
   258
    67
   208
    56
    95
    85
   126
   119
   191
    61
    19
    51
   146
    54
   128
     6
     6
     6
     0
    11
     7
    66
   254
   331
   270
   206
    56
    74
    53
    61
    31
   134
    83
    60
    81
   250
    74
   126
    95
     7
     0
     0
     0
    10
     4
    46
   164
   221
   280
   102
    53
    48
    50
    90
   252
    41
    73
    56
    95
    86
   164
    67
    43
     3
     5
     0
     3
     5
     0
    69
   268
   149
   132
    43
   110
    93
    85
    59
    87
    82
    62
    44
   110
   212
   152
    44
    54
     9
     4
     5
    11
     1
     4
    43
   203
   500
   134
    48
    89
    81
    38
    80
    89
   196
   231
    68
    89
   453
   179
    73
    62
     3
    16
     0
     0
     1
     0
   132
   212
   292
   196
    65
   116
    46
    81
   120
    96
   229
   126
    76
    79
   182
   230
   110
    96
     6
     5
     0
     0
     0
     1
    99
   181
   373
   165
    72
   120
    29
    58
    63
    63
   121
    79
    76
    58
   181
    41
    73
   104
     4
     0
     3
     0
     0
     8
    98
   220
   357
   315
    92
   248
    52
    68
    46
   109
   117
    85
   362
    78
   100
   402
   125
   119
    13
     7
     5
     1
     0
     1
   103
    92
   330
   200
    93
    31
    75
    99
    42
    50
   241
    51
    43
   197
   199
    85
   111
   108
     0
     0
     8
     0
     0
     4
   224
   191
   251
   356
    41
    57
    39
   107
    56
    90
    51
   120
    75
    81
   138
   222
   118
    68
     0
     0
    13
     2
     3
     0
    89
   217
   161
   230
    74
    56
    83
    65
   127
   104
    96
    20
    58
   156
    36
   276
   120
    73
    10
     5
     0
     0
    12
     3
   104
   236
   427
   479
   104
    53
    70
    49
    91
   150
    48
    62
   232
   210
   429
   281
    78
    73
     3
     0
     8
    13
     0
     3
    73
    97
   206
   365
    56
    80
   100
   119
    51
   124
    92
    64
    66
    86
   451
   224
   110
    46
    15
    13
    10
     4
     0
     5
    41
   291
   281
    79
   142
    52
    44
    39
    64
   194
    89
    50
   103
   110
   145
   196
    49
    67
     0
     0
    10
     2
    13
    10
   123
   188
   249
   191
    57
    58
    31
    40
    49
    35
    88
    90
    53
    29
   161
   294
   155
    45
     1
     6
     0
     8
     0
    16
   115
    74
   209
   167
    44
    52
    96
   107
   143
    38
    45
    30
    51
    79
    92
   230
    75
    42
     1
     5
     8
     1
     5
     3
   144
   226
   255
   127
   129
    70
   284
    60
    61
   201
    82
    65
   126
    48
   509
   159
    55
    55
     4
    12
     5
     0
     0
     0
   123
    69
   233
   146
    80
    54
    69
    67
    53
    49
    54
   114
    58
   127
   318
    64
    87
    61
     0
    16
     2
     7
     1
    21
   152
   146
   299
   150
    62
    54
    79
    83
   115
    77
    47
   106
    64
    78
   427
   346
    52
    80
     5
     3
     7
     8
     6
     1
   230
   295
   392
   253
    90
   237
   117
    39
    61
    80
   129
    90
    48
   192
   155
   149
   137
   108
     3
     1
     7
     4
    18
     3
    99
    85
   366
    90
   118
   132
    74
    40
   248
    54
   205
    75
    82
   157
   202
    99
    69
    91
     7
     2
     3
     3
     8
    16
    41
   241
   319
   163
    80
    67
    90
   303
    80
    54
    83
    74
    49
    81
   263
    66
    35
   115
     3
     8
     0
     5
     5
    13
    77
   215
   391
   242
    72
    58
    53
   105
   174
    67
    69
    69
    48
    87
   270
    60
   100
    57
     2
     0
     1
     4
     0
     0
    32
    91
   360
   255
   124
    62
    82
    53
    81
   139
    56
    72
    76
    85
   125
   251
    61
   116
     1
     2
    11
    10
     9
     1
    33
   282
   315
   185
    43
    77
    34
   172
    35
    37
   191
    94
    52
    70
   114
   183
    41
   134
     3
     6
     7
     1
     6
     5
   104
   155
   341
   317
    66
   138
    68
   126
    89
   134
    38
   174
    71
   136
   267
   123
    92
   101
     3
    12
     0
    15
     1
     8
   114
   230
   355
   123
    85
    72
   271
    62
    82
   114
    77
    71
    49
   184
   177
   130
    80
   143
     0
    11
     2
     0
     0
    15
    79
   166
   193
    70
    73
    31
   131
    69
    68
   189
    86
   194
   207
    96
   200
    45
    80
    82
     5
     6
     1
     3
     0
     5
    46
    50
   100
   182
    41
    49
    46
    36
    72
    64
    36
    67
    47
   120
   114
    90
    50
   116
     4
     0
     6
     8
    16
     6
    33
   167
   285
   169
    98
    27
    49
    77
    64
    77
    86
    51
    97
   123
   130
   129
    59
    51
     4
     7
    18
    15
     0
     0
    97
   197
   359
   192
    20
    52
    67
    63
    56
    45
    87
   161
   100
    47
   154
   124
    50
    71
     0
     5
     0
     1
     1
     0
    52
   225
   237
   255
    80
    74
    68
    67
    86
    62
    20
    77
   124
    30
   307
    96
    47
    60
     7
     0
    19
     5
     8
     4
    77
   223
   231
   323
    92
   232
    63
    69
    73
    70
   129
    75
    91
   235
   149
   400
   112
   142
     0
     6
     3
     7
    13
     8
    83
   204
   336
   177
   102
   195
   154
   101
   121
    81
   133
   125
    75
   108
   157
   155
    65
    76
     0
     0
    12
     0
    18
     4
   123
   125
   271
   170
    96
    87
    67
    43
    50
    41
    13
    25
    38
    60
    54
   102
    85
    45
     0
    11
     4
    13
     1
    11
    69
   300
   266
   204
    53
    79
    37
    47
    99
   106
    49
   206
    81
   104
    92
    61
    81
    53
     3
     1
     3
     0
     5
     0
    88
   208
   172
   139
    75
    38
   121
   104
    64
    93
    50
    68
   107
    73
    95
   155
    72
    98
     7
     9
     0
     0
     2
     4
    69
   141
   470
   126
    63
   103
    77
    86
    70
   112
   123
    55
    65
    61
   301
    54
   131
    96
     3
     0
     0
    14
     0
    15
   141
   164
   250
   109
   259
    93
    60
    44
    39
    58
    37
    63
    82
    93
   163
   105
    55
    62
    10
     0
    21
     3
     3
     8
   241
   121
   376
   147
   193
    77
    57
    73
    76
   119
    40
   208
   192
    91
   230
   220
   128
    62
     9
     0
     4
     0
     2
     0
   104
   269
   291
   171
    94
   112
    50
    95
    65
   103
   116
   139
   106
    98
    86
   326
    91
    78
     0
     0
    14
     0
     0
     6
    72
   263
   240
   318
    82
    60
    33
    52
   190
    62
    97
    40
   177
    25
    85
   364
    44
   142
     2
     0
     8
     0
     5
     0
   116
   135
   193
    47
    49
    59
    40
    95
    53
    62
    73
   112
    98
    52
   135
   191
    32
    52
     3
     3
     5
     6
     0
     0
    93
    86
   434
   277
    54
    74
   121
    68
    50
   261
   150
   165
    58
   135
    64
    81
    57
    80
     2
     4
     0
     0
     8
     0
   114
    79
   292
   117
    64
   176
    49
    54
    47
   118
    70
   112
    90
    86
   105
   124
    84
    51
     0
    16
     5
     2
     1
     1
    86
   255
   395
   167
    78
    48
    55
   130
    48
    80
    33
   356
    37
   192
   362
   334
    75
    52
     5
    13
     5
     0
     0
     0
    91
   100
   347
   165
    59
    81
   221
   203
   160
    48
    68
   124
   130
   104
   166
   131
   131
   115
     1
     2
     6
     4
     9
     4
   166
   241
   292
   252
   115
   114
   103
    85
    53
    91
   188
    97
    99
   195
   114
   215
    86
   132
    19
     0
     0
     2
     1
     4
    67
   247
   333
   202
    41
    68
    27
   223
    43
    30
    82
   100
    44
   129
   146
   315
    80
    63
     0
     3
     0
     7
     6
     4
    69
   332
   293
   236
    67
   100
    88
    97
    56
    38
   108
    74
   108
   132
   115
    51
    82
    58
    10
     9
     2
     0
     2
     7
    67
   148
   160
   107
   128
    43
    38
    44
   198
    80
    98
    60
   210
   112
   232
   201
    46
   248
     2
     0
     4
    21
     5
    10
   163
   239
   112
   137
    41
    33
    72
   193
    44
   131
    58
   274
    45
    30
    62
    63
    72
    97
    10
     7
     0
     0
     0
     2
    17
   132
   243
   151
    82
    94
    43
    53
    62
    43
    38
   149
    86
   130
    87
   124
    80
    98
     1
     3
     5
     1
     2
     5
   121
   195
   170
   216
    85
    96
    34
   139
    71
    49
    78
    50
    80
   343
   173
   152
    65
    89
     4
    18
     0
     0
     0
     8
    89
   365
   190
   289
    68
    53
   117
   108
    82
    46
    47
    88
    53
   215
   105
    84
   193
   103
     7
     0
     8
     0
     0
    24
    12
   257
   357
   344
   188
    99
    76
    30
    69
    82
    35
    98
   110
    67
   240
   236
    63
    77
     0
     0
     0
     0
     0
     2
    75
    44
   291
   334
    49
   103
    32
    41
    57
    71
   181
    49
    46
    67
   285
   118
    91
    71
     6
     7
     0
     0
     0
     2
   104
   160
   317
   240
    58
    76
    47
    56
    62
    72
    50
    88
   170
    58
   137
   292
    78
    35
     8
     0
     0
     0
     0
     4
    59
    94
   448
    44
    46
    63
    43
   117
   117
   112
   124
   107
    74
    85
   141
   217
    27
    40
     5
     0
     0
     0
     8
     0
   117
    91
   256
   127
   114
    62
   130
   110
    41
    79
   243
    54
   135
   122
   200
   125
    85
   125
    15
     4
     0
     2
     5
     1
    59
   235
   324
   278
    88
   100
   112
    49
    46
    64
   238
    69
    84
    59
   448
   101
    51
    95
     8
     2
     4
     0
     4
   153
   280
   236
   218
    41
   185
   250
    51
    59
    85
    64
    71
   149
   195
   280
   486
    87
   102
     0
     7
    15
     0
     0
     8
    23
   223
   216
    89
    54
   184
   127
   103
    77
   146
   252
    72
    95
   251
    66
   102
   267
   117
     3
     2
     1
     0
     0
     0
    88
   201
   299
   317
   124
    67
    56
   111
    70
    75
    73
    79
    48
    40
   287
   155
    89
    94
     9
     0
     3
     8
    12
     0
    95
   105
   147
   134
    73
    54
    61
   184
    47
    87
   109
    93
   247
    81
   173
   191
    37
    42
     0
     0
     1
     0
     1
     7
   187
   127
   317
   129
    96
    56
    48
    48
   101
   174
    82
    78
    38
   126
   199
    64
    50
    66
     1
     0
     4
     4
     3
     0
    99
   133
   354
   304
    34
    54
    56
    92
    53
    96
   103
   123
    87
    72
    87
   208
    59
    94
     0
     8
     2
     2
     8
     2
   101
   278
   299
   157
   120
    74
    39
    88
    71
    43
    39
    65
    56
   265
   191
   226
    82
    67
     9
    15
     5
     0
     0
     0
   170
   144
   276
   168
    83
    63
    74
    47
    99
    58
    93
   221
   199
    63
   210
   122
   103
   154
    17
     5
     0
     4
     0
     1
   155
   290
   104
   101
    45
    36
    49
    79
    74
    45
    47
    54
    69
    37
   238
   324
    28
    49
     0
     0
     0
     1
     0
     4
    61
   350
   327
   124
    77
    94
    65
   108
    93
    63
    56
    71
    56
    58
   286
    96
    61
    81
     0
     0
     7
     0
     0
     0
   184
   210
   248
    18
    68
    47
    64
   224
    83
    61
    44
    74
    41
   232
   171
   104
    32
    60
     0
     8
     0
     8
     1
     2
    81
   214
   242
   207
    55
    71
    46
    95
    73
    44
    70
    91
    51
   244
   279
   188
    99
    75
     0
     1
     2
     0
    12
     0
    49
   178
   395
   210
   133
    42
   111
    58
    36
    87
    40
    98
    78
    79
    91
    87
    55
    69
     1
     5
     1
     0
     0
     3
   121
   264
   506
    94
    75
    51
    66
   110
    93
    61
    73
   350
    90
   239
   147
   277
    97
    56
     1
     8
     5
     5
     8
    12
   131
   271
   374
   355
    97
    43
   106
    74
   100
   268
   301
    95
    49
   131
   139
   181
   155
    69
     1
     6
     0
     0
     3
     3
    40
   318
   218
   204
   106
   239
   102
    50
    64
   103
    61
    51
    98
    92
   135
    81
    69
    51
     5
     0
     7
     0
     0
     2
    80
   219
   261
   143
    93
    52
    82
    62
   179
    96
    79
    59
   156
   169
   118
   209
   105
    99
    18
    10
     8
     7
     7
     2
    45
   223
   180
   216
   111
   233
    57
    59
    95
    26
    95
    88
    73
   228
   196
   172
    47
   127
     0
     0
     0
     1
     3
     0
    57
    27
   243
   291
   111
   109
    52
    72
    44
   126
   132
    77
    70
   190
   168
   364
    44
    35
     8
     0
     2
     3
     0
     7
   133
   137
   193
   139
    65
    57
    67
    52
    58
    32
    41
    49
    89
    43
   257
   147
   107
    61
     7
     7
     1
    11
     1
     0
    41
   254
   284
   256
    60
    95
    35
    62
    77
   144
    85
    68
    96
   200
    50
   136
   147
    75
    12
     6
     0
     5
     0
     0
   116
   241
   157
   199
    50
    69
   156
    60
    67
    43
   207
   206
    66
   120
   127
   258
   293
   116
     0
     6
     0
     0
     8
     1
    84
   180
   320
   211
    37
    54
    47
   201
    71
    79
   133
    62
    57
   104
   219
   110
   179
    59
     0
     0
     0
    12
     0
     2
    48
    91
   177
   208
    47
   101
   104
    42
    81
    46
   135
    66
   107
   210
   344
   114
    67
    58
     3
     0
     5
     5
     0
     6
    30
   177
   299
   287
    34
    40
    89
    91
   124
   145
    14
    64
    84
    90
   184
    53
    57
    37
    17
     2
     0
     0
     4
     0
   146
   155
   372
   104
   235
    72
    54
    82
   107
    63
   124
    46
    77
    52
   120
    83
    48
   105
     0
     5
     0
    10
     7
     0
   137
   175
   287
    77
    68
    69
    68
    79
   185
    64
    80
    65
    91
    49
   217
    97
    49
    88
     5
     1
     9
     3
     0
    21
    67
   247
   419
   237
    47
   205
    86
   133
    55
    90
    48
    72
   137
    73
   119
   270
    72
   128
    17
    11
    15
    13
     1
     0
   115
   258
   320
   323
    36
   159
   103
    69
    78
   115
   111
   113
    88
   105
   193
   171
    42
    58
    15
     2
     0
    10
    11
    17
    80
   374
   218
   317
    67
    64
    42
   100
    49
    79
    70
   103
   182
    81
   291
   138
   124
    45
     2
     0
    15
     3
     0
     0
    82
   227
   344
   266
    92
    76
    75
    75
    31
    45
    38
   104
    69
    47
    49
    97
    78
    87
     6
     2
     5
     0
     1
     0
    51
   147
   177
   161
    56
    32
   102
    55
    52
    63
    92
    40
    65
    91
   307
   117
    47
    51
     9
     1
     0
     2
    10
     2
    41
    71
   222
   114
    96
    37
    83
    83
    72
    43
    90
    51
    92
    73
    83
   196
    56
    49
     0
     0
     9
     1
     0
     0
   134
   247
   253
    48
    83
   194
    45
    63
    80
   112
   242
    61
   122
   213
   333
   125
    90
   117
     8
     0
     0
     0
     7
     0
    88
   399
   554
   236
    54
    41
    55
   127
   155
    51
    56
    65
    87
    38
   366
   240
   146
    53
     0
    15
     2
     2
     3
     8
   129
   254
   342
   211
    46
    61
    78
   125
   130
    53
    69
    93
    63
   109
    59
   116
    58
    51
     2
     8
     0
     0
     4
    12
    51
   161
   175
   125
    51
    85
    38
    94
   203
   175
    26
   124
    31
   189
   196
   201
    75
    84
     6
     7
     2
     6
     1
     3
   122
   221
   288
   186
    72
   127
    67
   195
    43
    80
    45
    42
   213
    28
    61
   128
   130
   112
     0
     3
     0
     1
     7
     3
   121
   216
   256
   130
    73
   111
    64
    75
    54
   262
    49
    54
   378
   173
    61
   162
    41
    80
     7
     0
     4
     0
     3
     0
   105
   200
   145
   260
    68
    32
    31
    68
    56
    29
    92
    81
    78
    86
   120
   108
    38
   188
     2
     6
     0
     4
     0
     0
    37
    71
   232
    56
   192
    34
   134
    56
    99
    64
    61
    52
    37
    90
   144
   117
    63
    35
    17
     7
     8
     9
     0
     7
    65
   167
   163
   175
    69
   109
    66
   115
    43
    93
    83
   129
    66
    97
    74
   173
    32
    74
     5
     0
    20
     0
     3
     4
   114
   268
   457
   226
    76
   163
    48
    45
    81
   117
   100
   115
   125
    89
   226
    83
    56
    40
     0
     0
     5
     4
     0
     0
    55
   334
   294
   197
   106
    40
    55
   107
   223
   101
    51
   100
   114
   106
   239
   121
    54
    59
     2
     0
     4
     8
     4
     0
    56
   231
   293
   224
   202
    71
    40
   139
    67
    83
    42
   213
    24
    48
   360
   167
    32
    56
     1
     8
     0
     8
     0
    25
   106
   118
   125
   107
    79
    81
   102
    54
   211
    48
    76
   110
    42
    47
   247
   325
    65
    96
     0
     7
     7
     0
     2
     3
    30
   120
   237
   221
    40
    72
    22
   181
    34
    28
    38
    79
   107
   100
   118
   124
    65
    54
    13
     0
     0
     0
     0
     0
    49
   371
   223
   248
   104
    50
   216
   114
    70
    86
    26
    47
   101
    75
   124
   216
    57
    51
     1
     6
     0
     8
     0
     0
    91
   160
   435
   119
   148
    50
    53
   107
    76
    43
   226
    72
    91
    54
   153
   409
    41
    92
     6
     9
     7
     0
     0
     5
    89
   263
   142
   286
    98
    59
   125
    51
    40
   112
    89
    97
    83
    72
   173
    99
   161
    71
     0
     4
    12
     0
     0
     0
    66
   125
   171
   157
    51
   195
   123
    39
    59
   162
    79
    40
   266
   106
   117
   270
    68
    59
     0
     0
     6
     3
     8
     2
   134
   124
   182
   175
    65
    34
    58
   186
    53
    61
    83
    72
    73
    63
    69
    78
    39
    96
     5
     0
     1
     0
     5
     7
    51
   174
   413
    62
    51
    28
   115
    68
   207
    97
   236
    55
    49
    74
   110
   164
    30
    89
     5
     4
    10
     9
     5
     0
    41
   231
   231
   157
   243
    41
    85
    86
   101
    69
    26
    59
    64
   101
    38
   221
    48
    69
     6
    14
     0
     6
     5
     0
    96
    72
   201
    62
    46
    48
   180
    18
    39
    72
    67
    83
    78
    90
   102
   211
    51
    43
     0
     0
     1
     5
    13
     2
    42
   281
   193
    70
    53
   110
    78
   111
   118
    25
    55
   134
   113
    92
    93
   112
    51
    68
    10
     4
     5
     0
     5
     0
    39
   198
   321
   234
    61
   172
    42
    42
    48
    83
    62
   125
    99
    88
   279
    84
    63
    47
     0
     0
     7
     4
     1
     4
    63
   195
   617
   173
    67
   100
   101
    39
   212
    34
    36
   186
    33
   211
   246
   133
    24
   110
     0
     8
     0
    10
     2
     0
    63
   204
   147
   142
   222
    81
    66
    49
    24
    75
    34
   175
    94
    21
   112
   127
    39
    86
    14
    14
     2
     0
     7
     3
    79
   174
   314
   229
    48
    95
    46
    35
    72
    47
    60
    63
    71
   232
    92
   282
    56
    92
     3
     1
     0
     5
     0
     2
    28
   202
   231
   144
    66
    28
    36
    62
    65
    99
    38
    70
    28
   207
   102
   103
    90
    17
     0
     2
     8
     3
     0
     3
   117
   111
   177
   134
    82
    66
   223
    44
   101
    26
    25
    43
    42
    80
   145
   133
    69
    50
     2
     0
     7
     0
     0
     0
    39
   240
   298
   200
    81
   130
   275
    61
    74
    33
    61
    82
    39
    84
   232
    68
   127
   115
    11
     2
     4
     1
     4
     0
    50
   228
   289
   256
    46
    52
    36
    69
    50
    63
    49
   217
   100
   230
   253
    94
    50
    33
     0
     7
     3
     1
     0
     2
   173
   244
   464
   263
    74
   113
    58
    52
    37
    72
    47
    82
   128
    57
   160
   214
    53
    34
     3
     0
     6
     8
     9
     5
    63
   111
   250
   160
    62
   176
    55
    45
   101
    24
    56
    44
    32
   127
   259
   102
   104
    61
     0
     0
     8
     0
     0
     0
    77
   127
   223
   202
    90
    70
    45
    51
    26
    39
    77
    68
    51
    40
   184
   179
    50
    73
     0
     0
     0
     8
     9
     4
    25
   134
   193
   170
    60
    52
   124
    46
    47
    85
    59
   192
    60
    26
    79
   133
    61
   104
     0
     0
     0
    14
     0
    24
    24
   157
   448
   238
    88
    74
    82
    59
   198
   109
    76
    46
    37
    86
   108
   120
    37
   118
     0
     0
     4
     6
     0
     2
   114
   175
   276
   420
    76
   173
   128
   120
    75
    43
   267
    68
   115
   203
   143
   140
    61
   103
     0
     7
    11
     0
     0
    12
   118
    56
   216
   279
    64
    71
    63
    80
    42
    89
   122
    55
    52
   191
    60
   161
   225
    55
     1
     0
     9
     7
     0
     2
    29
   170
   166
    74
    81
   114
    95
    78
   208
    46
    52
    77
   105
    52
   214
   350
    52
    45
     0
     0
     0
     0
     1
    11
    50
   285
   372
   108
   132
    82
    42
    88
    77
   134
    37
    44
    40
    46
   163
   155
    60
    83
     0
     0
     0
     9
     0
     0
   130
    79
   322
   352
    94
    59
   200
    52
    66
    76
    78
    75
    68
   212
   181
   125
    97
   106
     2
     2
     7
     9
    14
     3
   105
    41
   239
   175
    63
    33
    54
    36
    58
    59
    52
   109
    80
    82
    96
    90
    76
   143
     1
     6
     5
     5
    10
    20
    40
   137
   289
   190
    83
   144
    93
    34
    81
    35
    57
    76
    83
    30
   150
   146
    25
    98
     0
     0
     0
     0
     0
     0
    39
   194
   388
   196
    41
   250
    44
   102
   281
    75
    36
    41
   178
    81
   101
   313
    55
    33
     0
     3
     1
     8
     8
     0
   106
   138
   113
   270
   108
    74
    87
   113
    97
    40
   163
    93
    71
   107
   166
   418
    49
    96
     9
     0
     0
     0
     3
     0
   100
   116
   429
   121
    37
    82
   188
   201
    53
   304
    57
    53
    76
    80
    92
    37
    41
    84
    15
     0
     0
     9
     0
     5
    56
   192
   300
    49
    50
    60
    41
    38
    44
    72
    77
    49
    39
    93
    87
   240
    52
    33
     7
     0
     1
     0
     6
     0
   144
   201
   352
   213
    50
    42
    34
    78
    26
   227
    98
    31
    36
    99
   198
   121
    93
    64
     0
     0
     3
    10
     3
     2
    28
    69
   229
   228
    52
    35
    70
    32
    58
    41
    17
    56
    75
    55
    75
   281
   187
   114
     5
     0
     0
     5
    10
     0
    56
   101
    85
   172
    33
    37
   125
    78
   170
    81
    47
    60
    35
    80
    91
   158
    33
    60
     0
     0
     8
     5
     2
     3
    61
   132
   202
   290
    92
   197
    27
    95
    53
    69
    84
    52
    39
    97
   102
   143
    62
    29
    10
     6
     6
     0
     0
     0
    94
   283
   299
   135
    80
   214
    76
    52
    54
    87
    73
   210
   118
    55
    41
   175
    59
    48
     0
     0
     3
     5
     0
     3
    32
   133
   236
   144
    72
    90
    58
    38
    37
    38
    85
    66
   117
    30
   114
    51
    66
    43
     0
     6
     0
    15
     5
     0
    51
    56
   236
   194
    49
    40
    77
    96
    75
    52
    43
    29
    79
   113
   172
   186
    96
    67
     0
     0
     0
     0
     7
     0
    72
   120
   215
   172
    21
    58
    62
   109
    43
    48
    37
    15
    37
    52
   138
   165
   134
    78
     6
    14
     5
     9
     1
     0
    55
    93
   180
   351
    45
    67
    26
    63
    51
    29
   185
    49
    76
    64
   116
    60
   114
    48
     0
     0
     6
     5
     8
     6
    64
   198
   437
   183
    65
    43
    37
    67
    48
    42
    41
    45
    49
    33
   208
    95
    31
    89
    15
     2
     2
     2
     0
     3
   119
   209
   116
   199
    68
   103
    36
    43
    53
    50
    76
    87
    49
    99
    82
   131
    84
    78
     1
     7
     0
     9
    11
     0
   132
   360
   265
   120
    65
    69
    40
    61
   109
    81
    79
   156
    90
   230
   217
   166
    33
    98
     5
     0
     0
     0
     7
     0
    52
   188
   315
   205
    85
    45
    53
    55
    45
    43
    42
   123
    34
    68
    54
   119
    62
    24
    11
     3
     1
     6
     7
     0
    75
   110
   206
   219
    99
    47
   267
    51
    28
    50
    52
    89
    47
   114
   148
   241
    85
    76
     5
     5
     5
     0
     0
     0
    80
   109
   282
   115
    46
    15
    67
    99
    91
    57
    55
   192
    37
   127
    53
    93
    74
    25
     8
     0
     8
     0
     7
     1
    67
   154
   317
   104
    90
    79
    61
    37
    62
    44
    20
    87
   102
    41
    74
   103
    64
    24
     0
     8
     0
     0
     0
     0
   130
   196
   183
   156
    49
   120
    97
    64
   106
    32
   237
    48
    29
   187
   182
    47
    57
    54
     0
     0
     0
     0
     0
     0
    94
   274
   234
   204
    72
   210
   221
    50
   108
   169
   125
    92
    62
    86
   175
   225
   193
    67
     0
     3
     5
     7
     0
     0
   193
   291
   211
   109
    37
    54
   100
   112
    66
    87
   115
    82
    51
    85
    89
    82
    52
    34
     2
     5
     0
     0
     6
     4
    35
   253
   238
   179
    55
    91
    54
   126
    63
    75
    24
    38
    28
    86
   226
    99
    45
    46
     0
     4
     0
     0
     0
    11
    42
   165
   334
   108
   124
    95
    46
    54
   159
    21
   205
    42
    62
   179
    33
   101
    73
    96
     0
    10
     0
     2
     7
     0
   103
   113
   109
    86
    22
    83
   243
    51
    74
   133
   335
    58
    64
   298
   143
   219
    34
    33
     3
     0
     6
    15
    11
     0
    90
   121
   259
   187
    36
   115
    24
    32
    38
    70
    84
   105
    58
   151
   126
    84
    30
    36
     5
     2
     0
     8
     3
     3
    48
   146
   105
   132
    70
    76
    73
    54
    63
    32
   251
    65
    40
    83
   140
   245
    55
    26
     0
     0
     7
     0
     5
     0
    74
   137
   375
   133
   103
    85
   195
    53
    29
   347
    58
    50
    94
    60
   173
   109
    84
    93
     0
     5
     0
     3
     0
     1
    79
   245
   384
    82
    64
    72
   132
   180
    73
   100
    73
    98
    82
    47
    59
   237
   143
    41
     0
     1
     0
     8
     7
     6
    25
    92
   345
   241
    65
   128
    23
    81
   108
    33
    54
    45
   103
   189
    49
    66
    46
    63
    10
     0
     7
     2
     0
     5
   120
   282
   367
   187
    43
    50
    21
    39
    67
    54
    41
    56
    41
   104
   147
   175
    49
    53
     1
     6
     4
     8
     0
     0
    47
   142
   350
   161
   200
    49
    79
   105
    92
    84
    67
    88
    18
    87
   261
   291
   102
   100
     1
     0
     3
     0
     0
     8
    75
   158
   379
   120
    51
    39
    33
    60
    79
    62
    36
    57
    50
    52
   316
    52
    23
   175
     4
     7
     0
     1
     6
    10
    68
   152
   253
    81
    76
    77
    58
    26
    58
    19
    77
    32
    28
    87
   121
   128
   200
    35
     0
     0
     0
     0
    10
     6
   197
    80
   342
   117
    48
    58
    53
    93
   104
    53
    85
    42
    43
   245
   131
   201
   108
    45
     4
     3
     0
     8
     4
     0
    49
   135
   249
   183
   142
    46
    45
   105
    77
   157
    60
    82
    87
   145
   134
   167
   103
    17
     0
     7
     0
     3
    11
     0
    93
   111
   235
    91
   178
    35
    43
    44
    47
   104
   115
    71
    88
    68
   227
    68
    44
    52
     7
     1
     0
     2
     1
     0
    38
    45
   201
   206
    57
    40
    37
    75
    90
    41
    48
    86
    53
    40
   114
    87
    52
    30
     2
     1
     0
     0
     0
     0
    73
   157
   195
   226
    61
   131
    58
   108
    46
   104
   117
    52
    43
    92
   255
   120
    53
    72
    10
     0
     1
     0
     0
     0
    51
   153
   251
   176
    55
    46
    58
    47
    38
    45
    45
   229
    44
    37
   170
    97
    43
    46
     7
     4
     0
    17
     0
    11
    83
   105
   209
    51
   111
   251
    42
   139
    47
    12
    63
    11
    54
    65
    66
   222
    25
    39
     5
     3
     0
     7
     0
     0
    88
   230
   173
    54
   146
    93
   108
   279
    19
   121
    66
    84
    39
   180
   197
    80
   109
    46
     0
     0
     8
     8
     0
     0
   101
   116
   382
   160
   104
   106
    58
    49
   121
    58
    36
   142
    49
    48
    79
   137
   116
    88
     0
     0
     0
     0
     0
     7
    95
   266
   200
   138
    41
    28
    42
    73
    38
    74
    37
   108
    88
    57
    80
   134
    59
    90
     6
     0
     5
     9
     0
     0
   134
   105
   166
   240
    22
    47
   156
    78
    27
   104
    44
    58
    53
    53
   110
   200
    33
    37
     0
     8
     3
     0
     0
     2
    34
   134
   137
   153
    60
    44
    78
    41
    45
    80
    94
    38
    34
   184
   264
   127
    54
    74
     0
     4
    16
     0
     0
     3
    86
   121
   328
   215
    59
    39
    51
    88
    34
    40
    38
   179
   164
   188
   144
   325
    50
    57
     0
     0
     9
     5
     0
     0
    85
    87
   275
   168
    38
    60
    23
    27
    21
   191
    44
    79
    27
    57
   170
   127
   110
    38
     1
     0
     1
     1
    11
     3
   120
   245
   304
   117
   113
    71
    80
    41
    51
   120
   137
    55
    31
   428
   187
   141
    59
    49
     3
     8
    10
     0
     9
     0
    57
   132
   507
   120
    72
    74
   191
    92
    87
   113
    49
    44
   118
   186
   120
   192
    31
   230
     6
     4
     0
     2
     0
     0
    93
   155
   211
   320
    52
    46
    87
    28
    93
   105
    44
    77
    50
    74
   150
   207
    41
    36
    14
     2
     0
     0
     0
     1
    50
    79
   179
   135
    78
     9
    63
    46
    76
   210
    22
    40
    94
    35
    90
    37
   142
   182
     0
     7
     3
     0
     3
     0
   119
   161
   440
   165
    62
   110
    56
    67
    41
    65
   139
    65
    41
   120
   220
   233
   103
    65
     2
     1
     0
     3
     0
     4
    19
   176
   216
   180
   117
   111
   191
    45
    48
    67
   110
    51
    83
    30
   181
    26
    59
    35
     9
    10
     0
    10
     0
     0
    44
   168
   103
    89
    23
    92
    64
    33
    22
    34
   100
    34
   210
   251
    77
    72
   102
    52
     6
     0
     0
     0
     0
     6
    35
   157
   295
   225
    48
    55
    52
    29
   216
    55
    66
    53
   103
   123
   223
   172
    54
    47
     0
     0
     3
     0
     8
    14
    81
   200
   532
   174
    74
    71
   153
    70
    67
   119
    69
    46
   101
   316
   225
   369
    49
   112
     0
     0
     0
     7
     0
     0
    39
   152
   170
   284
    27
    41
   191
    53
    53
    69
    37
   119
    55
   273
    72
   218
    71
   135
     0
     3
     5
     0
     2
     0
    38
    94
   134
   180
    41
    38
    33
    14
    51
    63
    85
    87
   110
    45
    40
    96
    79
    51
     0
    11
     2
     2
     0
    10
   109
   128
   193
   213
    61
    75
    52
    47
    74
   305
    80
    83
    45
    39
   147
   237
    90
    42
     8
     0
     3
    12
     5
     0
   175
   202
   149
   281
    65
   102
    43
    64
    94
    73
    62
    41
    80
    64
   105
    83
    57
   179
     0
     7
     0
     8
     7
     0
    77
   120
   258
   164
    88
   240
    99
    77
   100
    70
    75
    94
    48
    34
   530
    97
    82
    27
    12
     0
     4
     0
     0
     0
    66
   265
   157
   233
    72
    53
    84
    92
   106
    34
    89
    49
    52
   274
    98
    73
    94
    46
     0
     4
     8
     0
     0
     8
    51
   246
   297
   198
   134
   189
    94
    71
    63
    64
    75
    60
    51
    71
    70
   211
    41
    80
     0
     4
     4
    11
     0
    14
   115
   224
   127
   204
    94
    35
    47
    75
   186
    21
    33
    55
    35
    62
   176
   192
    60
    15
     0
     0
     3
     7
     3
     3
    35
    36
   248
   326
    23
    41
    86
    36
    83
    90
   117
    60
   118
    36
   210
    65
    47
    40
     0
     3
     1
     0
     0
     0
    30
   165
   248
    79
    82
   204
    20
    95
    36
    36
    18
    52
    79
   246
    42
   131
   116
    83
     0
     3
     0
     0
     0
     7
    32
   118
   188
   132
    19
   109
    30
    85
    31
    50
    23
   104
    40
    82
    90
    35
   141
   101
     9
     2
     9
     0
     0
     0
   160
   245
   292
   238
    49
    34
   106
    98
    51
    72
   179
    21
    92
    35
   228
    93
   105
    13
     5
     5
     4
     7
     0
     0
   103
   100
   205
   147
    61
    37
    57
    46
    60
    33
    49
    51
   103
    77
   111
   112
   117
    53
     0
     0
    12
     0
     0
     3
    71
   255
   375
    63
    80
    55
    48
    31
   211
   168
    75
    78
    39
    72
   256
   130
    80
    77
     0
     7
     0
     1
     2
     0
    38
   156
   202
   109
    28
    40
   236
   262
    88
    20
    72
    97
   114
    24
   168
    45
   147
   112
     0
     1
     4
     0
     6
     3
    75
    92
   279
   145
    43
    46
    58
    41
    54
    98
    51
    35
    41
    34
   215
   116
    41
    30
     0
     0
     0
     5
     0
     0
    87
    56
   325
   203
   112
    45
   106
    55
   113
    63
    72
    29
    41
    27
   152
   108
    51
    52
     1
     4
     4
     0
     9
     0
    41
    60
   350
   160
    55
   106
    55
    54
    69
   108
    46
    32
    72
    90
   111
    69
    24
   112
     0
     0
     0
     2
     0
    10
    79
    97
   273
    44
    71
    59
   200
    88
    98
    53
    61
   108
    41
    75
    43
    86
    72
    61
     0
     0
    13
     0
    10
     0
    99
   282
   114
   116
    82
    70
    19
   100
    48
   216
    55
    60
    38
   141
    63
   305
    20
    19
     6
     6
     9
    15
     0
     0
    46
    86
   279
   165
    40
    44
   106
    50
   116
    90
    53
   110
    91
    33
   480
    55
    72
    49
     2
     0
     9
     3
     0
     0
    36
    94
   262
    73
    53
   165
   184
    50
    72
    58
    68
    44
    50
   184
   167
   108
    41
    73
     4
     2
     0
     0
     0
     0
    46
   243
   316
    24
   108
    56
    89
    37
    61
    19
    69
    19
    71
    27
    86
    85
    37
    31
     5
     0
     0
     1
     0
     4
    49
    77
   240
   199
    49
    83
    68
    26
   119
    57
    86
   186
    44
    38
   139
   292
    96
    80
     9
     2
     3
     0
     4
    14
   148
   226
   323
    92
    79
    39
    19
   102
    52
    57
   180
    50
    79
    54
   162
   127
   140
    50
     8
     4
     0
     0
    10
     0
    66
    55
   215
   167
   123
    37
    56
    55
    47
    82
    26
    69
    44
   173
   256
   183
    83
    70
    10
     7
     7
     0
    14
     4
   123
   232
   189
   184
    39
   220
   166
    68
    94
    29
    63
   260
    55
   238
    42
   221
    57
    59
     2
     0
     0
     5
     0
     6
    61
   262
   417
   104
    96
    59
    40
    87
    69
    83
    59
    89
   117
    41
    45
   149
   110
    68
     1
     8
     1
     4
     7
     0
    69
   135
   206
   163
    66
    40
    52
    97
    47
    56
    38
    41
    34
    68
    65
   219
    48
    87
     0
     0
     0
     2
     0
     0
    85
   127
   176
    49
    26
    29
    56
    57
    72
    15
   199
   118
    62
    44
    81
   199
    37
    46
     1
     0
     8
     7
     0
     0
    76
   187
   303
    69
    56
    40
    40
    26
    52
    77
   143
   211
    39
    36
   135
   162
    65
    17
     0
     0
     0
     0
     0
     9
    64
    71
   216
   358
    53
    34
    32
    32
    26
    27
    46
    76
   132
    29
   124
   137
   101
    59
     0
     1
     0
    14
     6
     7
    65
   134
   294
   213
    46
    81
    63
    93
    93
    50
    42
   102
    83
    78
   174
   136
    43
    43
    13
     0
     0
     7
     0
     0
    92
   170
   190
   255
    41
   122
    58
    57
   268
    81
   123
    48
    54
    91
    56
    97
   132
    55
     0
     0
    10
     7
     0
     6
    82
   249
   272
   209
    82
   123
    87
    72
    80
    44
   109
   135
   136
    52
   169
   108
    54
    86
     4
     1
     4
     4
     0
     4
    52
    61
   108
   170
   140
    60
    81
    75
    19
    42
    65
    63
    36
   227
    96
    30
    41
    76
     0
     0
     8
     0
     2
     0
    41
    78
    70
   214
    38
    27
    35
    67
    30
   131
   112
    71
    79
    62
   190
    57
    72
    57
     7
     0
     3
     0
     0
     6
    86
   136
   303
   214
    73
    45
    64
    73
    48
    67
   106
    33
    45
    34
   107
   184
    86
    49
     0
     0
     9
     0
     2
     3
   158
   213
   160
   188
    53
   181
    36
    40
    85
    32
   175
    52
    52
   395
    74
   116
    28
    53
     0
     8
     0
     0
     5
     7
   112
   107
   288
    74
    43
    46
    54
   103
    72
    61
    21
    94
    35
    52
    93
    78
    96
    84
     0
     3
     0
     2
     5
     8
    72
   145
   545
   221
    50
    46
   203
   232
   170
    49
    84
   192
   110
   205
   413
   162
   143
    98
     2
     0
    19
     0
     6
     6
   102
   243
   284
   163
    96
    43
    90
    54
    39
   102
    51
    76
   118
    81
    65
   165
    55
   125
     3
     4
     9
    10
    10
     8
   111
   217
   235
   142
    49
   131
    48
    43
    41
    52
    28
    72
    62
    78
    28
    58
    47
   113
     5
     0
    11
     0
     4
     0
    65
   130
   235
   138
    45
    59
    72
    72
    65
    52
    36
    38
   131
    50
   214
   134
    99
   114
     0
     0
     4
     0
     9
    10
    87
   201
   290
   361
   111
    48
    64
   145
    30
   108
    62
    89
   111
    96
    76
   426
    95
   152
    11
     6
     2
     0
     7
     0
   190
   119
   251
   136
   174
    57
    31
    71
    41
    76
    77
    90
    74
   142
   198
   159
    36
    32
    15
     2
     0
     9
     2
    11
    53
    89
   260
   170
   116
    97
    52
    46
    35
    82
   111
    37
    34
   341
    25
   363
    54
    59
     2
     3
     9
     1
     0
    18
    73
   156
   548
   134
    42
    53
    48
    34
    94
   119
   101
    31
    74
    41
   114
   126
    81
    51
     1
     8
     0
    12
     0
     4
   147
   176
   404
   276
    62
    38
    69
    71
    84
   102
    58
    34
    61
    85
   177
   269
    88
   130
     1
     0
     0
     8
     0
     0
    42
   143
   445
   149
   211
    64
    39
    45
    49
    68
    88
    29
    65
    81
   117
    96
   186
    55
    18
     1
     0
     1
     0
     0
   142
    28
   119
    73
    24
    45
    35
   110
    25
   120
    50
    63
    66
    61
    44
   117
    57
    28
     0
     0
     6
    16
     9
    11
    80
   151
   152
   143
    55
    34
    45
    49
    13
    42
    74
    35
    68
    72
    65
   172
    40
   111
     5
     2
     8
     0
     0
     0
    93
    89
   138
   127
   217
    59
    92
    66
    48
    95
    26
    39
    21
    45
   218
   115
   124
    51
     6
     0
     0
     0
     0
     4
    52
   268
   245
    84
    44
    85
    41
    78
    46
    92
    87
   102
    70
    83
    51
    50
    57
    45
     0
    10
     0
     2
     0
     0
   122
   206
   465
   150
    47
   201
    50
    58
    45
   106
   100
    68
   190
   177
   117
   284
   102
    62
     9
     0
     8
     3
     6
     0
   115
   165
   304
   178
    72
    60
    54
    57
    81
    72
   109
   198
    36
   237
   141
   162
    41
    64
     0
     0
     1
    13
     3
     3
    98
   271
   125
   172
    92
   124
    70
    73
   243
    90
   126
    38
    94
   222
    68
   157
    46
    64
    14
     0
     0
     1
     1
     0
    85
   119
   146
   146
    82
    31
    39
   107
    68
    35
    55
    13
    69
    34
   168
   136
    52
    83
     0
     1
     0
     0
     0
     9
    38
   132
   302
   183
    54
    87
    45
    45
    32
   118
    46
    61
    82
   114
   138
    28
   107
    57
     2
     0
     0
    11
     0
     0
    38
   206
   121
   217
    27
    39
   129
    72
    43
    53
    38
    20
    46
    35
   102
    47
    30
    25
     6
     0
     7
     4
     0
     5
   123
   169
   315
    87
    33
    61
    76
   191
    97
    70
    43
   121
   111
    64
   173
   130
    59
    32
     7
     0
     3
     9
     0
     5
   112
   167
   257
   184
    99
    63
   148
   112
    52
    62
   292
   127
    68
    47
    90
   135
    67
    32
     6
    18
     4
     4
     1
     2
    69
   121
   349
   217
   120
    37
   116
    60
   176
   117
    81
    90
    50
    63
    93
   176
    50
    45
     5
     0
     0
     5
     0
     0
   124
   123
   417
   288
    97
    79
    58
    34
    47
    39
    97
    70
    63
    53
    50
    94
    60
    64
     1
     0
     4
     0
     5
     0
    88
   120
   304
    89
   228
    31
    90
   101
    26
    41
    29
    58
   101
   142
   359
   151
   101
    78
     0
     0
     6
     0
    10
     0
   102
   250
   154
    89
    32
    80
    94
    46
    44
    40
    60
    24
    44
    58
   118
    59
   157
    33
     0
     1
     8
     0
     0
     0
    82
    76
   337
    40
    44
   158
    71
    52
    16
    38
    48
    44
    43
   130
   240
   223
    17
    35
     4
     3
     0
     4
     0
     3
    49
   176
   500
    26
     7
    41
    86
    97
    39
    40
    59
    57
    71
    56
   277
   160
    29
   134
     0
     0
     8
     8
     0
     6
    95
   173
   278
   132
    61
    93
   152
   202
    64
   142
    54
    52
    71
   341
   140
   403
    61
    49
     0
     0
     0
     0
     7
    10
    40
   243
   222
   290
    64
    60
    49
   130
    46
    62
    95
    65
   126
    77
   337
   191
   107
    60
     0
     0
     0
     0
     9
    10
   135
   177
   348
   175
    34
    28
    55
   124
    60
   110
    95
   111
    43
    87
    38
   157
    20
    30
     7
     4
     7
     0
     9
     0
    90
   137
   102
   189
   140
    36
    49
    37
    30
    53
    33
    47
    70
    85
   247
   169
    42
    40
     0
     0
     0
     0
     0
     0
    44
   114
   139
   133
    65
    57
    17
    85
    40
    76
   100
    47
    54
    51
    42
   170
    38
    73
     6
     1
     2
     0
     0
     0
    68
   110
   170
   130
    86
    75
    54
    45
    62
    66
    79
   197
    67
    39
    82
   241
    70
    68
     7
     0
    11
     0
     0
     5
    94
   235
   363
   143
    51
    43
    51
    72
    43
    35
    49
    61
    39
   184
   353
   215
    50
   144
    13
     0
     4
     1
     2
     4
   114
    84
   351
   268
   225
    66
    67
    55
    63
   134
   105
    49
    69
   119
    63
   115
   241
    97
    10
     8
     0
     0
     0
     4
   104
   138
   151
   182
   137
    75
   101
    66
   213
   131
   186
    72
    79
   352
   223
    57
   141
    68
     0
     9
     0
     0
     4
     2
    30
   198
   180
   119
    68
    72
    59
    42
    44
   249
    78
    39
    49
    62
   126
    42
    49
    69
     4
    11
     0
     0
     0
     0
   115
   207
    97
   103
    48
    67
    59
   119
   216
    59
   202
    84
    45
    51
   155
   356
    51
    82
     5
     0
    19
     0
    23
    10
    43
   124
   226
   154
    72
    77
    50
    74
   102
    88
    52
    51
    34
   204
    92
   151
    85
   194
     3
     2
     0
     4
     2
     7
     8
    94
   127
   451
    57
    38
    41
   103
    49
    99
   124
   171
    52
    78
    47
   330
   208
   101
    75
     5
     3
     8
     0
     0
     0
   104
   178
   260
   239
    96
   100
   130
   119
   184
   121
    17
   101
    39
    89
   174
   110
    52
    47
     5
     9
     4
     0
     3
     0
   164
   149
   306
   230
   195
    41
    47
    75
   110
   139
    75
    62
    66
   146
   266
   261
    91
   138
    11
    17
     0
     9
     6
     5
    90
   158
   228
   286
    59
    91
    86
    61
    53
    48
   115
    66
   192
   222
   273
   237
    60
   251
     0
     0
    18
     0
     0
     0
    55
   230
   158
   178
    83
    53
   189
    35
    46
   111
    62
    64
   202
    48
   469
   150
    35
    75
     7
     0
     4
     0
     2
     0
    98
   146
   349
   230
    87
   188
    41
    50
   236
    95
    38
    88
    51
   128
   147
   181
   270
    37
     6
    11
     1
     5
    17
     0
    61
   131
   172
   218
    39
   106
    44
    97
    83
    66
    56
    33
   178
    55
    69
   101
    31
    69
     0
     2
     8
     0
     0
     0
    43
   131
   457
   257
   229
    41
    58
    82
    82
    61
    48
    63
   115
   231
    91
   259
    51
    35
    10
     0
     0
     2
     6
     0
   121
    89
   133
   198
    43
    43
    64
   174
    98
   108
    56
   113
    48
   221
   116
   351
    41
    98
     2
     4
     7
     3
     3
     6
    93
   113
   199
   221
    73
   102
    83
   135
    54
    93
   210
    63
   116
    54
   107
   308
   113
   140
     7
     0
     0
     0
     1
     0
    33
   344
   281
   193
    64
    24
   120
    92
   214
    67
    68
    57
   155
   128
   174
   180
    73
    64
     6
     0
     0
     0
     4
     0
    81
   129
   329
   192
    71
    92
    52
    42
    39
    65
    42
    61
    75
    66
   235
   249
    53
   146
     0
     0
     0
     4
     0
     0
    83
    81
   371
   207
    48
    57
   248
    41
   115
    64
    84
    75
    47
   340
   214
   119
    78
    57
     5
     3
     2
     5
     0
     0
    73
    90
   151
   140
   148
    55
    11
    55
    55
   147
    58
    39
    48
   133
   164
    73
    23
   113
     2
     0
    18
     0
     9
    12
    52
   239
   365
   153
   100
    96
    67
   105
   114
    56
   105
    71
    72
   134
   168
   123
    47
    34
     4
     5
     7
     2
     3
     9
    36
   152
   259
   246
   225
    37
    32
    54
    50
    74
    28
    58
    61
    40
    44
    96
    68
    73
     0
     0
     4
    11
     0
     6
    83
   168
   466
   336
    93
    74
    53
    77
    86
   120
    67
    81
    66
    59
   182
    94
    67
    92
     7
     2
     9
     0
     6
    13
   122
   268
   240
   292
    49
   106
    57
    58
    80
   103
    81
    47
    64
   188
   181
   334
    88
    84
     0
     0
     0
     0
    15
     5
    64
    90
   344
   132
    38
    40
    88
    82
    65
    72
    27
    69
    21
   109
   119
   258
    83
    42
    10
     0
     8
     5
     1
     5
    44
   139
   461
   146
    48
    55
    71
    51
    74
   129
    89
    23
    93
    66
   142
    87
    55
   114
     4
     0
     9
    12
     0
     0
   117
   300
   246
   164
    59
    58
   180
    67
    43
    40
   116
   257
    28
    68
    72
    71
    45
    58
     5
     2
     0
     0
     7
     8
    62
   264
   128
   256
    54
    65
   245
    74
    22
    48
    75
   206
    88
    63
   184
   154
    58
    57
     0
     0
     1
    14
     0
     3
    72
   128
   360
   200
    32
    42
   206
    62
    51
    49
    44
    48
    30
   237
   153
   153
    71
    44
     0
     0
     0
     2
     0
    13
    87
   194
   431
   403
    62
    69
   200
    92
   223
   124
   118
   266
   154
    98
   276
    57
    37
    58
     0
     8
    13
    16
    10
     1
    51
   261
   247
   241
   152
    50
   132
    56
    76
   149
    43
    53
    46
    63
   379
   184
    55
    71
     0
    10
     3
     0
     0
     1
    89
   145
   312
   126
    70
    41
    73
    97
   215
    30
    67
   104
   105
   153
    39
   102
   190
   118
     0
     6
     3
     0
     3
     5
    98
   115
   203
    84
    82
    87
    32
    72
    77
    30
    43
    53
    69
   118
   111
   133
    76
    63
    13
     0
     2
     6
     0
     7
    50
   267
   134
   236
    49
    47
   120
    49
    69
    42
    75
    45
    52
    21
   130
    87
   104
    50
     0
     0
     7
     5
     3
     0
    48
    78
   355
   281
    77
    37
    48
    91
    46
    54
   183
    42
    26
    84
   214
   158
   176
    37
     0
     2
     0
     0
     0
     1
   108
   328
   195
   105
   100
   136
   145
    74
    48
    98
    71
    82
    44
   306
    44
    71
   104
    79
     0
     9
     2
    16
     3
     0
   110
   207
   265
   260
    79
   196
    78
    82
    74
   124
    74
    75
   112
   113
   295
   115
   174
   154
     1
    13
     2
     0
     9
     7
   172
   307
   188
   228
    64
   126
   106
   145
   150
    67
   134
   117
   199
   113
   115
   401
    80
    95
     0
     0
     6
     0
     6
     7
    85
   158
   186
   130
    54
    46
    83
    80
    51
   108
    65
    68
    32
    51
   150
   106
   103
    41
     7
     0
    11
     3
     0
     3
    28
   138
   196
   186
    27
    88
    77
    72
    34
    75
    49
    66
    29
    97
   360
    69
    89
    65
     0
     0
     6
     2
     5
     7
   116
   127
   224
   256
    95
   172
    67
    99
    60
    33
    39
   136
    46
    87
   120
   167
    63
    47
     8
     0
     0
     2
     0
     8
   148
   197
   233
   117
    55
    55
    85
    72
    50
    97
    81
    34
    97
    30
   232
   104
    43
    67
     5
     0
     0
     5
     0
     0
   111
   207
   255
   359
    72
    70
    88
   205
    34
    39
    32
    65
    41
   127
   234
   134
   127
   122
     0
     6
     5
     0
     0
     0
   108
   271
   292
   162
   106
    49
    75
    52
    58
    64
   185
    94
   113
   127
   397
    64
    34
   140
     4
    10
     0
     0
     5
     2
    58
   204
   266
    52
    76
    70
    60
    91
   106
   105
   184
   136
   143
    52
   213
    73
   107
    50
     4
     2
     6
     0
     1
     8
    52
   149
   320
   159
    55
    94
    60
    53
    75
    72
    30
   233
    39
    49
   203
   188
    52
    46
    13
     3
    11
     8
     3
     3
   166
   224
   309
   141
    92
    28
   144
    84
    59
   104
    28
    45
    40
   101
   208
    86
    73
    61
     0
     6
     0
     8
     7
     0
   102
   222
   149
   223
    94
    75
   100
    73
    40
   101
    17
    66
   197
    89
   137
    67
    66
    78
     2
     8
     5
     7
     0
     0
   128
    71
   214
   182
    66
   107
    39
    44
    56
    63
    68
    82
    47
    86
   144
   246
    59
    89
     0
     0
     0
     0
     4
     6
    54
   103
   228
   386
    57
   129
    77
    61
    42
   125
    37
    51
    45
    57
   284
   166
   171
    74
     0
     5
     1
     7
    17
     0
   100
   227
   248
   140
    67
   115
    69
    69
   100
   102
    90
    56
   119
    58
   182
   110
    78
    89
     0
     0
     0
     0
     1
     0
    38
   241
   468
   224
    75
    37
   111
   119
    71
   116
    41
    60
    67
    86
   148
   230
    47
    97
     0
     2
     0
     5
     0
     0
    54
   294
   305
   240
    45
    72
    80
    89
    62
    22
   118
     7
    65
    90
   176
   232
   166
    42
     0
     8
     5
     0
     3
    12
    77
    69
   248
   203
    65
    65
    30
    47
    77
    76
    98
    65
    63
    26
   132
   129
    99
    88
     0
     8
     0
     2
     0
     0
   134
    79
   195
   238
    88
    55
    59
    45
    44
    93
    41
    39
    90
   226
   124
   220
   177
    97
     0
     7
     5
     0
     0
     8
   105
   164
   361
   116
    38
    55
   212
    32
    39
    45
    25
    59
    78
    40
   133
    77
    82
    44
     0
     7
     0
     0
     0
     1
   106
   139
   190
   184
    47
   127
    67
    34
    61
   232
    71
    53
    88
    55
   474
   388
   108
    42
     1
    10
     1
    10
     0
     5
    73
   123
   275
   282
    79
    87
    56
    74
   362
    49
   217
    94
    95
    71
   254
   279
    64
   114
    16
     2
     2
     1
     0
     0
   102
   183
   377
   137
    87
    90
    73
   129
    81
    90
    77
   202
   113
   113
   129
    73
    58
    51
     2
     5
     0
     0
     7
     2
   106
   150
   211
   175
    40
    47
    48
    81
    68
    41
    81
    36
    97
    98
    93
   136
    98
   117
     0
     0
     0
     0
     0
     0
   144
   373
   292
    86
   113
    75
    62
    36
    91
    39
    61
    59
    99
    57
   113
    40
    87
    49
    13
     6
     4
     4
     6
     0
    62
   237
   297
   306
    35
    81
    37
    81
    55
   141
    90
    21
    69
    91
   102
    66
   132
   105
     0
    18
     0
     2
    12
     0
    86
   240
   285
   202
    99
    67
    63
    68
    51
    91
    50
    27
    91
   390
   235
   188
    56
    57
    15
     4
     6
     8
     0
     0
    56
   392
   373
   308
   209
    71
    28
    52
   142
    38
    28
    25
    40
    24
   174
   110
    80
    92
     0
     0
     3
     6
     0
     0
    70
   251
   320
   257
    80
    54
    68
    38
    88
    67
   129
    67
    96
    60
   315
   380
   139
    88
     7
     0
     4
     2
     1
     3
    56
   180
   339
   277
   221
   175
   212
   201
   124
    73
    83
    81
   106
    87
   181
   203
   114
   110
     6
     7
     0
     0
     4
    11
   192
   135
   256
   167
    48
   129
    60
    60
    50
    58
   163
    58
    38
   265
   205
   166
   196
     0
     0
