   169
    15
     7
     6
    22
   140
   412
   596
   240
   106
    87
   239
   168
   146
   252
   248
   222
    91
    79
   160
   136
   121
    69
     2
     5
    10
     1
    11
     0
   118
   394
   585
   417
   146
   160
    91
    68
    29
    60
   112
   188
    89
   107
   280
   570
   116
   143
     9
     5
     6
     0
     4
     0
   106
   295
   233
   196
    97
    68
   133
   123
    89
   133
    89
    83
   154
   200
   400
   235
   116
    95
     6
    20
     0
     0
     7
     3
    58
   276
   586
   242
    95
   183
   326
    76
    58
   128
   176
    81
    71
    81
   193
   211
   212
    99
     2
    11
     2
     0
    14
    12
   190
   456
   505
   456
    97
    94
    94
    82
    52
   315
   185
   144
   275
   387
   361
   253
   104
   146
     0
     6
     7
     0
    10
     0
    49
   286
   287
   274
   132
   182
   256
   112
   180
   165
   136
   130
   248
   173
   586
   238
   210
    76
    10
     4
     8
    11
     4
    13
   117
   587
   561
   394
   286
   120
   181
    74
   216
   155
   118
   149
   216
   142
   213
   222
   104
   136
    21
     1
    10
     3
     0
    10
    88
   136
   596
   200
   142
   157
    65
   104
   186
   101
    80
   128
   108
   230
   113
   172
   104
    84
    15
    10
     4
     1
     5
     7
   200
   231
   455
   123
   107
   128
   181
   102
   105
   113
   177
   115
   125
   113
   254
   252
    67
   155
    17
     0
     1
     6
     0
     1
   178
   370
   282
   185
    94
   131
    82
   293
   140
   112
   117
   125
    95
   125
   148
   249
   108
    47
     6
     0
     2
     8
    13
     1
    74
   148
   663
   235
   115
   106
    97
    80
   219
   246
    94
    93
    88
    92
   217
   226
   140
   134
     4
     8
    15
     0
     5
     1
   162
   329
   367
   225
    77
   171
   106
   112
    62
   140
   105
   132
   115
   186
   386
   410
    78
   190
     9
     0
     8
     8
     6
     0
   101
   200
   710
   400
   164
   126
   198
   107
   184
   214
   131
   161
    97
   115
   219
   373
   100
   118
     0
     6
    12
     0
     0
    15
   139
   281
   745
   381
   106
   323
   116
    87
   130
    78
   109
   107
    93
    83
    81
   165
   111
   179
     1
     0
    12
     0
     8
     6
   137
   338
   505
   247
   129
   122
   127
    94
   105
   156
   234
    82
   145
    90
   345
   168
   161
   132
    13
     7
     0
    10
     8
     0
   138
   258
   315
   287
   118
   160
    52
    92
   137
   109
   166
   247
   126
   136
   286
   317
   105
   124
    11
    11
     1
     2
     1
    14
   190
   237
   546
   298
    98
   108
   175
   125
    74
   137
   114
   196
   121
   248
   170
    91
   175
   184
    12
    11
     6
     3
    10
     0
   148
   129
   388
   243
    61
   148
    66
    83
    78
    75
   343
    92
   154
   225
   265
   117
   161
    72
     2
     2
     3
    13
    13
    14
   203
   358
   472
   312
    66
   174
    88
   141
   285
    94
    95
   136
   273
   353
   154
   141
   167
   163
     0
     3
     2
     4
     3
     0
   158
   208
   811
   473
    94
   114
   139
   104
    58
   154
   153
   142
    86
   270
   437
   342
   160
   163
    11
     0
     7
    11
     2
     3
   105
   263
   455
   213
   263
   115
    63
    59
    71
   138
   101
   148
   142
   568
   203
   799
   163
    91
     3
    10
     2
     0
    12
    10
   141
   173
   410
   212
   123
    92
   276
   247
   130
   107
   107
   229
   128
   437
   291
   158
   103
   128
     0
     3
    11
    15
     0
     2
   129
   261
   280
   220
    76
    93
    99
   214
    92
   215
    93
   235
    53
   257
    87
   395
    88
   113
     9
     6
     7
     7
     3
     0
   169
   296
   287
   369
    83
    99
   283
   248
    93
   112
   176
    70
    79
    97
   409
   207
    59
   140
     0
     5
     0
    16
     5
     9
   114
   263
   626
   248
   110
   147
    46
    93
   119
    62
   142
   133
    93
   245
   211
   109
    90
   187
    21
     2
     4
     5
     4
     2
    93
   350
   256
   286
    94
   157
    75
    70
    92
    49
   144
    92
    93
    94
   206
   536
    59
   114
     5
     8
     7
     1
    10
     3
   234
   133
   815
   327
   106
   155
   140
   204
   162
   112
   105
   120
   295
   158
   232
   288
   135
   134
     0
     0
     0
     8
     4
     2
   164
   223
   455
   384
    97
   150
   163
   105
   150
   177
   157
   160
   166
    86
   203
   272
   243
    98
     1
     6
    13
     1
     2
     4
    95
   286
   391
   202
   151
   128
   128
   122
   110
   112
    50
   114
   143
    92
   171
   221
    83
   141
     3
     2
     0
    23
     8
     4
    96
   285
   427
   283
   142
   297
   120
    95
    94
   176
   130
   145
   198
   177
   222
   427
    87
    89
     0
    18
    10
     0
     6
     0
   176
   120
   532
   237
   158
   220
   108
   102
    62
   112
    95
   102
    88
   158
   203
   157
    95
   212
    10
     0
     2
     4
     5
     7
   183
   338
   400
   112
   214
   108
    55
    77
   116
   111
   267
   107
    81
   327
   441
   264
   153
   166
    10
    10
    16
     1
     1
     6
   166
   277
   259
   530
   145
   105
   252
   110
   113
   128
    87
   104
    94
   276
   138
   459
    75
    95
     8
    14
     6
     6
     9
     0
   114
   308
   462
   359
   138
    94
   138
   105
   109
   209
   230
   131
   121
   187
   644
   277
   144
   160
     8
     7
    10
     6
     9
     9
   173
   387
   315
   549
   100
   132
   128
    77
   123
   156
   257
    87
   113
   282
   230
   347
   179
   146
    10
     0
     6
     0
     5
     0
    74
   323
   368
   106
   110
    90
    72
   140
   131
   129
    71
    71
   150
   134
   319
   225
   133
   158
     1
     0
     0
     0
    11
     0
   104
   330
   518
    68
    95
    97
   140
   115
    78
   131
   109
    46
    82
   141
   304
   134
   135
    78
     8
     1
     0
     0
     0
     2
   177
   157
   456
   258
    81
   194
    94
    95
   183
    83
   165
   258
    87
   101
   214
   253
    81
   174
     0
     0
     0
     4
    14
     2
   160
   162
   513
   157
   101
    97
   242
   135
   232
   231
   120
   135
    78
    77
   200
   213
    79
   156
     9
    15
     4
     0
    10
     4
   146
   298
   565
   188
    80
   163
   234
    91
   279
   240
    45
   158
   169
    55
   271
   143
    77
   147
    16
    12
    20
    14
     0
    22
   115
   266
   631
   352
   209
   131
   176
    53
   147
   172
   130
   106
    87
   134
   316
   421
   115
   112
    20
     0
     6
     1
     0
     3
   151
   261
   418
   274
   172
   317
   104
   140
   148
   338
   306
   125
   117
   200
   379
   102
   124
   145
    10
     0
    15
    16
     0
    11
   148
   431
   441
   405
    59
   104
   177
   190
    80
   135
    78
   211
    88
   108
   194
   249
   197
   112
     0
     6
     3
    11
     4
     2
   145
   311
   392
   427
    68
    96
   108
   121
   112
    40
   161
   194
   132
   126
   551
   345
   124
    95
    24
     8
     0
    10
     5
     3
   180
   426
   508
   484
    99
   123
   113
   128
   146
    92
   115
    56
   128
    77
   466
   205
   121
    80
     8
     6
    12
    14
    20
     6
   215
   539
   368
   256
   138
   123
   186
    88
    94
    62
    70
    67
    75
    55
   397
   223
   351
    86
    16
     3
     3
     8
     0
     0
   270
   263
   658
   498
    64
   163
   143
   241
    93
   102
   391
   138
   191
    89
   320
   193
   104
   112
     8
     8
     0
    12
     5
     0
   136
   301
   437
   249
   220
   118
   111
   277
   383
   207
   255
   166
    84
   517
   313
   116
    95
   116
     1
     8
     4
     4
     0
     4
   138
   607
   449
   367
    93
   159
   129
   329
   275
   118
   119
    80
   108
   187
   296
   314
   120
   149
     9
     5
     0
     0
    10
     8
   146
   121
   574
   186
    53
    79
   131
   202
   179
   188
    82
   153
    84
   142
   421
   131
    96
    92
     6
     2
    10
    10
     0
     4
   173
   293
   239
   211
   121
    62
   174
   122
    93
   108
   211
    90
   185
    82
    84
   115
   127
   102
     8
     8
    10
     1
     0
     0
   205
   279
   555
   440
   148
   105
   144
   244
   224
    93
   154
    67
   208
   119
   192
   367
   155
    97
     1
     5
     0
     8
     3
     0
   134
   221
   430
    57
    83
   149
   162
   138
    98
   104
    65
   120
    54
    76
   160
   155
    85
    82
    10
     7
     5
     8
     2
    19
   124
   410
   382
   269
   117
   120
   221
   247
    94
   134
   138
   138
    62
   448
   115
   224
   225
   116
     8
     1
     9
    10
    22
     5
   149
   305
   456
   331
   130
   169
   179
   114
   152
   123
   232
   140
   106
   123
   402
   237
   136
   224
    10
    10
     6
     0
     1
     3
   309
   324
   507
   426
   160
   114
   124
   223
   164
   257
   123
   147
    91
   232
   227
   158
   119
   193
     0
     0
     4
     6
     9
     0
   137
   132
   354
   236
    94
   270
   118
   106
   109
    91
   170
   136
   232
   241
   139
   303
   113
    54
     2
    10
    14
     4
    11
     4
   126
   230
   430
   211
    74
    94
   108
    55
    90
    51
   185
   163
    99
   320
   166
   229
   113
   137
    20
     5
     5
     1
     0
     2
   111
   222
   353
   352
   143
   113
   121
    61
    85
   101
   137
    93
    58
   252
   242
   226
   103
   117
     8
     0
    17
    13
     3
     0
   193
   393
   301
   578
   158
    64
   139
    84
   186
   343
   110
   120
    91
    63
   687
   216
   106
   158
     1
    10
     6
     8
    19
     5
   150
   369
   455
   254
    52
   173
    92
   208
    74
   126
   110
   116
    85
   245
   105
   248
   108
   145
     8
     8
     6
    18
     7
    16
   102
   243
   414
   323
   105
   164
   220
    89
   110
   147
   110
   148
   149
    91
   255
   187
   192
    76
     4
    12
    11
    21
    10
     9
   241
   355
   326
   409
   139
   120
   152
    72
   292
   162
   219
   126
   282
   127
   363
   508
   149
   142
     7
     7
     8
     2
    11
     4
    89
   391
   411
   205
    77
   149
   171
    98
   101
   123
   224
   146
   119
   102
   275
   273
   146
   157
     2
     0
     9
     0
     0
    13
    83
   461
   184
   530
   121
   101
   167
    99
   113
   110
   108
   218
   108
   162
   310
   206
    95
   166
     9
    18
     3
     0
     0
     1
    62
   334
   485
   406
   102
   165
   132
   208
   221
   135
    67
   170
   153
   119
   244
   317
   179
   108
     1
    10
     0
     5
     3
     0
   168
   268
   465
   242
    92
   140
   137
    94
   271
   107
    91
   101
    86
   220
   181
   245
    80
   128
     7
    15
     7
     4
     1
     0
   153
   381
   511
   225
    77
   124
   179
    84
    51
   106
    99
    69
    71
   423
   356
   145
    86
   109
     7
     3
     3
     0
     8
     2
   177
   373
   275
   258
   135
   123
   147
   121
   152
   194
    82
   114
   118
   357
   261
   340
   278
   195
     3
    15
     0
     3
     2
     7
   235
   263
   554
   270
   166
   164
   232
   112
   179
   122
    86
   281
   162
   182
   443
   294
   147
    85
    12
    16
    15
     7
     2
    28
    54
   298
   445
   158
    68
    89
   144
   194
   268
    88
    50
    82
    80
   111
   229
   218
   258
   128
     2
     0
    24
     0
     4
     4
   191
   406
   431
   457
   145
   146
   107
   128
   110
    74
    90
    66
    86
    97
   238
   298
    85
   146
     0
     0
     7
     4
     1
     0
   159
   411
   391
   180
   141
    77
    69
   219
   195
   106
    80
   110
    43
   115
   190
   433
   154
   115
    12
     6
     6
    11
     4
    18
   185
   181
   474
   366
   123
    72
   100
   120
   122
    88
   354
    75
   129
    94
   365
   294
   120
   130
     8
    12
     3
     4
     9
     5
   117
   175
   478
   372
    94
   125
   122
   209
    68
   103
   113
    61
   119
    77
   282
   319
   130
    85
     2
    12
     0
    16
     0
     1
   128
   344
   514
   351
   110
   148
   150
   102
   219
    75
   103
   122
   128
   254
   344
   321
    79
   113
     4
     1
     7
     0
    12
    15
   156
   527
   624
   471
   111
    70
   189
   144
   123
   171
   183
   117
   100
   278
   226
   257
   169
    96
     3
     1
     7
     0
     1
     0
   112
   170
   327
   295
   273
    66
    65
    85
    91
    95
    95
    90
   130
   199
   378
   213
   106
   122
     0
     0
     0
    17
    25
     4
   135
   270
   341
   270
    45
   267
   217
    77
   119
   136
   292
    74
    98
   121
   323
   364
   113
   126
     5
    11
     8
     8
     3
     0
   141
   410
   437
   223
   136
   111
   124
   308
   123
    97
    98
   144
    93
    80
   179
   292
    96
   245
     0
    19
     0
     0
     6
    16
   162
   272
   370
   434
   166
    94
   155
    99
    99
   121
    65
   184
   184
   257
   151
   371
   180
   135
    11
     7
     4
     0
     3
     0
   175
   324
   553
   328
   188
   142
   132
   111
    71
   142
    88
   127
   116
   269
   252
   106
    95
   100
     7
    20
     9
     0
     4
     0
   101
   376
   455
   424
   138
   123
   106
   130
   197
   120
   152
   132
   152
   235
   228
   218
    96
    89
    11
    10
     5
     0
     4
     6
   111
   333
   359
   405
   132
   180
   132
   128
   204
    72
   104
   245
   107
   173
   301
   132
   230
   105
     0
     2
    15
    21
    11
    10
    63
   290
   153
   266
   120
   116
    90
    73
    90
    95
    58
   155
   101
   147
   192
   134
   114
    82
     8
     0
     2
     2
     4
    12
   143
   356
   502
   182
   180
   284
   142
   137
   260
   139
    76
   271
   122
   130
   496
   303
   113
   108
     4
     0
     8
     9
    12
     0
    72
   193
   427
   301
    59
    94
   216
   139
   129
   155
    61
   252
   136
   223
   289
   247
    78
    92
     1
    11
     4
    15
    11
     6
   134
   317
   515
   460
    90
    94
    79
    87
   153
    95
   110
   444
   140
    79
   393
   189
   191
   164
    13
     3
    17
     0
     0
    15
    70
   294
   337
   284
    68
   193
   127
    57
    94
   201
   117
   137
    75
   147
   116
   213
   131
   191
     0
     8
    25
     3
     1
     4
   129
   449
   553
   486
    50
   115
   134
   213
   152
    89
   442
    78
   116
   112
   569
   208
   114
   152
     1
     5
     5
    17
    10
    79
   211
   687
   516
   179
   141
   113
    94
   119
   255
   103
   150
   331
   258
   268
   221
    88
    79
     0
     1
     6
     7
    11
    12
    90
   231
   600
   190
    88
    90
    91
   164
   145
   110
   169
   146
    59
   117
   309
   140
   153
    83
     7
     1
    13
     9
     9
     0
   185
   181
   563
    96
   127
   130
   177
   211
   152
   117
   127
   102
    50
   153
   273
   296
    93
    90
    13
     1
     3
     5
     8
     0
    89
    91
   421
   397
   126
    80
   126
    66
    81
   111
   116
   108
   100
    90
   406
   412
    82
    98
    13
    19
     6
    11
     1
     0
   155
   221
   302
   254
   108
   204
    77
   271
    73
   100
   266
   585
   162
   196
   264
   167
   167
    49
     0
     0
     3
    10
     4
     6
    88
   340
   263
   329
   105
   137
    83
   153
   147
    65
   140
   205
    58
   141
   636
   352
   214
   115
     0
    23
     1
     7
    18
     3
   186
   217
   646
   339
   231
   131
    73
    82
   135
   112
    72
   187
    85
   380
   139
   288
   231
   182
     3
    15
     0
    12
    10
     7
    79
   365
   662
   201
    89
   170
   101
   106
   145
    66
    81
   124
   116
   165
   637
   276
   288
    91
     9
     0
     0
     0
    11
     2
   216
   241
   333
   195
   147
   131
    99
   154
   106
   136
    53
   268
    88
    89
   417
   180
    71
    26
     0
     8
     0
     5
     4
     2
   156
   273
   683
   234
   135
    78
    78
   107
   204
   127
   116
   191
    86
   258
   113
   311
   116
   168
     0
     8
     4
     0
     8
     8
   102
   296
   347
   320
   130
    61
   222
   182
    69
   116
   241
   104
    71
   112
   483
   295
   133
    50
     9
     1
     0
     0
    17
     7
    72
   340
   352
   235
    63
   168
   107
   214
   166
    81
   138
   121
    86
   195
   348
   233
   116
   110
     2
     0
     2
     1
     0
     0
   121
   319
   384
   181
   222
    71
   238
   147
    83
   135
    85
    77
   246
   213
   149
   198
   232
   144
     0
     0
     0
     0
     0
     0
   204
   407
   533
   405
   146
   183
   156
   165
   126
    98
   130
   172
   165
   236
   369
   124
   125
    89
    15
     9
     6
    12
     7
    16
   235
   323
   399
   218
   245
   257
   176
   130
    82
   126
   102
   167
   287
   120
   282
   198
    52
    70
     8
     0
     2
     5
     9
     0
   267
   371
   600
   302
    66
   120
   105
   137
   215
   193
    97
    79
   100
   188
   454
   293
    50
   211
     0
     2
     6
     6
     8
     9
   100
   285
   483
   320
    96
    94
   117
    99
   128
   121
    75
    86
   133
   113
   366
    71
   102
   222
     1
     0
     8
     4
     4
     5
   120
   209
   272
   448
   132
   116
    93
    74
   157
    79
   216
    83
    74
   182
   386
   231
   121
    49
     0
     0
     0
    15
    20
     4
   115
   275
   295
   259
   190
   273
   163
    92
   226
   137
   150
   146
   107
   122
   328
   201
   180
   161
    10
     0
     0
     0
     5
     0
    43
   288
   330
   368
    95
   107
   156
   145
   124
    84
    72
    96
    77
   222
   171
   443
    67
    82
     6
     0
    10
     4
     5
     8
   103
   224
   457
   396
   246
   122
   256
   115
    70
    66
   153
   127
    98
   134
   514
   321
   122
   112
    24
     6
     1
     0
     4
     9
    86
   482
   510
   347
   132
   138
    86
   154
    76
   107
   147
   142
   106
   139
   293
   436
    80
    81
     0
     5
     9
     9
     0
     9
   161
   233
   397
   156
   159
   109
    78
   103
   104
    59
    89
    79
   143
   107
   158
   178
   147
    60
    11
     0
     0
    16
     0
     6
   173
   151
   285
   237
    87
    97
   114
    62
   128
    96
    43
   349
   161
    35
   310
   524
   119
   128
     5
     2
     2
     2
     7
     2
   163
   325
   375
   258
    79
   182
    93
   158
   100
   112
    72
   137
    89
    63
   363
   235
   115
   146
     3
    10
     4
     0
    13
    13
    76
   402
   318
   237
    90
    85
   248
    93
   112
   286
   117
    98
   131
   212
   476
   252
   110
   142
     4
     0
     1
     0
     7
     2
   101
   312
   370
   259
    99
   178
    87
    83
   142
   110
   114
   118
    62
   109
   265
   411
    90
    69
     0
    17
    10
    12
     0
     2
   214
   436
   442
   356
   164
   206
   131
    90
   261
   249
   116
    73
   321
   115
   312
   304
   161
   100
     2
    21
     0
     1
     0
     2
   222
   306
   593
   269
   126
   223
   161
    94
   138
    71
    98
    76
   250
   264
   302
   473
   168
    72
     3
     2
     2
     2
     0
     6
   203
   382
   480
   335
   113
    87
   118
   118
   104
   142
   137
   125
    96
    81
   679
   193
   133
   138
     2
    13
     0
     5
    13
     8
   122
   220
   617
   139
   101
    59
   102
   112
   218
    79
   160
   115
   236
   133
   186
   216
    85
    76
    11
     0
    13
     3
     0
    17
    55
   201
   595
   461
   103
    72
   150
    68
   123
    96
   413
   107
    99
   112
   334
   257
    95
    42
     0
     0
    13
     6
     0
     7
   169
   330
   353
   338
   128
    62
   146
   116
    85
    77
    97
   211
   102
    79
   296
   173
   145
    75
     7
     0
     0
     6
     4
     3
   144
   214
   271
   368
   119
    97
    92
    72
   110
   124
    86
    90
   158
   123
   156
   131
   220
    88
     6
     2
     3
     0
     1
     6
   201
   333
   622
   316
    60
   210
   109
   110
   106
   201
   220
   206
    81
   224
   215
   426
    94
   147
     5
     1
     0
    20
     6
    21
   213
   209
   595
   502
   150
   100
   247
   168
   112
   141
   167
   113
   153
   123
    94
   294
    77
   112
    10
     3
     1
     1
     2
     4
   138
   299
   567
   236
   148
   266
    80
   140
    90
   153
   121
   119
   132
   100
   400
    95
    78
   151
     5
     0
     2
     0
     1
    15
    94
   229
   506
   197
   154
    51
   155
   131
    79
   143
   170
   122
   127
   256
   172
   110
   102
   128
     6
    10
     0
     9
    12
     5
   150
   197
   370
   186
   104
    97
   128
    82
   107
    71
   157
   128
   117
   134
   299
   123
    85
    85
    16
     0
    13
    15
     2
     6
   157
   263
   446
   187
    73
    87
   133
    52
    76
   111
   261
    67
    89
   100
   240
   342
   185
   144
     1
    16
     2
    11
     3
     4
   222
    92
   370
   120
   119
    71
    89
    89
   136
    94
   254
    71
   127
    51
   116
   382
   247
   208
     4
     9
     2
     6
     2
     1
   183
   343
   235
   389
   109
   232
   186
   322
   152
    83
   122
    95
   172
   326
   358
   227
   118
    82
    13
     1
     0
    11
     0
    10
   276
   222
   436
   435
   181
   110
   173
   149
   215
   158
    91
    51
   253
   388
   583
   224
   180
   135
     3
     0
     7
    14
     0
     6
   169
   324
   514
   520
    97
   270
    95
   120
   220
    57
    69
    77
   135
   161
   251
   232
   118
   136
     6
     5
     2
     0
     4
     0
    84
   344
   604
   160
    83
    56
    72
   143
    73
   106
   101
    84
    60
   100
   367
   109
   153
   130
     0
     0
     6
     4
     2
     2
   157
   164
   267
   331
   105
    82
    92
    92
   112
   126
    48
   122
   258
   180
   308
   249
    88
   154
     0
     6
     9
    12
     4
     0
   122
   346
   525
   210
   141
    85
   109
    64
   103
    92
    97
    65
    59
   160
   145
   198
    38
   117
     6
    18
     0
     1
    16
    10
    69
   341
   294
   185
    92
   103
    75
   154
   100
   100
   127
    70
    67
   238
   174
    95
    60
    79
     6
     0
    13
     3
     6
     1
   111
   271
   485
   222
   116
    94
    82
    88
   111
   128
    87
   223
   120
   371
   381
   340
   153
    94
     6
     7
     1
     0
     0
     2
   169
   404
   281
   364
   113
    70
   273
    93
   148
   111
    69
    68
   199
   143
   232
   136
   183
   106
     0
     0
     8
     0
     3
     2
    70
   375
   549
   227
   108
    44
   270
    62
    60
    94
    52
   144
   162
    54
   175
   223
   131
   165
     1
    12
    12
     2
     0
     0
   156
   176
   598
   261
   120
   102
   112
   135
    74
   216
   125
   112
   303
   106
   261
   245
   146
    85
     9
    18
     0
     5
     0
     6
   146
    94
   429
   190
   127
    90
   103
   189
    95
    78
    93
    94
    84
    96
   120
   206
   160
    70
     1
     6
     9
     0
     7
     9
    82
   349
   252
   298
   110
   105
   244
    44
    97
    62
   109
   317
    81
   117
   125
   237
   154
   102
     1
     3
    10
     1
     5
     2
    60
   259
   183
   197
   214
   104
   123
   104
   111
   122
   158
   102
    60
   212
   402
   215
    72
   156
    12
     2
     0
     0
     8
     1
   165
   229
   459
   217
   163
   195
   163
   177
   150
   124
   125
    83
    76
   300
   472
   325
   137
   106
     9
     3
    13
     0
     7
    12
   157
   327
   489
   255
   130
   102
   123
   220
   159
   115
   130
    99
   235
    98
   286
   311
   278
   111
    12
     0
     0
     4
     1
     8
   111
   243
   590
   336
   143
   143
   126
   104
    97
   135
   129
   109
    88
   115
   124
   265
   106
    83
     7
     2
     0
     0
     0
    14
   121
   374
   454
   218
    60
    84
    94
    62
   103
   372
   201
   206
   120
   130
   101
   298
    96
    89
     7
     7
    10
     2
     5
     0
   102
   269
   438
   193
   113
    95
   157
   139
    74
    76
    95
   196
    88
    94
   234
   117
   108
    83
    18
     0
     0
     8
    10
     3
   112
   264
   457
   308
   165
    96
    97
   289
    96
    67
   110
   185
   181
   198
   419
   263
   135
   131
     8
     0
     3
     8
     2
     5
   120
   235
   340
   186
   145
   314
    73
   123
   139
    93
    61
    62
    71
   290
   239
   192
   150
    95
     0
     2
     5
     2
    24
     8
   144
   346
   445
   392
   169
   147
   158
   116
   117
    87
   227
   124
   158
   110
   123
   205
    63
    70
    20
     0
     4
     7
     0
     7
   153
   288
   552
   349
   112
    78
   125
   105
   193
   180
   211
    82
    81
   164
   317
   110
   129
   100
     4
    12
    11
     0
     3
     0
   210
   321
   415
   330
   150
    95
    59
    51
    68
    47
   124
   212
    56
   181
   190
   234
   141
   152
     0
     4
     6
     7
     8
     7
    51
   182
   296
   139
    77
   157
   136
   102
    84
   257
    82
   188
   104
    66
   269
   179
   143
   126
     1
    14
     7
     5
    10
     8
   108
   323
   643
   197
    61
    53
    65
   165
    54
   312
    73
    90
    84
   158
   413
   110
    42
   169
     8
     6
     0
     1
     8
    11
   198
   241
   627
   260
    69
   105
    77
    77
   128
   325
    55
    86
    69
   254
   231
   224
   105
    45
     0
     0
     3
     2
     0
     0
    67
   244
   484
   385
    75
   155
    82
   100
    46
    47
    77
   116
   110
   232
   101
   145
   142
    65
     5
     0
     0
     5
    12
     0
   125
   232
   728
   472
   209
    96
    75
   164
   125
   251
   127
    69
   191
   270
   496
   274
    90
   100
    11
     9
    11
     2
     9
     3
   163
   412
   239
   170
   127
    97
   105
   126
    99
   317
   158
    75
   129
    92
   238
    94
   259
    93
     1
     0
     0
    21
    16
     0
   215
   209
   517
   356
    94
   104
    57
    69
   131
   124
    84
    96
    73
    74
   226
   288
   192
   120
     7
     3
     7
     2
     1
     0
    84
   313
   291
   315
   170
    70
   158
   111
    97
    67
    96
   272
   129
   195
   112
   166
    73
    87
     0
     8
    11
     0
     0
     3
   169
   261
   469
   136
   139
    86
   107
   112
    67
   161
    34
    57
   123
    65
    99
   142
    53
    72
     0
     6
     5
     1
     3
     6
   203
   220
   324
   263
    93
   212
   113
   138
   287
    94
    90
   108
   105
   230
   392
   170
    83
    82
     2
     2
     0
    16
     4
     0
   113
   269
   262
   292
    50
   120
    72
   104
   217
    54
   280
    93
   119
    49
   275
    62
   100
    72
     0
     3
     3
     3
     5
     5
    86
   370
   343
   293
   108
   117
   168
   291
   148
   167
   226
   142
   144
   239
   130
   194
   112
   181
     1
     0
     2
     3
     8
     0
    46
   234
   457
   394
   190
    71
    99
   114
    69
   109
   124
   165
   117
   148
   264
   119
   121
    66
     0
     6
     4
     8
    16
     1
   152
   214
   449
   172
    83
   124
    93
   117
    56
    75
   179
   126
    51
   110
   171
   187
    83
    79
     2
     3
     2
     0
     0
    12
   125
   145
   305
   377
    67
    39
    88
    71
    51
    50
    73
    85
    77
   128
   122
   182
    78
    95
     2
     7
    10
     0
     0
     1
    82
   379
   287
   378
   202
    69
    83
   116
   115
   122
    90
    43
   225
   398
   492
    96
   158
    58
     0
     4
     0
     2
     6
     0
    52
   278
   366
   154
   160
    80
   107
   167
   115
    31
   108
   104
    96
   207
   106
   334
    79
   135
    11
     1
    11
     0
     9
    13
   131
   495
   444
   211
   100
   104
    93
    80
    70
   141
    47
   147
    85
   384
   177
   222
   181
    76
     3
     0
    16
    18
    13
     0
   183
   189
   346
   326
    84
   111
    77
   122
   103
   193
   214
    63
   141
   245
   154
    99
   102
   117
     0
     0
     7
     6
     2
     6
   201
   159
   521
   276
    85
   105
    74
    69
   158
   149
   237
   265
    98
    73
   307
   213
   129
   186
     0
     1
    17
     0
     9
     0
    73
   247
   437
   184
    88
   104
    74
    97
    95
    45
    85
    57
   154
    86
   121
    94
   110
   259
     0
     5
     5
     0
     0
    10
   104
   351
   196
   314
   101
   142
   110
    76
   129
    68
   105
    97
    75
   144
   199
   221
    93
   154
     0
     0
    24
     0
     4
     0
   107
   305
   359
    99
   106
   113
   142
   140
    77
    99
    80
   144
    64
   192
   287
   177
    84
    86
     6
     8
     3
     0
     2
     0
    99
   151
   166
   130
    96
   133
    97
   108
   118
    88
    69
    54
   107
   244
   106
   189
    80
   112
    16
    12
     5
     6
     1
     0
   163
   308
   424
   156
    49
   140
   115
   122
    98
    65
    79
    79
    60
    64
   163
   150
   146
   187
     6
     5
     8
     7
     7
     6
   201
   387
   364
   172
   151
    89
   131
    77
   153
    66
    60
   175
   117
   170
   427
   157
   163
    64
     4
     6
     0
     7
    14
     0
    99
   223
   600
   355
   116
    95
   106
    78
   258
    74
    98
   120
    78
   119
   150
   213
   414
    94
     2
     0
    14
     0
     0
     0
    96
   197
   367
   174
   168
   164
    78
    47
   141
    79
   242
   219
    96
   207
   102
   260
    69
    39
     4
     2
     7
     3
     8
     0
   105
   179
   451
   141
    92
    84
   119
    99
    69
    81
    97
   146
    82
   112
    67
   131
    90
   125
     3
     6
     0
     7
    10
     5
    62
   106
   497
   277
   114
    70
    86
    79
    90
   147
    84
   207
   111
   378
   124
   125
    65
    68
     0
     1
     6
     7
     5
     6
   218
   202
   336
   144
    78
   241
   125
    72
    93
   133
    84
    52
    75
    71
   189
   257
   129
   143
     0
     0
     9
     4
     8
     0
   126
   333
   464
    88
    80
   226
   179
   128
   201
    60
   114
   107
    73
    98
   291
   285
    82
   100
     0
     2
     7
     0
     0
     0
    87
   311
   423
   399
    63
   105
   230
   173
   117
    71
   140
   101
    70
    97
   334
   222
   133
   162
     1
    12
     2
    13
    13
     0
   233
   448
   569
   281
    72
   153
   195
    94
   102
   110
   114
    89
    98
   103
   205
   157
   110
    98
     7
     0
     2
    21
     0
     0
    86
   245
   505
   230
   211
    84
    76
    92
    79
    91
   165
    57
   100
   117
   237
   125
   165
   101
     8
     6
     0
     9
     1
    13
    54
   249
   350
   247
    35
   134
   146
    79
   111
    59
    72
    87
   147
   205
   185
   160
    57
    96
    13
    16
    16
    17
     0
     0
    90
   348
   227
   268
    56
    63
    83
   104
    89
    93
   114
    57
    69
    77
   368
   294
    83
   100
    15
     5
     0
     5
     2
     5
    47
   309
   503
   305
    87
   156
   111
    48
    54
    75
   211
   104
    83
   128
   199
   352
   255
   154
    16
     3
     3
    10
     7
    15
    47
   449
   252
   289
    92
   135
   230
    86
   111
    75
   126
    51
    68
    76
   319
   340
    73
   105
     0
     0
     5
     2
    11
     0
   186
   204
   253
   346
   137
    85
    67
   102
    72
    67
    50
   106
    83
    76
   163
   286
   141
   112
     9
     6
     3
     1
     2
     0
   148
   225
   221
   314
    68
    94
   286
    55
    90
    99
   330
   160
    94
   201
   221
   288
    60
    94
     6
     0
    11
     3
     0
     4
   103
   322
   508
   202
    53
    74
   114
   140
    91
    78
    63
    67
   117
    89
   136
   127
    97
   113
     3
     0
     6
     0
     5
     0
   106
   192
   413
   198
    68
   116
   102
    67
    57
    55
    51
   116
   104
   257
   253
   139
   106
    62
     3
     5
     2
     0
     2
     0
    72
   332
   367
   117
    61
   149
   116
    60
   378
   158
    41
   122
    60
   274
   164
   284
   105
    78
     0
     0
     4
     3
     0
     2
    85
   195
   265
   227
   249
    62
    86
   139
   117
   159
   108
   351
    94
   132
   288
   193
    72
    90
     0
    17
     3
    24
     9
     1
    82
   306
   240
   285
   106
    61
   124
    56
    57
   146
   104
    93
   214
   254
   186
   215
    68
   161
    12
     0
    17
     6
     0
     4
   141
   297
   500
   453
   197
    89
   136
    94
    83
    94
    90
    83
    86
   134
   108
   195
    58
   137
     0
     8
    12
     0
    11
     0
   140
   204
   243
   431
   148
    99
   158
   106
   102
   232
   249
    94
   114
   102
   342
   202
   106
   158
     0
     5
     0
     0
    13
     0
   186
   185
   344
   279
    91
   152
    89
   119
    34
    65
   123
    64
   126
   144
   160
   168
   137
   117
     0
     8
     0
    16
     6
     0
   111
   264
   328
   361
   107
    79
    65
    78
    59
   110
   229
    84
   148
    91
   105
   246
   100
    72
     0
     0
     3
     5
     6
     0
    65
   261
   357
   307
   109
   390
   122
    95
    79
   143
    54
   148
    73
   215
    81
   362
    58
    93
     0
    27
     3
     4
     7
     0
    50
   239
   280
   233
   218
    94
    68
   251
   242
    86
   134
    55
   100
   258
   380
   159
   105
    99
     6
     1
     0
     5
     2
     0
    79
   256
   467
   345
   116
   184
   156
   222
    79
    89
   198
    75
    63
   192
   112
   374
    83
   103
     2
     0
     6
     8
     2
     0
   148
   299
   761
   315
   256
   136
    96
    80
    89
    41
   139
    67
   151
   127
   220
   286
    94
    97
     0
    16
     2
    11
     4
     1
   163
   210
   391
   385
   121
   167
    87
   137
   291
   131
   120
   103
   157
   232
   479
   247
   222
   140
     3
     4
     0
     7
     1
     1
    46
   148
   377
   243
   126
    96
    77
    84
    55
    38
   132
    21
   114
   133
   190
   113
    86
   102
     5
     0
     3
     6
     7
     9
    72
   108
   282
   276
    51
   110
   199
   196
    70
    58
   106
    98
    53
   101
   377
   126
    60
    37
     7
     0
     6
     1
     3
     0
    56
   287
   338
   279
   110
   148
    44
    68
    61
    98
   153
    87
    42
    82
   181
    62
   153
    33
    13
     0
    11
     0
     0
     0
   105
   353
   324
   338
   125
    43
    75
   175
   105
   120
    73
    70
   107
   130
   129
   157
   113
    57
     9
     2
     3
    13
     0
     3
   153
   254
   355
   275
    63
    53
   177
    51
    64
   117
    72
   187
   141
    61
    94
   143
    48
    98
     3
     4
    14
     4
     6
     4
    72
   363
   359
   330
   154
   130
   208
   189
   175
   145
   223
   161
    77
   239
   145
   166
    79
    80
     0
     2
     0
     0
     2
    15
   144
   369
   746
   364
    46
   314
   105
    63
    84
   224
   145
   176
   250
   125
   182
   257
   241
   161
     0
     0
     1
     8
     4
     8
    78
   254
   424
   155
   105
    41
    61
    77
    85
    82
   186
   199
    78
   251
    52
   411
    71
   111
    10
    11
     0
    10
     5
     0
   177
   145
   411
   299
   126
    59
    60
   105
   107
    53
   102
    83
    72
   255
   180
   224
    74
   111
     0
     0
     4
     5
     7
     3
   118
   224
   581
   368
    77
    52
    70
   103
    48
    84
    25
   129
   135
   199
    96
   179
   177
   107
     5
     0
     5
     0
     0
     1
   111
   221
   301
   133
    86
    61
    84
    88
   203
    98
   210
    36
   118
   114
   110
   104
   261
   108
     0
     5
     2
     1
     4
     8
    84
   143
   688
   400
    57
    75
    55
   113
    71
   143
    98
   174
    97
   203
   293
   213
   117
    98
     0
     4
     5
     0
     7
     1
   107
   272
   528
   131
   152
    76
    65
   172
    41
   251
    72
   110
   131
   105
   420
    88
    84
   278
     2
     1
     9
    12
     0
     7
    98
   270
   387
   287
    91
    48
   146
    95
   121
   243
    95
   177
   285
   276
   167
   145
   141
    99
     9
     6
     4
     4
     5
    12
    43
   389
   383
   309
    71
   146
   106
    76
   105
    68
   105
    87
    89
   168
    92
   165
   102
    63
     8
    10
    10
     3
     0
     1
   146
   148
   361
   322
    96
    68
    77
   117
   101
   158
    38
    62
    81
    54
   219
    59
    97
   103
     8
     7
    13
     4
    16
     1
   116
    70
   583
   330
   127
    83
    62
   309
    84
    62
   257
    50
   293
    39
   164
    56
    53
    77
     8
     0
     0
     9
     6
     0
    57
   395
   303
   203
    69
    50
    60
   139
    71
    50
    80
    69
   138
    88
   112
   261
   129
   133
    10
     3
     0
     9
     0
    14
    66
   195
   405
   304
    47
   142
   115
    73
    75
   140
    93
   149
    76
    95
   183
   243
    53
   161
     2
     7
     0
     7
     7
     8
   135
   171
   434
   198
    88
   298
   117
   240
    87
   304
   132
   152
    85
   194
   375
   372
   136
    85
     1
     0
     0
     5
     0
     7
   107
   184
   539
   263
    85
    82
   109
   124
    77
   115
   167
   112
    68
    96
   118
   649
   116
   136
    10
     1
     2
    12
     0
     7
   200
   261
   353
   180
    95
    80
    54
    51
    78
   192
   135
   125
    73
    91
   288
   206
   183
   179
     0
     0
     4
    20
     0
     0
   179
   283
   201
   183
   114
   199
    61
    94
    98
    76
   149
    87
   101
   139
   505
   348
    46
    99
     5
     0
     0
     2
     4
    14
    91
   180
   297
   212
    83
    85
    69
    44
   108
    84
    92
    91
    89
    51
   167
   150
    99
   106
     5
    14
     4
    13
     0
     0
    71
   151
   216
   316
    90
    61
    74
    73
    78
   115
   321
    67
    94
   219
    94
   356
   116
    89
     1
     4
     0
     2
     0
     0
   124
   150
   404
   203
    66
    73
   118
    92
    75
   110
    69
    73
    84
   193
    79
   157
    71
    76
     9
     1
     8
     2
     0
     6
    82
   322
   490
   287
   157
   117
    82
    87
   124
   114
   127
    72
    78
   149
   481
   194
    69
    98
    10
     8
     2
     7
     6
     4
   206
   237
   601
   267
    57
    81
   144
    82
   241
   104
   108
   235
   252
   179
   295
   431
   220
    94
     8
    17
    10
     7
     0
     8
   128
   223
   231
   176
   127
    72
    63
    90
    53
    78
    37
    91
    44
   276
   189
   276
    85
   124
     0
    11
     1
    10
     1
    14
   102
   276
   322
   133
    59
    53
   209
    41
   139
    63
    64
    76
   116
   202
   102
   298
   159
    99
     3
     7
     5
     0
     4
     2
    76
   177
   275
   191
   173
   100
   145
    62
    79
   115
   246
    83
   110
    75
   148
   152
    71
    63
     3
    10
     7
     1
     0
    15
    68
   209
   340
   165
   100
   108
   125
    80
    55
    74
    46
   207
   130
   288
   261
   136
    68
    72
    10
     3
    16
     0
     4
     4
    76
   292
   365
   124
   101
    86
    72
    39
   124
    92
    64
    61
   122
    69
   159
   192
   165
    67
    14
     8
     3
     2
     0
     7
   137
   151
   516
   247
    54
   216
   112
   146
    85
   151
   264
    94
    91
   285
   214
   167
    90
   120
     7
     0
     3
     4
     1
     6
   102
   397
   439
   357
   123
   217
   128
    75
   111
   221
   118
   153
    89
   135
   108
   208
   200
    75
     3
     0
     9
     7
     4
     3
    80
   192
   347
   397
   107
    56
   103
    65
    58
   128
    78
    38
   204
    99
   187
   192
    69
   201
     9
    12
     0
     3
    15
     2
    99
   308
   391
   293
    91
    94
    33
   100
    68
   237
    79
    55
    49
   314
   238
   342
    79
    87
     0
     0
     8
     0
     1
     7
   166
   260
   507
   139
    82
   138
    55
    88
   102
   111
    48
    52
   122
   112
   283
   100
    60
    91
     0
     0
     0
     8
     1
     3
    61
   292
   306
   156
    83
   100
   306
    97
   138
   156
   142
   117
    93
   176
   121
   191
    64
    84
     5
     9
    11
     0
     8
     0
   147
   147
   391
   323
    94
    96
    73
   139
    39
    66
   144
    61
    72
    94
   237
   406
    36
    99
     7
    11
     0
     0
    16
     8
   126
   371
   365
   272
   135
    54
   219
   162
   155
   147
   278
    78
   232
   127
   359
   230
   213
   178
     2
     2
     7
     2
     3
     1
   162
   254
   376
   465
    62
   211
   151
   119
    81
   140
    79
    82
   163
   103
   130
   143
    69
   102
     0
     7
     6
     4
     7
     5
    55
   212
   232
   269
    81
    96
    78
   192
    79
    54
   110
   119
    97
    80
   130
   257
    86
    77
     0
     8
     6
     0
     5
     4
   117
   293
   384
   222
    82
   145
    81
    51
   378
    71
   167
    73
   101
    78
   513
   402
   172
    68
     4
    13
     0
     6
     5
     2
    72
   280
   426
   218
    61
    89
   104
    64
    57
    47
   111
    52
    67
    70
   142
   272
    57
   198
     7
     6
     5
     8
     0
     5
    76
   280
   191
   126
   108
    93
    81
   107
    48
    96
   161
   133
   115
   201
   410
   172
   129
    51
     8
     3
     1
    10
    14
    13
    64
   257
   314
   127
   138
   124
    88
   229
    56
    94
   107
    57
   142
   140
   113
   132
    79
   105
     5
     0
     0
     2
     1
     3
   248
   230
   342
   232
   100
    64
    95
   108
   149
    73
    99
   108
    55
    90
   270
   132
   125
    77
     4
     5
     0
     3
     0
     2
   186
   457
   230
   350
    52
   110
   102
   108
    71
   124
   213
   134
    58
   171
   388
    99
   220
    69
     3
     4
     1
     9
     7
     0
   147
   259
   524
   160
   115
   104
   223
    72
    71
   106
   214
    51
    96
   305
    99
   120
   171
    46
     5
     0
     0
    19
     9
     0
    77
   232
   370
   229
    54
    59
   253
    67
   154
    49
   124
   159
    92
   114
   237
   271
   126
   118
     7
     0
    11
    11
     2
     1
    94
   296
   264
   369
    42
    58
   102
    67
   113
    36
    67
    91
    92
   296
   474
   145
    70
   126
     3
     0
     0
     0
     0
     7
    89
    71
   547
   204
    88
    86
    96
    55
    46
   125
    46
   117
    85
   110
   147
   228
   143
    75
     0
     3
     8
     1
     0
     3
   149
   263
   304
   201
    88
   336
    64
    66
    73
    73
   124
   194
   112
   112
   287
   241
   108
    65
     4
     5
     2
    13
     2
     0
   138
   223
   293
   265
    78
   109
   120
   101
    62
   162
    56
   112
   258
   145
   176
   162
   104
   110
     5
     1
     3
     1
     0
    10
   219
   351
   435
   422
   127
    47
   141
    82
   287
    60
    91
   172
   104
   237
   350
   118
   142
   104
     0
     6
     0
     2
     6
     4
    58
   285
   252
   221
    27
   121
   115
   139
    75
    98
    68
    77
    60
   132
    62
   290
   106
   124
     9
     6
     0
     0
     5
     2
   119
   338
   387
   436
    86
    45
    87
   181
    64
    99
    79
    96
   218
   229
   127
   120
    83
    68
     9
    16
     3
    15
     1
     0
   261
   228
   382
   138
    65
    90
   118
   132
    89
   122
   198
   105
    94
   122
   301
   148
   110
   108
     3
    23
     0
     1
     0
    12
   181
   340
   526
   372
   221
   173
    59
   234
   116
   258
    53
   110
    99
    63
    89
   105
   138
   108
     6
     7
     0
    10
     0
     0
    94
   249
   278
   316
    87
    89
   214
   217
    63
   121
   109
   200
    80
    81
   314
   130
   152
    66
     0
    15
     1
     4
     4
     4
   139
   163
   289
   493
   137
    70
    83
    87
   247
   165
   165
   119
   132
   267
   242
   323
   129
   123
     0
    10
     9
     3
     5
     6
   111
   319
   418
   341
    53
    81
    60
   294
   172
   219
    70
   250
   155
   266
   251
   193
   379
    76
     3
     2
    11
     9
     9
     0
    57
   271
   508
   135
    62
    82
   201
   174
   133
    44
   107
   332
   106
   221
   205
   203
    80
   101
     5
    18
     1
     1
     6
     6
   157
   250
   454
   260
   161
    75
    70
    93
    88
   120
    64
   225
   127
    90
   222
    90
   122
    68
     5
     7
     6
    11
    11
     0
   140
   238
   202
   231
   132
    93
   111
    90
    72
    72
    94
    79
   208
   203
    95
   310
    79
   157
    14
     5
    11
     0
     0
    15
   112
   319
   441
   266
    83
    71
    97
   155
   154
   227
    70
   136
    79
    78
   180
   148
   108
   111
    16
     8
    15
    13
     5
     3
   131
   376
   262
    90
    67
    90
   142
   143
   132
    63
    83
    70
   116
   112
   123
   232
    95
    65
     0
     7
     8
    13
     1
     0
   176
   216
   512
   275
    78
   132
    65
   109
   147
   233
    90
   182
    84
   163
   347
    88
   319
   166
     6
     9
     0
    14
    16
     0
    91
   195
   534
   285
    89
    62
   137
    76
   135
   238
   261
    76
   131
   123
   327
   290
   244
    80
     2
     4
     3
     0
     0
     1
    99
   226
   509
   257
    64
    61
    76
   141
    86
   163
    69
    82
   115
   112
   159
    55
    55
   271
     8
     9
     0
    16
    10
     0
   138
   347
   379
   294
    44
   114
   311
    85
    43
   132
    75
    92
    63
   160
   422
   142
    93
    62
     0
    11
     1
    27
     8
     2
   138
   289
   351
   263
   238
    77
    83
   195
    75
   162
    74
    94
    86
    72
   200
   195
    99
    87
     0
     3
     3
     7
     4
     0
    80
   363
   210
   160
    75
   155
   132
   169
    48
    97
   119
   136
    73
    82
   239
   365
   122
   113
     3
     4
     1
    12
    10
    12
    47
   172
   496
   481
   107
    80
    39
    78
   117
    96
   247
   103
    90
   392
   150
   253
    66
    75
     0
     0
    14
    11
     0
     0
    93
   248
   403
   445
   265
   138
   205
   111
   189
   111
   214
   123
   176
   187
   479
   104
   123
    92
    12
    16
     7
     4
     8
     4
   114
   353
   399
   385
   176
    66
   106
    97
   126
   199
   232
   242
    78
   232
   314
   243
   105
   122
     4
     0
     0
     8
    11
     8
   115
   308
   564
   270
    96
   119
    32
   197
    45
   107
   245
    62
   128
   136
    99
    87
   205
    50
     6
     1
     0
     2
     0
     0
    63
   377
   223
   336
   234
   154
    39
    77
    79
   124
   186
   147
   195
    60
   141
   202
    42
    89
     8
     8
     9
     4
    17
     0
   115
   278
   383
   417
    70
   281
    71
   136
   132
    85
    39
   139
   241
   244
   163
   177
   113
   122
     0
    19
     5
    12
     3
    17
    86
   264
   451
   253
   146
   167
    96
    84
    66
   111
    93
    50
    95
   197
   317
   142
    65
   135
     0
    15
     0
     8
     3
     9
   109
   198
   379
   278
    63
   100
    48
    79
   105
   117
   167
    68
    86
   403
    96
   264
    66
    93
     2
     2
     7
     0
    12
     3
    78
   390
   375
   263
   205
   111
    78
    65
   180
   110
   120
   276
   149
    88
   130
   254
    47
   104
    13
     2
    10
     4
    10
     3
   119
   349
   450
   390
    79
   235
   154
   168
   404
   249
    77
   153
   232
   447
   133
   188
   130
   131
     2
     1
     0
     0
     6
     0
    69
   343
   231
   224
   203
   109
   112
    95
    86
   329
   143
   148
    76
    73
   292
   242
   183
   122
    10
     8
     5
     0
     0
     3
   107
   264
   315
   229
   134
    93
   222
    41
   123
   224
   224
   130
    87
   135
    53
   304
    72
   143
     4
     3
     7
    17
     3
     0
   164
   235
   333
   341
   146
   150
   200
   260
   129
   144
   156
    95
    84
   221
   234
   639
    56
    84
     5
     4
    10
     7
     2
     0
    84
   354
   523
   263
   136
   115
    67
   113
   101
    70
    80
   103
   209
   315
   293
   266
    90
   115
    22
    14
     0
     7
     0
     0
   120
   289
   232
   103
    83
   159
   106
    59
   101
   451
    63
   115
   152
   287
   556
   222
    73
   185
     2
    10
    13
     4
    15
     0
   240
   379
   300
   386
   186
   118
   120
   242
   145
    76
   272
   138
   105
   114
   294
    54
    90
   126
     0
     1
     8
    13
     4
     1
   118
   154
   512
   467
   102
    84
   298
   144
   303
    89
   129
    52
   225
   333
   225
   183
    99
    59
    13
     3
    13
     1
     9
     0
   131
   406
   369
   315
   121
    77
    47
   194
    66
   135
   118
    76
    34
   188
   399
   169
   124
    53
     0
     3
     5
     1
     3
     0
   164
   244
   318
   339
    73
   108
   137
   125
    80
   259
   159
   156
   260
   332
   553
   335
    75
    95
     5
    10
     2
    17
     4
     4
   116
   156
   269
   296
   143
    71
   124
    84
   222
    67
   117
   125
   129
   102
   160
    63
   111
   114
     0
     0
    15
     0
    10
     0
     3
   111
   287
   385
   141
    50
    95
    72
    99
    67
   143
   146
   108
    53
   134
   122
   164
   123
   112
    13
     0
     7
     0
     4
     1
   109
   343
   477
   325
    74
   126
   108
    73
   115
    67
   121
    43
    81
    30
   472
   147
   102
   102
     5
     4
     6
     0
     0
    15
   171
   232
   364
   329
    78
   118
    91
   203
    62
    97
   146
   113
    77
   173
   484
   321
   101
   105
    18
     5
    10
     5
    10
    14
   103
   334
   222
   248
   198
   111
   317
   238
   138
   177
   313
   137
   168
   165
   133
   166
   300
   106
     8
     3
     0
     7
     0
     3
   128
   436
   413
   203
    57
   129
   100
    72
   254
    93
   114
    81
   158
   183
   132
   420
   106
    86
     0
     0
     8
     6
     0
     4
   122
   186
   116
   185
    90
   134
    71
    84
    93
   154
    92
   230
    63
    98
   249
   145
   148
   225
     3
     0
     0
     6
     4
     2
   198
   322
   597
   196
   121
    83
   109
    58
    72
    93
    69
    68
   130
   264
   172
   262
    77
   137
     8
     1
     5
     0
     2
     4
    92
   250
   375
   251
    98
   109
    96
    62
   113
   154
   122
    56
    58
    45
   146
    62
    30
    54
     0
     7
     2
     0
     7
     8
   195
   193
   380
   191
    60
   101
   102
    69
   201
    70
   114
   126
   143
   131
   260
   291
   115
    79
    15
     3
     4
     5
    10
     1
   111
   281
   691
   445
   101
    65
    93
   185
   132
   118
   133
   208
   102
   248
   173
   478
   228
   295
    12
     0
     4
     0
     4
     1
   132
   238
   346
   294
   174
    54
   147
    67
   128
   133
    92
    95
   160
   129
   233
   324
   202
   146
    13
    10
    10
     8
     9
     1
    84
    75
   217
   282
    64
    94
   229
    59
    69
   116
   114
    56
    93
   260
   170
    63
    74
    86
    14
     0
    15
     0
     7
    10
    90
   184
   383
   190
   113
   116
   132
    55
   111
    37
   102
   122
   109
    66
   246
   219
    88
   132
     5
     7
     0
     8
     0
    10
    75
   299
   350
   262
   148
    86
   143
    58
    87
   112
   370
   100
   158
   122
   186
   109
   111
   109
     0
    12
     0
     7
    10
     0
   172
   320
   426
   262
   104
   120
    55
    67
    82
    71
    73
   115
    90
   243
   131
   134
   117
    59
     8
     0
     3
     0
     0
     3
   112
   275
   224
   121
    62
   122
   106
   218
   120
    81
    84
   126
    86
    88
   135
   189
   162
    60
    12
     0
     5
     7
     8
     5
   177
   363
   463
   285
   135
   164
   110
   139
    86
   176
   167
    81
   226
   113
   223
   212
   156
    74
     1
     0
    13
     0
     9
    10
    73
   235
   418
   329
   202
    99
   124
   126
    59
   158
   149
   261
   147
   182
   156
   204
   158
   161
    10
     3
     9
    12
     9
    10
    92
   350
   421
   356
    72
    60
    54
   259
   128
    91
    68
   126
   105
    90
   365
   238
   114
    47
    13
     0
     9
     1
     6
     0
   105
   488
   400
   224
    66
    34
   107
    60
   111
    78
   169
    69
   103
   115
   319
   363
   126
   100
     4
     0
     0
     5
     4
    13
   174
   266
   263
   253
    62
    74
    75
   102
   108
   104
    66
    71
   231
   106
   449
   227
    85
   119
     0
     0
     3
     7
     2
    12
   126
   251
   589
   344
    62
   131
    97
    50
   120
   143
    64
    99
   298
   105
   164
   196
    45
    58
     4
     1
     0
     0
    14
     7
   110
   329
   556
   212
    65
   109
    91
    76
   140
   197
    95
    51
   107
   207
   205
   286
    85
   110
     0
     6
     4
     4
     5
     2
   139
   408
   471
   363
   182
   100
   139
   115
   186
   167
   114
    88
    94
   264
   467
   261
    90
    79
     7
     0
     0
    10
     7
     7
   134
   376
   481
   354
    92
   133
    65
   269
   104
   109
   211
   100
   203
   304
   414
   199
    85
    85
    14
     0
     6
     9
     1
     0
    78
   379
   449
   291
   149
    70
   100
   119
    67
    88
   102
   263
   139
   200
   256
   159
   134
    89
     8
     3
     3
     4
    17
     8
    98
   431
   548
   208
   101
   232
    94
   127
    66
    67
   136
   165
   113
   123
   118
   281
   157
   154
    15
     7
     0
     3
     7
     6
    52
   516
   488
   279
   127
   129
   110
   199
   120
   103
    90
    53
   247
   131
   394
   258
    79
    86
     0
     8
     9
     8
     1
    12
    90
   388
   180
   287
    79
   180
   105
   304
   178
   140
    81
   122
    84
   253
   132
   397
    89
    76
     0
    12
     1
     0
     0
     1
    98
   184
   524
   221
   181
   107
   191
    99
    60
    98
   278
    55
    99
    62
   123
   197
    94
   145
     8
    17
     6
     8
     6
     2
   242
   373
   214
   466
   296
   216
   146
    90
   139
   104
    93
   140
   128
   147
   145
   263
   107
   303
     3
     0
     2
    11
     0
     0
   146
   347
   387
   369
   107
   119
   156
   128
    99
   246
   111
   158
   227
   136
   213
   227
   163
   273
     7
     8
     0
    11
    13
     1
   189
   339
   484
   364
   101
   116
    86
   107
    83
   115
   113
   119
    84
   115
   398
   124
    45
    85
     0
     0
     0
     0
     0
     2
   126
   339
   418
   363
    59
    99
    93
    79
    74
   274
    62
   251
   134
   111
   156
   352
    58
   126
     5
     0
     9
     0
    13
     5
   169
   275
   709
   398
   101
   116
    99
   115
   116
   278
    89
   234
   105
   117
   224
   397
    92
    47
     1
     0
     0
     1
     6
     0
   154
   263
   394
   205
    70
   206
   106
    99
   123
    78
   166
   102
   252
    67
   302
   144
   128
    90
     0
     5
    16
     0
     3
     3
    94
   238
   382
   353
    96
   259
   119
   212
   103
   135
   140
    64
    59
    52
   481
    91
    51
    56
     0
     2
     8
     6
    15
     0
   154
   360
   538
   359
    96
   108
   103
   116
   279
   133
   143
   118
    77
   338
   221
   380
    80
   218
     0
    11
     7
     7
     0
     4
   165
   192
   486
   341
   184
   186
   148
    78
   135
   207
    99
   266
   107
   234
   313
   305
   105
    61
     8
    11
     0
     7
    10
    10
   116
   290
   145
   210
    57
   330
    95
    92
    93
   109
   155
    68
   139
   103
   161
   438
   137
    80
     9
     7
    16
     3
     2
     4
    98
   253
   298
   386
   316
   168
    69
   103
   229
    86
   239
    94
   108
   226
   289
   240
   105
   152
     3
    25
     3
    23
     0
     6
   131
   510
   309
   462
   131
   168
    67
   158
   122
    95
   251
   141
    98
   275
    94
   208
   167
    66
     0
     3
     6
     6
     8
     0
   173
   498
   434
   236
    63
    86
   110
    83
   164
    89
    60
   107
   236
   288
   137
   143
    57
    61
     1
     3
     4
     0
     3
    10
   132
   390
   589
   271
   104
    93
   104
   104
   109
   250
   139
   259
   132
    92
   307
   279
    87
   114
     4
    11
    13
     5
     8
    13
   139
   487
   378
   308
   108
   249
   276
   249
   145
   181
   115
   103
   235
    83
   428
   238
    90
   204
     1
     7
     5
     0
     5
     6
   180
   318
   317
   197
   140
   215
   175
   124
   122
    99
    87
   317
    98
    98
   302
   399
    82
    92
    16
    10
     0
    11
     4
     1
   138
   387
   289
   287
    97
   244
   113
   108
   259
   108
   128
    73
   181
    81
   266
   226
   145
   108
    17
     4
    13
     0
     0
     8
    75
   337
   322
   191
   123
    58
    76
   105
   161
    89
    82
   157
    54
   108
   170
   338
    92
    64
     6
     9
     0
    10
     4
    11
   154
   230
   544
   210
   167
   121
   118
   126
    91
   129
    76
   227
   111
   159
   499
   184
   143
    96
     0
     6
    21
     6
    13
     3
   203
   319
   694
   159
   170
    56
    90
    97
   151
    59
   138
    96
    61
   119
   160
   356
   110
    60
     0
     0
     4
     7
     1
     4
    82
   500
   380
   236
    42
    86
   270
    69
   106
   129
    71
   219
   114
   100
   190
   286
   126
    92
     2
     8
    14
     7
     1
     0
   219
   307
   604
   354
   171
   146
   109
   109
   101
   109
   217
    81
    83
   445
   468
   279
    86
    88
     7
    10
    19
     0
    17
     6
   154
   487
   389
   252
   118
   184
    83
   110
   354
   164
   251
    58
   251
   311
   250
   156
   170
   101
     2
    17
    13
     2
    10
     6
   106
   394
   445
   275
    70
   118
    82
   184
    69
    77
   141
   130
   144
   328
   204
   137
    66
   175
    10
     9
     0
     3
     0
     2
    89
   386
   400
   378
   102
    45
   122
    55
   153
    64
   189
   116
    94
   110
   422
   135
   128
    68
     1
     5
     0
     2
    10
     6
   173
   310
   488
   132
   124
   106
   147
    84
   179
   100
   246
   125
   297
   232
   246
   142
    78
   107
     5
     7
     7
     3
    16
     0
   211
   341
   562
   279
   124
    67
   190
   130
   141
    54
    91
    83
   127
   118
   297
   283
   145
    88
     0
     0
    13
     3
    10
     0
    40
   157
   480
   247
   117
   356
   155
   100
   102
   103
   106
   174
   151
    99
   394
   256
    88
   134
     4
     7
     0
     6
     9
     5
   296
   480
   669
   456
   185
   135
   165
   172
   175
   112
   317
   141
   111
   314
   100
   445
   148
   147
     3
     9
     7
     1
     2
     3
   161
   128
   718
   172
   105
   137
   367
   100
   588
   204
   303
   244
   167
   107
   173
   161
   111
   129
     0
     7
    13
     5
     0
    11
    85
   280
   406
   157
   103
    68
    46
    39
   113
   106
   241
    99
   100
   312
   196
    96
   104
     0
     0
