    15
     1
     0
     0
     0
    19
    58
   202
   109
    14
    31
    72
    11
    35
    32
    28
    33
    32
    81
    13
    59
    21
    59
     0
     0
     0
     0
     0
     0
    29
   108
    87
    66
    14
    14
    16
    14
    19
    20
    14
    15
    30
    16
    15
    19
    17
    11
     0
     0
     0
     8
     0
     0
    24
   101
   147
    66
     4
    24
     0
    63
    31
    15
    17
     6
    35
    15
    23
    20
    62
    55
     0
     0
     0
     0
     2
     0
    17
    12
    97
    72
    85
    31
    53
    25
    67
    22
    33
    25
    17
     2
    15
    77
    29
    23
     0
     0
     0
     0
     0
     0
    16
   188
    75
    14
   110
    39
    10
    35
    13
    15
    24
     4
    12
    57
   165
    15
    34
    91
     1
     0
     0
     0
     1
     0
    28
   132
    94
   117
    14
    36
    32
    83
    86
    14
    44
    78
     7
    44
    71
    60
    74
    32
     0
    11
     0
     0
     0
     9
    86
   160
   113
    53
     1
    22
    24
    30
    31
    27
   234
    10
    39
    36
    18
    55
    36
    55
     0
     0
     2
     0
     0
     0
    22
    23
   126
    24
    32
    55
    31
    53
    12
    14
    34
    51
    23
    14
    41
    66
    11
    15
     0
     0
     0
     0
     0
     0
    32
   121
   173
    59
    18
    18
    23
    52
    22
    36
    72
    15
    25
    25
    34
    93
    34
    70
     7
     1
     0
     0
     0
     0
    32
   137
    50
    12
     7
    23
    33
    80
    26
    29
    21
    44
    47
    58
    15
    32
    45
    69
     0
     0
     1
     0
     4
     0
    54
   128
    23
    72
    46
    46
    19
    22
    33
    38
    27
   170
     5
    19
   112
    46
    19
   161
     0
     0
     0
     0
     0
     0
    16
    69
    48
    77
    13
    13
    19
    59
    14
    35
    63
    15
    11
    32
   116
   242
    53
    42
     1
     6
     2
     8
    11
     0
    30
   218
    95
    83
    10
    39
    94
   112
    27
    14
    46
    26
    67
    28
    26
    26
    77
    35
     0
     0
     7
     0
     2
     8
    21
     4
    55
   110
    53
    36
    28
    23
    19
     4
    16
   155
    35
    56
   105
   176
    67
    42
     0
     0
     0
     0
     0
     0
     6
    51
   170
   224
     8
    14
    32
    60
    48
    54
    13
    31
    28
    16
    77
    80
     8
    22
     0
     0
     0
     0
     0
     0
    15
   151
   134
     9
    23
   185
    28
    11
    11
    16
    54
    11
    90
    29
    23
   105
    46
    66
     0
     0
     5
     0
     0
     0
    15
   252
   108
    24
    29
    29
    61
    12
    20
    34
    11
    22
    11
    31
    25
    64
    54
    52
     0
     0
     0
     2
     7
     1
    20
    62
    52
   215
    22
    32
    38
    15
    23
    10
    23
    72
    84
    26
    66
    22
    18
    33
     0
     0
     0
     0
     4
     0
    40
    43
   108
   136
     8
    14
    13
    24
    10
    23
    25
    33
    71
    13
   103
    57
     3
    16
     1
    14
     1
     1
     0
     0
    29
    89
   147
    76
    24
    61
    15
    38
    58
    69
    22
    74
    45
    49
    22
    64
    20
    29
     0
     0
     0
     0
     0
     0
    28
    57
   236
    79
    12
    38
    78
    47
    53
    48
    16
    28
    32
    19
    33
   103
    25
    39
     0
     0
     0
     0
     0
     0
    21
   109
   109
   208
     5
    30
     9
    29
    47
    18
    27
    21
    64
    20
   102
   172
    24
     4
     4
     0
     0
     0
     0
     0
    25
   224
   113
    13
    12
    63
    52
    28
     4
    18
    18
    75
    27
    21
    15
   107
    73
    81
     2
     6
     0
     0
     0
     0
    23
    56
    11
    22
    25
    20
    80
    16
    44
    37
    13
    10
     9
    34
    14
    64
    39
    21
     6
     0
     6
     0
     0
     0
    14
   201
    39
     9
    26
    19
     9
    57
    22
    60
    33
    13
    11
    67
    70
    75
     9
    63
     9
     0
     0
     3
     0
     0
    17
    14
    17
   143
    28
    32
     6
    23
    13
    25
    11
    15
    28
    16
    62
    61
    17
    24
     7
     2
     3
     7
     0
     0
    88
    61
   129
    51
    39
    92
     1
    13
    40
    22
    40
    68
    13
    10
    27
    68
    34
    24
     0
     2
     0
     0
     0
     0
    16
   106
   169
   163
    14
    52
    46
    19
    20
    10
    21
    15
    39
    27
    22
    30
     8
    25
     0
     0
     6
     0
     4
     0
    22
    16
    69
   140
    29
    15
    28
    27
    35
     8
    23
     7
    20
    34
    19
    91
    11
     9
     0
     0
     0
     0
     0
     0
    63
    48
   138
    53
    19
    39
    35
    24
   153
    31
    29
    25
    36
    73
   108
    37
    29
    12
     3
     0
     0
     1
     5
     4
    17
    74
    57
   137
    50
    16
    11
     2
    24
    94
   104
    71
    12
   159
    17
   100
    35
    80
     0
     6
     0
     2
     0
     2
    51
    55
   109
    66
    36
    11
    50
    44
    21
    37
    12
    17
    37
   165
    48
   104
    35
    12
     0
     2
     0
     0
     1
     8
    21
   251
   157
   136
   169
     1
    20
    29
     8
    24
    30
    12
    12
    59
    74
   156
    42
    16
     0
     3
     0
     5
     2
     8
    26
   144
    84
   100
    17
    17
    25
    14
    53
    27
    23
    17
    36
    25
    15
    39
    30
    20
     6
     0
     0
     0
     5
     0
    19
    67
   129
    45
    22
    38
    16
    16
    82
    17
   102
    20
    15
    29
   163
   120
   116
    48
     0
     0
     0
     0
     0
     0
    78
   109
   183
    41
    44
   153
   100
    22
    16
    26
    22
    15
    12
    33
    24
    21
    20
    12
     0
     5
     0
     0
     0
     9
    43
    71
    61
   128
    17
    23
    95
    12
    29
    26
    49
    10
    29
    35
    43
    55
    40
    22
     3
     0
     2
     0
     0
     0
    26
   150
    74
    14
    12
    19
    21
    11
     7
    28
    15
   163
    18
    16
    12
     9
    84
     4
     0
     0
     7
     0
     7
     0
    14
    14
   191
    19
    42
    33
    18
    15
    11
    16
    42
     5
    61
    28
   110
    13
    27
    40
     7
     4
    17
     0
     6
     0
    24
    25
    35
    15
    84
    20
    26
     8
    22
     6
    19
    11
   163
    52
    35
    76
    13
    22
     7
     7
     0
     5
     1
     2
    69
    25
    29
   185
    25
    29
    51
    54
    35
    43
    40
    32
   241
    30
    17
   108
   102
    32
     0
     0
     0
     1
     0
     0
    31
    57
   140
    93
    19
    20
    39
    13
    29
    35
    82
    20
    31
    27
    67
    42
    80
    21
     0
     0
     0
     0
     0
     0
    60
   102
   155
    89
    22
    19
    27
     8
    23
    23
    43
    18
    30
    42
    17
    30
    64
    27
     6
     0
     0
     9
     0
     6
    17
    58
   168
    14
    43
    48
     9
    11
    34
    14
    13
    33
    82
    77
    53
    12
    23
    16
     0
     0
     0
     0
     0
     0
     6
    62
   150
    97
    66
    38
     5
     1
    17
    27
     6
     8
    21
   148
    46
    25
    14
    27
     0
    18
     7
     0
     8
     1
    12
    25
   104
    21
    15
    23
    39
    32
    61
    24
    16
    21
    22
    21
    38
    20
    31
     0
    11
     0
     0
     0
     0
     1
    57
    11
   115
    11
    15
    35
    12
    31
    56
    11
    22
    30
    28
    76
     8
    10
    18
    48
     1
     0
     0
    14
     0
     0
    20
   108
   148
    77
    30
    27
    29
    54
    42
     8
   199
    32
    24
    30
   124
    76
     8
    27
     3
     0
     0
     0
     0
     0
    65
    93
   106
    61
   101
    10
    35
    17
    43
    92
    39
    16
    25
    34
    84
     9
    25
    21
     0
     0
     0
     0
     0
     1
    21
   187
   190
   242
    29
    46
    37
    25
    57
     8
    61
    19
    54
    16
   226
    80
    40
    75
     0
     5
     4
     5
     0
     0
    14
    86
   139
    99
    53
    21
    33
    57
    21
    39
    45
    16
    59
   105
   146
    27
    19
    22
     0
     0
     0
     0
     0
     7
    62
   199
    13
    85
    28
    17
   157
    28
    24
    44
    22
    16
    20
     7
    72
    66
    24
     8
     2
     5
     4
     0
     0
     7
    17
    16
   150
    64
    24
    63
    21
    14
   166
    37
    32
    22
    14
    25
    47
    18
    22
    23
     2
     2
     0
     0
     7
     0
    21
   101
   141
   143
    56
    12
     5
    21
    27
    29
     9
    22
    17
   170
   100
    54
    30
    32
     0
     7
     0
     9
     5
     0
    32
    50
   218
   168
    40
    21
    14
    30
    40
    14
    20
   108
    34
    72
    20
    27
    10
    18
     0
     1
     7
     0
     0
     5
    52
    56
    64
    57
    12
    14
    31
    34
    42
    54
    34
    10
    29
    19
    27
   113
    28
    13
     0
     0
     0
     0
     0
     0
    23
   103
    75
   117
    18
    11
    32
   283
    36
    17
    15
    59
    22
   109
    69
    16
   105
    13
     0
     0
     0
     0
     4
     2
    21
    72
   211
    94
    13
    19
    39
    18
    46
    53
    38
    41
    39
    18
    15
    57
    22
     5
    16
     0
     0
     0
     0
     0
    59
   107
   232
    50
     7
    10
    79
    36
    13
   286
    17
   161
    19
    22
    10
    42
    11
    30
     0
     0
     8
     6
     0
     4
    25
    22
   100
   151
    33
     8
    24
    10
    29
    76
    15
    29
    73
    25
    72
   162
    17
    13
     0
     0
     0
     0
     0
     0
    20
   107
    83
    30
   108
    23
    37
    21
    26
    32
    18
    14
    65
   235
    85
    55
    62
     9
     0
     0
     7
     0
     0
     0
    80
   122
    68
    27
    27
    68
    67
    20
    28
    15
    29
    10
    21
    95
    93
    16
    32
     4
     0
     0
     3
     0
     6
     0
    77
    26
   101
   189
    28
    49
    15
    43
    75
    61
     5
    38
     6
    40
   182
    37
    45
    94
     0
     0
     3
     4
    11
     0
    63
    88
    45
   139
    23
    13
    13
     7
    61
    24
    27
     6
    12
   173
    29
    60
    26
    23
     3
     0
     3
     0
     0
     0
    70
   110
   113
    75
    31
    35
    20
    10
     7
    23
    23
    35
    55
     5
     9
    59
    32
    42
     0
     0
     0
     0
     4
     3
    45
   136
    56
    26
    15
    32
    63
    10
    45
    13
    19
    22
    32
    59
   162
    72
    31
    18
     0
     0
     0
     3
     0
     0
    28
    73
   133
    52
    48
     4
    29
    40
    22
     8
    15
     7
    28
    37
    68
    29
    11
    10
     0
     0
     5
     0
     0
     7
    34
   103
    39
   104
    59
    52
    22
    14
    14
    35
    28
    22
    16
    70
    38
    51
    25
    21
     1
     0
     2
     7
     5
     0
    19
    99
   220
   140
    16
    22
    30
    64
     8
    38
    25
    50
    33
    25
    14
   222
    56
    42
     0
     0
     0
     2
     1
     0
    23
   132
   208
   113
    24
    34
    15
    43
    14
    23
    38
    36
    19
    62
    61
   160
    44
    25
     4
     0
     0
     0
     0
     0
    67
    56
    93
    39
    34
     8
    18
    20
    18
     0
    32
    15
    21
    59
    96
    58
    11
    61
     0
     0
     3
     0
     0
     0
    15
   104
   180
    28
    17
    26
    27
    18
    12
    72
    23
    37
     4
    16
   113
    70
    15
    19
     1
     0
     0
     0
     0
     8
    46
   127
    20
    54
    11
    23
    34
    34
    61
    21
    23
    33
    16
     5
    17
    37
    27
    21
     3
     0
     3
     0
     2
     0
    13
   131
    48
    71
    18
    29
    12
    12
    20
    49
    67
    64
     7
    26
     5
    35
    46
     0
     0
     0
     0
     9
     0
     0
    76
    74
   100
    84
    36
    80
    21
    12
    26
     3
   169
    74
     9
     5
    53
   242
     8
     7
     0
     0
     0
     6
     0
     0
    73
   111
    72
    75
    32
    48
    35
    27
   163
    79
    22
     7
    75
    42
     4
    30
    35
    27
     0
     0
     0
     0
     0
     0
    73
    76
    67
    42
    26
    52
    30
    29
   210
    40
    12
    36
    30
    71
   105
    24
    25
    16
     0
     2
     0
     5
     0
     3
    65
    25
   170
    69
    23
    31
    47
    54
    16
    13
    69
    66
    15
    51
   275
    64
    41
    43
     7
     0
     0
     4
     0
     0
    21
    69
   304
    87
    25
    12
    72
    36
    22
    22
    16
    21
     3
     9
    38
    36
    20
    14
     0
     9
     0
     0
     0
     0
    34
    29
   161
    61
    81
    38
    12
    39
    93
    12
    18
    15
    25
   104
    13
    64
    10
    14
     5
     0
     0
     0
     0
     0
    17
    11
   109
    50
    70
    27
     5
    16
    26
    67
    28
    13
    12
    33
    11
    52
    17
    63
     0
     0
     0
     2
     2
     0
    22
    72
    68
    85
    15
    21
    28
    21
     7
    17
    28
    52
    46
    19
    58
    13
    73
    52
     0
     0
     0
     0
     0
     8
    67
   100
   110
   184
    26
    33
    59
    37
    15
    45
    16
    51
    22
   185
   115
    63
    45
     9
     0
     0
     0
     0
     8
     2
    37
   176
   109
    85
    31
     9
    23
    41
    34
    14
    27
    36
    32
    48
    29
    53
    44
    28
     2
     0
     0
     0
     0
     0
    17
    43
    96
    60
    10
    15
    21
    12
    19
    67
    43
    25
    23
    23
    19
    26
    36
     8
    19
     0
     0
     0
     4
     0
    74
    54
    57
    58
    63
   175
    22
     6
    21
    34
    26
    22
   169
    14
    31
    42
    17
    25
    10
     0
     0
    10
     0
     0
    82
   146
   146
    60
    47
    23
    24
    10
    30
    51
    14
    20
     4
    15
   211
    55
    21
    26
     0
     0
     0
     0
     3
     0
    57
   100
   193
   188
    33
    58
    12
    13
    49
    25
    59
    31
     6
    57
    68
    13
    22
    28
     4
     4
     0
     2
     0
     0
    34
    40
   180
    47
    18
    16
    58
     5
    23
    15
    14
     7
    68
    31
    16
    64
    78
    30
     0
     0
     0
     0
     8
     0
    15
    33
   127
    20
    36
    36
    32
    27
     7
    31
    32
    33
    39
    30
   100
    98
    24
    15
     3
     0
     0
     0
     0
    32
    69
   125
    94
    48
    22
    47
    14
    47
    38
    29
    20
    65
    26
    56
    81
    25
    40
     0
     0
     0
     0
     0
     0
    33
    48
    89
   148
    22
    22
    18
    15
    16
     9
    61
    41
    40
    26
    27
    97
    26
    26
     0
     0
     2
     6
     5
     0
    21
    12
    35
   174
    41
    21
    48
     4
    35
    20
    37
    27
    42
    61
    28
   166
    35
    16
     7
     0
     0
     2
     0
     0
    24
    96
    63
   118
    67
    15
    17
    35
    14
    25
    18
    19
     8
    40
    17
    22
     6
     7
     6
     0
     2
     0
    11
     0
    24
    20
    36
   112
    26
    24
    32
    81
    30
    17
    10
    19
    40
    67
    22
    11
    32
    24
     2
     1
     0
     0
     0
     0
    22
    71
    78
    22
    12
    29
    43
    17
    32
    41
    15
    21
    21
    94
   151
   187
    21
    21
     0
     0
     0
     0
     8
     0
    58
    19
   202
   120
    16
    17
    22
    62
   160
    19
    43
    29
    41
    40
    41
    71
   137
    34
     0
     0
     0
     0
     0
     0
    21
    98
   187
   157
    55
    46
    34
    39
    40
    25
    64
    30
   158
    18
    71
    49
   156
    29
     0
     0
     0
    11
     0
     0
     0
    46
    63
   105
    55
    27
    25
    20
    18
    16
    85
    31
    20
    15
   208
    41
    25
    16
     2
     4
     7
     0
     0
     0
    79
     4
    70
   107
     9
    15
    34
    33
    16
    21
    44
     9
    73
   169
   158
    86
    29
    23
     0
     0
     0
     4
     4
     7
    39
    22
   130
    65
    57
    17
    18
     4
     4
    29
    24
    52
     7
    25
    25
    13
    16
    25
     0
    11
    15
     0
     0
     0
    19
     2
    57
    80
   183
    54
    39
    14
    30
    49
    25
    12
    32
    10
    29
    26
    19
    29
     1
     0
     4
     0
     8
     0
    30
    96
   132
    24
    25
    19
    34
    14
    70
    13
    27
    49
    16
    69
     9
   100
    64
    64
     0
     0
     3
     5
     0
    10
    71
    77
   179
    27
    31
    28
    31
   110
    54
    23
    27
    21
    36
    46
    55
   169
     3
    33
     0
     0
     0
     0
    13
     2
    35
    25
   295
   115
    31
    34
    48
    69
    22
    17
    11
    81
    54
   174
   157
    13
    41
    21
     1
     0
     0
     4
     0
     3
    35
    83
    37
    62
    18
    20
    43
     7
    55
    15
    16
    13
   190
    57
    12
    13
    21
     5
     0
     0
     0
     5
     0
     0
    20
    64
   134
    75
    35
    48
    25
    20
    38
    21
    32
    33
    23
    46
    65
    66
    18
    29
     0
     0
     3
     0
     0
     9
    22
    66
    20
   109
    35
    24
    21
     9
    41
    19
    25
    17
     9
    83
    60
    47
    12
    34
     0
     0
     0
     0
     0
     8
    56
    66
    24
    64
   166
    10
    26
    14
    40
    36
     4
    52
    28
    12
    18
    31
    20
    41
     0
     0
     0
     3
     9
     0
    36
   115
    76
    12
    18
    21
     8
    23
    98
    39
    17
    11
    22
    10
    64
    54
    60
    27
     0
     0
     0
     8
     1
     0
    35
   132
   206
    48
    56
    28
    31
    23
    26
    70
    32
    23
    74
    41
    59
    19
    70
    13
     0
     0
     5
    11
     6
     9
    11
    72
   277
   118
    17
    54
    44
    30
    28
   188
    28
    22
    73
    63
   120
    51
    35
    28
     0
     0
     0
     0
     0
     0
    11
    73
    87
    64
    33
    10
    13
    14
     7
     6
    80
    36
    73
    59
    26
    15
    38
     7
     0
     1
     0
     0
     5
     0
    30
   127
    94
    70
    20
    26
    20
    15
     7
    27
     9
   164
    59
    20
    13
    10
    12
    28
     0
     0
     3
     5
     0
     0
    70
    42
    88
   110
     0
    10
    31
    70
    30
    15
    16
    53
    32
    34
    14
    57
    15
    12
     5
     0
     0
     0
     1
     0
    36
     6
    29
    62
   100
    57
    18
    19
    32
     0
    40
    20
    31
    67
    22
    31
    31
     6
     0
     0
     1
     5
     0
     3
    20
    39
    95
    87
    53
    13
    17
    28
    28
    20
    21
    20
    75
    12
    68
    96
    22
    16
     0
     0
     5
     1
     0
     0
    24
    41
   153
    46
    24
    57
    33
    29
    25
    12
    42
    59
    24
   151
   169
    31
    31
    20
     0
     1
     0
     2
     0
     0
    27
    54
   100
   128
    33
    18
    48
    65
    53
    36
    61
    21
    19
    62
   171
   103
    26
    17
     0
     0
     0
     0
     0
     0
    70
     6
    82
    94
    10
    13
    12
    13
    47
    49
    20
    33
    24
    30
    30
   194
    17
    83
     0
     0
     0
     1
     0
     2
    25
    15
    87
   154
    92
    22
    19
    25
    10
     9
     8
    82
    22
    15
    88
   155
    27
    29
     5
     4
     0
     0
     0
     0
    25
    76
   137
    63
    62
    27
    12
     8
    45
     6
    73
    19
     8
     9
    62
    24
    19
     9
     0
     2
     0
     8
     1
     0
    24
    86
   123
    77
    26
    24
    36
    33
    27
    10
    11
    59
    25
    51
    55
    82
    28
     6
     0
     0
     0
     0
     0
     4
    25
    37
    43
    23
    32
    16
     7
    35
     8
    22
    42
    15
    13
    25
    67
    26
    28
    23
     0
     3
     0
     0
     0
     0
    65
   107
    10
   224
    32
    19
    64
    13
    37
    42
     9
    35
    18
    25
   260
    46
    13
    22
     1
     7
     5
    10
     0
     5
    59
   141
   220
    52
    29
    30
    80
    36
    38
    67
    11
    39
    55
    29
     8
   119
    49
    23
     7
     1
     0
     0
     0
     6
    93
   100
   182
    32
    20
    19
    20
    55
   154
    39
    36
    33
    47
    56
    73
   133
    36
    19
     0
     0
     0
     0
     0
     0
    32
    64
    93
    53
    63
   146
    14
    30
    27
    20
    17
    51
    30
    30
    67
    33
    22
    20
     0
     0
     0
     9
     0
     0
    16
    20
    95
   111
    26
    50
    18
    35
    49
    20
    22
    30
    58
    10
    18
    52
     7
    16
     0
     0
     0
     3
     0
     0
    31
   138
    93
    34
    23
    21
    51
    14
    15
    34
    22
    15
    33
    51
    11
    81
    23
    18
     4
     0
     0
     5
     0
     0
    20
    85
    15
    70
    38
    15
    58
    22
    33
    41
    28
    57
   166
    20
    22
   102
     0
    30
     6
     0
    11
     0
     0
    15
    43
    73
    36
    63
    37
    33
    14
    15
    20
    16
    33
    21
    19
   162
    67
   109
    14
    35
     0
     0
     0
     0
     0
     4
    39
   122
   147
   151
    27
    24
     7
    13
    22
    23
    42
    25
    77
    32
    35
    60
    21
    32
     6
     0
     0
     0
     0
     0
    74
   112
    60
    33
    12
    12
    15
    13
   112
    32
    24
    14
    49
     4
    29
    64
    30
    20
     0
     0
     0
     0
     5
     0
    23
    19
    89
   148
    29
    51
    24
     8
    25
     4
    24
    16
     8
    60
    23
    42
    22
    15
     7
     0
     0
     0
     0
     8
    31
    17
   140
   172
    63
    16
    20
    35
    22
    17
   105
    10
    27
   149
    30
    21
    16
    17
     0
     0
     3
     7
     0
     1
    22
    63
   240
    20
    29
    17
    31
    31
    30
     7
    10
    57
    16
   169
    15
     8
    54
    17
     0
     0
     0
     4
     0
     0
    13
    92
    47
    61
    70
    63
    48
    29
    68
    20
    19
     7
    16
    75
    30
    23
    37
    17
     0
     0
     0
     0
     0
     1
    24
   127
    60
    27
    42
   160
    24
    23
    20
    30
    45
    55
    36
    39
    62
    43
    20
    18
     7
     0
     9
     0
     0
     4
    65
    56
    64
   132
    21
    30
    70
   159
     9
    10
    96
    35
     9
   152
    68
    91
    46
    23
     0
     0
     0
     0
    10
     8
    12
    40
   129
    71
    38
   152
    18
    19
    42
    25
     4
     6
    24
     7
    94
    57
    25
    34
     0
     0
     0
     0
     0
     0
    18
    48
    93
    72
    44
    13
    19
     8
    72
    40
    19
    26
    51
     6
    18
    52
     6
    26
     0
     9
     6
     0
     0
     0
    17
    63
    59
    63
    48
    20
    20
    11
    27
    29
    16
    16
    41
    29
   157
   101
    35
    15
     0
     0
     0
     0
     0
     0
     9
   182
    19
    68
    18
    55
    18
     3
     2
    28
    57
    24
    16
    65
    93
   150
    28
    21
     0
     3
     0
     0
     0
     2
    13
    28
   175
    17
    15
    14
    29
    27
    21
     9
    14
    37
    35
    20
   164
    23
     2
    27
     4
     0
     3
     0
     7
     0
    20
     8
   237
    13
    51
    26
    33
    45
    19
    21
   166
    16
    16
    84
    13
    35
    41
    21
     0
     0
     0
     4
     0
     0
    28
   109
   166
   139
    31
    27
    12
    31
    28
    21
    54
    21
    63
    23
   322
    96
    17
    71
     1
     0
     0
     0
     0
     9
    42
    80
   153
    48
    18
    39
    17
    21
    21
    50
    30
     8
    31
    11
    95
   295
    68
    24
     0
     0
     0
     7
     1
     0
    34
    15
    93
     7
    17
    46
   135
    74
    35
    35
    33
    13
    10
    16
   206
   104
    46
    71
     0
     0
     0
     0
     0
    15
    12
    18
    15
    18
    41
    15
    35
    28
    32
    26
    26
    10
     1
    16
     7
    64
    33
    36
     0
     0
     0
     0
     1
     5
    45
    78
    57
    85
    23
    20
    29
   165
    64
    28
   131
     3
    12
    46
   128
    11
    10
    49
     0
     0
     0
     0
     2
     0
    21
     8
    53
   140
    15
    36
    29
    37
    11
    13
    35
    67
    18
    21
    17
   101
     9
    27
     0
     0
     0
     0
     2
     8
    29
   151
   193
    17
    36
    23
   167
    18
    29
    22
   105
    56
     8
    24
    28
    61
    14
    56
     0
     0
     7
     0
     0
     2
    33
    34
    69
   147
    20
    16
    15
    97
    18
     9
    11
    28
    75
    17
   120
    25
    25
    16
     0
     0
     4
     0
     0
     5
    29
    20
   131
    50
    23
    37
    16
    13
    15
    12
    14
    15
     9
    14
   159
    10
    17
    13
     0
     0
     0
     0
     0
     0
    27
    94
    96
    67
    42
    38
    12
    21
    15
    15
     7
     6
     4
    11
    29
    87
    17
    27
     1
     0
     0
     0
     4
     0
     6
    54
   114
     3
    17
    16
    60
    25
    28
    48
    83
    18
    51
    57
   152
    16
    25
    15
     2
     0
     0
     0
     0
     0
    31
    12
   128
    11
    13
    16
    19
    18
     8
    26
    12
    14
    45
    18
    73
    23
    39
    28
     0
     0
     0
     5
     2
     0
    29
   140
    61
    18
    20
    44
     7
    37
    56
    11
    12
    18
    22
    33
   106
    66
    12
    19
     0
     0
     1
     0
     7
     3
    26
    74
    95
   139
    73
    49
    23
    25
    19
    14
    31
    44
    27
    20
   155
    81
    46
    48
     0
     0
     0
     0
     0
     1
    20
    77
   122
    99
    34
    60
    21
     8
    68
     3
    16
    80
    20
    43
    67
    20
    14
    15
     2
     0
     3
     1
     0
     0
     9
    75
    58
     8
    24
    13
    57
    48
    16
     1
    38
    15
    82
     4
    43
    50
    13
    38
     0
     0
     6
     1
     7
     0
    25
    54
    92
    25
    56
    12
     6
    29
    20
    22
    26
    65
    52
     9
    67
     5
     4
    38
     0
     0
     2
     3
     0
     5
     6
    25
    61
    30
    25
    13
    46
     6
    14
    18
    10
    44
     9
    17
    25
   312
     9
    14
     0
     6
     0
     0
     0
     0
    30
   176
   178
    89
    31
    20
    22
    10
    14
    19
    21
    10
     5
    25
   130
    24
    30
    31
     0
     0
     0
     3
     0
     5
    23
    29
   205
   102
    28
     8
     1
     9
    43
    19
    43
    13
    14
     7
    52
    27
    19
     1
     0
     0
     0
     0
     0
     3
    38
   102
   207
     9
    55
   147
    19
    21
    38
    53
    29
    84
   149
     8
    27
    36
     8
    11
     0
     1
     0
     0
     5
     0
    91
    63
    67
    93
    24
    30
    31
    38
    24
    21
    37
    17
    38
    12
    16
   109
    32
    13
    19
     0
     0
     0
     0
     0
    20
    74
   155
    29
    26
    98
    48
    31
    53
    32
    14
    20
    26
    58
     2
    33
    21
    64
     0
     0
     0
     0
     0
     0
    31
   100
    55
    49
    19
    49
    56
    30
    14
    14
    19
     5
    12
    28
     8
   148
    23
    14
     0
     0
     8
     7
     0
     0
    22
    14
   138
   186
    88
    14
    52
    18
    59
    45
    23
    19
    22
    12
   114
    53
    20
    17
     0
     0
     0
     0
     0
    13
    20
    70
    60
   123
    26
    25
    21
    27
    10
    12
    23
    15
    22
    69
     7
    62
    15
     2
     0
    13
     0
     2
     0
     0
    48
    50
    68
   103
    65
    14
    50
    18
    15
     3
    10
     8
     6
    15
    15
    12
    33
    13
     8
     6
     0
     3
     0
     0
    58
    24
   155
    47
    64
    67
    53
    23
    16
    85
     1
    38
    62
   185
    60
    18
    15
    55
     0
     0
     1
     0
     0
     0
    26
    27
   105
    41
    52
    45
    61
     4
     9
    21
    18
    20
    68
    20
    20
   246
    55
    30
     6
     2
     0
     0
     0
     2
    18
    50
    53
    61
    28
    13
    14
     4
    39
    25
     9
    13
    16
     8
   214
    31
    27
    34
     0
     0
     0
     0
     6
     0
    55
    86
   101
    57
     4
     9
    27
     7
    31
     8
    10
    38
    56
    72
    54
     3
    48
    34
     0
    10
     4
     0
     3
     0
    61
    70
     6
    79
    11
    15
   162
    14
     3
    11
   100
     9
    19
    34
    54
   240
    49
    12
     0
     0
     0
     0
     0
     0
    11
    48
    29
   103
    11
    21
    13
    15
    14
    19
   154
    15
    64
   117
    61
    11
    32
    25
     0
     5
     0
     0
     0
     0
    66
    17
    11
     6
    14
    29
    16
     6
    56
    20
    12
    17
    18
    32
     8
     4
    13
     6
     0
     0
     0
     0
     0
    11
    12
    38
    37
   134
    12
    21
    16
    18
    31
    19
    32
    27
    10
    36
    45
   118
    16
    14
     0
     0
     0
     4
     0
     0
    23
    65
   105
   103
     9
    35
    32
    31
    22
   146
    11
    12
    29
    26
   337
    68
    28
    44
     0
     0
     0
     0
     0
     0
    10
    12
   275
    27
    22
    11
    54
     7
    11
     7
    20
    32
    23
    21
    27
    18
    15
    22
     0
     0
     0
     0
     0
     2
    31
    89
   111
    45
    24
    22
    22
    14
    53
    33
     6
    17
    86
    21
    97
    46
    35
    22
     0
     0
     0
     0
     1
     0
    20
   159
   108
    92
     6
     9
    12
    24
    14
    55
   170
    55
    10
    28
    60
    10
     1
     7
     0
     8
     0
     0
     0
     0
    11
    84
    17
   173
    38
    11
    10
    48
    25
    11
    57
    17
    15
    16
     3
    51
     7
     8
     0
     0
     0
     0
     0
     0
    27
    18
    56
    12
     9
    16
    18
    12
    29
     8
    20
    11
     9
    17
    68
    29
    22
    20
     1
     0
     0
     4
     0
     2
    28
    62
   189
    93
    21
    22
    43
    30
    25
    17
    17
    20
     5
    15
    27
    21
     3
    38
     0
     0
     0
     0
     0
     0
    87
   125
    70
    35
    36
     4
    19
     9
    20
    26
    53
    10
    18
    17
    26
     9
    18
    61
     4
     0
     0
     0
     0
     0
    49
    10
   217
    29
    16
    23
    12
    27
    23
    18
    20
    22
     8
   169
    14
    24
    30
    19
     7
     0
     0
     0
     0
     6
    24
    15
    94
   223
    28
    22
    41
    38
    16
    79
    20
    16
     0
    39
   148
    15
    48
    27
     0
     0
     0
     0
     0
     0
    16
     0
   111
     7
    12
    65
   101
    13
    17
    23
     8
    25
    10
    37
    65
    22
    36
    60
     0
     0
     0
     0
     1
     0
    33
    86
   147
    59
    25
    13
    78
    36
     7
    15
    53
    23
    16
    71
   148
    47
    18
     6
     4
     0
     0
     0
    11
     0
    48
     3
    24
    64
     8
     7
    23
     4
   152
    17
    13
     3
    17
    73
    34
    27
    19
    24
     5
     0
     0
     0
     8
     0
    29
   142
   129
    50
     8
    14
    30
    71
    38
    45
    92
    27
    22
    17
   162
   114
    15
    25
     0
     4
     0
     0
     0
     0
    25
   164
   152
   110
    47
    10
    10
    28
    22
    20
    18
    11
    26
   160
    48
   145
    45
    95
     0
     0
     0
     0
     0
     3
    32
   146
    28
   185
   146
    30
    26
    69
    22
    40
   154
     6
    16
    28
   317
     0
    11
    27
     0
     5
     0
     0
     4
     0
     9
    91
   173
    12
     8
    31
    22
    44
    30
    26
     2
    13
     9
    13
   208
    15
    14
     2
     0
     1
     5
     0
     0
     0
    42
    61
    42
    91
    25
    21
    20
    23
    31
    25
    73
    12
    30
     7
    33
    14
     3
     9
     0
     0
     0
     0
     0
     0
    79
   100
   153
    84
    37
     3
    65
    83
    26
     6
    17
    53
    14
     9
    12
    90
     8
    11
     0
     6
     0
     0
     0
     0
    16
    57
   109
    72
    21
     9
     4
    11
    34
    99
     7
     9
    10
    55
   157
    48
    23
    29
     0
     6
     5
     0
     0
     0
    66
    51
   101
    76
    19
    10
    32
    14
     9
     7
    26
    31
    19
    19
    34
    69
    27
    24
     0
     0
     0
     0
     0
     0
    53
   205
   148
    55
    21
    19
    21
    19
    27
    27
    22
    27
     9
    31
   182
    42
    21
    15
     0
     0
     0
     0
     6
     0
    32
    23
    47
   102
    34
    15
    13
    22
    17
    42
    35
    11
    53
    28
     6
    35
    21
     6
     0
     0
     0
     0
     0
     0
    14
   147
   108
    90
    12
    70
     7
    28
    20
    20
    26
    10
    10
    22
     6
    49
   244
    18
     0
     0
     0
     6
     0
     0
    26
    92
    33
    68
    81
    15
     2
    30
    12
    18
    16
    18
     8
    24
    24
   190
     8
     4
     0
     0
     2
    13
     4
     4
    50
   157
   188
   104
    34
    12
    14
    10
     3
    11
    60
    19
    18
     5
    20
    22
     8
     4
     6
     0
     0
     0
     3
     4
    24
    62
   150
    65
    14
    22
    17
    14
    26
    10
    21
    21
    16
     9
    17
    62
    14
    11
     2
     0
     0
     0
     2
     5
     9
    19
   186
    65
    16
    11
    10
    76
    13
    20
    17
    18
    34
    21
   352
   159
    26
    30
     7
     0
     2
     0
     0
     0
    12
    14
    85
    80
     4
    14
    11
    63
    35
    79
    40
    21
    60
    48
     6
    25
    37
    23
     0
     0
     0
     5
     4
     0
    48
    60
   136
    56
    29
    71
    16
    10
     9
    36
     9
    10
    41
    68
    42
    22
    34
    36
     0
     0
     3
     0
     2
     3
    34
    46
     4
    56
    67
     1
    18
    17
    28
    26
     5
    13
    52
    29
    29
    48
    52
    12
     0
     0
     0
     6
     0
     7
    15
    53
   257
    70
    27
    15
   165
     6
    52
    12
    21
     2
     0
    22
   112
    20
    10
    99
     0
     0
     0
     2
     0
     2
    20
   122
    52
    13
    19
    19
    13
    23
    25
    56
    14
    24
    10
    67
    31
    17
    17
    30
     0
     0
     4
     0
     0
     0
    20
    68
    59
    44
    28
    15
    42
     4
    24
    14
    25
    10
    35
    27
    10
    32
    22
     3
    14
     0
     0
     0
     0
     0
     9
    26
   224
   107
    23
    11
    12
    28
    18
    80
    20
     6
    27
    12
    77
    43
    88
    33
    10
     0
     0
     0
     4
     0
     9
    30
   158
   140
    47
    18
   170
    27
    16
    58
     7
    10
    34
    14
     9
   109
     9
    25
     0
     0
     0
     0
     0
     7
    48
    52
    61
    51
    55
    15
    16
    24
    16
    40
    26
    15
    26
     4
    26
    52
     9
     9
     4
     4
     1
     0
     0
     0
    27
   124
    60
    57
     1
    18
    86
    42
    25
    23
    60
    21
    12
    11
   100
    13
    17
    25
     2
     0
     0
     2
     0
     1
     6
    48
    61
    71
    21
     7
    22
    11
    22
    32
    12
    24
    23
    21
    11
    26
    19
    14
     0
     3
     1
     0
     3
     0
    49
    58
    57
    90
    69
    31
    18
    27
    31
     9
     5
    25
    27
    58
    89
    40
    17
     9
     1
     1
     1
     0
     4
     0
    33
    99
    70
    40
    41
    25
    43
    57
   158
    13
    19
     3
    23
    41
    44
    46
    31
    23
     3
     0
     0
     0
     0
     8
    81
    61
   122
    31
    55
    38
    15
    67
    20
    25
    23
    38
    26
    64
   164
    20
    37
    31
     0
     0
     0
     0
     0
     0
    24
   167
   152
    87
    29
    24
    31
    70
     7
   156
    26
    77
    23
    33
    31
    34
    35
    30
     0
     0
     0
     0
     7
     0
    61
    13
    26
    98
     0
    22
    13
    17
     8
    28
    19
    30
    27
   162
   234
   150
     6
    77
     0
     3
     0
     0
     0
     0
    15
    48
    84
     0
    20
    36
    26
   107
    18
    48
    22
    53
    18
    14
    27
    60
    51
   105
     0
     0
     3
     0
    13
     0
    13
   141
    53
   134
    13
     6
    10
    25
     6
   158
    30
    26
     9
     7
    21
    18
    33
     9
     0
     0
     0
     0
     9
     0
    19
    63
   183
   114
    11
     7
    16
    24
    21
    65
    33
    30
    35
    21
   189
    32
    13
    11
     0
     0
     0
     0
     0
     0
    58
    87
    50
    74
    10
     9
    11
    62
    52
    27
    21
    64
    10
    41
    62
    64
    10
    18
     0
     0
     0
     0
     0
     0
    15
    91
   104
    14
    27
    43
    28
    20
    39
    43
    20
    66
     6
   118
    18
    62
    21
    12
     0
     6
     0
     0
     0
     0
    63
   159
    16
    55
    44
    21
    31
    17
    25
    49
    57
     4
    12
    27
     8
    49
    23
    43
     0
     0
     0
     0
     0
     3
    30
     6
    50
    91
    15
    25
    21
    21
     0
    15
    18
    27
    27
    56
   150
    13
    26
    36
     0
     0
     0
     9
     0
     8
    13
   122
   115
   180
    45
    18
    24
    13
    39
    42
    44
    20
     7
    50
    26
    19
    19
    17
     0
     0
     1
     0
     3
     0
    16
    96
    95
    64
    14
    24
    14
    28
    33
    19
    21
    25
    35
    14
    21
    21
    23
    25
     0
     9
     0
     0
     0
     0
    10
    51
    99
    16
    12
    10
    13
     5
    49
     5
    19
    26
    14
   161
    49
    62
    60
    34
     5
     0
     0
     0
     0
     0
    24
     8
    93
   173
    16
    24
    35
    26
    12
    24
    20
    12
    23
    33
    48
    49
     8
    28
     3
     0
    11
     0
     0
     6
    23
    20
   153
    89
    56
    29
    28
    25
    20
    23
     8
   174
    11
    15
    19
    55
    27
    34
     0
     0
     0
     0
     0
    15
    13
    15
    67
    21
    13
    70
    43
     8
    12
    17
    13
    24
   158
    17
    74
    30
    39
    14
     0
     0
     0
     0
     0
     0
     9
    25
    54
     4
    57
    26
    24
    18
    31
     9
    20
    27
    17
    28
    16
    15
    64
    52
     7
     0
     0
     1
     0
     0
    22
    92
    86
   114
    24
     4
    10
    29
    30
    11
    31
    11
     8
    16
    33
   151
    37
    18
     0
     2
     0
     0
     4
     0
    16
    91
    52
    48
    20
    29
    15
    15
    23
    25
    30
    41
    23
    24
     2
    59
   160
     9
     0
     0
     0
     0
     0
     4
    31
   134
   134
    46
    70
    28
    17
    38
    21
    20
     5
    14
     0
   192
    56
    24
    18
    27
     0
     0
     0
    14
     0
     0
    22
    56
    47
   103
     9
    32
    22
     4
    21
    23
    12
    20
    18
    13
    68
    25
     9
    55
     0
     0
     0
     0
     5
     0
     3
   150
    19
    50
    20
    58
    16
    30
     8
    28
    28
    46
    25
    22
    61
   161
    42
    29
     0
     0
     3
    14
    12
     0
    72
    64
   117
    18
    30
    66
    35
    22
    22
    29
    26
    16
     4
    55
    28
    30
    23
    25
     2
     0
     0
     8
     5
     0
    14
    59
   104
    51
    49
    33
    14
    24
   150
    66
     0
    18
    55
    59
    34
    13
    19
    12
     0
     0
     1
     0
     0
     0
    42
    31
    89
    46
    17
     7
    22
    19
     8
    35
   155
    27
    12
    12
    19
    22
    43
    25
     0
     0
    12
     2
     0
     0
    47
    65
    57
    26
    23
    20
    33
    11
    41
   193
    13
    14
    19
    41
   106
     6
    24
    13
     8
     3
     0
     0
     0
     5
    98
    23
    23
   220
    36
    10
    15
    11
    39
    24
    18
    26
     2
    16
    93
    40
    16
    15
     0
     0
     0
     0
     0
     0
    52
   131
    99
    92
    26
    18
    25
     2
    30
    17
    70
    17
    21
    27
    61
    15
    27
     9
     1
     0
     6
     0
     9
     0
     5
   124
   136
    62
    31
    16
    36
    19
    38
    27
    35
    14
    25
    51
    71
   210
    32
    63
     1
     0
     0
     0
     2
     3
    19
    44
   174
    87
    37
    24
    31
    27
    46
    25
    82
    41
    14
     7
    17
    66
    20
    84
     0
     8
     0
     0
     4
     0
    32
    49
   139
     0
    46
    46
    33
     8
     6
     8
    56
    20
    41
    44
    98
    42
    66
    17
     1
     0
     0
     0
     0
     0
     3
   103
    58
     2
    17
    29
   169
    29
    22
     5
    24
    52
    48
    27
    49
    23
     8
    11
    10
     0
     2
     0
     0
     0
    26
    70
   110
    25
    30
     4
    31
     7
    25
    19
    21
    26
    11
     3
    71
    18
    24
    11
     0
     0
     6
     0
     0
     0
    24
    59
   186
   146
    12
    67
    45
    27
   165
    31
   103
    30
    10
    21
    21
   189
     8
    39
     0
     0
     5
     8
     0
     0
    40
    36
     8
   126
    72
    32
    58
    18
    58
    30
    12
    12
    89
    36
    91
    14
    15
    12
     7
     0
     0
     0
     3
     0
    27
   106
   143
    48
    43
    69
     1
    49
    59
    18
    12
    15
    54
    20
    31
    13
    11
    42
     0
     0
     0
     0
     0
     4
    47
    78
    70
    56
    24
    22
    10
    12
     5
    15
    34
    56
    34
    24
   172
    35
     7
    15
     0
     0
     0
     0
     0
     0
    12
   175
   131
    46
    33
    67
    22
    11
    39
    54
    19
    60
     8
    46
    44
    60
     7
    33
     0
     0
     0
     0
     3
     0
    70
    16
    51
    47
    46
    15
     3
    13
    24
    60
    11
     6
    15
    10
    29
    39
    40
     7
     0
     0
     6
     6
     0
     0
    17
    59
    57
   134
    21
   147
    34
    19
    55
     2
     7
   163
    69
    14
    57
    27
    12
    22
     0
     0
     0
     0
     0
     0
    55
    89
    45
   103
    35
    15
    65
     4
    25
    51
    21
    24
    23
    13
    27
    29
    19
    32
     0
     6
     0
     0
     4
     0
    26
    95
   144
    44
    22
    12
    16
    63
     9
    35
   158
    41
    20
     8
     9
    16
    19
    18
     9
     0
     0
     0
     9
     2
    19
   111
    41
    13
    49
    66
    45
    16
    11
    20
    18
    30
    26
    26
   260
    22
    25
    17
     0
     8
     0
     2
     0
     0
    13
     8
    52
    10
    39
    31
    21
    72
    12
    27
    23
    19
   159
    31
   102
    22
    30
    50
     6
     5
     0
     4
     0
     0
    27
   103
    15
    48
     6
    26
    28
    64
    27
    16
    16
     7
    25
    11
    50
    36
    16
    20
     0
     0
     7
     0
     0
     0
    19
    37
    45
    55
     7
   163
    25
    37
    68
     4
    25
    27
    10
    33
    29
    84
    56
    28
     0
     5
     0
     0
     4
     4
    13
   139
   113
    65
    16
     9
    44
    50
    53
     6
     7
    20
    19
     8
    73
    21
    28
    15
     0
     2
     8
     0
     0
     0
    43
   184
   180
    81
    10
    12
    26
     6
    21
    10
    11
    13
    60
    17
     8
   170
    50
    13
     0
     0
     3
     3
     0
     0
    27
    21
   134
   145
    17
    67
    14
    11
    12
   146
    25
    33
    10
    28
    18
    80
    12
    21
     0
     0
     0
     4
     1
     0
    10
   101
   100
   109
    16
    69
    20
   188
     6
    11
    23
    44
    39
    17
   134
    36
    21
    41
     0
     0
     0
     0
     0
     1
    16
    60
   130
   113
    12
    13
    13
    39
    30
    40
    16
     6
    56
    64
    18
   105
    11
    26
     5
     0
     2
     8
     0
     0
    13
    90
   104
    33
    20
    16
   145
   182
    52
    10
    20
    34
    37
    58
   167
    54
    12
    10
     0
     0
     0
    13
     0
     0
    17
     5
   168
    40
    42
    21
     9
    22
     5
    14
    48
    58
    20
     9
     0
    21
    23
    19
     0
     5
     0
     0
     0
     0
    10
   189
   184
    18
    14
    30
    42
    30
    26
    12
   178
    11
    84
    30
    16
    19
    15
    19
     0
     2
     0
     0
     0
     0
    21
    51
   158
    20
    14
    20
    16
    10
    37
    24
    24
    16
    20
     1
    68
   101
    33
     5
     0
     2
     0
    10
     0
     9
    17
    26
    55
    30
    22
    22
    19
    16
    10
    14
    24
    22
    14
    17
    18
    76
    12
    12
     5
     9
     0
     0
     0
     1
    22
   111
   231
    10
    19
    37
    21
    34
    10
    10
    12
    18
    28
    37
    76
   129
    13
   163
     0
     0
     0
     0
     0
     8
    33
    60
    83
   200
    26
    21
   167
    14
    19
    23
    23
    17
    30
    28
   126
    11
   161
    24
     0
     2
     0
     0
     0
     0
    21
    33
    63
    32
    15
    16
    47
    21
    17
    97
    19
    43
    24
    19
    35
   124
    23
    13
     0
     0
     0
     0
     0
     0
    10
   102
    65
    12
    52
    21
    43
    28
    14
    11
   104
    21
    12
     8
    91
    85
    19
    25
     0
     0
     0
     0
     0
     0
    24
    70
    99
     0
    18
    32
   169
    18
    14
     0
    30
    29
    18
    19
   247
    86
    23
     9
     0
     0
     0
     0
     0
     4
    12
    82
    61
    66
    63
    34
     3
    27
    20
    38
    17
    42
    55
    35
   120
    13
    12
    28
     0
     0
     0
     0
     0
     0
    16
    34
    84
    46
    33
    30
    17
    21
    37
    23
     2
    49
    66
    15
    68
    31
     8
    22
     1
     0
     0
     0
     0
     1
    14
   102
    73
   154
    27
    27
    25
    22
     0
    15
     9
    21
    40
    32
    14
    15
    15
    35
     6
     4
     0
     0
     0
     0
    36
     7
   183
    64
    40
    17
    38
    17
   165
    12
    35
    22
     9
    17
    39
    89
    23
    32
     0
     0
     3
     0
     0
     3
    19
    15
   110
     7
    20
    33
    19
     0
    30
    45
   121
    47
    21
    47
    33
    16
     6
    24
     0
     0
     4
     5
     0
     0
    44
    54
   217
    13
    12
    51
    35
    50
    30
    18
    37
    24
    14
    48
   155
     9
    25
    15
     0
     0
     0
     2
     1
     0
    46
    23
   179
    13
     7
     7
     9
    14
    13
     7
     6
    19
    14
    22
    56
    20
    30
    34
     0
     0
    10
     0
     0
     9
    59
    18
    99
    50
     9
    18
     7
    18
    65
    31
    29
    22
     9
    27
   101
   163
    21
    33
     0
     6
     0
     0
     0
     0
    26
    87
   157
    20
    32
    10
   154
     1
    21
    13
    24
    41
    23
   151
     8
    23
    40
    19
     0
     2
     0
     0
     4
     0
    42
   116
    67
    30
    31
    24
    22
    18
   108
    30
    51
    20
    21
    21
    38
    33
    51
    20
     5
     0
     0
     0
     0
     0
    29
    28
   134
    19
    69
    58
    15
    50
    31
    30
    85
    23
    21
    54
   177
    35
    34
    58
     0
     0
     2
     0
     0
     0
    26
   134
   108
    56
     6
    20
    26
    15
    17
    10
    23
    14
     7
    16
   166
    81
    16
    11
     0
     0
     0
     0
     0
     0
    26
    17
    16
    22
    27
    51
    14
    34
     5
    59
     0
    60
    65
    18
    25
    16
    40
    25
     0
     1
     0
     0
     0
     0
    10
    53
    98
    50
    30
    43
    42
    14
    13
    21
    57
    20
    28
    15
    21
   142
    22
    24
     0
     0
     4
     0
     0
     0
    10
    69
    85
    53
    12
    23
    11
    10
    27
    32
    16
    10
    29
    23
    56
    20
    87
    21
     0
     0
     7
     0
     0
     2
    36
    47
    65
    62
    32
     9
    48
    12
     9
    11
    65
    28
    43
    29
   109
    58
    11
    32
     4
     6
     1
     0
     2
     0
    51
   146
   126
    82
    17
    45
    12
    10
    19
    59
    24
    59
    75
    22
    12
   159
    63
    16
     0
     0
     0
     9
     0
     0
    14
   103
   119
   102
    29
    27
    17
    61
    28
    12
    60
     3
    30
    32
   202
    53
    26
   112
     0
     0
     0
     0
     3
     0
    77
   142
    59
    20
    52
    10
     8
    18
    17
    10
    17
    14
   174
    19
    65
    64
    63
    33
     9
     0
     0
     0
     0
     0
     1
    32
   141
   211
    33
    16
    20
    35
    10
    13
    31
    56
    21
     4
    74
   122
    20
    67
     0
     0
     0
     0
     7
     0
    23
   101
   175
    32
    46
    27
    55
    18
    58
    11
    15
     8
    18
     7
    56
    33
    35
     8
     0
     0
     0
     0
     0
     0
     2
    31
    53
    45
    51
    16
    70
    19
    11
    11
    35
     9
    37
    13
     5
    45
    17
     9
    20
     4
     0
     0
     0
     2
     6
    18
    87
   130
    55
    25
    18
    28
     7
    19
    29
    20
    80
    18
    12
   173
    15
    14
    43
     0
     0
     7
     0
     0
     0
    62
   135
   319
    88
    49
     8
   157
    35
    47
    21
    46
    13
    49
   173
    81
    46
    30
    67
     1
     3
     6
     0
     0
     0
    41
   109
    98
   226
    66
    35
    17
    23
    51
    15
    37
    26
    12
    20
    53
   116
    71
    22
     0
     0
     0
    10
     3
     4
    22
   135
    18
   145
    18
   161
    32
    19
    15
    30
    13
    32
    20
    16
    21
    70
    24
    31
     3
     9
     0
     8
     0
     0
    12
    14
   104
   107
    13
     0
    15
    53
    38
    24
    36
    14
    14
    11
    43
    92
   149
    34
     0
     0
     0
     0
     0
     0
    11
    62
   181
    91
    27
    38
    45
    10
    41
    11
    16
    11
    25
     7
    80
   158
    27
    68
     0
     0
     0
     0
     4
     0
    61
    20
    95
    23
    31
     6
    10
   162
    25
    87
    24
    58
    19
    37
    11
    58
    33
    15
     0
     0
     7
     0
     0
     0
    51
    55
   145
    27
    14
    12
    13
    13
    52
    13
    11
    25
    35
    10
   137
    21
    27
    23
     0
    14
     0
     0
     7
     0
    18
   151
    31
    22
    18
    73
    69
    27
    90
    19
    23
    39
    33
     8
    21
   196
    12
    36
     0
     0
     0
     6
     0
     3
    63
    69
    98
    68
    74
    39
    17
    12
    41
    26
    21
    14
    22
    16
    66
    82
    21
    40
    11
     0
     0
     0
     0
     4
    11
   134
   225
    86
    19
     9
    44
     6
    10
     9
    41
    15
     8
    28
    75
    57
     6
     8
     0
     0
     7
     3
     0
     0
    23
   173
    87
    88
     7
    48
     0
    72
    24
    26
    39
    15
    22
    48
    47
    19
    21
    39
     0
     0
     0
     0
     0
     0
    50
   115
    11
    54
   153
    20
    12
    27
     7
    24
    24
    41
    42
    28
    17
    19
    20
    12
     7
     0
     0
     0
     0
     2
    22
    69
    48
   192
     3
    27
    66
    31
    34
    31
    34
    14
    21
    23
    78
    19
   159
     4
     0
     0
     0
     0
     0
     0
    15
    18
   253
   136
    24
    25
    16
     9
    56
    18
   184
    61
    29
    72
    65
    48
    25
    32
     2
     0
     0
     0
     0
     2
    41
   139
    72
    45
    44
    38
    35
     0
    33
    25
    17
   162
    33
    45
    22
    41
    17
    29
     0
     0
    14
     0
     0
     3
    23
   204
    93
    42
     8
    35
     6
    43
    24
     6
    57
    72
    15
    18
    37
    57
    24
    22
     7
    10
     0
     2
     1
     0
    22
     0
    91
    53
     6
    13
    47
    61
    12
     9
    18
    18
    47
     7
    13
    56
    13
    21
     2
     8
     0
     0
     0
     0
    32
    92
    71
    18
    37
     7
    19
    23
    99
    24
    27
     8
    18
    38
    12
    79
    54
    49
     0
     0
     9
     0
     0
     0
     4
    56
    91
    16
    13
    27
    16
    49
    74
    48
    48
     7
    40
    56
   104
    23
    20
    15
     0
     2
     4
     6
     0
     0
    24
    56
    41
    16
     0
    25
    26
    71
    31
    18
    31
    23
    59
    18
   156
    81
    15
    17
     1
     0
     0
     0
     0
     0
    24
    16
    99
    12
    24
    26
    21
     7
   157
    12
    26
    15
    42
    20
    13
    20
    18
    23
    11
     0
     0
     0
     6
     0
    31
   136
   179
    80
    26
    60
    32
    94
    14
    37
    46
    60
    72
   100
    30
    30
    53
    24
     0
     8
     0
     4
     0
     0
    23
   141
    72
    32
    32
    14
     7
    34
    43
    29
    81
    69
   104
   160
   174
    83
    12
    12
     3
     0
     0
     6
     0
     0
    11
   117
   116
     4
    21
    33
    25
    16
    23
    17
    44
     3
    19
    23
    41
    59
    18
    10
     0
     2
     0
     0
     0
     6
    34
    59
   104
    61
    35
    32
    22
    22
    58
    34
    18
    56
    22
    30
    46
    33
    16
    76
     0
     0
     0
     0
     0
     0
    34
    62
    21
    22
    22
    61
    51
    10
    46
    58
    29
    55
    35
    10
    22
    25
    22
    39
     0
     8
     0
     0
    11
     1
     8
    51
    23
    27
    13
    26
   175
    35
     0
    70
    26
    15
    20
    28
    91
    74
     4
    62
     0
     5
     3
     0
     0
     0
    25
    53
    16
    62
     7
    28
    28
    12
    13
    32
    16
    41
    68
    18
    22
    29
    19
    42
     0
     0
     0
     0
     2
     0
     9
    55
   146
   189
   169
    37
    28
    70
    16
    37
    50
    32
    27
    57
   157
    37
    34
    66
     0
     0
     0
     0
     0
     3
    20
   120
   145
    11
    41
    20
    63
    14
    52
     2
    21
    23
    14
    37
    19
    44
     5
    12
     0
     4
     0
     0
     0
     7
    16
    60
    89
    23
    16
     9
    17
    21
     4
    23
    16
    23
    17
    33
    57
    59
    29
    15
     0
     0
     0
     0
     0
     4
    57
   102
    19
    10
    25
    16
   165
    54
    25
    14
    25
    66
    52
    22
    41
    24
    55
    39
     0
     0
     0
     3
     0
     0
    63
    61
    29
     7
    11
     8
    44
    20
    63
    34
    39
    15
    15
    52
    29
   104
    21
    24
     1
     0
     0
     3
     0
     0
    27
   103
   119
    70
    39
    18
    16
    20
     6
    38
    19
    38
    16
   209
    80
    23
    20
    31
     4
     9
     0
     0
     0
     3
    66
    33
    98
   137
    15
    56
    21
    15
    26
    49
    25
    15
    24
    15
   177
     6
     6
    28
    10
     0
     4
     0
     0
     0
    29
    46
   116
   100
   107
    22
    25
     8
    41
    22
    33
    46
    21
    19
    21
    37
    16
    21
     8
     0
     0
     6
    11
     0
    29
   140
   220
    54
    27
    48
    51
    17
    37
    26
    31
    23
    19
   178
    35
    65
    71
    31
     0
     6
     0
     0
     6
     0
   119
    93
   107
   127
    19
    55
    10
    13
    30
    64
    53
    29
    10
    76
    75
   104
    27
    24
     0
     0
    13
     1
     0
     0
    23
    32
   103
    45
    18
    19
    25
    25
    14
    57
    45
    19
    32
     9
    41
    14
    31
    63
     0
     0
     9
     5
     0
     0
    61
    68
   147
    23
    50
    22
    35
    63
    24
    26
    18
    26
    12
    16
    26
    29
     4
     5
     0
     0
     0
     0
     0
     2
    53
    24
    54
   120
    49
    19
    19
    31
    29
     6
    59
    21
    31
    21
    27
    63
    83
   183
     0
     0
     0
     0
     0
     5
    48
    43
   136
   138
    24
    24
    20
     7
    29
    29
    51
     9
    25
    41
    11
   142
    28
    38
     0
     7
     8
     0
     4
     4
    81
    53
   188
    61
    58
    93
    10
    12
    36
    12
   103
    37
    69
     4
    48
   154
    11
    21
     7
     0
     0
     0
     6
     0
     5
   217
   138
    61
    34
    51
    25
    25
    60
    22
    24
    21
    75
    18
    87
    67
    30
    20
     0
     0
     0
     0
     0
     4
    45
    12
    26
    66
    10
    32
    63
    52
    28
    51
    23
    12
    17
    67
    39
   127
    28
    23
     0
     0
     3
     0
     0
     0
    28
     1
    93
    63
    17
    13
    14
    59
    25
    31
    40
    22
   165
    24
    37
    96
    34
    39
     0
     1
     0
     0
     0
     0
    19
    64
   174
   106
    27
    27
    14
    66
    33
   157
    42
    16
    14
    21
   222
    25
    19
    23
     0
     0
     0
     2
     0
     0
    28
    13
   133
   105
    77
    51
    32
    35
    60
    36
    31
    28
    15
   194
    52
    61
    29
    13
     0
     0
     3
     0
     0
     0
    23
   126
    60
   150
   168
    48
    43
    25
    30
    34
    18
    33
    14
    81
   101
    67
    18
    27
     0
     8
     0
     0
     0
     0
    44
   171
   141
    48
    28
    32
    36
    24
    25
    62
    19
    45
    14
    33
   111
    54
    27
    35
     9
     0
     0
     0
     0
     0
    49
    58
   104
    58
    30
    25
    20
    35
    74
    25
    19
     9
    31
    55
    28
    28
    67
    52
     0
     0
     0
     0
     0
     5
   113
   115
    23
    34
    66
    17
   155
    49
    19
    16
     9
   220
    69
    20
    22
   204
    12
    17
     4
     0
     0
     9
     0
     0
    71
   120
   103
    39
    19
    15
    23
    13
    18
    37
    25
    11
    10
    65
    12
   164
     8
    22
     1
     0
    11
     0
     0
     2
    39
     9
    27
    66
    17
    20
    20
    21
    25
    19
    27
    29
    11
    25
    90
    13
     9
     7
     0
     0
     0
     0
     8
     8
    16
   123
    60
    15
     1
    13
     2
     2
    15
    27
    12
    28
    14
    53
    15
    15
    10
    64
     0
     2
     0
     0
     0
     0
   102
   145
   103
   154
    30
    53
    18
    32
    57
    19
    17
    54
    18
    65
    29
    25
    85
     2
     9
     0
     0
     0
     0
     0
   122
    24
    79
   112
    13
    29
     8
    31
    29
    58
    28
    27
    72
    53
    53
    98
    17
    21
     0
     3
     0
    11
     0
     0
    24
   169
   175
    89
    19
    29
    20
    43
    26
    63
   118
    28
    35
   183
    38
   108
    19
    33
     0
     7
     2
     2
     0
     7
    18
    21
    68
    56
     8
    38
    16
    33
    19
    20
    73
    13
     8
    35
    28
    17
    23
     0
     0
